Primero viene la cantidad (n) de timestamps para ambos, luego n líneas que son un timestamp aproximado cada uno separado por una coma (',') del error, y luego n lineas de las transacciones del sospechoso
1000
1335,132
930,549
567,536
1111,811
1205,452
1529,376
1260,616
604,510
557,288
616,345
1413,462
1320,240
838,827
1194,732
632,313
916,571
1285,469
1393,281
971,664
1297,241
607,177
532,385
1732,67
403,392
633,249
1078,613
1078,418
945,502
656,517
518,432
625,566
1512,355
1536,368
1235,544
1047,626
1502,403
1741,146
1430,525
1505,151
1358,346
130,99
1310,312
1079,823
477,473
929,917
806,673
1260,707
1460,379
956,681
1162,717
1853,112
601,454
1420,550
718,579
1252,748
745,395
1192,749
1125,854
609,435
1026,934
1205,786
1434,565
965,613
888,673
672,319
1387,611
1420,505
836,738
1098,890
878,556
1151,705
770,644
1005,878
980,294
1115,645
247,189
1883,59
860,151
638,444
1569,128
1300,693
1269,311
98,90
1152,362
393,181
573,309
915,597
1700,299
1490,395
1556,254
709,366
899,508
1389,426
430,425
1045,947
983,975
1267,554
1242,645
1464,512
243,81
1052,364
1113,677
483,428
982,898
1179,442
1147,431
946,621
355,239
574,545
898,745
642,524
982,759
1631,250
809,810
383,265
727,301
997,626
1182,762
933,314
640,202
932,638
303,263
241,179
946,84
1536,204
1047,472
572,339
257,193
1377,344
647,371
922,772
894,719
659,514
1735,234
1098,658
690,439
803,689
284,268
1126,764
889,629
1397,483
482,324
836,170
1145,60
899,780
420,192
606,469
539,114
692,509
1176,750
1189,792
651,461
1262,353
925,195
1090,393
1223,526
1481,325
1657,306
591,451
569,551
871,652
473,345
393,118
953,909
199,48
1210,674
579,572
846,359
1206,473
1319,414
755,531
1764,203
1027,827
286,217
998,652
682,423
1617,357
889,838
1067,474
1570,245
1792,150
651,353
911,516
1557,246
895,777
1176,356
561,489
1058,541
316,289
128,95
1555,206
1027,936
1092,440
1091,758
1377,281
823,793
213,194
358,268
654,531
1234,193
1092,860
1392,221
1337,144
1219,489
1200,650
577,380
1384,481
992,691
1199,801
960,724
292,238
1195,693
1671,247
1375,244
1239,727
623,194
1416,544
1447,450
85,82
100,99
714,136
1245,736
1086,431
1021,656
520,257
1373,238
1231,503
1679,234
1238,601
1307,606
677,610
745,615
1021,403
1282,342
1014,666
920,727
1679,207
1086,562
1209,713
483,326
1295,412
845,784
883,715
802,232
763,579
456,433
1241,588
1540,55
499,491
403,310
1174,778
1686,64
322,322
1326,406
917,839
71,70
1015,663
987,533
1137,780
946,439
369,302
478,469
964,667
697,131
857,793
1264,731
1240,721
1077,768
364,182
254,190
1486,166
951,561
981,639
984,538
1150,395
967,940
1129,820
155,109
680,169
890,705
38,31
1140,467
753,594
1573,281
676,559
1090,364
450,30
1263,355
1424,423
951,921
1241,532
1091,311
1058,553
886,742
1155,724
1282,460
926,792
190,135
1425,258
162,163
698,537
513,256
742,344
1398,473
943,928
1452,469
899,194
875,818
1002,896
1322,609
862,511
934,648
869,459
453,225
517,494
792,791
545,218
1381,510
487,309
1437,267
1136,336
495,335
1033,656
307,147
931,468
837,746
425,396
867,416
1196,752
824,44
779,275
945,314
1038,496
172,65
1572,407
749,536
1448,141
366,245
1025,489
1691,293
945,424
1756,205
1383,550
1071,697
575,259
1005,442
447,167
1125,736
956,668
1762,224
1764,68
760,618
1217,602
854,752
463,201
969,665
1393,486
1546,447
860,826
1290,671
723,558
860,770
830,518
968,915
1176,425
1538,327
1268,250
386,316
361,198
1078,376
833,825
1395,237
878,624
845,599
554,326
1110,846
703,633
1649,266
409,392
1248,686
664,390
214,211
1106,870
1094,482
926,590
914,855
1128,736
1685,307
1328,516
1694,190
1200,673
1047,951
1114,271
854,427
936,475
946,891
1343,510
1208,596
515,488
625,306
712,650
1237,655
484,229
1190,767
1240,470
1374,595
558,438
305,63
1079,504
549,496
848,619
575,273
1168,752
1066,424
1085,621
491,486
1216,625
1733,241
923,447
441,440
888,536
968,579
616,595
1429,383
824,748
170,166
495,495
1652,326
1510,241
1389,575
1163,831
1748,249
1161,819
631,603
1191,668
212,86
907,893
1413,462
1097,805
1148,716
1428,556
1312,657
1677,286
1142,831
1301,453
1110,835
646,141
903,700
616,373
981,929
1829,72
1845,154
512,455
1602,72
1118,427
1244,500
519,176
1656,268
598,412
517,354
1116,237
489,279
1623,128
965,198
1342,517
566,561
569,511
760,617
1202,704
582,549
1050,355
431,358
1366,587
1257,560
1069,322
1546,359
652,646
1021,512
1364,530
1178,817
927,892
1189,636
220,221
655,119
1139,682
1515,439
1525,170
643,612
881,488
701,458
1764,200
841,406
1930,61
576,493
267,112
833,663
1012,924
897,829
766,644
408,334
1080,794
746,716
1004,989
927,527
1079,827
1078,400
646,594
331,4
401,181
1036,217
426,307
1143,532
1323,204
1458,513
262,225
1032,965
976,256
588,275
289,283
983,887
333,169
107,84
1636,348
964,621
871,474
1342,593
452,124
1117,158
413,153
223,32
1187,808
1375,624
949,556
1209,510
1404,498
1484,320
1755,78
987,988
778,479
1629,348
1638,348
992,487
1536,460
980,615
956,523
1157,654
1404,502
1212,590
1390,575
833,826
1827,151
832,833
1088,815
686,633
1274,600
993,742
1088,423
1547,147
23,15
477,428
537,385
1788,199
824,396
1504,397
1280,713
641,160
1452,452
956,750
1193,365
1094,325
1695,293
903,611
967,855
1003,262
1057,390
177,68
1651,115
933,609
570,407
1735,188
916,908
1434,526
1050,456
1583,294
1074,733
891,753
385,242
1682,148
1079,495
451,339
1207,192
1294,457
573,137
1202,722
1040,580
1183,389
1064,700
969,837
785,780
1165,436
1140,827
1032,833
1048,590
1417,548
1063,555
1258,654
529,518
796,510
1265,610
1007,955
1333,412
718,524
1027,855
846,631
169,163
1016,222
924,859
1287,554
866,631
905,554
903,624
731,298
863,653
1703,258
1952,47
617,389
1266,603
860,749
1539,412
1631,101
847,522
1390,159
1578,413
1036,626
316,183
1057,486
1537,425
955,928
1575,275
615,565
1047,118
1004,447
961,602
1809,187
1299,681
470,452
697,610
707,702
1700,247
923,455
1230,78
500,499
1163,734
789,517
1066,910
1095,508
782,169
1073,240
105,65
1032,435
1495,291
1124,424
906,331
807,399
1119,352
771,600
1323,442
692,469
1655,340
388,264
1163,799
1331,227
513,273
798,632
1334,326
883,513
280,235
861,546
846,735
1186,418
981,668
1051,841
784,254
233,186
937,822
1538,434
1630,300
754,520
637,384
1803,182
891,229
915,870
818,671
141,66
828,557
1010,928
423,278
1325,441
1857,113
575,565
1311,644
1068,357
1397,242
1135,390
1080,816
1299,81
742,310
1203,429
1213,722
1059,790
477,354
542,397
661,474
678,580
1065,819
880,787
1220,762
682,108
377,280
628,598
778,740
1584,178
386,299
1381,283
1224,246
265,37
1076,387
450,391
926,894
82,68
463,421
1024,765
1648,39
1423,536
1587,353
757,573
907,486
1310,353
711,620
948,863
947,943
1045,675
1071,108
1017,634
1053,678
1446,261
1050,695
847,711
1310,349
381,319
746,640
1172,762
330,276
981,500
1127,540
375,347
1157,634
1213,425
1051,419
1299,20
341,102
1625,344
1089,493
1249,590
846,797
229,190
1070,735
894,805
1520,377
160,134
1396,356
791,668
890,833
572,542
1164,803
431,262
1108,858
924,808
1127,841
1257,55
855,837
1321,626
972,731
233,185
1192,618
1537,239
327,106
764,402
1104,555
922,746
1031,725
1388,514
1167,764
505,504
562,162
964,234
1593,235
421,409
752,439
1143,511
944,411
899,392
1197,757
1330,383
1161,768
1469,385
986,540
701,587
1050,781
1249,623
904,808
521,305
591,570
1438,337
961,667
995,978
790,360
1634,132
1164,302
1318,587
1523,373
1037,934
923,376
1308,673
1180,294
366,235
813,665
852,610
1088,763
812,720
1077,451
1938,62
906,858
799,409
612,508
659,390
297,187
1159,211
883,844
1111,153
1195,775
647,296
898,334
303,280
802,645
1225,337
1071,864
1098,760
1091,685
1456,464
776,521
981,712
966,582
397,394
774,730
595,542
1063,748
988,352
1184,251
752,653
305,281
1042,142
751,363
570,234
1504,483
1076,903
1832,165
743,687
940,645
308,145
1198,569
322,295
1470,228
892,772
595,331
1010,254
622,126
971,895
1668,307
114,84
1571,321
1203,460
922,814
1539,314
1181,462
1220,691
212,29
790,270
1338,546
415,277
800,692
1479,443
1044,596
1148,375
1233,606
937,738
1023,922
966,889
918,793
1390,600
1000,230
1305,611
1205,674
713,672
682,679
913,824
1353,192
1590,369
866,597
790,536
534,488
850,391
1257,725
1538,458
1556,378
391,323
865,508
728,529
1188,641
1386,532
1428,512
926,765
1137,748
1105,245
1566,401
596,492
1829,113
768,277
1307,388
1130,235
288,288
846,463
695,515
1217,776
1227,252
963,837
1249,471
1046,904
1030,872
1058,752
1799,106
459,350
718,336
1101,805
661,482
848,505
651,576
1277,611
891,575
972,815
748,379
939,776
1345,340
1047,902
1074,221
1042,340
1502,257
913,704
523,367
504,491
1780,196
1299,503
1193,265
1028,334
1351,156
416,314
1065,921
1128,290
1177,676
903,903
1009,767
692,598
869,745
1497,452
331,204
590,359
828,424
933,577
210,191
855,758
739,101
1015,631
1665,310
1187,480
337,82
1095,784
1105,726
1205,297
331,300
917,496
1108,423
1771,199
956,724
566,305
1100,900
926,733
1137,560
1078,864
534,525
1610,286
0
1
4
5
6
7
8
8
11
11
26
28
28
29
31
34
34
35
35
40
40
42
42
45
45
46
47
56
57
58
59
59
60
60
64
65
66
68
72
74
76
77
77
79
82
83
84
88
89
89
91
92
95
97
98
101
103
106
110
110
110
116
119
120
121
125
126
128
129
133
134
138
139
139
145
146
147
150
152
155
156
157
158
164
164
174
174
176
179
179
180
183
183
186
189
193
199
202
202
203
204
205
207
207
207
210
213
220
229
231
233
234
236
247
248
249
252
253
254
255
261
262
263
268
276
276
276
278
279
284
285
286
287
289
289
290
291
294
300
304
304
307
309
314
315
317
318
319
323
325
328
329
330
330
332
332
335
341
342
343
344
345
356
357
357
359
368
369
370
374
377
377
378
379
379
380
385
386
387
387
388
388
393
394
398
399
399
401
409
412
413
416
417
417
419
419
420
420
421
429
430
431
433
437
437
437
438
439
439
441
443
444
445
446
450
453
453
454
458
459
459
460
462
466
466
466
468
469
471
472
472
472
473
475
475
477
477
479
481
483
485
486
489
491
495
498
501
504
507
507
508
510
512
514
515
515
516
518
520
526
527
530
532
534
534
537
537
537
539
541
543
544
544
544
548
550
552
553
554
555
557
559
560
564
564
565
566
570
571
576
577
581
586
590
591
591
593
595
595
600
600
602
606
609
609
612
613
614
616
616
616
618
618
620
621
624
626
626
629
632
633
635
635
636
638
638
638
639
646
646
646
647
647
650
652
653
658
658
658
666
668
670
671
672
678
680
680
681
683
684
685
685
685
687
688
693
693
698
700
700
701
705
706
708
712
715
715
720
722
728
731
732
733
736
740
742
745
745
752
756
758
759
761
761
761
762
765
765
767
768
768
769
772
773
773
774
774
782
784
787
787
791
791
791
794
800
802
803
806
808
810
815
815
815
818
819
819
821
822
823
824
824
826
827
828
838
838
844
845
848
850
853
855
857
858
862
863
864
869
871
871
876
881
886
889
891
895
899
902
903
905
906
909
909
910
911
920
921
921
933
933
934
937
938
939
942
942
944
945
945
948
949
951
952
956
956
958
964
965
966
968
971
971
976
982
984
986
989
990
993
993
993
996
998
999
1001
1005
1006
1012
1016
1017
1019
1019
1022
1025
1025
1026
1027
1028
1029
1032
1032
1032
1033
1033
1034
1035
1037
1040
1042
1043
1043
1044
1045
1046
1054
1054
1055
1057
1057
1061
1063
1070
1072
1074
1076
1078
1082
1083
1086
1088
1089
1091
1108
1111
1111
1113
1113
1117
1119
1121
1122
1124
1124
1124
1128
1136
1137
1138
1142
1142
1143
1145
1149
1152
1152
1153
1154
1156
1157
1163
1165
1167
1171
1174
1175
1177
1177
1178
1184
1187
1192
1196
1199
1201
1202
1202
1206
1210
1211
1213
1214
1216
1220
1221
1223
1225
1225
1227
1228
1229
1230
1230
1230
1233
1233
1233
1236
1240
1242
1243
1248
1249
1254
1255
1256
1259
1259
1260
1261
1261
1262
1267
1268
1270
1271
1272
1277
1280
1281
1282
1283
1285
1286
1287
1289
1291
1291
1295
1295
1296
1297
1299
1299
1299
1299
1300
1301
1301
1301
1301
1303
1304
1307
1307
1308
1310
1310
1311
1312
1312
1317
1317
1318
1319
1320
1322
1323
1323
1324
1324
1324
1326
1328
1330
1330
1330
1330
1331
1332
1333
1334
1334
1335
1340
1342
1344
1347
1348
1350
1351
1351
1358
1358
1359
1360
1362
1363
1363
1368
1372
1375
1378
1379
1381
1383
1383
1385
1389
1391
1393
1393
1395
1396
1398
1399
1399
1401
1404
1404
1405
1407
1408
1409
1411
1412
1415
1417
1418
1420
1425
1426
1427
1428
1431
1432
1433
1434
1439
1441
1446
1447
1448
1450
1451
1453
1454
1455
1457
1458
1459
1459
1464
1466
1470
1470
1470
1473
1475
1478
1483
1484
1484
1485
1486
1488
1489
1490
1491
1491
1494
1494
1499
1502
1505
1506
1507
1507
1510
1514
1514
1515
1520
1522
1525
1525
1529
1529
1529
1531
1534
1535
1538
1543
1544
1546
1546
1548
1548
1549
1551
1556
1556
1560
1562
1563
1565
1569
1570
1570
1572
1572
1574
1575
1585
1585
1586
1588
1590
1592
1592
1594
1594
1596
1601
1601
1601
1602
1603
1609
1614
1615
1615
1618
1623
1624
1627
1629
1631
1637
1637
1641
1643
1643
1645
1649
1651
1656
1660
1667
1675
1676
1677
1677
1678
1683
1685
1687
1687
1691
1692
1695
1700
1701
1706
1709
1709
1711
1711
1713
1717
1724
1724
1726
1727
1728
1730
1733
1733
1734
1734
1736
1737
1740
1743
1743
1743
1748
1749
1750
1750
1750
1751
1752
1755
1759
1760
1764
1769
1772
1772
1778
1779
1781
1783
1785
1786
1789
1792
1794
1794
1796
1797
1800
1803
1806
1809
1809
1814
1816
1817
1820
1822
1825
1825
1838
1839
1840
1842
1844
1846
1848
1854
1854
1857
1862
1863
1864
1865
1866
1867
1868
1869
1873
1874
1878
1879
1880
1881
1883
1887
1888
1889
1891
1893
1896
1897
1899
1900
1900
1905
1908
1909
1909
1911
1913
1918
1919
1926
1930
1932
1933
1935
1937
1938
1940
1943
1947
1947
1947
1948
1953
1956
1957
1958
1958
1962
1972
1973
1976
1977
1977
1984
1989
1990
1990
1991
1992
1998
1999
