Primero viene la cantidad (n) de timestamps para ambos, luego n líneas que son un timestamp aproximado cada uno separado por una coma (',') del error, y luego n lineas de las transacciones del sospechoso
1005
4,3
80,29
130,12
275,11
581,11
1084,38
97,30
183,1
290,14
572,4
1148,30
86,34
128,27
243,8
525,12
1006,8
1990,6
101,35
132,12
315,46
552,31
1164,42
69,40
75,16
223,47
398,49
841,44
1634,38
49,21
147,46
279,23
566,13
1049,24
86,47
137,22
247,4
511,9
1028,17
10,9
16,3
98,32
128,29
288,4
584,45
1224,17
93,29
140,18
259,38
544,49
1070,5
67,38
101,20
254,39
481,33
984,11
1907,15
57,35
108,23
235,15
421,6
861,14
1721,11
68,1
101,16
218,4
462,7
874,50
1822,35
7,6
41,40
73,48
160,38
365,23
711,29
1395,49
1,0
80,3
96,16
206,13
415,15
846,43
1740,34
98,26
170,25
296,2
662,43
1289,17
27,26
80,38
200,35
374,20
687,49
1436,48
76,28
148,30
252,19
545,21
1029,39
28,12
53,13
113,49
272,45
536,12
1031,24
88,43
106,6
295,32
513,15
1038,20
68,15
169,45
301,40
598,50
1138,34
12,11
14,13
96,2
135,25
353,18
686,30
1363,2
69,50
89,33
207,4
404,8
771,48
1565,39
25,24
38,10
135,19
218,27
496,47
921,3
1843,17
97,21
125,35
250,26
474,14
1019,31
1913,45
22,21
71,50
113,17
247,43
496,6
1013,32
1969,1968
5,4
81,13
157,50
344,3
636,32
1319,31
82,36
179,17
336,45
666,31
1273,19
27,26
70,6
168,26
352,45
638,1
1296,36
97,29
105,11
255,40
517,35
1022,18
1978,1
65,24
125,2
208,37
427,22
833,23
1712,22
56,46
154,39
270,16
526,49
1009,15
64,7
142,18
262,47
486,33
975,15
1995,1994
36,35
79,39
160,3
299,17
665,48
1337,33
93,14
144,29
242,18
495,29
1026,25
87,43
102,12
190,6
384,24
783,35
1620,9
93,1
180,21
326,13
626,45
1263,1
64,26
122,45
271,37
459,33
950,43
1932,47
51,9
54,49
193,43
321,46
628,50
1268,45
67,38
91,1
248,28
485,17
916,33
1833,6
101,33
119,7
236,23
467,32
993,35
1985,1984
67,10
69,42
216,42
355,3
748,8
1515,46
34,33
65,8
137,34
251,46
561,39
1132,31
17,16
47,38
144,49
299,46
509,45
1051,33
23,2
77,2
165,35
320,50
666,30
1302,40
79,11
173,30
301,24
646,38
1260,50
44,1
130,13
217,5
443,40
840,13
1755,25
64,11
70,46
158,39
338,19
644,23
1355,9
38,12
42,21
87,21
257,17
502,34
1001,22
1986,1985
14,13
73,36
138,13
277,36
577,50
1120,44
35,9
77,8
143,40
326,29
633,26
1291,40
50,5
143,25
227,14
515,11
995,13
1912,4
96,19
187,20
368,32
721,49
1454,3
50,49
94,3
192,31
421,37
764,40
1564,34
15,8
82,33
173,39
348,21
633,22
1308,32
40,24
103,28
226,1
401,49
803,22
1632,24
56,2
88,25
205,7
358,19
798,2
1574,40
30,18
58,49
141,40
260,12
492,19
989,50
1942,34
62,13
101,9
222,44
424,50
854,46
1719,20
31,30
63,33
139,18
314,26
549,29
1183,34
55,5
121,39
252,48
447,12
893,50
1770,3
94,19
111,33
290,21
508,6
1026,48
69,24
135,4
235,50
524,34
1046,10
29,28
47,46
153,5
258,48
527,18
1098,2
70,29
132,41
286,38
538,15
1124,37
38,18
115,45
171,3
381,8
726,29
1447,39
5,4
38,37
88,4
229,24
407,43
827,40
1644,32
76,28
149,23
253,31
566,34
1071,29
83,50
152,47
295,10
592,48
1154,46
18,15
63,15
107,9
222,25
438,32
934,7
1788,27
92,6
101,25
271,32
515,17
1063,43
24,23
29,28
121,15
204,31
408,14
793,47
1678,24
44,2
61,18
169,50
355,4
711,46
1396,15
11,5
73,34
116,31
254,21
477,37
1001,26
1979,1
82,1
173,44
266,43
536,30
1106,33
98,48
150,8
277,28
557,48
1084,34
95,4
105,48
237,47
470,19
988,23
1988,1987
64,41
160,8
290,4
535,11
1123,37
48,19
59,33
132,32
280,48
559,34
1145,49
54,3
76,7
228,19
383,11
809,5
1623,46
11,10
18,17
81,42
160,9
301,15
668,10
1279,28
93,28
189,7
316,5
642,11
1249,19
80,41
172,44
293,27
600,22
1179,31
44,2
65,13
167,7
369,31
700,14
1385,36
78,17
90,22
198,45
373,22
791,34
1598,25
70,43
161,39
332,29
632,3
1277,18
74,3
102,15
272,36
543,28
1030,35
37,36
64,47
140,23
339,2
657,14
1244,19
47,9
120,16
181,17
425,23
794,30
1628,27
29,28
119,36
213,36
449,27
864,10
1766,5
36,32
120,36
162,43
346,7
688,1
1421,41
41,11
83,31
133,20
313,8
655,29
1259,15
60,21
87,38
190,10
378,25
771,49
1550,20
73,30
144,14
245,21
466,34
1011,17
1982,16
13,11
72,29
149,30
333,37
619,18
1276,43
78,34
84,32
167,5
410,38
789,38
1550,37
55,8
99,36
177,41
397,24
794,45
1562,37
87,37
143,40
329,20
584,42
1226,17
96,42
174,36
342,2
677,45
1319,24
73,9
174,42
283,36
570,50
1121,22
71,22
106,41
247,32
518,8
952,20
1916,45
68,24
139,30
248,28
551,43
1060,11
21,20
75,19
114,34
240,39
527,23
1068,49
4,2
6,5
25,14
129,14
207,43
447,35
919,20
1825,36
40,16
93,37
149,36
338,45
682,46
1312,33
43,5
122,2
237,29
431,49
872,30
1751,24
19,3
115,21
205,36
421,36
780,25
1564,15
56,35
91,25
156,13
369,45
730,1
1421,41
78,9
138,6
265,24
499,49
1065,8
18,17
94,47
158,35
369,8
740,43
1470,32
75,43
145,22
297,18
570,36
1161,18
57,50
61,48
187,33
311,40
666,4
1300,5
16,15
80,12
144,15
280,36
565,50
1180,38
22,21
106,41
211,19
398,12
808,39
1577,30
48,40
89,11
216,42
449,37
844,1
1679,20
87,2
123,2
255,46
551,3
1028,36
93,17
140,35
316,26
561,30
1189,35
100,48
130,5
313,36
630,18
1209,18
27,26
46,8
162,34
243,2
481,29
977,9
1988,1987
5,4
53,20
90,35
233,44
482,11
925,45
1837,31
88,37
133,24
265,1
554,15
1121,6
37,36
57,50
138,47
283,37
611,34
1179,35
32,18
65,26
193,6
367,34
685,18
1440,36
79,44
99,40
256,28
439,9
899,47
1812,1
96,47
180,42
327,14
633,34
1310,11
73,26
111,18
259,45
486,46
956,25
1905,17
55,29
134,27
208,12
452,8
880,11
1747,35
58,14
102,28
170,38
361,28
705,2
1409,4
12,11
29,13
85,16
152,36
364,43
718,11
1408,15
11,10
111,45
215,9
423,46
843,16
1629,23
95,17
171,32
347,15
656,34
1364,29
73,35
76,25
186,4
404,44
748,18
1562,30
73,6
161,33
273,4
537,13
1062,31
68,9
147,24
219,15
510,45
1012,12
1997,1996
15,14
74,19
178,25
300,47
635,29
1223,17
1,0
50,31
73,2
183,27
372,19
741,20
1497,12
21,11
49,23
130,43
296,35
566,5
1070,18
2,1
74,4
93,16
201,16
469,27
899,17
1762,23
54,4
140,33
263,46
490,17
1016,36
1979,1978
32,6
117,24
204,11
426,28
789,28
1631,3
63,8
138,41
247,23
547,42
1078,32
95,13
156,31
255,24
600,46
1182,36
90,30
104,23
202,27
462,26
935,11
1882,33
46,36
58,27
139,21
275,17
590,2
1133,12
29,28
115,25
186,15
382,14
737,3
1451,18
27,14
74,37
193,47
391,41
728,24
1447,36
99,24
112,37
287,32
535,17
1046,38
74,50
156,42
247,7
527,25
1095,31
46,42
92,17
143,22
286,45
583,7
1163,6
19,18
91,9
127,39
252,38
561,29
1136,4
69,1
80,47
217,21
420,49
803,31
1688,44
59,9
90,17
168,41
335,30
699,49
1446,42
63,49
125,26
270,33
532,5
1035,34
91,48
107,13
274,32
571,20
1103,12
20,19
55,12
123,16
258,16
499,10
968,27
1945,29
16,3
28,27
109,20
234,2
445,33
891,18
1784,35
84,22
109,42
269,25
515,26
983,4
1981,19
94,33
136,4
288,12
605,44
1132,21
87,45
178,31
341,15
637,8
1342,36
37,31
133,46
209,35
385,17
835,14
1646,10
80,12
149,32
311,36
564,36
1105,38
71,15
142,30
243,23
479,49
955,3
1935,49
96,10
140,33
290,12
620,13
1155,16
13,12
43,27
155,44
230,29
448,11
920,18
1849,39
60,32
123,30
251,34
437,27
882,39
1808,39
14,13
79,47
152,33
313,39
600,33
1185,31
15,14
63,32
139,43
313,5
560,26
1133,8
48,17
140,21
274,34
552,32
1035,2
87,18
168,32
336,21
650,30
1330,15
95,40
133,13
326,14
619,35
1201,14
98,28
182,10
345,26
695,50
1378,11
45,9
122,2
254,41
511,44
970,41
1933,44
33,32
38,14
121,24
203,12
488,34
899,32
1843,34
54,11
59,31
209,44
352,16
1
1
1
1
2
2
3
3
4
4
4
5
5
7
7
7
7
8
8
9
10
10
11
11
12
13
14
14
14
15
15
17
17
17
17
18
18
18
19
19
19
21
21
21
21
22
22
23
24
24
24
26
27
28
29
30
30
31
31
32
32
33
33
34
34
34
34
34
34
35
36
36
37
37
38
40
40
40
42
42
42
42
43
43
43
43
43
43
44
45
46
46
46
46
47
47
47
47
47
48
48
48
50
50
51
51
52
52
52
52
53
53
53
54
54
54
55
56
56
57
57
57
58
59
59
59
59
60
60
61
61
61
63
63
63
64
65
65
65
65
66
66
67
67
68
69
69
69
69
69
69
70
70
70
70
70
72
72
73
73
73
73
73
73
74
74
74
74
75
75
75
76
76
77
77
77
77
77
78
78
78
79
79
80
80
80
80
81
81
81
81
82
82
82
82
82
83
83
83
83
84
84
84
84
84
85
86
86
86
88
88
89
89
89
89
89
89
89
90
90
90
90
90
91
91
92
92
92
92
93
93
93
94
94
94
96
96
96
97
97
97
97
97
97
98
98
98
98
98
98
98
99
99
101
101
101
101
101
101
102
102
102
103
104
105
105
106
106
107
107
107
108
109
109
109
109
110
111
111
111
112
112
114
114
114
114
114
114
115
115
116
116
117
117
118
119
119
120
120
121
121
121
122
122
122
124
124
124
125
125
125
126
126
126
127
127
128
129
130
130
130
130
130
130
131
131
132
132
133
133
134
136
136
136
136
137
137
137
138
138
138
139
140
141
142
142
143
143
145
145
145
146
147
147
148
148
148
149
149
150
151
151
151
151
151
152
152
153
153
154
154
154
154
155
155
156
156
156
157
158
160
160
161
161
163
166
166
167
167
168
168
168
169
170
170
172
175
176
177
177
178
178
180
181
182
183
183
184
185
185
186
187
187
187
189
190
194
195
195
196
196
196
198
198
198
199
200
201
201
202
203
203
204
207
207
208
208
208
210
211
212
213
214
214
214
215
217
217
218
219
222
224
225
225
225
226
226
226
227
227
228
228
228
230
232
232
233
233
234
235
238
238
240
240
240
240
240
241
241
242
242
243
244
245
245
247
247
250
253
253
254
255
258
262
263
264
265
269
270
270
270
271
271
271
272
272
273
274
274
277
277
277
278
279
280
282
282
284
284
284
285
286
287
288
288
290
291
292
293
294
294
295
295
296
296
296
296
297
298
300
301
303
303
304
304
306
308
311
312
314
315
315
317
317
318
319
319
320
322
323
324
329
330
333
334
336
339
340
340
341
347
349
350
350
350
351
352
354
354
355
355
358
360
361
363
365
365
366
367
368
368
368
370
372
373
377
382
383
384
390
391
393
394
394
399
402
402
408
410
412
418
419
421
423
423
423
424
426
429
436
437
438
438
440
440
444
447
450
451
453
454
459
459
460
461
462
465
466
466
468
468
469
473
474
476
479
480
480
482
484
492
495
498
501
507
509
510
511
511
513
514
518
519
521
522
524
526
528
530
530
532
535
536
536
536
536
537
538
541
541
542
543
544
544
544
545
548
549
550
550
559
559
560
563
566
568
568
568
569
571
572
572
573
575
578
580
580
581
581
581
582
589
589
591
593
595
595
599
617
618
619
623
629
630
631
632
636
638
639
642
644
644
645
648
649
652
653
660
662
667
667
669
674
675
675
685
685
686
687
689
690
690
692
696
699
700
706
706
708
717
721
722
726
730
734
736
751
751
758
761
766
772
781
781
782
784
784
791
793
797
798
799
805
814
817
825
827
834
835
839
840
844
845
851
852
862
875
876
884
885
894
901
903
909
919
924
927
927
933
935
938
942
942
946
949
953
953
973
976
978
980
981
983
986
990
995
1000
1002
1002
1004
1006
1010
1012
1012
1014
1017
1017
1018
1019
1019
1019
1022
1027
1029
1034
1037
1037
1042
1044
1049
1050
1051
1057
1066
1066
1072
1073
1073
1087
1088
1089
1091
1093
1099
1101
1110
1111
1112
1114
1117
1118
1125
1134
1136
1138
1140
1145
1145
1156
1157
1158
1162
1164
1165
1166
1172
1178
1180
1207
1209
1209
1209
1211
1214
1215
1234
1236
1246
1249
1251
1255
1262
1262
1279
1296
1297
1304
1304
1305
1306
1308
1311
1315
1316
1316
1317
1324
1325
1345
1355
1363
1363
1388
1390
1391
1392
1395
1409
1413
1418
1420
1425
1435
1449
1457
1459
1462
1468
1491
1493
1530
1534
1545
1559
1574
1578
1582
1585
1607
1610
1611
1611
1611
1620
1622
1633
1633
1638
1656
1660
1670
1683
1698
1713
1722
1727
1731
1736
1747
1758
1762
1764
1769
1771
1798
1798
1799
1803
1813
1819
1833
1842
1844
1851
1852
1881
1893
1915
1915
1916
1917
1940
1957
1958
1978
1978
1982
1989
1992
1995
2159
2232
2689
2781
3537
