Primero viene la cantidad (n) de timestamps para ambos, luego n líneas que son un timestamp aproximado cada uno separado por una coma (',') del error, y luego n lineas de las transacciones del sospechoso
1500
1070,812
932,652
1117,781
404,258
1040,671
1216,326
1064,629
1025,951
1004,996
686,236
974,944
1620,337
1012,584
1046,623
994,912
1110,866
778,368
1158,548
1041,803
1831,76
1212,318
926,873
636,412
864,768
1154,682
1737,161
1236,534
772,726
689,681
1465,446
1417,532
1965,33
905,598
1334,516
704,265
784,682
251,248
1318,416
1048,722
729,698
271,264
1165,499
1233,559
263,204
1245,439
916,610
879,500
507,460
644,595
594,407
1114,874
1450,337
364,139
584,485
1405,581
955,555
1314,480
482,450
972,731
976,497
954,443
902,883
1487,387
1179,763
1542,37
1500,377
1721,144
762,342
854,711
1693,210
826,333
670,670
262,218
1081,498
834,328
1557,313
971,603
493,419
424,61
968,887
1059,763
1310,624
621,288
1435,437
1636,317
1143,770
1163,677
807,525
914,862
788,739
477,472
353,113
969,601
1049,674
971,877
1262,731
643,494
402,357
497,352
1146,428
1016,469
384,336
1197,574
1609,305
1336,311
1345,612
774,440
1101,848
657,626
1162,111
962,849
332,110
1400,318
1079,409
441,355
768,600
1522,252
441,146
1124,699
1535,361
1000,966
709,566
949,899
939,653
983,715
349,240
1078,662
165,97
972,896
892,478
689,655
906,581
723,559
569,539
1410,434
474,292
1049,936
536,296
1039,821
1140,516
1738,235
811,492
776,762
584,338
1357,560
1387,586
874,372
436,271
1493,506
966,891
929,874
1444,344
1167,771
1575,115
982,628
1427,247
1285,481
538,182
1028,711
789,547
956,923
723,691
818,586
1806,160
1576,418
1079,510
899,681
902,267
880,248
724,188
629,557
805,610
1414,498
1506,313
928,888
631,586
1184,234
1030,105
1166,654
1049,204
151,136
1599,374
821,701
99,97
1317,384
629,622
968,721
867,624
1378,544
996,871
629,417
1038,929
1682,120
711,567
1210,296
1576,260
918,913
477,216
1001,699
952,409
1426,475
1487,353
988,956
1097,264
520,462
308,276
444,197
496,370
930,113
1337,183
935,678
991,472
888,380
1400,179
1124,495
1280,218
352,331
1169,610
1467,520
1254,409
1618,193
1070,457
447,427
477,477
547,260
869,782
793,311
201,141
535,535
1080,826
510,432
984,548
822,799
938,553
1558,331
579,500
700,618
1244,727
913,244
816,429
1508,489
862,671
634,602
583,261
754,408
1424,523
1220,641
908,421
1260,671
1051,817
1125,581
937,597
1500,418
728,547
606,405
479,103
1258,439
451,214
404,397
1456,110
118,39
926,804
899,854
611,157
1137,720
594,538
613,575
761,596
775,163
535,397
607,584
513,509
1130,657
1378,569
813,530
663,628
1026,843
1348,274
629,407
1206,295
600,521
540,499
1604,178
1126,835
772,356
1138,562
619,317
418,283
985,603
1377,341
939,873
735,375
1034,573
1677,288
1256,608
717,600
344,319
1812,174
930,354
336,284
1419,526
1610,209
665,595
702,685
1260,397
970,893
238,215
1140,642
1108,155
1518,302
1015,364
716,350
1504,477
1245,394
1072,896
852,405
700,552
996,739
279,187
593,377
1027,953
464,368
1196,644
1001,733
412,221
435,326
111,81
491,406
1300,277
1269,716
1363,611
1265,733
1459,514
687,601
885,797
983,964
1755,106
842,384
1166,645
205,197
786,487
1040,944
1112,851
1148,810
480,465
869,141
1127,812
745,542
788,485
949,812
1055,296
1075,412
1410,587
686,428
1531,56
595,574
919,908
1232,756
988,970
770,604
1358,557
900,725
594,584
1451,515
1461,295
1030,187
1240,508
560,460
1945,22
1120,625
989,588
1591,373
751,488
1537,391
854,441
1496,128
1098,815
974,282
1102,200
1696,249
326,183
599,534
1475,494
259,236
965,723
1765,216
1669,327
461,419
974,869
682,298
766,151
1563,413
575,314
1238,686
1388,570
550,510
1166,407
471,287
1241,752
1329,397
1046,788
1186,482
972,837
1126,764
1145,654
811,478
489,378
797,655
958,868
807,792
1471,285
1154,433
1737,232
884,333
770,653
810,758
972,348
1519,402
799,738
1561,357
1116,311
767,207
1090,487
1215,709
963,946
640,274
990,925
889,761
1095,701
1145,776
884,648
783,416
505,466
858,313
934,915
1069,814
1363,560
303,229
1437,486
981,463
441,337
1235,405
821,398
897,705
1109,522
1192,616
810,793
1714,277
1004,356
1160,785
1639,187
686,158
1629,89
1582,397
279,239
925,272
1009,891
1069,925
810,584
1046,426
1158,447
1216,294
490,461
863,539
1157,265
1672,189
1029,945
1395,243
408,171
691,553
607,592
816,789
916,812
899,769
1044,727
1137,627
928,708
943,326
1046,406
1711,235
981,878
906,907
392,118
1326,547
1040,420
838,557
980,697
654,482
816,526
422,304
826,795
1059,548
947,881
948,912
918,807
1196,802
885,721
280,254
847,808
1108,667
783,436
871,637
1081,801
763,694
567,480
314,274
1141,786
1342,594
1153,588
1190,387
1570,235
807,550
923,838
1369,319
607,558
972,640
1723,254
1003,967
864,860
1051,634
1104,541
823,800
1144,470
1019,744
884,312
1011,983
1065,431
942,936
1367,512
506,149
1225,757
1654,128
1296,174
675,81
808,738
1289,480
1001,950
870,632
1489,485
1100,707
945,479
1156,170
310,99
1008,348
1238,393
1060,916
1422,533
934,443
828,603
968,903
949,815
982,708
1066,631
1007,687
1036,964
1153,474
146,123
1036,909
1377,545
1199,441
1480,165
418,349
1380,444
1136,839
701,413
1195,424
1473,259
1639,256
1140,819
732,545
1195,424
1235,569
584,515
1074,646
421,282
982,891
1076,655
723,379
682,483
1572,157
564,515
907,860
228,171
1270,661
1172,471
323,289
1149,775
935,785
902,248
788,729
1024,557
1138,629
1132,752
359,158
807,597
463,351
314,297
859,424
208,207
816,800
1278,582
640,582
966,710
946,574
1396,321
1193,450
1388,544
610,483
1677,212
684,614
1036,957
456,407
1121,642
976,604
417,158
1282,256
975,580
1007,238
1203,243
1022,207
856,723
656,484
709,584
1285,512
887,202
1644,257
599,418
828,473
1323,244
717,615
657,266
919,173
1685,220
541,485
308,297
1234,755
493,431
704,401
1031,647
1252,406
216,100
838,677
1225,542
944,880
1097,190
1405,553
684,603
847,444
1009,222
1092,663
1787,197
1390,470
1139,322
1092,537
1878,109
1165,680
1068,680
561,463
685,334
1306,471
545,240
729,432
510,448
210,192
830,686
709,637
1702,214
77,56
945,891
1779,176
785,762
1840,137
1472,456
830,648
592,519
1064,559
796,779
839,763
956,879
926,685
1673,63
290,207
1150,563
970,731
1101,600
648,486
1221,603
892,168
1021,641
569,415
1419,501
718,440
1028,332
1650,257
970,584
931,695
841,415
1037,182
1236,160
1290,618
763,660
1372,234
1474,282
1450,478
923,375
1077,728
349,241
960,560
777,71
1280,422
945,630
993,714
1295,353
1534,377
1347,502
307,111
1079,685
1639,279
649,222
673,565
799,645
1156,600
1486,412
655,590
1131,759
1044,756
840,589
920,661
1039,853
1242,663
828,784
1689,215
1096,874
1117,382
1469,356
986,608
1226,352
1058,893
1240,760
897,87
749,555
1212,785
1853,113
794,655
485,480
507,502
231,89
1535,368
1433,555
226,205
1277,554
1092,645
1139,792
1426,411
1515,380
1693,153
898,454
888,630
135,126
1564,408
1089,871
1162,827
724,592
738,575
1128,524
422,403
874,749
770,458
1083,265
1030,647
822,324
601,299
1242,76
345,292
1229,590
1259,601
444,164
213,115
1359,440
1464,462
1031,833
690,213
1633,280
631,440
859,527
1281,719
835,341
959,717
440,145
1451,417
1082,859
1315,482
950,605
1026,778
1084,588
567,494
135,111
807,765
1053,877
1447,384
291,235
377,263
1741,196
732,696
976,671
735,343
1050,841
1198,123
1266,638
1187,731
734,262
953,369
1311,677
1277,455
1062,918
1300,655
415,414
1180,785
1127,565
713,665
1075,890
1129,770
44,37
1252,629
1012,862
924,752
295,291
894,127
1354,330
1362,557
1199,610
1715,168
1757,77
1346,401
199,26
1547,192
1331,657
1775,151
410,260
1105,50
1422,328
1454,486
1138,768
551,475
626,137
1044,582
423,152
725,478
1416,433
1124,696
1224,498
1699,288
983,740
1350,565
1706,251
687,591
1269,473
1807,180
1521,474
671,39
1643,152
1275,515
1037,662
860,708
926,755
854,298
659,651
1076,842
834,202
890,526
1427,443
669,419
188,168
91,88
791,743
1391,596
1175,540
1942,47
1020,854
1640,337
1223,84
1689,275
1621,357
697,693
748,621
1018,669
971,754
992,799
615,431
1146,658
787,469
962,362
999,978
547,200
1458,216
1149,843
745,709
1161,397
1160,592
650,491
1146,606
400,335
800,533
690,310
913,728
1121,806
936,866
811,661
1088,188
887,641
1089,399
1275,519
1120,825
943,758
1271,562
996,822
1767,197
782,612
921,732
997,735
1188,368
1097,725
506,450
1748,225
1063,636
1200,787
908,811
1103,607
1728,262
1569,356
706,464
1277,674
497,461
1347,563
1112,625
1165,820
1277,418
773,691
1412,152
1163,193
728,333
1127,717
1028,953
1138,711
1005,538
482,231
1199,726
1083,693
440,202
479,381
1187,634
1206,675
1326,280
834,373
1281,467
722,686
354,351
969,836
1197,686
908,427
1320,455
947,744
433,425
1309,25
1112,241
1485,330
662,638
1059,520
1197,680
852,588
661,556
399,356
726,713
996,989
310,309
1032,814
1039,822
1643,217
1287,293
642,601
1328,413
251,216
856,656
819,319
584,261
1095,864
1076,777
1044,845
806,778
1713,125
1412,301
1521,173
1604,276
1257,608
504,341
1537,377
1165,628
1533,413
1436,449
684,460
698,460
757,495
1012,326
523,430
924,810
1874,117
665,592
1190,204
982,979
574,397
1345,417
1454,500
797,663
760,498
1185,656
1312,395
720,550
815,782
556,447
1051,200
1002,188
998,647
1569,380
1187,773
1208,550
482,458
614,495
908,309
963,900
388,355
1763,129
850,782
783,712
732,713
975,504
757,683
1128,739
857,824
473,266
745,637
1087,751
965,859
1844,84
1284,716
832,211
1112,502
1081,672
1128,689
1011,787
1092,344
1656,152
1617,371
1285,603
947,825
1558,261
1616,335
952,950
1116,849
887,369
821,506
886,712
538,357
1025,943
1323,257
423,419
435,95
1252,275
800,694
348,345
312,178
1029,565
1282,705
1035,707
1320,505
982,763
1650,150
1130,564
1271,717
1609,346
654,341
1017,171
554,523
774,526
1427,483
1240,499
523,305
326,325
1017,509
962,864
621,564
819,806
843,817
1625,233
456,443
1277,618
984,979
1391,63
993,396
614,463
1411,457
1134,522
1821,111
785,678
693,615
501,351
765,438
891,493
1248,463
1352,461
154,88
1076,890
449,112
1205,643
1575,406
1353,8
1164,793
1158,750
1012,654
1032,488
1488,400
1162,465
1560,308
1227,743
1482,183
316,114
806,654
344,333
1221,383
1897,79
402,376
1739,136
1070,808
1677,249
831,143
394,297
1004,980
1167,822
1000,876
1033,796
1357,539
732,80
435,20
406,179
340,337
1240,494
1097,569
551,70
485,465
1424,357
941,918
1297,602
302,147
1295,530
1088,904
1342,581
959,915
1512,176
710,638
1063,842
195,157
972,843
1070,659
1012,914
1093,760
737,622
476,184
433,413
993,977
735,647
1080,448
575,552
690,572
621,140
137,123
1416,547
397,222
931,899
551,437
730,475
971,517
1468,401
717,447
817,816
553,226
1368,510
555,360
1605,376
541,229
863,692
593,448
998,973
1383,552
897,766
1261,737
909,804
520,214
1232,747
1393,477
1225,255
1022,821
860,799
1663,23
431,425
1073,910
1262,424
1442,505
898,776
1129,838
1434,478
518,368
307,294
1055,881
940,913
999,986
1073,735
815,735
1424,504
1085,327
1125,863
722,509
702,684
1842,61
557,380
684,114
1553,311
550,454
805,458
1076,832
1106,891
1309,327
1085,562
1021,152
1194,543
994,710
1055,234
744,555
1527,348
1038,836
972,193
1164,412
392,348
998,894
734,625
871,358
868,692
398,253
612,601
937,494
1301,520
1397,426
851,285
799,486
1526,429
1557,284
1873,29
1467,500
98,69
1186,288
847,583
1314,335
989,984
963,802
690,109
713,534
1665,41
991,154
982,623
394,368
847,740
1581,168
1446,139
1227,520
441,143
1902,92
379,247
1080,713
1129,571
1172,568
1185,621
1715,270
1639,233
549,527
593,132
1020,108
387,382
1124,320
830,769
844,664
792,117
1102,588
786,381
929,786
461,449
1184,329
892,749
1159,828
1253,483
670,493
290,46
1037,962
1341,434
897,820
1494,97
984,839
818,781
725,280
164,162
795,584
547,422
680,418
250,243
1758,202
739,645
754,402
714,451
1069,295
737,708
1573,425
468,202
1083,645
1309,671
559,446
523,485
1121,804
858,338
730,446
1027,590
789,768
664,663
292,160
997,968
1194,625
1338,639
512,383
1224,683
1093,702
745,479
1030,334
540,381
1969,27
946,834
1469,503
1257,512
1882,98
1367,594
1461,485
1598,64
1406,320
1141,813
706,628
394,276
1009,444
1159,737
1060,927
872,585
1258,665
958,900
1608,349
896,380
844,634
521,396
1305,558
444,152
499,293
1913,87
568,543
1069,431
1055,175
919,904
1117,434
626,205
554,533
1300,670
739,709
1297,161
217,170
984,687
1130,840
836,401
1577,353
820,668
1154,752
1138,816
983,542
503,180
1789,131
1288,536
469,437
829,294
970,737
888,517
965,877
878,776
933,887
403,204
747,371
867,240
316,284
823,636
871,727
846,714
1086,603
774,360
1047,488
1317,216
1161,736
1288,601
1204,763
537,531
692,570
960,399
1320,366
1315,500
1207,459
1166,743
450,416
1251,712
964,897
1104,302
299,279
251,249
842,706
1772,122
1476,82
1103,179
1132,858
384,182
522,420
720,673
833,781
533,450
750,567
1092,841
390,269
1253,639
1673,292
739,210
1438,400
1643,330
1208,650
511,392
1323,455
1046,919
817,756
1450,485
950,759
702,612
1440,520
451,316
1173,644
1586,354
1375,597
949,253
447,437
862,765
1037,616
1171,829
1340,387
664,574
1508,450
1038,817
466,276
1742,250
547,217
411,159
728,585
1089,881
451,415
1153,846
1188,184
1177,535
590,459
1871,75
975,944
887,584
622,349
700,141
798,703
1037,959
1840,132
1437,400
380,367
590,497
467,352
689,378
1271,639
1073,754
1173,578
482,467
243,228
1002,880
413,334
695,678
1012,982
1771,151
956,257
1136,840
901,586
457,199
952,850
1
5
6
7
8
9
10
10
11
13
14
15
16
18
18
20
21
24
24
31
32
33
35
38
38
39
40
42
42
45
45
47
47
48
49
50
53
55
58
60
63
64
64
65
65
66
66
67
67
67
68
69
70
70
70
72
73
74
74
74
76
79
80
80
86
86
86
88
89
89
90
90
92
94
95
96
96
96
97
98
100
101
104
104
104
107
108
110
112
117
119
119
119
120
120
122
124
127
128
130
130
136
136
136
138
138
140
141
143
146
147
148
148
150
152
153
154
159
159
161
163
164
166
166
166
167
170
171
171
171
171
171
176
178
180
180
180
181
183
184
184
186
189
192
192
193
193
194
196
200
201
201
205
205
206
207
210
210
211
213
214
214
216
216
218
219
220
221
222
224
224
227
229
230
233
237
238
240
241
242
243
244
246
247
248
248
249
250
250
250
251
251
254
255
256
256
257
260
261
261
262
268
270
271
271
271
271
277
277
278
278
281
282
282
283
283
284
290
290
291
292
292
293
293
294
295
295
296
296
297
300
303
305
306
306
306
307
311
312
313
313
313
314
315
315
317
318
321
321
322
322
323
326
327
330
331
332
335
340
342
343
343
343
344
345
347
347
348
351
351
352
354
354
355
355
357
359
359
359
359
359
360
360
363
363
364
364
366
367
368
369
371
372
374
374
376
377
377
378
378
379
379
380
381
382
383
384
388
391
394
395
396
397
400
402
402
404
404
404
406
406
407
407
409
410
412
412
413
414
415
417
419
421
422
426
427
427
427
428
428
429
431
431
433
433
434
435
435
437
441
442
443
444
444
446
449
450
450
450
451
452
452
453
456
456
457
458
459
461
462
463
467
467
468
468
469
470
472
472
472
474
474
474
475
475
476
476
477
477
478
478
481
481
482
484
485
486
486
487
489
493
494
494
495
496
496
497
499
499
499
500
500
501
502
502
504
505
505
506
507
507
509
510
511
514
514
517
517
517
517
519
520
521
523
523
524
526
527
529
530
531
532
535
540
540
544
545
545
545
545
546
546
547
547
548
549
552
552
554
557
558
559
560
563
563
563
565
566
567
568
569
569
571
573
576
577
579
579
585
586
587
587
588
590
592
593
593
596
596
598
599
599
600
600
600
602
602
602
603
603
604
605
605
610
612
612
614
617
617
618
618
621
622
622
623
625
625
626
627
627
627
628
628
630
630
632
632
634
635
639
642
642
642
643
644
644
647
648
649
649
650
651
651
653
656
657
665
666
667
667
668
672
673
673
674
674
677
677
678
680
680
681
683
683
684
684
685
689
689
692
692
693
700
700
701
702
704
706
709
711
719
720
720
721
721
722
723
723
725
726
727
728
729
729
733
734
738
738
739
739
741
743
749
749
749
750
752
752
753
753
758
760
761
761
767
767
771
771
772
776
778
780
782
783
784
785
785
786
787
789
789
791
794
794
795
797
801
801
801
801
805
807
809
810
810
811
811
813
813
813
814
814
815
817
818
821
822
827
829
831
831
832
833
833
833
834
835
836
836
837
837
841
843
844
846
847
847
848
848
850
850
850
851
851
853
853
855
859
859
862
863
863
865
865
867
868
869
873
877
881
882
882
884
886
887
887
888
888
889
891
891
894
895
896
896
897
898
899
901
902
904
905
906
908
908
909
912
920
922
923
924
925
925
927
929
929
930
931
933
933
934
935
935
935
942
945
946
946
947
947
948
948
948
949
949
952
953
953
955
958
958
958
958
959
966
966
967
971
972
972
972
975
975
978
978
979
980
981
982
983
984
985
985
988
988
990
991
991
991
992
992
993
995
998
1000
1000
1002
1002
1004
1005
1007
1012
1013
1014
1016
1019
1020
1023
1023
1024
1025
1025
1028
1028
1028
1031
1031
1046
1046
1051
1055
1059
1061
1061
1062
1063
1065
1065
1066
1066
1066
1069
1071
1073
1075
1077
1078
1078
1078
1079
1083
1083
1085
1086
1087
1089
1090
1091
1091
1091
1094
1096
1098
1099
1099
1102
1103
1104
1104
1109
1110
1112
1115
1120
1120
1121
1124
1124
1125
1126
1127
1129
1131
1133
1134
1136
1138
1139
1140
1141
1142
1142
1143
1144
1144
1145
1147
1148
1148
1151
1152
1152
1157
1159
1162
1166
1167
1167
1167
1168
1169
1170
1171
1171
1174
1174
1175
1176
1177
1177
1177
1178
1181
1182
1182
1184
1186
1186
1189
1192
1194
1199
1199
1206
1209
1210
1210
1210
1212
1212
1212
1219
1221
1221
1223
1224
1224
1224
1225
1226
1227
1229
1230
1230
1231
1232
1233
1234
1235
1235
1238
1239
1241
1241
1241
1245
1245
1246
1248
1248
1248
1249
1249
1250
1251
1251
1252
1252
1253
1254
1256
1256
1257
1259
1259
1260
1263
1264
1264
1268
1268
1270
1273
1274
1277
1277
1279
1282
1282
1291
1293
1294
1295
1296
1297
1298
1300
1300
1302
1303
1303
1305
1306
1308
1309
1310
1311
1311
1312
1313
1317
1317
1318
1320
1320
1321
1325
1328
1329
1332
1333
1336
1337
1338
1340
1340
1344
1344
1349
1350
1354
1354
1355
1356
1358
1358
1362
1368
1369
1369
1371
1371
1372
1374
1374
1374
1377
1377
1377
1380
1383
1385
1388
1388
1391
1393
1394
1394
1394
1396
1396
1396
1398
1401
1401
1402
1403
1403
1404
1405
1405
1406
1408
1408
1408
1409
1410
1411
1413
1413
1414
1414
1415
1415
1416
1419
1420
1425
1425
1429
1433
1434
1434
1436
1436
1438
1440
1440
1441
1442
1444
1445
1447
1449
1449
1449
1452
1453
1454
1455
1458
1461
1465
1465
1466
1467
1469
1471
1471
1472
1474
1474
1474
1478
1481
1482
1485
1486
1486
1489
1492
1493
1493
1494
1494
1495
1495
1497
1498
1498
1500
1501
1506
1506
1507
1507
1508
1511
1512
1513
1516
1517
1518
1519
1519
1520
1521
1522
1524
1524
1528
1531
1537
1538
1539
1540
1540
1541
1543
1543
1548
1549
1550
1550
1551
1553
1560
1561
1561
1563
1564
1566
1567
1569
1573
1575
1578
1582
1583
1583
1583
1584
1584
1585
1586
1587
1588
1588
1588
1589
1590
1593
1597
1600
1601
1604
1605
1610
1610
1611
1612
1613
1614
1615
1616
1617
1619
1620
1622
1622
1623
1624
1625
1626
1628
1630
1631
1633
1634
1634
1635
1635
1636
1636
1638
1638
1640
1640
1641
1646
1647
1648
1648
1650
1653
1654
1658
1658
1662
1665
1669
1669
1669
1670
1672
1672
1674
1676
1677
1677
1680
1684
1685
1687
1693
1693
1694
1695
1696
1696
1696
1700
1700
1703
1704
1705
1706
1707
1710
1712
1716
1716
1717
1718
1718
1719
1724
1725
1725
1725
1726
1730
1733
1734
1734
1735
1736
1736
1737
1741
1742
1745
1748
1748
1749
1749
1754
1757
1757
1758
1761
1763
1766
1767
1770
1774
1776
1777
1780
1781
1782
1784
1784
1784
1785
1785
1785
1785
1789
1793
1795
1796
1797
1800
1800
1802
1802
1804
1804
1806
1806
1806
1812
1812
1813
1813
1815
1815
1817
1817
1819
1819
1819
1820
1821
1824
1828
1829
1829
1831
1833
1834
1836
1836
1837
1838
1841
1841
1841
1841
1843
1843
1843
1844
1845
1846
1846
1848
1854
1854
1855
1855
1856
1856
1857
1858
1859
1859
1859
1861
1861
1861
1863
1869
1870
1871
1872
1879
1879
1880
1881
1883
1883
1887
1889
1890
1892
1893
1897
1899
1899
1900
1900
1903
1903
1903
1905
1905
1905
1908
1908
1913
1913
1917
1918
1918
1918
1918
1919
1921
1922
1922
1923
1924
1927
1927
1929
1929
1929
1930
1930
1932
1932
1932
1933
1934
1937
1937
1938
1940
1941
1941
1941
1943
1943
1944
1945
1948
1951
1952
1952
1953
1953
1955
1956
1957
1958
1963
1963
1964
1964
1965
1965
1965
1966
1966
1969
1969
1971
1971
1971
1972
1974
1974
1977
1979
1982
1984
1985
1986
1987
1988
1989
1989
1992
1992
1992
1994
1994
1995
