Primero viene la cantidad (n) de timestamps para ambos, luego n líneas que son un timestamp aproximado cada uno separado por una coma (',') del error, y luego n lineas de las transacciones del sospechoso
1505
84,48
107,26
223,8
485,39
968,8
1877,28
48,29
136,19
221,35
420,22
860,39
1698,3
24,6
109,34
193,32
412,27
830,2
1638,38
46,28
48,47
113,8
274,28
550,7
1041,16
66,13
156,11
293,45
571,2
1172,43
55,17
156,6
282,37
582,25
1094,29
92,17
187,9
375,42
701,46
1371,39
56,31
57,19
201,38
371,20
725,28
1458,33
3,2
61,21
107,15
178,18
425,27
860,32
1671,34
58,50
94,9
198,1
439,24
810,10
1646,35
4,3
57,30
159,1
232,43
510,37
1043,8
74,47
127,41
234,4
459,42
926,19
1887,35
90,22
109,22
244,39
521,24
1019,25
1925,46
67,5
69,2
232,38
414,13
843,15
1715,29
93,24
154,30
284,15
571,19
1135,42
15,5
70,3
135,5
320,26
546,8
1103,16
97,5
112,48
219,23
528,10
978,2
1938,34
51,34
144,32
279,14
500,18
1073,12
75,46
166,16
323,49
663,5
1285,9
101,4
194,33
392,34
718,20
1505,5
32,20
73,20
171,21
339,26
652,41
1292,43
91,19
115,25
294,45
521,48
1114,28
95,30
152,19
270,17
614,32
1217,42
32,4
108,46
185,46
392,22
784,46
1515,10
80,33
176,3
344,41
678,31
1374,33
40,2
102,26
222,15
385,19
838,46
1626,27
89,1
134,38
310,30
570,19
1152,7
71,30
108,34
266,35
477,9
952,11
1953,42
19,15
46,18
96,48
179,38
366,16
756,14
1562,5
47,46
114,27
198,23
439,14
830,32
1668,32
83,5
91,38
224,30
421,21
892,11
1746,38
14,11
69,31
168,30
281,16
621,4
1164,13
45,21
90,2
181,43
338,13
698,41
1448,14
83,22
135,4
228,30
545,32
1082,30
79,42
129,8
303,46
586,39
1127,44
53,9
119,17
253,40
515,12
994,13
1955,5
39,30
140,27
192,24
437,4
814,9
1654,38
79,19
122,49
206,7
496,21
963,32
1964,7
94,9
134,44
316,11
605,34
1195,2
86,47
158,21
328,39
645,49
1316,18
37,6
94,32
159,48
339,41
637,15
1350,30
19,18
45,18
158,3
299,42
585,38
1117,39
11,10
54,21
130,41
268,14
469,49
1021,25
1986,1985
15,14
49,27
139,32
266,12
491,18
1031,32
1997,1996
19,18
21,20
97,44
189,46
354,30
759,37
1460,13
62,43
135,21
253,20
540,20
1088,32
3,2
45,36
53,43
192,33
326,40
663,47
1359,12
40,35
120,34
246,28
484,38
979,22
1927,35
86,5
138,26
278,14
578,7
1123,41
77,37
156,34
313,33
572,5
1198,41
70,9
111,39
219,35
499,29
977,4
1918,23
17,16
111,36
173,34
369,18
711,50
1453,43
73,21
174,22
264,32
536,25
1138,48
2,1
86,36
188,14
345,36
701,25
1375,15
64,9
161,44
257,1
537,3
1046,18
90,13
139,28
234,8
506,37
1064,16
46,28
54,41
158,35
346,11
611,20
1221,23
50,40
133,26
187,13
387,22
819,23
1597,29
65,34
90,41
186,4
351,43
780,28
1521,46
98,43
129,40
234,46
534,28
1000,21
1934,23
43,25
84,21
189,35
383,9
716,18
1454,50
20,14
64,2
174,22
259,31
546,11
1116,7
65,8
86,28
157,15
398,49
777,35
1527,39
9,8
110,21
158,6
367,15
652,41
1304,16
1,0
35,34
55,37
94,20
186,16
405,22
810,21
1683,24
62,6
122,21
268,12
456,43
947,8
1898,10
54,2
66,47
141,15
267,31
593,18
1144,7
37,36
51,34
117,34
214,29
497,45
971,2
1902,5
57,13
147,2
219,18
522,49
964,5
1916,48
51,42
76,42
218,7
347,3
782,22
1482,1
12,11
78,41
177,20
360,46
697,30
1357,34
42,31
143,9
271,26
460,43
988,20
1961,1
11,10
68,11
163,17
343,30
600,23
1236,1
7,6
26,25
81,4
176,36
320,35
679,48
1308,40
16,15
74,3
171,41
336,18
663,7
1343,31
87,37
102,8
277,22
545,37
1035,43
1,0
14,6
81,25
143,2
337,28
600,25
1184,46
36,35
72,20
182,36
315,38
652,34
1280,12
19,10
114,38
185,27
320,8
651,39
1306,19
32,8
64,13
103,21
254,15
465,8
988,35
1939,37
14,13
30,29
91,5
176,43
385,36
699,48
1443,10
85,38
151,48
290,15
550,20
1148,22
52,13
66,13
156,14
371,28
685,5
1374,20
60,18
136,1
291,41
508,13
1081,10
30,29
120,34
155,9
391,20
712,2
1410,30
37,36
78,12
139,5
299,29
555,34
1181,7
27,10
69,30
108,48
205,38
447,49
907,33
1830,41
63,19
133,13
276,23
537,42
1076,39
80,1
130,48
307,6
549,7
1126,15
77,37
175,49
334,3
625,16
1220,42
20,19
95,42
133,13
268,30
593,36
1178,36
99,44
186,19
370,3
744,48
1446,12
48,37
102,18
158,30
406,48
743,10
1545,30
18,12
25,24
60,49
113,19
279,35
527,28
1033,10
82,38
167,40
344,50
646,10
1297,34
80,47
101,17
216,16
454,4
922,42
1850,40
55,26
131,48
211,7
454,14
863,41
1810,25
98,34
199,41
352,15
658,29
1335,36
1,0
64,24
92,40
188,1
398,5
802,49
1562,32
19,8
83,12
139,46
257,4
536,40
1040,50
19,10
73,19
167,49
314,7
639,40
1277,17
13,12
62,42
153,39
255,46
495,44
989,15
1994,1993
83,30
155,50
263,42
582,39
1102,35
28,27
59,36
157,31
289,24
604,49
1175,46
62,5
72,23
160,11
373,36
732,5
1416,9
41,40
72,32
123,4
285,49
605,24
1150,16
41,22
112,27
200,25
417,30
817,28
1643,49
82,32
111,43
199,12
405,21
870,38
1668,10
101,9
128,23
257,4
576,46
1158,39
8,7
67,3
160,20
313,21
589,49
1226,35
46,38
61,9
145,43
301,9
584,20
1158,29
14,13
48,36
100,33
240,34
459,27
877,39
1776,36
56,2
81,46
163,41
367,3
695,44
1426,20
62,17
97,49
168,45
329,27
733,26
1453,40
26,25
105,49
170,8
364,50
680,22
1391,1
42,40
97,43
199,9
372,50
809,26
1601,4
24,23
104,18
222,26
425,9
835,18
1677,33
60,39
108,46
245,36
479,36
931,21
1847,45
69,1
150,3
304,21
526,28
1097,31
88,38
165,8
318,37
654,13
1295,29
75,40
138,22
289,5
575,2
1134,15
73,41
152,14
266,47
515,37
1044,4
35,34
133,13
231,11
493,28
960,3
1862,17
24,23
54,1
162,6
341,30
654,24
1262,38
11,10
104,7
181,30
350,9
663,3
1397,39
34,25
86,27
146,42
336,17
702,12
1377,34
72,44
90,37
220,33
467,39
863,7
1767,30
88,19
114,8
222,14
494,20
1018,33
1967,1966
18,17
32,28
113,8
175,42
393,36
821,19
1621,3
78,34
114,10
257,32
541,11
1061,6
62,6
124,43
206,40
450,14
889,50
1781,22
63,26
91,40
205,24
440,50
892,7
1740,49
69,25
87,27
210,14
367,44
806,37
1635,13
18,17
113,48
137,2
301,2
606,45
1227,23
30,29
32,4
150,37
222,32
529,41
967,48
1977,20
82,5
118,15
300,29
575,24
1149,22
68,2
119,16
191,15
465,8
931,23
1834,22
61,19
85,40
229,48
400,23
785,1
1621,37
9,5
104,30
156,46
299,13
587,20
1178,28
78,38
146,27
259,1
536,21
1111,27
2,1
49,30
95,28
207,44
369,50
800,50
1538,29
56,46
105,47
232,26
487,24
929,8
1866,47
63,46
145,28
275,45
504,37
1069,17
3,2
68,7
157,35
294,29
547,33
1122,12
66,13
166,28
294,14
620,27
1198,39
92,24
185,26
300,21
580,48
1229,47
79,22
115,10
223,35
481,48
923,46
1863,18
67,4
165,9
243,27
575,5
1131,14
40,13
52,38
106,39
284,4
487,40
982,48
1968,18
24,23
77,9
133,35
235,18
538,23
1086,7
89,47
136,14
263,37
560,23
1106,39
87,46
173,2
306,35
638,27
1235,42
20,1
104,31
154,50
338,36
708,29
1407,12
46,30
71,31
194,37
332,8
710,27
1438,8
90,10
144,38
307,16
620,4
1164,22
24,10
108,21
225,30
363,21
782,17
1518,37
78,4
124,1
292,26
549,47
1061,13
13,12
51,18
98,30
222,25
439,50
846,4
1722,30
2,1
85,7
128,30
275,50
577,9
1119,12
84,14
123,16
277,46
585,10
1121,39
5,4
74,17
124,20
222,32
503,49
977,5
1961,1960
48,47
72,33
126,9
258,7
539,43
1112,42
88,16
169,48
353,42
618,13
1230,49
65,30
123,29
286,34
545,11
1042,4
76,16
108,19
263,5
542,29
1059,20
60,25
135,25
228,12
520,15
966,35
1937,27
60,27
100,23
168,12
363,27
767,16
1482,13
78,3
121,27
231,20
484,21
931,27
1939,24
77,16
159,18
294,13
539,18
1162,28
44,20
58,10
163,38
317,20
596,49
1246,48
42,4
65,21
152,11
262,29
523,4
1127,26
25,23
32,15
109,46
207,1
441,23
827,40
1714,47
36,33
62,43
142,45
277,3
612,13
1168,12
70,1
157,16
277,30
537,42
1100,22
31,24
54,35
129,19
267,36
556,8
1127,9
78,42
146,40
245,6
526,21
1006,17
45,17
122,22
193,24
377,13
838,8
1663,22
80,38
169,27
293,23
585,38
1140,12
56,38
145,27
233,10
508,10
1012,2
1908,33
101,14
183,41
294,35
646,34
1319,48
22,21
116,39
154,6
318,11
700,49
1360,50
5,4
56,10
124,41
279,46
549,23
1059,32
60,35
153,41
293,47
582,50
1160,49
67,37
128,41
290,45
583,14
1078,38
68,48
83,17
197,20
437,20
862,42
1722,10
7,2
31,17
122,27
235,19
461,4
888,38
1780,23
70,26
87,34
218,21
434,14
901,39
1791,33
39,10
127,16
240,23
466,13
960,13
1878,13
13,12
91,1
123,4
259,11
582,38
1117,40
4,3
88,36
174,40
289,19
568,47
1155,25
47,31
143,3
220,9
444,41
947,14
1854,30
12,1
96,10
197,30
332,37
674,37
1371,10
92,24
175,28
303,36
626,20
1243,9
67,24
146,44
251,10
523,46
1015,32
60,28
100,20
234,20
463,4
879,45
1795,5
35,23
55,9
106,49
237,10
514,10
990,13
1965,1964
60,9
153,3
272,50
579,8
1131,23
60,25
112,31
182,39
422,43
833,36
1639,36
75,23
87,36
195,2
403,50
796,38
1585,29
1,0
27,5
48,36
104,39
232,36
453,11
958,41
1893,22
84,38
146,6
241,18
503,22
1044,19
71,8
78,10
232,25
407,20
888,2
1693,41
32,28
49,36
143,32
251,46
544,40
1114,41
12,11
61,7
76,31
241,31
461,8
863,25
1750,18
27,12
79,19
182,1
294,49
587,20
1176,41
77,33
109,19
245,29
487,28
989,33
1927,49
49,29
105,12
169,27
399,5
814,9
1612,1
29,2
43,35
129,28
260,2
542,23
1038,50
92,24
157,2
315,46
578,47
1223,9
66,46
157,45
242,23
473,23
943,24
1936,3
9,8
99,25
172,24
349,22
648,34
1298,49
3,2
53,22
120,37
217,17
444,18
852,44
1725,48
2,1
35,9
83,35
178,1
342,36
651,8
1382,11
61,8
158,3
226,2
528,10
1019,16
1963,30
55,9
137,36
210,25
485,2
906,19
1812,32
76,42
177,33
306,12
620,11
1259,43
23,2
86,33
155,44
315,46
655,2
1247,10
94,43
153,19
299,42
586,2
1174,7
57,9
116,18
218,18
476,38
954,50
1866,12
31,24
102,46
217,39
413,9
859,48
1650,34
33,12
39,34
166,41
285,28
620,11
1198,22
78,47
176,29
321,3
614,46
1283,50
83,31
184,41
284,34
619,5
1200,9
4,3
69,11
153,48
255,9
578,42
1073,41
8,7
54,33
145,20
279,36
520,37
1010,37
59,39
83,12
217,44
411,6
858,10
1640,29
22,5
45,13
137,23
206,20
436,32
945,18
1818,23
74,26
78,27
183,18
417,15
763,3
1518,5
34,33
67,29
193,34
344,34
725,14
1406,24
61,5
88,34
227,34
392,15
807,11
1672,11
41,30
122,49
207,32
380,21
757,18
1510,8
84,49
137,30
318,32
566,49
1197,32
14,13
86,7
181,19
350,45
721,27
1415,47
69,39
86,6
209,18
438,42
881,21
1784,13
85,41
155,16
274,1
586,42
1133,45
35,34
67,43
154,13
298,41
617,45
1231,41
73,26
170,32
299,26
595,39
1144,30
30,29
76,49
107,28
297,27
597,38
1191,5
17,16
23,22
102,22
214,15
440,1
797,42
1664,32
71,5
143,26
282,30
502,18
1094,1
33,32
36,21
167,12
267,40
600,11
1178,48
49,5
127,44
246,26
513,44
991,39
1971,1970
11,10
52,42
85,11
175,39
333,6
689,8
1396,41
56,21
78,41
135,28
291,10
591,8
1243,33
60,9
155,20
252,42
494,3
1030,40
1961,1960
54,25
71,44
160,18
378,33
677,16
1373,31
90,35
123,39
267,38
547,2
1083,44
80,42
91,16
173,39
380,35
739,19
1517,9
2,1
11,9
14,13
63,12
101,45
256,25
464,23
960,44
1937,1
17,16
45,32
78,40
240,10
466,11
904,45
1840,45
97,30
104,50
216,34
459,2
966,43
1866,49
40,39
85,22
172,14
395,50
747,31
1470,9
21,8
27,21
144,38
240,6
454,14
936,28
1848,1
47,6
95,5
217,17
458,13
834,15
1699,1
9,5
85,8
140,10
269,39
534,34
1101,49
87,35
114,10
236,7
502,43
1039,6
1979,7
89,15
1
1
1
1
1
1
1
1
2
2
2
2
2
3
3
3
4
4
5
5
5
5
5
6
6
6
6
6
7
8
8
8
8
8
9
10
10
11
12
12
12
12
12
13
13
14
14
15
15
16
16
16
16
17
17
17
17
18
18
18
18
19
19
19
19
20
20
20
21
21
21
22
22
22
22
23
23
23
23
23
23
24
24
24
25
25
25
25
26
26
27
27
28
28
28
28
28
29
29
30
30
30
30
31
32
32
33
33
33
34
34
34
35
35
35
35
35
36
37
37
37
38
38
39
39
39
40
40
40
40
40
41
41
42
42
42
43
44
44
44
44
45
45
45
45
45
45
46
46
46
46
46
46
46
47
47
47
47
47
47
47
48
49
49
49
49
49
50
50
51
52
52
52
52
52
53
53
53
54
54
54
54
54
55
55
55
55
55
56
56
56
57
57
57
57
57
58
58
59
59
59
59
59
59
60
60
60
60
60
60
61
61
61
61
61
62
62
62
62
63
63
63
63
63
64
64
64
64
65
65
65
65
65
65
65
65
66
66
66
66
66
66
67
67
67
67
67
67
68
68
68
69
69
69
69
70
70
70
70
71
71
71
71
71
71
71
71
71
72
72
73
74
75
75
76
76
76
77
77
77
77
77
78
78
78
78
78
78
78
78
79
79
79
79
80
80
80
81
81
81
82
82
82
82
82
82
82
82
83
83
83
83
83
84
84
84
85
85
85
85
86
86
86
87
87
87
87
87
88
88
88
88
88
89
89
89
90
90
90
90
90
91
91
91
91
91
91
91
91
91
92
92
92
92
93
94
94
94
94
95
96
96
96
96
97
97
97
98
98
98
98
98
99
99
99
100
100
100
100
100
100
100
100
101
101
102
102
102
102
102
102
103
103
103
103
103
103
104
104
104
104
104
105
105
105
105
105
106
106
106
107
108
109
109
109
110
110
110
112
112
112
112
112
113
113
113
113
113
114
114
114
115
115
116
116
117
117
117
117
117
118
118
118
119
119
119
119
119
119
119
119
119
120
120
120
120
121
121
122
122
122
123
123
123
124
125
125
125
126
126
127
128
128
128
129
129
130
130
131
131
132
132
132
133
133
133
134
134
134
134
135
136
136
137
137
137
138
138
138
138
139
139
139
139
140
140
140
140
141
141
141
142
142
142
142
143
143
144
144
144
144
145
145
146
146
146
147
147
147
147
148
149
149
149
150
150
151
151
152
152
152
152
153
153
153
154
154
154
154
155
155
157
157
157
157
157
158
158
158
158
158
159
159
159
159
159
160
160
160
161
161
162
163
163
163
163
163
164
164
165
167
167
167
168
169
169
170
170
170
170
172
172
172
172
172
172
173
174
174
175
175
175
175
177
177
177
178
180
180
180
181
182
183
183
183
183
183
184
184
185
185
185
186
186
188
188
188
188
188
189
189
190
190
190
191
191
191
192
192
192
195
195
196
196
196
197
197
197
197
197
198
199
200
200
200
201
201
202
203
203
203
204
204
205
205
206
207
209
209
209
210
210
210
211
211
211
213
214
214
214
215
215
216
216
216
219
220
220
220
222
223
224
224
224
224
225
227
227
227
227
227
228
229
229
229
229
229
231
231
231
231
233
234
235
235
235
236
236
238
239
239
240
240
241
242
243
243
243
244
247
247
247
247
247
248
250
250
252
252
253
253
254
254
255
255
256
257
257
257
257
257
258
259
259
260
260
261
261
261
261
263
266
268
270
271
271
272
274
275
275
277
277
278
278
278
279
279
279
280
281
281
282
283
283
283
284
284
284
284
284
285
285
285
286
287
287
287
287
288
289
291
292
292
292
292
293
293
294
294
297
297
298
299
300
302
302
302
303
304
305
306
308
309
309
310
310
310
311
315
316
317
317
320
320
320
320
321
321
321
322
323
325
326
327
328
329
329
331
331
332
332
332
332
334
335
337
337
337
337
338
342
343
344
346
348
349
350
351
351
351
352
353
355
355
358
358
359
359
363
366
367
367
368
368
368
368
369
369
369
369
370
374
375
377
382
383
386
387
387
388
391
392
393
393
393
394
395
401
402
403
403
404
406
408
408
409
409
411
416
417
417
417
422
422
424
425
426
426
428
428
432
432
434
436
439
443
444
446
447
448
451
456
456
457
459
459
459
460
461
463
463
463
463
465
465
465
468
468
469
470
470
470
471
476
478
482
483
483
484
484
485
485
485
487
489
490
490
491
493
493
494
496
498
504
505
505
506
506
506
508
509
509
510
510
513
513
513
515
515
517
517
518
519
519
520
520
522
522
523
523
527
529
531
531
532
533
534
537
537
537
538
540
540
540
540
544
544
544
545
545
546
546
546
548
548
549
549
550
552
554
556
559
559
560
560
569
570
571
572
573
575
576
577
578
578
578
578
580
581
581
582
584
586
587
589
589
592
593
595
596
597
602
605
607
608
609
610
611
612
616
618
618
619
619
619
620
620
621
621
625
625
626
628
629
630
630
633
633
638
640
641
643
644
645
646
648
648
652
653
654
656
659
660
661
665
666
667
667
668
669
676
677
680
681
681
683
688
690
693
695
695
697
700
707
708
709
710
710
710
712
717
721
723
726
727
728
735
736
743
749
751
755
756
761
767
769
769
776
777
779
784
795
795
796
799
803
805
806
806
814
815
816
819
819
819
820
821
822
822
830
836
837
842
846
848
848
852
854
857
858
860
864
868
870
872
872
876
881
885
886
887
894
896
897
898
902
910
915
919
920
923
923
925
927
931
932
939
941
941
953
954
954
959
960
961
963
968
969
972
975
978
980
981
983
985
988
992
993
993
995
995
997
997
998
1001
1003
1007
1008
1008
1009
1010
1019
1019
1021
1022
1035
1035
1038
1040
1040
1041
1043
1045
1049
1049
1060
1061
1065
1066
1067
1067
1068
1068
1070
1070
1070
1075
1079
1081
1082
1082
1086
1088
1093
1093
1094
1096
1102
1108
1108
1111
1113
1114
1114
1120
1120
1121
1121
1122
1123
1124
1126
1127
1129
1129
1131
1133
1134
1135
1137
1137
1138
1140
1143
1143
1148
1150
1151
1151
1151
1153
1154
1158
1167
1170
1170
1174
1175
1176
1180
1187
1188
1188
1189
1191
1195
1195
1195
1196
1198
1198
1198
1203
1204
1208
1220
1224
1231
1231
1235
1236
1237
1238
1243
1246
1247
1252
1256
1259
1281
1284
1284
1295
1298
1301
1311
1313
1315
1322
1324
1324
1325
1335
1341
1349
1350
1358
1360
1360
1364
1365
1367
1381
1381
1388
1391
1391
1395
1401
1412
1420
1422
1423
1427
1434
1437
1439
1446
1449
1453
1454
1460
1462
1470
1471
1479
1483
1490
1505
1508
1512
1518
1519
1523
1528
1538
1550
1553
1557
1561
1567
1574
1597
1599
1611
1614
1616
1623
1624
1639
1640
1642
1647
1652
1659
1665
1666
1672
1673
1675
1676
1678
1685
1687
1697
1699
1705
1706
1709
1715
1724
1730
1731
1750
1767
1780
1781
1784
1786
1797
1799
1800
1816
1819
1821
1822
1824
1827
1829
1831
1840
1847
1848
1849
1855
1866
1877
1879
1879
1880
1889
1893
1899
1901
1901
1903
1921
1933
1936
1938
1945
1949
1950
1952
1955
1956
1957
1960
1960
1963
1964
1973
1981
1981
2210
