Primero viene la cantidad (n) de timestamps para ambos, luego n líneas que son un timestamp aproximado cada uno separado por una coma (',') del error, y luego n lineas de las transacciones del sospechoso
2000
1445,485
867,600
1751,241
1348,406
1172,659
1083,764
859,440
852,295
864,438
1331,311
1256,662
1516,430
1565,305
1345,378
358,332
1884,34
1321,646
1306,678
1027,679
496,252
1602,367
1088,786
1160,498
356,171
300,262
1491,15
1024,636
411,398
1153,226
1302,680
659,646
648,359
761,732
1234,448
596,552
1186,633
1117,580
993,753
984,693
698,699
770,671
954,595
898,692
631,626
1376,530
490,483
520,56
1718,254
1337,444
1614,237
1053,663
97,94
931,779
1683,265
1477,389
803,556
1060,894
1148,712
1657,247
896,506
1172,823
1278,476
750,558
1107,401
1532,181
893,421
1199,578
1705,141
942,603
1376,360
1704,277
767,585
1307,221
548,538
756,666
1072,395
1174,803
1772,225
1399,549
1564,354
704,599
1275,448
1910,82
1084,875
1244,744
1045,350
1366,605
240,237
1253,512
1581,345
1492,465
1128,828
1665,138
1708,285
1539,448
1824,146
1015,626
659,644
1349,494
1226,345
732,719
809,300
359,256
1245,737
1073,895
938,818
1676,235
970,910
1189,786
793,618
1370,620
903,606
1013,397
1074,745
1472,491
934,356
1054,607
929,181
875,568
1270,524
855,852
911,181
795,703
872,799
1438,409
1574,396
685,205
1247,302
392,289
1336,604
736,719
1213,636
533,202
1042,406
967,932
886,623
1145,844
920,895
1159,808
442,82
564,177
689,336
1286,574
1720,251
1272,608
1425,563
28,23
1228,607
615,327
488,420
1341,335
1014,899
1131,730
909,572
1357,628
1253,199
1049,714
1195,661
963,963
434,393
670,272
1246,188
1121,664
593,377
885,597
914,514
1049,389
1219,661
1728,231
844,651
1610,284
1617,279
897,348
1080,146
853,727
618,533
214,196
1090,840
812,603
390,377
867,751
1264,522
525,458
730,480
950,293
1846,125
1697,116
1635,336
1094,558
1682,129
1465,426
803,743
1467,524
1030,918
1637,295
1144,802
844,490
1113,874
1279,552
1415,393
484,462
1078,84
850,438
522,518
1133,823
1273,635
1404,380
999,241
733,564
1667,89
1084,506
737,502
993,146
1561,253
1047,728
843,675
1774,207
973,732
838,337
449,364
977,643
634,514
1567,111
1125,467
1226,417
180,97
1161,737
824,615
490,247
1549,357
858,769
923,858
933,730
839,774
1045,248
193,109
1060,214
520,448
1085,473
944,434
1125,677
1100,499
1028,797
648,193
676,359
1011,831
780,756
1718,183
1497,426
1509,276
463,351
1377,597
584,527
1512,260
326,143
795,788
971,807
1237,428
950,534
1033,886
1638,350
1117,690
1691,216
1589,289
906,846
810,701
1443,112
1160,770
334,46
232,188
1223,642
972,967
1097,839
1101,875
565,497
1245,157
933,668
1300,144
528,473
937,340
1008,725
1195,119
733,720
914,716
425,355
1110,683
897,549
1112,589
1719,204
1119,360
1203,653
411,247
841,526
1610,200
1168,707
345,262
1161,449
595,582
1337,398
911,527
1129,754
1302,664
994,944
1054,563
1078,664
1065,637
1226,668
1871,41
826,165
1188,595
460,313
705,667
1443,349
530,251
792,713
1052,189
511,418
924,652
892,827
1246,705
323,281
1324,586
1753,154
984,934
559,464
592,242
1065,582
592,192
986,245
400,377
1506,431
1493,459
1000,602
1001,989
1531,279
1352,437
1051,856
1048,705
1455,485
874,841
1422,183
1526,363
1154,777
1092,338
553,434
1083,650
1073,813
1073,599
951,645
712,548
955,509
294,285
1412,358
969,798
1024,947
995,593
1157,729
1161,703
601,456
936,733
1204,786
1024,441
1187,663
1163,727
1370,162
1256,565
822,428
1170,605
175,93
702,103
818,807
550,460
919,420
792,752
745,564
1035,497
1062,911
1181,597
1087,675
314,38
1936,49
1097,621
245,233
767,118
1142,564
1389,197
496,453
1055,805
954,629
1560,362
1705,234
1060,680
1104,487
569,121
1006,840
562,548
854,823
1145,747
955,888
856,498
852,302
992,294
1633,340
1424,500
1279,322
1130,702
1213,561
1233,140
1320,595
1060,746
1594,239
964,313
713,633
1206,651
990,582
899,750
524,488
939,374
612,217
1021,729
1305,460
862,620
1680,247
715,386
923,737
1087,613
1493,314
1391,506
1174,279
529,255
716,399
952,874
781,560
939,558
753,302
560,47
1613,305
641,554
325,278
280,260
1394,492
1053,732
896,818
1227,426
994,685
1347,557
1936,57
1549,211
992,912
768,418
488,429
910,474
868,833
623,339
1225,657
1210,787
1015,726
1070,488
1007,562
665,520
366,235
986,365
710,585
140,138
1174,499
1231,584
913,485
993,837
1537,391
728,541
985,843
1380,515
952,750
1003,939
498,202
1701,176
1125,365
1092,545
1163,404
888,201
818,809
667,354
1681,210
1302,656
897,799
847,600
938,821
1279,680
1118,532
679,244
1196,373
959,939
940,667
1002,827
518,143
760,296
611,512
426,418
1410,415
1573,254
1138,669
1319,224
1423,497
1020,620
791,785
878,530
449,68
879,635
1390,577
675,385
1116,812
499,356
1033,420
1673,325
541,527
1160,725
1517,369
821,682
1247,259
1090,444
1042,693
1404,398
1516,447
869,847
1183,223
1651,259
895,895
814,242
931,304
1202,381
1054,130
951,604
1102,816
441,284
1070,569
1121,771
1183,817
373,77
581,560
986,824
954,604
937,877
260,210
1281,75
1705,290
862,492
1225,628
943,580
643,591
707,360
907,847
1598,162
1329,545
1093,900
1191,443
409,195
1283,452
1180,673
1019,755
1390,424
1514,481
624,556
1090,511
1742,228
1092,413
966,939
1174,644
816,359
1281,699
918,691
952,606
1425,292
1061,329
583,259
1125,755
985,956
1640,239
900,783
919,821
323,221
384,191
1532,383
1121,325
747,481
1035,711
870,448
1334,585
1232,368
926,886
262,200
436,411
669,569
1023,717
1244,283
685,333
1127,388
553,516
1667,256
1653,277
1108,599
853,750
1323,94
962,940
1532,462
963,746
1392,472
479,320
1002,521
506,332
1495,349
1236,478
1111,387
843,574
677,129
372,126
1355,528
1242,640
892,668
983,878
755,476
1641,207
352,133
1659,150
550,527
575,198
615,516
858,548
1520,478
1368,152
901,902
1598,387
1379,440
324,313
825,329
1869,130
1184,666
774,749
678,342
1604,226
1462,531
947,772
1131,618
1776,176
937,933
838,457
1053,713
1548,380
854,188
1808,192
1269,213
408,396
1630,286
695,694
512,475
325,220
411,399
937,752
1401,299
1478,381
1347,392
710,618
1226,739
1421,180
1028,685
600,191
1075,924
1213,511
1674,105
1366,494
1509,136
799,375
83,78
895,610
1185,441
1044,835
1077,903
1087,304
1696,94
853,519
1046,545
1193,581
1174,473
1123,121
1427,538
976,944
665,522
1431,560
888,815
1074,284
984,685
1431,444
1033,288
758,299
648,488
1502,259
888,748
997,997
1037,743
834,697
1093,793
551,320
796,728
1345,557
1714,210
907,122
983,629
1188,728
1222,613
993,813
1167,462
743,586
1002,638
928,101
677,644
829,208
1073,551
1892,83
265,238
1519,366
979,957
1035,964
1154,781
751,701
971,644
1551,434
1106,819
919,150
1036,407
1192,767
571,437
1251,253
681,597
1564,318
1137,718
1204,605
889,395
1230,708
1638,228
1553,288
1154,747
1184,705
881,833
603,598
215,203
990,255
718,653
1229,661
1016,843
1035,773
1208,779
1060,585
1282,612
1097,657
1325,332
1244,563
385,290
966,930
573,456
1318,642
642,247
1196,762
1536,437
1011,585
1463,440
1568,139
1720,226
1713,144
582,511
1264,362
949,837
646,442
1010,246
1124,455
629,442
1018,902
569,420
596,513
760,733
1026,524
1914,55
688,320
1032,928
985,255
939,194
1290,336
1194,245
1025,611
1428,454
761,488
738,369
725,707
351,323
686,344
616,519
1364,560
1078,804
748,340
1867,72
1086,788
1184,405
1195,250
1281,295
1305,551
1200,580
1201,347
873,523
1566,291
1099,694
1085,145
953,601
987,365
1602,260
862,614
640,351
1228,350
1016,976
636,490
1104,622
1066,708
915,444
747,729
1520,461
753,605
851,573
890,416
927,189
1536,451
468,439
886,828
288,229
490,441
1051,271
470,433
1094,800
981,664
940,577
479,243
543,298
897,810
917,783
1440,316
944,599
1028,630
584,267
1012,539
1096,75
1233,736
1253,618
577,472
998,524
991,447
1864,133
1613,381
1624,300
1366,580
925,288
1529,98
1051,488
1529,436
1349,565
1429,227
1002,517
1182,606
1014,793
1512,483
1163,803
320,208
973,427
1395,425
637,582
1652,245
882,801
1781,122
1364,270
712,518
645,595
1036,911
885,490
1221,126
1058,587
860,551
998,900
915,699
837,702
1833,82
470,432
1254,718
453,179
1073,268
701,565
453,432
1326,515
1000,913
895,815
1298,382
667,527
1376,619
1080,402
1418,401
795,528
853,847
1321,616
1745,253
1335,245
782,466
1325,284
987,939
71,63
1031,758
1363,422
1514,437
1397,67
1229,514
161,161
1015,812
738,409
397,141
1028,935
1515,349
1119,468
1343,534
1126,670
1003,495
296,218
965,898
185,161
1342,357
890,538
1102,773
1070,891
337,106
1095,438
895,822
277,134
906,519
1259,725
1239,686
640,634
1221,453
1002,734
1639,124
1042,433
986,261
1443,512
1265,689
1349,491
191,165
1301,261
604,62
1153,323
1225,760
983,838
1386,410
1300,686
1411,194
301,237
739,685
1273,467
850,313
996,768
1149,825
1155,555
1666,46
325,132
490,403
850,733
1388,504
869,687
496,366
763,711
1128,482
830,567
1400,532
1010,841
978,105
630,307
1320,573
1256,703
1314,554
576,131
662,532
490,52
1314,595
1259,494
653,200
377,252
1586,379
1175,749
901,899
1013,718
846,836
982,943
1630,265
821,463
1646,279
1492,494
1189,627
879,382
1032,858
1145,836
396,343
670,143
1425,494
846,805
866,796
1427,173
1311,553
1278,485
1327,572
1235,729
971,532
1611,212
1030,755
1053,851
1871,90
1133,570
1316,462
720,548
540,539
1059,641
672,659
1167,500
780,743
1399,126
499,349
352,182
1869,125
1076,602
1092,863
1773,223
1523,362
559,544
930,908
1401,373
290,201
1224,645
1553,279
500,42
1143,493
1724,221
144,130
1393,578
933,544
1263,390
1134,318
1212,493
1028,807
433,285
1571,416
1225,300
466,443
1401,393
1354,433
951,579
275,205
1905,74
1538,266
1680,273
925,171
986,630
1304,477
601,574
837,658
1033,581
796,753
1172,389
332,107
949,465
728,668
1096,650
537,460
1032,839
910,647
1225,417
803,774
965,928
816,563
739,246
1148,825
846,585
753,385
413,271
1467,244
969,273
1061,785
906,360
1264,505
867,688
1381,587
785,642
706,607
852,217
1162,734
147,110
726,253
1264,735
1048,263
588,513
1359,329
1209,352
1098,854
776,611
1166,826
1412,367
1619,371
312,148
1083,438
1823,119
954,230
457,319
1004,408
733,621
1303,123
699,613
991,726
876,706
150,89
1195,737
737,423
997,702
784,474
658,415
1626,117
1211,751
1216,620
1617,357
426,420
379,358
1342,652
1050,631
1251,474
895,782
324,217
947,928
912,764
1201,633
913,802
856,501
1041,447
914,647
432,178
1609,332
1014,470
583,249
1519,329
1004,988
348,321
1579,410
506,262
1768,224
410,352
1223,354
1125,827
1755,171
1041,626
1065,669
863,855
626,484
1136,576
176,167
964,533
880,744
1217,534
860,652
149,129
750,682
808,742
1453,448
1042,641
636,613
1266,442
1647,347
1700,257
1573,339
1023,976
491,477
1018,860
1593,94
1073,752
1169,363
1699,256
832,641
1209,746
1651,349
797,763
894,806
1300,518
633,633
297,289
1185,777
999,132
576,261
1483,311
889,537
667,497
1166,672
977,860
550,476
801,761
1017,718
1500,414
126,113
1415,584
347,237
1245,715
1191,471
839,410
808,713
1086,744
905,794
573,569
1676,253
508,442
665,576
1462,488
1495,89
1111,800
954,849
694,575
552,419
687,394
241,192
169,112
1073,846
1063,431
1065,875
1268,396
528,469
1214,359
833,826
1073,380
936,886
1212,566
857,436
791,721
1140,763
1200,314
995,50
1149,387
854,838
929,569
1627,294
1141,841
1029,67
906,372
629,307
1155,845
813,765
565,309
1204,673
205,189
1536,447
1120,823
1164,648
818,781
1288,94
1522,453
704,532
293,261
1393,556
940,606
1150,443
1331,426
983,836
1363,589
1041,956
1023,708
1432,492
1466,440
1346,586
943,735
1062,880
1181,525
996,953
627,450
292,117
464,369
888,884
1456,486
1882,74
1274,574
952,665
1804,145
1103,764
1677,279
952,592
1302,639
1688,129
690,612
949,738
260,220
1021,559
944,688
1682,277
976,227
1267,112
1558,219
1227,469
566,330
916,516
617,610
1451,116
519,205
572,455
1883,85
857,552
988,890
1214,687
1124,554
1188,797
304,105
815,687
1017,907
772,627
1141,789
392,373
890,670
894,432
599,377
1401,545
1056,731
843,489
1351,244
864,582
705,532
839,386
936,866
700,588
1206,402
1147,747
1164,533
1019,758
761,596
1077,847
1062,777
955,628
1102,330
1752,232
1465,207
1210,352
1005,921
1448,208
790,377
1631,348
1126,531
603,157
1126,589
861,817
880,617
1268,517
1455,246
1088,743
947,837
1457,385
1058,215
502,371
1388,389
276,276
378,376
1836,136
1816,13
188,149
1644,279
637,605
1630,245
370,342
887,722
1041,697
559,307
1060,498
611,395
893,792
473,386
1537,294
1185,175
858,811
1058,823
1218,727
349,301
693,581
456,370
638,611
930,839
1593,375
634,574
1147,836
1007,802
1382,258
1240,538
1149,827
1247,740
1565,412
1196,439
630,607
842,134
1469,314
1139,622
1056,290
1130,847
917,722
1114,665
1212,637
1473,423
800,609
668,341
340,334
986,931
1217,319
1181,611
1374,602
1269,503
1072,643
956,556
667,522
1647,204
1131,258
858,559
909,891
98,89
949,946
1704,229
554,511
667,666
1438,350
992,897
1749,226
272,240
446,313
1093,317
1491,440
1201,784
920,136
626,101
288,277
1255,353
645,166
1003,584
1031,264
700,355
1113,351
896,751
938,843
1468,254
1133,854
896,482
747,699
603,486
1131,735
1340,593
759,470
1001,988
1178,246
162,63
1011,669
962,750
1526,466
1840,109
480,304
1332,399
152,135
294,90
790,756
527,455
1091,530
879,855
368,181
1301,209
1073,663
1049,732
780,523
1285,563
241,116
707,340
1609,96
1711,250
1331,249
1656,218
1098,633
1401,596
1848,122
535,347
826,542
1074,352
1459,508
1240,611
707,215
1805,190
1063,601
1246,567
1802,140
1326,455
1478,503
1532,440
410,286
977,653
894,495
905,711
1311,411
1524,210
1134,695
1154,513
1282,502
1107,703
953,811
1529,454
576,275
873,694
950,897
993,754
572,239
1579,219
1028,728
1457,539
855,836
1097,841
620,430
430,418
1350,416
1253,733
1006,961
929,314
1518,473
941,855
1062,858
1110,767
1180,615
1003,624
1329,534
682,375
1317,551
754,451
1358,527
879,813
592,274
287,209
1494,267
1751,129
1160,599
507,343
1116,662
1650,160
1014,783
557,521
1245,569
366,293
1196,690
1182,370
554,410
950,385
863,816
1720,225
952,808
1076,898
722,443
762,339
1105,780
998,866
1018,937
1255,642
576,489
1065,920
257,134
1758,231
1154,566
1459,510
1461,410
1080,328
1124,452
576,311
1174,582
948,791
1168,808
432,408
854,630
1255,25
313,267
1433,473
1071,606
305,283
824,760
428,365
744,146
1080,793
403,400
602,573
1373,335
367,132
653,437
1518,353
891,515
1120,728
1106,527
1024,945
1505,107
865,813
1139,677
694,650
798,777
1215,658
649,130
1188,677
711,689
1418,413
1258,611
971,859
1029,650
1416,582
1100,52
957,956
763,710
1036,536
901,710
1811,119
525,503
1053,462
1200,667
525,138
301,120
670,520
628,351
1146,83
1131,831
1084,873
999,203
634,557
1039,872
626,583
742,235
388,363
1458,505
1679,205
1113,501
370,119
1163,837
1164,496
768,744
757,593
1513,396
616,98
909,721
1104,252
875,400
532,511
910,839
782,717
670,361
711,400
1013,819
1497,309
493,213
948,942
1121,35
1914,22
69,11
925,923
1036,531
984,580
335,270
181,120
1593,174
1313,687
933,728
770,441
741,715
569,568
1120,541
903,637
775,759
613,602
1051,917
1104,471
1512,385
851,621
924,206
1273,641
992,264
1383,274
1078,894
680,85
938,588
1170,326
1527,419
1166,242
63,63
844,134
820,713
1360,492
1075,609
1183,792
716,588
1148,413
1653,255
927,917
1498,394
1032,682
1041,560
118,73
718,719
1050,503
988,594
1086,323
773,572
656,329
876,164
837,782
909,609
1317,653
1007,970
995,322
710,107
977,919
712,579
534,518
1118,498
1271,485
885,468
1238,539
1048,128
142,101
1483,185
915,721
1054,366
416,410
1715,281
1263,411
279,122
1656,213
827,531
1382,455
1005,902
803,737
728,667
960,936
1159,462
1046,592
1102,292
663,491
948,849
969,918
1346,287
575,486
632,196
956,211
756,582
1154,782
827,815
860,808
1243,286
1021,600
1432,470
915,753
1177,223
962,934
819,615
1428,317
324,323
1921,79
1571,223
1267,704
1087,856
922,604
708,613
1697,250
1106,597
1056,516
946,157
663,337
795,668
1298,353
1027,449
310,215
293,196
1026,587
1015,336
1076,835
701,675
646,312
1599,389
941,933
497,97
462,242
1408,423
945,884
853,850
1647,197
1298,310
1403,353
503,495
882,629
1043,674
1296,334
598,330
1140,796
755,725
526,331
1024,303
414,315
440,219
979,977
1826,89
761,736
1154,114
536,346
1219,630
1456,450
1400,398
1326,354
1047,70
922,699
377,228
902,836
1631,323
412,329
1422,466
1089,842
1056,481
994,707
706,514
1034,955
775,260
1523,301
1368,581
780,338
544,280
1184,755
807,211
1514,439
998,624
897,876
1840,119
895,737
829,502
1336,436
765,741
983,832
500,255
1492,444
836,764
976,898
426,237
1143,766
727,601
1836,58
1011,979
1055,602
1492,211
1211,412
592,377
704,493
1260,677
787,314
915,571
1326,525
393,335
1220,739
800,736
961,758
1513,156
843,791
1416,102
203,128
708,468
1153,472
1513,278
1042,558
867,789
1541,437
949,903
1299,534
1273,707
1137,616
907,723
1645,89
1767,189
897,518
1441,547
495,321
1011,534
967,888
612,489
978,946
1059,826
1183,442
940,888
1187,667
400,326
842,455
1003,954
1238,565
1551,395
503,355
975,794
1409,324
1034,957
888,877
541,281
990,522
915,353
793,299
1218,124
732,688
1291,622
704,525
738,453
512,333
1042,438
466,417
901,838
1079,695
1112,465
1155,384
923,368
112,105
1102,731
726,468
1209,651
1526,177
956,699
821,406
496,132
473,408
1335,593
1663,220
1579,416
1133,807
1043,627
918,900
879,710
1492,398
1036,921
1107,752
783,770
1387,131
872,567
1275,547
270,183
1288,239
566,395
754,700
758,472
1030,899
1011,952
1492,483
768,505
891,590
889,565
939,826
1043,495
510,488
1174,396
976,957
260,168
1511,367
1064,885
507,505
487,465
1803,152
1118,291
989,321
668,589
1562,294
576,453
715,449
869,788
758,718
1320,504
550,528
1562,348
781,218
998,762
1793,192
755,433
1236,722
624,445
1297,635
255,158
478,430
1677,222
1487,267
780,489
1168,681
1303,288
1107,456
263,79
642,523
1377,161
351,152
1160,668
1066,468
708,251
815,624
1341,540
282,266
690,587
1164,816
1298,680
917,368
540,347
992,907
551,549
0
1
2
2
3
4
4
5
6
7
11
12
13
13
14
14
17
17
17
19
19
22
23
24
24
27
29
29
32
33
33
34
34
35
35
36
37
39
42
43
43
44
44
45
47
47
48
50
50
52
53
54
54
54
54
55
57
59
60
60
61
64
66
68
70
71
74
75
76
77
78
78
78
79
79
80
81
83
83
84
84
85
89
90
92
93
94
96
96
97
97
98
100
100
100
100
100
101
102
103
103
103
104
105
105
108
109
109
110
110
111
111
111
114
115
115
115
118
119
120
122
122
124
124
125
125
125
126
127
128
128
129
131
132
133
133
135
136
136
137
138
138
139
140
140
141
141
142
144
146
147
148
148
149
150
152
156
159
160
160
160
161
162
164
165
168
170
172
172
174
177
177
178
178
179
179
183
184
185
189
190
191
191
193
195
199
201
203
204
206
206
207
209
209
210
212
213
214
215
216
216
219
219
220
220
221
222
222
223
223
224
224
224
225
225
228
228
228
228
228
228
230
235
240
241
241
242
245
245
245
246
246
249
249
249
251
254
255
256
257
259
260
261
263
264
265
265
266
267
271
272
273
275
275
276
276
278
278
279
279
281
281
282
283
284
285
288
288
291
291
292
293
293
293
294
295
295
296
296
297
298
300
302
303
305
305
305
307
307
308
308
308
308
308
309
309
310
311
311
313
313
315
317
317
318
318
319
320
321
323
325
326
327
327
329
330
333
333
335
337
338
339
341
341
343
343
343
344
346
347
349
351
352
352
353
353
355
355
356
356
362
362
363
365
365
367
369
370
371
372
372
372
375
378
379
379
379
380
381
383
384
384
386
390
390
392
393
395
395
396
396
397
398
398
399
400
400
400
401
402
402
403
403
404
404
406
408
410
410
413
413
414
415
416
420
421
421
422
423
424
425
429
429
433
433
434
435
435
436
436
439
440
440
441
445
445
447
447
449
450
450
451
452
453
455
457
460
460
460
462
462
462
464
466
466
468
468
469
471
472
472
473
473
474
475
476
477
477
478
479
479
479
479
480
480
481
482
484
484
485
487
487
488
490
491
491
492
493
493
494
496
496
497
498
500
504
506
506
507
508
509
509
510
512
514
515
515
517
518
519
519
519
519
520
521
521
521
522
522
523
525
525
528
529
529
529
530
530
531
531
532
532
533
534
535
535
536
537
537
537
538
540
541
545
545
550
550
552
555
555
555
555
556
557
557
558
559
559
559
560
560
562
563
566
567
567
567
568
569
570
571
571
572
572
573
574
575
576
579
581
581
581
581
582
585
585
585
586
587
588
588
590
591
592
592
593
593
593
594
595
595
595
596
596
597
597
598
600
600
601
601
602
602
602
604
604
604
604
605
606
607
608
608
608
609
611
612
612
614
614
616
618
619
620
621
623
624
625
625
626
627
627
629
630
631
633
634
635
635
635
636
637
639
639
641
644
644
646
647
651
652
653
654
656
657
657
658
661
661
662
662
662
663
664
666
666
667
667
668
668
669
669
673
676
677
678
681
683
684
688
689
690
690
694
694
696
698
699
702
703
703
704
708
709
710
710
710
710
712
714
716
716
716
717
719
720
721
722
723
727
728
728
728
729
730
730
730
732
732
732
733
733
733
733
734
736
738
739
739
741
746
750
750
752
752
753
753
753
754
755
756
757
759
760
760
763
763
767
768
770
774
775
777
777
778
780
782
782
785
788
789
789
790
790
791
793
794
795
796
797
799
800
802
803
803
803
804
804
804
807
807
807
807
808
809
809
810
811
812
814
815
815
822
823
825
826
826
830
833
834
834
836
837
837
838
838
840
841
843
843
844
845
847
850
852
855
856
857
858
858
859
859
859
860
860
861
861
862
863
863
864
864
865
865
866
866
867
871
874
874
875
879
881
882
884
885
886
886
889
891
892
892
893
894
895
896
896
897
898
899
900
902
903
903
904
904
907
908
909
909
911
911
912
913
914
915
916
917
917
918
919
919
920
921
921
922
923
925
926
927
928
928
929
929
929
931
931
932
932
933
933
934
936
936
936
937
937
937
940
943
944
944
944
945
945
946
947
947
948
949
950
950
953
954
954
956
957
959
959
960
961
962
962
963
964
964
965
965
966
967
967
968
968
968
970
972
972
974
977
977
977
978
979
980
982
982
983
983
985
985
985
987
988
989
989
989
990
990
990
991
991
992
993
993
994
995
995
995
996
997
998
998
1000
1001
1003
1004
1004
1005
1005
1006
1006
1006
1007
1008
1008
1010
1010
1012
1013
1017
1022
1027
1028
1028
1029
1030
1031
1032
1035
1035
1036
1037
1037
1040
1040
1041
1042
1044
1045
1046
1048
1050
1053
1053
1053
1053
1054
1057
1059
1059
1060
1061
1062
1062
1064
1065
1065
1065
1066
1067
1068
1068
1068
1068
1068
1069
1069
1069
1070
1070
1070
1071
1071
1073
1073
1073
1073
1073
1074
1074
1074
1075
1076
1076
1076
1076
1077
1077
1078
1080
1082
1082
1084
1085
1086
1086
1087
1087
1088
1090
1091
1092
1092
1092
1093
1096
1097
1097
1098
1098
1103
1103
1104
1105
1106
1107
1110
1111
1113
1118
1118
1123
1124
1125
1126
1126
1127
1127
1127
1127
1129
1130
1131
1131
1133
1135
1136
1141
1142
1143
1143
1146
1146
1147
1147
1149
1150
1151
1151
1152
1155
1155
1156
1157
1157
1158
1158
1159
1159
1160
1160
1163
1165
1166
1167
1173
1175
1176
1179
1179
1179
1180
1180
1181
1184
1184
1185
1185
1186
1188
1188
1189
1190
1191
1191
1191
1193
1193
1195
1197
1197
1198
1202
1203
1204
1204
1204
1205
1205
1205
1206
1206
1209
1210
1211
1212
1213
1214
1214
1216
1216
1218
1218
1219
1221
1222
1222
1222
1222
1224
1225
1225
1227
1227
1231
1231
1234
1237
1238
1241
1242
1243
1243
1244
1244
1245
1246
1247
1249
1249
1251
1251
1251
1252
1253
1254
1254
1255
1255
1255
1258
1259
1263
1264
1265
1265
1265
1267
1268
1269
1269
1273
1276
1276
1276
1277
1277
1278
1280
1281
1281
1281
1282
1283
1284
1284
1285
1287
1287
1287
1288
1288
1289
1290
1290
1290
1290
1291
1291
1292
1292
1294
1294
1295
1296
1296
1296
1297
1297
1299
1300
1305
1306
1306
1309
1309
1310
1310
1310
1311
1312
1313
1314
1314
1315
1316
1317
1318
1319
1321
1322
1322
1323
1324
1324
1326
1326
1328
1329
1329
1330
1330
1330
1331
1332
1332
1333
1335
1335
1336
1336
1336
1340
1340
1340
1340
1340
1340
1342
1344
1346
1346
1348
1350
1350
1350
1350
1354
1354
1355
1356
1356
1356
1359
1360
1361
1362
1362
1362
1364
1364
1364
1364
1364
1365
1366
1366
1370
1371
1375
1376
1377
1378
1378
1378
1379
1380
1381
1385
1385
1385
1385
1386
1386
1386
1388
1391
1391
1393
1396
1396
1399
1401
1403
1404
1405
1405
1406
1408
1408
1408
1409
1409
1409
1409
1410
1410
1412
1413
1414
1414
1414
1415
1417
1418
1418
1419
1419
1420
1421
1423
1423
1423
1423
1424
1427
1427
1427
1428
1428
1429
1431
1432
1432
1433
1435
1436
1436
1437
1439
1440
1441
1441
1442
1443
1443
1443
1444
1445
1446
1446
1446
1448
1448
1448
1449
1450
1450
1451
1451
1452
1453
1454
1454
1454
1454
1455
1457
1457
1459
1459
1459
1460
1461
1463
1463
1464
1466
1468
1469
1469
1469
1469
1470
1470
1470
1470
1472
1472
1474
1474
1476
1477
1477
1478
1478
1478
1480
1480
1481
1481
1481
1482
1483
1483
1484
1485
1486
1487
1487
1487
1488
1488
1489
1490
1491
1491
1492
1492
1493
1494
1494
1494
1495
1495
1496
1496
1498
1499
1500
1501
1502
1502
1504
1505
1506
1506
1506
1508
1510
1511
1512
1513
1514
1514
1515
1515
1516
1517
1517
1518
1518
1520
1521
1522
1524
1525
1525
1527
1528
1528
1529
1530
1530
1532
1533
1536
1536
1537
1537
1538
1539
1539
1540
1540
1541
1544
1546
1547
1547
1548
1548
1552
1553
1554
1555
1556
1556
1557
1559
1559
1559
1560
1560
1560
1562
1563
1563
1563
1564
1564
1565
1566
1570
1570
1572
1574
1574
1576
1576
1576
1577
1579
1581
1582
1582
1583
1584
1584
1584
1584
1587
1589
1589
1592
1595
1598
1600
1600
1601
1603
1603
1603
1604
1605
1605
1606
1606
1609
1612
1612
1612
1612
1612
1615
1617
1619
1620
1620
1620
1621
1622
1623
1624
1625
1625
1626
1627
1627
1629
1630
1630
1631
1632
1632
1634
1634
1635
1635
1639
1640
1641
1641
1641
1643
1645
1646
1647
1648
1648
1649
1650
1651
1652
1652
1653
1653
1655
1657
1658
1659
1659
1662
1664
1664
1665
1665
1665
1666
1669
1670
1671
1671
1674
1674
1674
1675
1675
1677
1678
1679
1679
1682
1684
1685
1686
1687
1687
1688
1690
1691
1694
1694
1695
1695
1697
1699
1703
1704
1707
1708
1709
1710
1710
1710
1710
1710
1711
1712
1712
1713
1713
1714
1715
1715
1716
1721
1721
1723
1723
1723
1723
1724
1724
1727
1727
1729
1729
1729
1729
1730
1730
1732
1732
1734
1735
1735
1736
1738
1741
1741
1742
1742
1745
1745
1745
1746
1747
1747
1749
1750
1750
1751
1753
1753
1753
1754
1754
1754
1756
1757
1757
1758
1758
1758
1759
1760
1761
1762
1763
1763
1764
1765
1766
1766
1767
1767
1767
1767
1767
1768
1768
1770
1771
1774
1775
1775
1777
1777
1779
1779
1779
1781
1782
1782
1783
1784
1784
1786
1786
1788
1788
1790
1790
1791
1792
1793
1795
1796
1797
1798
1802
1804
1804
1804
1804
1805
1805
1806
1807
1814
1814
1816
1819
1820
1821
1821
1822
1822
1822
1822
1822
1823
1825
1826
1826
1827
1831
1832
1832
1835
1837
1837
1838
1839
1840
1840
1841
1843
1847
1848
1848
1849
1850
1852
1854
1855
1858
1858
1860
1863
1863
1865
1865
1867
1867
1871
1871
1873
1874
1874
1875
1875
1875
1877
1879
1880
1880
1882
1883
1884
1884
1884
1885
1886
1888
1888
1889
1890
1891
1893
1894
1894
1895
1897
1899
1901
1902
1903
1903
1904
1904
1905
1906
1909
1912
1912
1912
1913
1913
1915
1916
1918
1919
1920
1920
1921
1921
1923
1924
1924
1924
1925
1925
1925
1928
1928
1930
1930
1931
1931
1931
1932
1932
1933
1934
1935
1936
1937
1939
1941
1941
1941
1943
1943
1943
1944
1945
1947
1947
1948
1950
1951
1951
1951
1954
1954
1955
1955
1957
1958
1960
1961
1961
1961
1962
1962
1968
1970
1970
1971
1977
1977
1979
1983
1986
1986
1987
1989
1990
1991
1992
1993
1994
1994
1996
1999
1999
1999
2000
