Primero viene la cantidad (n) de timestamps para ambos, luego n líneas que son un timestamp aproximado cada uno separado por una coma (',') del error, y luego n lineas de las transacciones del sospechoso
2005
19,9
75,2
178,13
333,31
673,5
1346,50
50,5
94,28
201,20
357,39
769,46
1541,48
47,17
92,9
232,49
378,48
783,6
1630,30
25,22
96,1
162,17
319,35
646,48
1342,28
42,41
60,9
131,38
296,35
627,45
1215,16
39,33
62,23
134,28
326,30
636,22
1221,3
89,17
177,29
274,4
563,2
1136,38
25,24
126,18
167,43
384,38
731,23
1434,35
49,26
146,33
275,3
560,28
1051,15
65,15
140,18
223,7
493,11
1014,20
1995,1994
51,47
128,23
215,33
424,29
846,19
1707,33
68,27
149,39
274,21
563,48
1149,23
98,48
109,40
297,44
520,2
1040,17
83,15
125,38
254,23
547,39
1053,43
39,26
125,13
218,22
385,7
793,31
1596,5
45,4
133,48
271,46
457,25
915,40
1855,34
40,5
50,32
99,49
212,8
402,16
825,15
1681,34
65,47
163,19
249,46
480,6
1002,26
1909,41
35,13
129,13
179,34
413,29
851,35
1696,2
32,8
40,39
137,50
301,34
575,3
1122,26
50,17
92,16
148,25
310,50
701,36
1302,23
19,18
89,29
178,21
381,23
734,9
1426,6
70,3
114,33
256,25
540,26
994,24
1987,1986
92,6
130,42
294,31
570,12
1103,41
72,13
112,31
263,49
488,33
977,23
1928,39
41,4
142,41
186,42
383,8
761,29
1533,14
7,6
31,14
126,47
222,40
423,31
876,47
1686,22
80,11
138,47
299,34
542,5
1095,40
51,36
105,22
204,46
455,16
838,33
1708,3
44,4
47,4
155,49
254,34
522,5
1086,35
55,40
150,20
284,2
503,38
1035,6
21,20
107,35
194,37
334,20
752,18
1461,34
52,14
127,22
233,4
451,35
950,48
1885,31
64,46
129,17
291,16
500,12
992,38
1968,30
52,30
129,43
183,43
383,20
788,46
1552,30
26,25
121,30
173,40
395,3
774,11
1565,2
24,23
81,12
111,36
229,18
486,30
941,10
1888,22
7,6
12,7
90,7
173,21
381,26
673,30
1423,32
72,40
172,5
262,20
592,8
1192,23
58,15
64,47
132,18
322,50
596,42
1232,34
51,13
114,27
174,24
387,11
774,24
1527,42
27,26
125,12
175,45
376,35
717,11
1425,28
49,36
69,9
139,38
265,11
536,40
1081,49
12,11
88,9
127,35
262,50
529,22
1039,15
24,4
60,43
124,29
217,4
428,39
856,18
1721,46
69,24
76,49
173,25
333,34
683,40
1429,5
30,29
103,45
144,27
371,25
733,37
1474,17
3,2
83,35
95,15
252,25
435,47
911,2
1866,47
34,9
116,2
249,37
464,10
901,4
1813,9
45,24
86,34
224,43
377,12
796,17
1565,6
59,11
66,9
126,4
323,23
590,45
1174,38
52,19
61,49
137,27
256,36
531,38
1122,35
43,12
63,36
154,29
298,33
588,48
1196,25
3,2
22,8
113,5
237,25
381,9
831,31
1612,35
39,38
70,48
150,20
281,16
550,33
1153,8
82,49
171,4
297,19
636,42
1208,6
36,18
96,37
230,5
445,14
826,24
1709,2
22,19
74,17
151,40
268,49
582,21
1134,3
43,31
106,48
214,39
374,8
752,17
1556,36
10,9
107,43
167,30
337,20
683,18
1352,16
50,18
89,36
157,49
348,19
705,42
1385,6
54,50
134,3
271,12
513,17
1015,16
1947,14
98,32
150,44
318,20
607,2
1184,39
1,0
62,43
97,35
197,11
399,25
773,24
1623,14
12,11
112,1
138,48
277,29
582,18
1205,6
58,39
147,16
217,21
466,20
952,35
1941,35
98,24
150,17
341,6
656,2
1318,33
100,21
117,9
302,31
618,10
1170,46
31,30
70,31
133,15
270,5
575,31
1142,8
69,27
129,26
219,1
426,32
891,10
1817,10
101,36
122,22
276,2
519,5
1060,17
91,44
144,20
241,27
495,34
984,15
1987,1986
82,19
83,25
193,28
457,32
910,15
1776,44
79,35
82,9
249,4
496,24
954,45
1904,4
73,34
150,48
308,44
571,38
1138,3
79,10
80,48
245,6
441,49
848,28
1726,26
48,19
140,16
231,7
502,24
1017,37
1964,21
18,17
57,41
113,11
200,22
410,38
820,42
1692,1
86,37
155,37
323,14
608,39
1202,48
23,22
53,10
96,28
243,1
443,4
915,43
1808,32
91,26
92,35
231,21
449,8
938,6
1838,47
30,5
119,40
236,11
434,19
903,4
1724,39
101,8
194,41
321,12
694,25
1337,10
17,16
53,15
105,50
257,6
441,33
896,12
1860,30
6,5
82,20
118,12
227,9
506,25
1001,50
1960,1959
36,24
59,1
189,44
289,33
592,10
1234,5
92,22
153,23
340,22
610,14
1235,6
101,42
195,3
396,36
725,29
1444,4
8,7
103,37
122,44
273,47
537,43
1073,32
57,33
108,35
255,41
477,30
970,34
1908,27
100,50
104,12
242,8
522,11
1032,40
3,2
92,39
133,31
249,33
502,8
1006,10
1919,5
13,12
90,35
111,12
225,33
467,48
961,39
1963,2
99,27
145,19
298,48
590,26
1164,23
66,19
155,10
299,21
526,44
1050,2
18,16
109,31
161,32
307,45
633,46
1271,40
80,22
112,10
227,16
507,48
944,47
1916,26
49,41
75,29
128,8
262,23
599,22
1186,12
96,38
153,1
273,10
555,11
1165,5
80,8
94,15
222,28
445,34
886,38
1782,36
38,13
74,6
171,21
324,38
627,8
1306,21
12,4
66,22
122,23
201,18
403,40
869,20
1699,15
100,17
109,37
237,5
504,38
977,21
1916,23
79,45
103,11
263,28
536,47
1005,50
1917,12
16,15
105,13
177,38
324,6
628,33
1293,20
84,32
94,17
221,49
482,20
932,48
1909,29
63,45
90,46
238,44
466,34
878,21
1827,33
21,20
55,20
130,32
242,3
467,32
922,23
1929,2
99,44
125,16
314,47
619,30
1173,19
47,32
55,34
133,7
330,16
649,11
1227,8
15,3
51,44
120,25
279,47
472,46
964,21
1991,3
49,1
128,4
183,49
443,36
865,26
1685,50
23,18
93,47
170,28
323,36
656,1
1303,7
67,47
119,47
250,24
534,34
998,1
1960,28
54,30
148,23
224,6
445,43
902,29
1864,41
34,17
109,35
182,5
333,26
727,47
1387,4
96,7
111,14
223,11
503,48
982,20
1935,23
7,6
62,5
125,34
206,1
469,14
890,7
1836,31
47,33
82,16
203,8
420,48
834,24
1608,38
65,47
116,4
207,11
392,41
834,30
1648,16
12,11
26,25
90,1
212,26
432,36
841,6
1700,44
74,30
168,14
333,45
585,5
1166,8
48,43
95,2
158,31
371,7
723,31
1449,35
22,21
112,17
179,22
385,49
756,38
1503,11
80,17
130,23
271,43
569,26
1093,25
101,36
111,45
264,26
521,36
1026,42
92,4
129,41
250,17
540,45
1091,20
19,18
41,29
142,34
238,43
455,6
950,23
1906,15
72,38
136,18
309,45
611,14
1199,46
80,15
116,13
207,35
443,28
886,14
1793,9
40,11
111,47
188,38
343,26
706,40
1453,6
101,18
149,7
292,40
635,19
1188,11
78,44
130,14
214,40
505,38
1000,19
2000,1999
81,21
182,48
362,14
630,14
1288,32
28,15
118,13
175,42
352,41
683,7
1376,48
9,8
65,34
139,4
297,12
530,29
1126,32
79,11
152,13
272,6
519,32
1103,18
86,15
161,47
311,41
640,24
1227,23
44,18
90,12
139,14
335,31
707,38
1327,6
83,20
120,38
259,29
504,31
1041,1
11,10
103,9
212,29
413,30
834,27
1640,47
88,3
157,27
328,23
626,44
1297,43
41,9
64,14
155,41
347,16
657,23
1290,12
2,1
91,26
190,11
371,20
703,2
1446,13
59,27
93,27
219,5
381,8
782,13
1601,4
38,22
49,15
129,7
317,15
609,20
1230,46
68,27
139,37
292,4
575,30
1161,15
91,43
184,22
329,9
666,49
1304,26
86,12
153,8
250,1
498,20
1060,46
29,28
36,27
126,29
244,8
450,1
925,32
1849,16
17,16
38,16
79,45
156,30
298,40
640,49
1255,20
10,9
79,47
180,41
293,4
575,29
1186,8
5,4
34,33
84,3
129,4
291,24
628,37
1221,13
32,3
95,46
227,10
387,30
764,46
1567,10
61,8
161,13
239,32
464,9
1021,5
1938,29
9,8
46,20
106,18
164,42
365,39
723,43
1471,1
64,26
82,3
214,29
384,21
844,45
1657,32
76,48
173,30
270,30
579,9
1154,22
2,1
62,22
88,11
227,5
444,45
899,38
1779,15
27,26
77,48
148,15
253,32
537,3
1117,6
39,38
44,19
162,38
271,10
606,33
1201,17
54,46
115,15
209,7
416,12
888,38
1706,30
42,5
93,12
183,1
379,49
710,19
1483,7
68,27
130,46
201,24
492,16
942,21
1870,16
74,26
89,2
193,48
422,35
852,2
1673,26
19,13
113,48
138,21
330,16
699,32
1381,3
44,41
104,1
159,11
318,1
709,20
1369,21
25,24
116,32
172,48
321,1
693,43
1418,40
20,9
119,39
229,50
438,13
810,35
1622,10
51,42
134,31
186,4
429,21
892,13
1754,45
40,32
66,3
143,3
343,34
593,35
1263,11
50,34
102,20
213,5
452,19
870,36
1734,29
29,11
38,27
72,15
232,12
389,7
855,33
1661,28
77,5
148,35
326,31
643,9
1210,12
85,37
130,47
268,28
579,25
1087,22
81,50
161,26
317,46
655,39
1259,43
90,13
187,12
309,31
655,11
1289,5
73,10
127,19
227,24
469,38
957,11
1919,5
60,9
136,25
248,23
456,34
925,18
1920,43
98,9
122,21
319,7
554,27
1108,38
23,17
110,27
191,22
338,22
752,23
1514,1
92,7
182,11
320,13
610,45
1224,29
4,3
80,14
118,6
203,15
481,35
923,30
1871,11
2,1
56,3
79,9
209,17
439,34
864,47
1741,32
82,39
150,38
293,6
584,43
1203,30
9,8
35,24
77,39
175,17
322,10
619,20
1263,49
4,3
11,4
19,18
35,4
90,7
243,24
489,16
896,6
1800,9
35,19
70,46
196,8
322,23
630,16
1279,46
94,20
137,10
251,35
564,1
1047,8
45,37
140,46
222,24
465,13
885,41
1814,44
76,45
141,40
231,7
510,48
1012,36
1911,12
37,24
90,47
139,47
319,26
643,25
1281,15
47,24
51,46
135,30
328,40
644,50
1220,30
71,36
140,3
218,1
471,19
926,38
1874,2
46,15
102,23
218,47
367,33
786,22
1612,26
100,20
119,36
267,45
524,50
1062,34
91,47
166,6
295,12
574,18
1136,36
25,13
110,20
222,14
384,14
810,50
1613,11
74,49
88,20
244,40
447,3
923,21
1783,27
68,49
106,26
233,45
499,41
955,14
1934,8
49,15
147,49
216,4
428,14
859,24
1782,46
61,40
119,43
248,24
509,16
952,48
1896,11
66,3
122,39
238,14
523,28
1010,39
1976,1
99,48
145,50
328,37
613,38
1249,42
88,42
171,19
296,5
616,36
1229,40
82,3
159,28
321,32
643,26
1305,31
36,35
100,2
180,5
394,43
725,45
1493,4
98,43
138,12
329,25
648,10
1278,30
17,16
33,32
140,8
266,33
549,17
1099,33
53,19
86,35
192,3
411,23
749,29
1522,11
27,26
98,9
219,6
373,8
812,42
1569,36
61,31
122,47
219,40
448,20
903,27
1767,18
45,18
141,24
193,43
479,16
888,25
1835,30
16,15
98,33
180,48
350,40
721,21
1401,25
76,34
81,18
254,32
449,36
886,36
1837,38
15,14
33,32
112,46
196,8
436,30
893,25
1749,41
81,44
86,37
235,5
434,14
927,34
1850,45
50,12
93,6
242,46
442,11
847,6
1751,18
57,30
91,23
200,39
404,7
852,37
1605,40
52,21
113,37
264,12
525,44
1046,29
94,22
117,42
213,28
464,17
969,39
1949,29
90,41
161,9
332,37
640,2
1259,44
83,33
100,49
191,4
420,32
863,25
1746,19
55,47
92,47
199,34
379,16
784,21
1606,29
83,30
115,8
206,27
419,45
898,42
1770,15
76,16
175,38
273,10
532,45
1135,38
100,39
193,21
357,16
728,31
1473,9
54,49
114,43
264,20
518,2
996,39
1961,21
32,31
104,39
143,20
308,19
625,44
1245,18
52,1
140,13
254,1
542,8
1040,39
80,25
86,20
237,19
484,17
891,32
1780,39
13,12
53,26
154,40
241,48
560,49
1073,42
85,34
182,34
286,33
641,11
1210,31
5,4
21,3
81,22
141,33
331,48
606,16
1242,35
90,9
164,45
294,4
556,16
1163,8
47,12
145,13
277,5
557,9
1098,8
99,47
114,43
294,10
560,7
1083,5
20,12
73,1
147,28
336,39
659,1
1332,46
81,27
132,43
275,18
557,30
1073,15
27,25
42,34
142,21
266,4
479,7
975,1
1974,1973
91,23
126,18
284,22
568,41
1076,19
5,4
34,13
66,5
174,21
361,39
665,12
1405,41
81,45
133,35
267,24
521,41
1016,12
18,12
95,50
175,21
370,24
723,17
1458,7
96,27
179,48
282,6
646,20
1275,42
82,10
138,13
276,26
577,31
1140,36
80,26
154,7
330,11
580,20
1172,7
10,9
57,19
131,49
277,20
570,30
1062,37
19,5
88,31
116,12
322,29
640,8
1240,7
48,33
73,21
205,40
373,1
765,48
1559,42
5,4
89,5
105,24
266,35
470,11
941,7
1947,19
73,10
167,47
247,9
527,24
1027,13
68,12
81,35
249,34
479,50
967,3
1879,39
75,6
168,37
252,41
525,22
1105,17
4,3
98,11
120,3
266,7
526,39
1078,41
50,32
90,22
204,34
369,19
810,11
1535,40
86,43
180,40
328,22
684,40
1318,44
69,5
158,38
268,31
569,37
1118,3
65,39
159,12
258,44
561,2
1112,27
64,39
154,29
283,13
562,36
1104,19
84,37
95,30
251,45
512,20
949,9
1950,21
81,3
128,50
210,47
435,46
869,31
1797,10
27,21
59,44
138,17
299,42
594,18
1128,33
41,24
73,22
186,19
334,10
691,29
1408,48
99,28
183,30
284,37
614,15
1235,39
21,13
120,41
169,20
369,28
712,26
1418,31
55,21
58,46
124,50
262,8
553,1
1107,39
9,8
45,44
100,44
205,16
458,27
909,32
1802,14
32,11
36,35
118,42
240,26
452,33
907,20
1884,14
51,12
55,4
205,13
321,33
729,26
1431,15
68,12
74,49
162,17
383,20
721,4
1418,19
91,27
150,9
247,6
535,40
1077,44
48,28
133,26
186,48
429,33
858,22
1656,22
99,27
150,19
335,48
656,24
1255,25
20,1
41,22
157,27
246,36
512,30
1002,6
1982,1981
33,4
38,10
125,28
204,27
402,44
871,26
1698,2
87,12
148,36
324,32
582,39
1161,10
18,17
60,42
84,35
180,12
397,10
804,37
1602,19
79,32
156,34
279,45
610,2
1150,46
13,12
112,47
202,49
387,43
777,7
1565,41
29,28
120,26
172,17
353,40
685,24
1419,29
23,22
32,22
101,48
201,10
403,20
771,14
1573,1
53,34
78,44
160,2
351,27
652,24
1295,27
10,9
41,40
60,21
128,35
323,27
579,20
1202,28
83,43
122,49
275,9
559,29
1063,46
68,39
127,4
233,11
468,46
951,47
1883,34
86,3
113,9
256,9
523,16
1044,8
98,31
123,37
317,37
593,3
1222,46
68,7
87,30
228,27
396,2
817,30
1622,20
81,14
180,41
263,25
576,44
1157,26
79,21
153,36
300,50
601,19
1206,4
80,6
120,9
254,46
554,8
1045,32
24,23
69,35
157,14
325,4
587,4
1263,29
15,14
76,41
130,22
234,18
551,35
1050,46
93,33
143,31
248,44
491,44
1032,4
69,34
126,26
205,28
460,40
871,35
1772,21
64,36
73,20
204,47
405,17
843,3
1688,13
63,47
163,23
303,21
552,16
1136,11
32,19
40,36
91,36
185,50
384,36
785,50
1615,49
88,21
100,20
288,11
532,13
1037,33
53,48
150,8
273,18
551,3
1044,46
67,49
71,8
225,25
434,42
874,5
1743,15
8,7
58,47
163,12
279,44
601,22
1191,3
83,29
153,13
291,5
613,34
1184,8
65,8
67,32
217,10
443,10
859,10
1659,26
95,16
159,36
299,12
567,29
1152,18
62,15
88,43
247,12
455,17
926,44
1867,16
61,25
153,34
258,46
485,40
978,31
1971,1970
64,11
149,5
220,26
449,13
945,37
1857,9
98,35
191,4
331,15
644,21
1333,40
90,33
139,23
282,17
547,13
1067,50
42,37
53,35
149,46
258,1
510,46
1016,21
59,9
62,34
175,21
357,32
754,37
1493,21
75,13
100,6
206,32
438,49
843,39
1708,3
36,26
100,6
222,49
423,8
796,41
1637,10
42,1
66,25
127,48
269,38
509,19
1040,16
71,39
115,15
257,3
463,17
931,45
1890,15
42,41
132,9
217,19
490,26
888,23
1777,5
1,0
20,19
91,37
168,16
354,2
659,5
1307,47
12,11
81,3
100,23
289,15
539,34
1075,3
51,42
137,31
249,28
452,20
922,48
1892,13
63,12
115,17
244,36
440,20
905,8
1772,6
94,27
138,48
293,47
559,34
1119,37
94,49
163,38
262,42
548,18
1119,20
21,20
38,9
159,36
275,10
564,8
1075,7
68,3
90,1
202,17
371,8
786,29
1527,46
12,11
68,50
115,19
261,36
555,34
1032,26
49,19
77,37
201,30
397,24
730,49
1507,44
41,32
42,13
157,26
339,24
639,10
1317,22
38,20
54,11
145,45
253,16
540,33
1089,6
37,36
40,6
178,31
269,23
568,29
1168,14
40,26
120,21
190,33
384,41
736,37
1476,24
2,1
81,10
150,1
253,28
523,27
1014,43
54,11
131,36
232,39
446,38
891,23
1813,4
96,29
160,17
300,44
565,33
1135,8
7,6
64,10
172,24
294,1
553,50
1186,32
43,42
62,41
149,40
284,29
573,25
1141,27
38,23
102,17
211,37
382,12
822,2
1601,50
8,7
104,2
116,31
303,35
543,47
1166,48
3,2
36,11
63,35
143,45
339,47
674,27
1283,32
92,34
116,25
280,19
547,12
1060,19
99,12
124,45
249,34
549,45
1083,22
77,37
131,37
302,17
581,22
1
1
1
1
2
2
2
2
2
2
3
3
3
3
3
3
3
4
5
5
5
5
6
6
6
7
7
7
7
7
8
8
9
9
9
10
10
10
11
11
11
11
12
12
12
13
13
13
13
13
13
13
14
14
14
14
14
15
15
15
15
15
16
16
17
17
18
18
18
18
18
18
19
19
19
20
20
20
20
21
21
21
21
21
21
22
23
23
23
23
23
23
23
24
24
24
24
25
25
25
25
25
26
26
26
26
26
27
27
28
28
28
28
28
28
29
29
29
29
29
29
30
30
30
31
31
31
31
31
31
32
32
32
32
33
33
34
34
34
34
35
35
35
35
35
35
35
35
35
36
36
36
36
37
37
37
37
38
38
38
38
38
39
39
39
39
39
40
40
40
41
41
41
42
42
42
42
42
42
42
43
43
44
44
44
44
45
45
45
45
46
46
46
46
46
47
47
47
48
48
48
48
48
48
48
48
49
49
49
49
49
49
50
50
50
51
51
51
51
52
52
52
53
53
53
53
53
53
54
54
54
54
54
54
54
54
55
56
56
56
56
56
56
56
57
57
57
58
58
58
58
59
59
59
59
59
59
59
60
60
60
60
60
60
61
61
61
61
61
61
61
62
62
63
63
63
63
64
64
64
64
64
64
64
64
64
64
64
64
65
65
65
65
65
66
67
67
67
67
67
67
67
67
68
68
68
68
68
68
68
69
69
69
69
70
70
70
70
70
71
71
71
71
72
72
72
73
73
73
73
74
74
74
74
74
74
74
75
75
75
75
76
76
76
76
76
76
76
76
77
77
77
78
78
78
78
78
78
79
79
79
79
79
79
79
79
80
80
80
80
81
81
81
81
81
81
82
82
82
82
82
82
82
82
82
83
83
83
83
83
83
83
83
84
84
84
84
84
85
85
85
85
85
85
86
86
86
87
87
87
88
88
88
88
88
88
88
88
88
89
89
89
89
89
89
89
89
90
90
90
90
90
90
90
90
91
91
91
91
91
91
91
91
92
92
92
92
92
92
93
93
93
93
93
93
93
94
94
94
94
95
95
95
95
95
95
96
96
96
96
96
96
97
98
98
98
98
99
99
99
99
99
99
99
99
99
100
100
100
100
100
100
100
101
101
101
101
101
102
102
102
102
102
102
102
102
102
102
103
103
103
103
103
104
104
104
105
105
105
105
105
105
105
106
106
106
106
107
107
107
107
107
107
108
108
108
108
108
108
108
108
109
109
109
110
110
110
110
110
110
111
111
111
111
111
112
112
112
112
112
112
113
113
113
113
113
113
113
113
114
114
115
115
115
115
115
115
116
116
116
116
116
116
116
117
117
117
117
117
117
117
118
118
118
118
119
119
119
119
119
119
119
120
120
120
121
121
122
122
122
122
122
122
122
122
123
123
123
123
123
123
124
124
125
125
125
125
125
125
126
126
126
126
126
126
127
127
127
128
128
128
128
128
129
129
129
129
129
130
130
130
130
130
131
131
131
131
131
131
132
132
132
132
133
134
134
134
135
135
135
135
135
136
136
136
136
136
137
137
137
137
137
137
138
138
138
139
139
139
139
139
140
141
142
142
142
142
143
143
143
143
143
144
144
144
145
146
146
146
146
146
146
147
147
147
147
148
148
150
150
150
150
151
151
151
151
152
152
153
153
153
154
154
154
155
155
155
156
156
157
157
157
158
158
158
159
159
159
159
160
160
160
162
162
163
163
164
164
165
165
165
165
165
165
166
166
167
167
168
168
168
168
168
169
169
170
170
170
171
171
171
172
172
172
172
172
172
173
173
173
173
173
174
174
175
175
176
176
177
177
178
180
181
181
182
182
183
183
183
183
184
184
184
185
185
185
185
185
185
186
187
187
187
187
187
188
188
188
188
189
190
190
190
191
192
192
193
193
194
194
195
195
196
196
198
198
199
199
199
199
200
201
201
202
202
203
203
204
204
205
206
207
208
208
209
209
210
211
212
212
213
213
213
213
213
213
214
214
214
214
216
216
216
217
217
218
218
218
219
219
219
220
222
222
223
223
224
224
225
225
225
226
226
226
226
227
227
227
228
228
228
228
228
228
228
229
229
229
229
229
229
230
230
231
231
231
231
233
233
234
234
234
235
235
235
236
236
236
237
237
238
238
239
239
239
239
240
241
242
242
242
243
243
244
244
244
244
245
245
245
245
246
247
247
247
248
249
249
249
249
250
251
251
251
251
252
252
252
253
253
253
254
255
255
255
255
255
256
256
257
258
258
259
259
260
260
260
260
261
262
262
263
264
264
264
265
265
265
266
266
266
268
268
268
268
268
268
269
269
269
270
271
271
271
272
272
273
273
273
273
274
274
274
276
277
277
278
278
279
282
283
283
284
284
285
285
285
285
286
286
287
287
287
288
289
291
292
292
292
292
293
293
293
293
294
295
297
297
298
298
299
300
300
300
301
301
301
301
303
303
304
305
305
306
306
306
307
308
308
308
309
309
310
311
311
311
311
312
312
313
314
314
314
315
315
317
317
317
318
318
318
319
319
319
319
319
320
321
322
324
326
327
327
327
327
328
328
328
329
330
330
332
333
334
334
338
339
339
339
339
339
340
345
345
346
347
347
349
350
350
350
352
352
354
355
356
357
357
358
359
360
360
363
365
366
366
367
368
368
369
369
369
372
373
373
375
375
376
378
378
379
379
382
383
383
385
386
386
386
387
387
388
388
389
390
392
393
394
395
395
396
396
397
397
400
401
401
403
405
407
407
409
410
412
412
412
412
414
419
420
422
425
425
425
425
426
427
427
428
430
431
432
432
432
433
435
435
436
436
437
437
439
439
440
441
443
444
444
445
445
447
448
448
449
449
452
452
453
454
455
455
456
458
458
459
460
460
462
463
463
464
465
467
470
470
471
472
472
472
472
473
473
473
474
474
475
476
476
478
479
479
479
480
480
480
483
484
489
489
494
494
495
495
496
498
498
498
499
500
501
501
502
502
505
506
508
508
508
509
510
510
511
511
514
516
516
517
517
518
518
518
519
520
520
520
521
522
523
523
524
525
526
527
530
532
532
533
534
534
535
537
538
540
540
541
542
543
544
544
545
546
549
550
550
553
553
553
554
554
554
556
556
556
556
557
557
560
560
561
561
561
561
561
563
563
564
565
568
568
569
570
571
571
574
575
575
575
577
577
580
581
582
582
583
584
584
584
584
585
586
586
586
586
588
588
589
590
590
590
591
591
592
593
593
594
595
595
598
598
599
600
605
608
609
609
609
609
612
614
616
616
617
619
620
622
622
623
624
626
627
628
630
634
634
634
635
636
636
636
637
639
640
642
642
643
645
646
646
647
650
654
656
656
656
658
659
660
661
663
665
666
667
667
669
670
675
679
681
682
689
693
695
697
697
697
701
703
703
707
709
710
713
718
724
725
728
731
732
733
739
740
740
742
743
743
747
747
747
754
755
756
758
759
759
759
760
764
764
767
767
771
772
779
781
783
783
784
788
788
797
801
803
803
804
805
809
815
815
816
818
819
820
823
826
830
831
831
836
842
842
844
845
845
845
846
847
849
850
852
857
859
861
861
862
867
868
869
869
870
870
870
871
874
875
876
879
879
880
882
883
885
891
892
892
893
894
895
897
898
899
901
902
902
903
905
909
911
912
912
912
913
917
919
919
920
922
925
931
932
933
934
934
938
941
944
948
950
950
952
954
958
959
959
961
964
965
967
968
974
974
975
976
979
980
982
983
984
984
986
986
991
993
993
995
996
997
1001
1004
1005
1006
1008
1008
1009
1016
1020
1021
1021
1023
1023
1023
1034
1034
1035
1036
1036
1036
1037
1039
1040
1041
1041
1042
1042
1042
1047
1051
1051
1053
1054
1060
1061
1063
1068
1069
1070
1071
1072
1074
1074
1075
1080
1080
1081
1083
1083
1084
1087
1087
1088
1088
1092
1093
1095
1096
1097
1106
1106
1107
1109
1115
1117
1117
1118
1120
1120
1120
1124
1128
1128
1129
1131
1134
1134
1135
1137
1137
1137
1138
1142
1146
1146
1146
1147
1148
1150
1151
1152
1157
1161
1161
1161
1162
1164
1167
1169
1175
1177
1178
1178
1179
1183
1185
1187
1188
1188
1189
1189
1193
1194
1194
1196
1199
1203
1205
1206
1208
1209
1209
1212
1214
1215
1217
1219
1223
1224
1235
1236
1239
1239
1240
1241
1244
1246
1248
1253
1253
1253
1254
1255
1262
1268
1271
1276
1277
1279
1286
1288
1292
1292
1300
1300
1302
1303
1303
1307
1308
1309
1310
1311
1312
1313
1318
1322
1330
1331
1333
1335
1338
1345
1346
1364
1374
1381
1383
1386
1386
1387
1398
1406
1416
1417
1420
1424
1427
1427
1428
1430
1433
1440
1443
1444
1446
1452
1452
1469
1470
1477
1477
1483
1484
1489
1493
1505
1514
1516
1517
1521
1525
1526
1537
1537
1538
1541
1553
1559
1563
1564
1574
1578
1585
1586
1587
1596
1598
1601
1602
1609
1620
1624
1626
1627
1629
1630
1631
1638
1642
1645
1646
1648
1649
1653
1655
1658
1669
1676
1683
1685
1693
1697
1698
1699
1700
1706
1707
1707
1710
1711
1712
1714
1731
1731
1741
1747
1749
1756
1761
1763
1765
1765
1766
1774
1776
1776
1778
1779
1781
1793
1795
1795
1796
1797
1799
1807
1808
1810
1810
1816
1825
1826
1830
1832
1855
1857
1857
1867
1868
1872
1873
1873
1875
1875
1879
1884
1885
1888
1891
1892
1892
1897
1898
1900
1900
1902
1905
1905
1906
1908
1909
1915
1921
1923
1927
1932
1936
1937
1938
1938
1940
1940
1946
1946
1953
1957
1960
1962
1975
1975
1977
1979
1988
3182
3364
3481
3647
3934
