Primero viene la cantidad (n) de timestamps para ambos, luego n líneas que son un timestamp aproximado cada uno separado por una coma (',') del error, y luego n lineas de las transacciones del sospechoso
2005
5,4
105,41
176,9
341,17
651,27
1291,5
18,17
40,24
69,33
223,46
451,47
808,20
1686,11
85,31
118,35
276,24
566,1
1101,30
64,15
150,4
254,25
505,25
1002,30
1974,1973
73,39
85,14
171,15
337,19
673,15
1372,12
100,39
171,1
285,25
587,45
1181,50
87,14
129,49
315,23
546,46
1131,39
25,3
102,28
212,47
428,31
800,17
1632,11
7,6
25,10
124,47
197,2
368,45
775,18
1504,7
95,21
111,32
271,38
537,24
1019,39
41,40
84,42
223,45
413,4
775,35
1554,41
26,25
112,7
222,26
414,5
867,12
1650,32
59,45
107,10
174,21
400,36
809,33
1611,27
33,10
80,19
126,30
314,5
579,30
1171,16
93,43
125,45
221,22
539,3
1002,10
1934,23
40,37
82,14
144,7
269,19
592,44
1141,36
71,42
119,6
241,23
439,41
953,33
1831,47
87,4
136,24
301,22
592,19
1143,42
91,14
96,6
270,46
548,40
1064,6
38,22
104,40
161,50
323,30
629,7
1266,19
41,30
121,5
209,15
436,4
883,5
1716,15
58,34
117,50
215,8
435,26
850,29
1745,5
99,48
179,40
310,16
621,2
1213,21
62,16
143,22
267,27
568,42
1078,35
55,5
80,45
177,6
368,37
739,8
1494,29
70,6
90,35
233,13
459,41
936,44
1883,15
5,4
27,26
47,30
160,18
257,50
572,38
1166,43
100,39
174,17
347,26
715,24
1405,31
14,13
97,32
176,41
320,8
636,25
1326,20
41,24
83,19
223,12
399,18
797,9
1604,43
38,23
117,21
218,32
394,39
810,13
1626,47
44,5
55,28
194,13
354,17
682,36
1384,23
58,9
159,24
242,12
546,22
1012,39
78,1
167,47
252,12
528,14
1125,47
35,34
103,42
180,24
352,17
770,4
1525,38
61,39
98,35
180,3
430,24
821,40
1650,19
33,32
134,14
256,7
442,14
873,5
1753,40
48,47
66,2
175,49
337,34
668,22
1385,7
30,6
94,21
157,31
283,23
625,10
1195,33
88,40
127,50
301,50
562,32
1139,27
85,17
127,47
242,12
549,50
1028,47
14,13
34,10
137,34
232,18
516,11
974,43
1978,1977
49,16
104,15
187,29
359,37
750,4
1515,50
78,12
156,8
268,8
543,9
1076,13
7,6
54,10
87,24
224,22
396,17
836,21
1665,46
43,42
125,14
206,44
430,24
892,19
1766,26
21,20
27,19
67,43
149,6
332,34
672,40
1332,30
91,36
157,40
346,27
632,26
1231,13
59,49
99,12
201,10
442,49
844,26
1685,15
69,25
99,22
174,24
346,24
773,19
1464,28
84,11
181,45
290,15
562,24
1140,16
88,48
177,19
295,40
610,26
1260,49
79,37
104,3
226,28
428,38
906,20
1777,16
75,20
106,13
262,23
542,34
1063,46
31,25
89,2
204,50
410,2
812,28
1598,30
69,5
98,2
205,1
422,5
876,25
1721,27
63,7
91,25
178,17
361,3
742,35
1451,1
58,50
151,7
295,3
602,46
1129,12
97,2
170,30
281,14
580,38
1198,41
10,9
72,36
116,34
218,49
495,7
986,29
1938,3
42,41
48,34
93,33
266,11
540,8
1038,8
22,10
119,24
235,45
423,9
890,6
1777,25
64,15
109,33
227,6
474,14
956,18
1921,28
38,3
111,44
195,4
427,5
814,49
1647,45
9,8
29,28
117,6
214,2
391,15
820,47
1669,13
82,20
171,24
280,49
549,32
1099,32
69,12
167,23
253,45
583,39
1113,34
83,10
105,35
215,33
440,23
853,34
1735,47
64,8
69,5
157,37
309,24
674,3
1283,26
9,8
28,27
77,16
189,32
305,44
667,49
1310,31
34,4
73,42
178,34
361,23
719,34
1447,21
3,2
98,39
200,33
312,2
648,23
1312,16
4,3
74,44
101,16
204,7
390,47
811,17
1636,20
52,50
55,18
184,36
312,8
666,24
1281,6
36,28
136,1
208,25
386,7
834,38
1691,16
8,7
18,17
93,6
220,3
345,46
688,15
1460,26
12,11
90,3
159,50
309,20
665,46
1305,7
47,31
89,31
174,48
311,10
626,37
1329,15
51,14
91,24
191,23
431,28
796,25
1636,47
76,27
176,30
340,44
614,49
1261,30
51,22
82,11
209,5
389,36
768,47
1566,34
56,42
72,24
206,2
347,18
749,37
1481,46
96,37
161,47
295,36
594,8
1187,30
79,49
132,6
226,14
484,22
933,14
1952,34
25,10
103,38
130,21
351,3
613,42
1233,6
7,6
82,35
91,17
211,49
435,22
830,13
1677,9
54,32
133,14
210,31
485,32
929,12
1828,4
84,3
155,36
316,2
634,27
1254,8
48,33
70,18
190,29
386,24
764,41
1495,30
42,25
122,41
223,22
480,1
907,6
1791,28
20,19
22,21
65,24
142,17
274,18
556,33
1092,7
70,21
102,36
272,34
468,47
959,42
1927,31
32,31
128,32
225,22
436,47
824,3
1657,23
6,5
91,41
146,39
275,36
536,23
1058,29
80,20
139,38
248,31
506,16
1070,21
89,32
142,29
304,4
610,29
1243,21
36,8
93,6
174,19
378,28
779,42
1555,38
77,47
167,46
320,24
588,48
1165,47
48,38
144,45
218,25
441,38
856,46
1757,6
88,42
180,5
328,25
657,36
1272,40
31,20
91,26
203,22
393,45
719,19
1442,10
101,43
175,13
289,35
622,31
1192,31
76,50
98,42
192,7
382,8
833,43
1659,10
2,1
25,18
57,44
104,49
276,47
520,34
1023,31
64,49
145,11
284,8
545,23
1084,12
94,49
162,31
344,2
603,13
1274,49
1,0
85,12
142,4
270,37
596,46
1128,20
13,9
51,20
107,4
188,12
431,14
870,9
1699,23
58,33
157,36
313,39
538,33
1092,49
86,18
125,25
249,13
472,10
983,42
1952,34
62,49
148,20
262,6
568,19
1044,43
60,49
133,32
288,50
568,35
1075,32
27,7
85,29
147,2
311,36
575,9
1195,7
25,24
38,25
116,38
260,13
488,49
971,28
1923,47
82,45
91,41
189,38
427,33
846,13
1660,20
54,17
148,14
217,16
509,28
949,10
1921,26
92,38
123,10
249,10
471,50
1031,38
1983,8
17,16
112,11
137,17
339,22
632,15
1307,25
2,1
66,2
136,19
232,45
523,48
996,45
1948,5
43,26
109,27
182,45
371,35
785,45
1496,26
49,40
78,48
224,10
365,45
768,1
1507,49
42,10
82,29
190,40
336,34
655,13
1379,25
50,40
54,31
161,1
343,23
643,9
1346,30
90,5
94,42
275,35
506,11
1041,37
59,29
75,17
204,27
392,12
816,6
1605,46
35,34
91,47
227,46
382,12
742,34
1478,11
8,7
55,29
115,27
220,36
488,8
950,1
1906,47
21,20
58,10
180,17
289,30
553,21
1202,13
61,21
65,33
128,49
325,26
670,30
1332,47
3,2
91,23
117,33
258,46
476,10
978,5
1943,30
9,8
73,13
139,25
249,10
504,31
1053,39
49,48
60,16
151,50
355,25
701,44
1379,24
49,3
122,19
256,15
474,36
950,45
1884,39
47,46
105,49
154,23
368,12
755,32
1440,33
15,14
87,35
199,33
335,14
689,42
1374,32
78,45
144,5
293,15
571,26
1179,33
98,33
168,40
282,13
634,1
1251,13
35,27
47,19
112,13
205,28
441,9
899,14
1808,5
16,15
30,29
109,42
221,36
389,25
840,30
1677,41
63,35
66,6
182,11
405,42
799,18
1571,49
53,41
68,36
137,44
288,16
550,47
1104,23
81,32
181,34
302,37
622,2
1252,42
9,8
65,49
143,22
279,25
504,18
1083,37
80,10
98,25
218,6
405,9
880,36
1691,28
37,11
75,48
161,17
364,11
736,12
1461,2
90,15
174,23
286,6
572,24
1123,16
64,7
134,21
279,41
488,40
968,37
1944,6
53,35
61,29
209,31
334,43
739,17
1442,30
73,39
166,8
322,35
657,10
1256,37
34,33
83,9
192,35
343,13
681,27
1350,21
70,37
114,42
268,7
490,14
1030,14
1945,1
24,23
53,41
158,42
268,21
546,26
1115,6
94,32
109,24
288,5
576,29
1101,21
62,16
160,11
228,29
465,46
1012,1
1988,1987
50,15
64,35
181,13
346,12
647,18
1293,43
27,26
111,12
141,35
355,24
650,19
1374,28
64,12
81,13
179,42
343,37
726,36
1444,20
44,5
117,38
187,19
403,40
822,50
1665,39
101,33
103,50
285,13
490,12
1010,44
1952,31
26,22
125,4
248,2
406,9
828,14
1722,44
4,3
95,8
185,43
319,11
682,50
1344,27
20,19
118,16
154,32
354,3
710,7
1391,18
20,19
96,42
213,20
387,32
803,20
1578,7
82,3
108,32
282,28
511,31
1027,1
57,41
95,28
219,12
450,45
866,33
1750,40
18,11
102,26
219,5
417,6
844,10
1685,14
42,13
95,45
201,10
363,2
714,13
1489,28
71,7
111,22
258,7
446,47
924,37
1838,2
90,6
145,19
292,18
536,37
1163,27
11,10
111,25
127,13
344,7
626,16
1308,36
7,6
33,16
118,14
173,1
419,19
790,38
1547,22
42,31
143,4
247,36
463,23
949,41
1862,42
69,2
94,45
259,1
519,14
1036,17
1940,25
36,35
61,15
116,37
302,44
604,7
1137,11
30,6
109,44
163,37
310,25
689,17
1356,48
86,23
146,38
265,28
534,16
1036,7
1,0
93,40
139,40
235,49
480,32
949,33
1990,1989
100,18
152,50
286,27
635,37
1182,45
86,48
178,21
339,42
635,7
1329,47
101,6
168,13
290,37
571,42
1192,27
97,16
182,29
327,28
653,39
1312,31
54,30
106,12
169,45
413,39
831,48
1620,15
63,45
79,7
167,10
370,33
682,15
1383,12
23,22
34,33
105,42
189,35
353,6
754,34
1546,31
75,14
132,10
278,45
512,3
1004,1
96,6
114,30
229,28
453,45
979,37
1906,42
61,50
148,38
210,37
462,50
926,42
1827,43
43,42
142,28
192,21
432,17
852,31
1677,47
4,3
62,20
145,7
255,13
528,4
1007,21
47,24
83,41
140,33
273,10
544,36
1126,25
45,10
84,10
155,46
380,49
721,32
1437,22
73,41
95,15
216,44
454,15
852,12
1728,44
43,39
61,44
168,37
300,20
614,14
1260,12
95,1
122,31
234,23
480,1
1022,3
1906,15
15,14
28,27
87,32
166,5
359,18
656,35
1407,13
25,24
51,44
99,15
192,11
417,48
818,24
1655,23
77,20
86,39
214,36
386,13
821,28
1602,45
88,50
129,2
233,48
458,46
917,4
1870,11
36,21
136,44
173,16
418,45
781,25
1589,10
11,10
44,1
99,26
222,33
395,9
825,30
1608,40
72,5
95,14
181,13
360,9
726,12
1529,7
38,14
56,23
101,6
222,45
515,29
981,29
1979,1978
26,9
105,11
159,29
296,46
632,29
1272,39
10,8
47,37
125,50
257,23
469,16
980,40
1896,23
23,22
100,37
135,25
321,28
628,48
1277,20
64,46
73,47
194,9
373,32
764,4
1533,10
31,19
125,24
180,12
351,23
702,4
1401,18
100,17
167,2
287,35
558,10
1176,38
93,7
110,41
204,30
456,7
879,23
1792,47
93,5
121,27
315,28
557,26
1174,48
33,5
69,13
170,40
313,27
587,43
1261,41
28,27
119,46
200,16
378,10
808,4
1617,38
91,24
162,40
346,39
610,36
1260,46
47,3
63,30
172,14
368,34
670,21
1388,33
39,10
50,24
134,33
323,39
644,39
1191,4
63,13
113,25
259,50
480,19
967,16
1958,23
63,25
78,41
234,14
468,44
913,11
1849,9
45,44
78,32
181,9
393,50
744,35
1473,14
44,43
142,44
203,29
402,7
889,40
1682,31
64,1
130,6
252,15
507,33
1027,14
1965,21
1,0
80,39
135,9
265,15
494,31
1020,19
1935,25
1,0
3,2
31,8
79,13
141,18
264,41
618,34
1208,8
83,15
175,37
264,12
607,24
1204,9
84,9
183,20
305,12
639,9
1305,36
85,38
100,18
216,18
419,26
913,34
1755,20
11,10
83,30
104,31
283,5
579,49
1073,20
98,45
199,44
338,15
734,6
1418,46
45,25
86,24
215,15
428,34
837,37
1653,48
5,4
99,1
156,16
268,38
614,19
1164,49
46,44
80,48
175,38
305,32
627,48
1292,48
25,24
54,44
168,33
309,30
619,29
1210,1
58,35
100,11
213,10
460,25
880,30
1714,37
71,25
82,31
181,13
386,44
731,7
1535,34
32,11
51,44
107,26
208,45
487,10
896,38
1862,17
56,43
144,38
210,50
498,45
977,2
1922,13
36,18
73,2
194,44
325,20
649,33
1339,38
87,9
108,7
242,13
480,32
1001,21
1924,27
75,23
114,19
208,44
485,19
942,9
1910,9
53,8
111,38
264,24
459,36
943,4
1853,3
89,41
93,30
223,47
419,40
867,12
1702,15
15,14
30,29
46,36
94,8
227,2
442,5
865,45
1782,39
62,27
123,2
258,18
542,9
1019,31
76,39
98,7
271,12
457,12
994,13
1992,1991
63,21
103,13
261,41
519,35
965,11
1986,4
50,4
112,37
218,23
443,42
836,41
1750,32
98,25
128,26
263,13
571,31
1141,11
48,29
77,21
128,42
264,2
611,26
1199,22
42,36
111,25
201,14
414,44
867,11
1690,31
61,18
85,21
213,44
427,34
793,38
1623,6
81,26
178,50
338,19
615,40
1295,39
38,37
81,5
142,28
299,5
586,42
1195,12
27,18
59,33
91,32
259,41
494,27
1027,16
1987,1986
91,24
139,17
264,39
550,2
1099,13
15,14
94,48
189,1
365,46
710,41
1380,41
32,9
44,18
135,36
296,25
608,32
1138,41
41,5
46,26
185,7
273,36
606,49
1246,11
92,47
155,8
255,3
531,11
1122,3
52,32
94,38
168,16
384,22
717,18
1470,40
89,25
148,31
264,14
587,48
1110,40
38,7
134,15
208,40
387,47
795,20
1660,4
26,25
111,27
140,9
305,35
594,3
1257,11
97,32
154,22
286,46
561,11
1121,50
92,1
190,28
283,20
629,24
1205,23
7,6
46,44
96,48
227,17
377,8
798,26
1578,48
83,42
84,22
268,43
490,1
931,15
1951,45
13,12
61,14
118,6
253,37
535,47
1057,41
73,44
131,23
214,48
435,48
854,41
1744,9
7,6
87,23
187,20
369,32
744,45
1423,23
10,9
101,1
206,7
375,29
745,32
1462,8
55,29
148,4
218,42
501,50
979,19
1983,7
50,2
92,21
155,6
318,3
621,10
1262,34
14,13
98,42
117,17
268,47
503,5
1090,20
87,48
91,14
262,38
474,42
962,23
1896,20
82,45
101,24
244,42
522,33
1036,45
1995,1994
19,8
90,23
141,30
278,34
550,35
1157,26
98,10
148,8
330,17
633,45
1267,2
33,9
72,30
106,36
275,36
568,47
1149,7
58,47
119,11
255,24
447,40
912,1
1814,7
55,35
153,37
294,27
522,23
1088,16
62,25
102,35
226,16
419,46
811,6
1624,15
92,14
162,28
299,4
610,48
1188,22
36,19
50,46
153,48
247,2
522,35
1055,50
52,43
98,9
179,38
382,24
734,18
1450,31
57,5
64,49
151,35
290,26
627,48
1279,33
55,9
85,43
218,23
392,46
769,24
1565,41
75,12
85,37
190,26
400,28
830,35
1587,17
46,29
133,22
279,50
549,1
1066,23
43,42
98,15
147,50
373,27
682,8
1427,42
10,3
71,1
84,31
240,30
453,37
923,26
1840,6
47,26
135,27
187,34
438,4
829,14
1695,18
61,46
62,28
187,50
348,39
711,46
1394,35
61,15
125,31
278,34
473,22
943,36
1913,45
4,3
91,15
142,44
248,4
555,36
1064,23
2,1
83,31
169,30
346,30
700,22
1356,11
57,1
58,41
194,20
344,44
702,40
1398,27
14,13
89,44
136,19
312,22
646,1
1262,36
7,6
32,31
65,36
183,11
336,31
632,18
1348,46
23,22
43,41
101,1
184,15
437,26
848,7
1656,6
68,48
161,40
276,38
584,31
1167,10
24,4
43,17
142,32
234,45
544,23
996,3
1912,48
80,46
92,40
234,39
507,38
998,13
1927,21
80,23
112,11
262,2
514,23
1020,9
1972,1971
57,5
85,34
182,2
351,11
749,6
1523,3
87,41
169,36
341,39
600,21
1227,7
93,39
185,6
317,34
666,23
1330,41
49,31
68,45
190,29
341,36
672,10
1327,15
47,13
112,5
253,16
432,42
890,35
1768,44
62,10
142,34
230,48
483,49
1015,40
1968,1967
90,16
181,34
314,34
619,34
1207,6
28,9
82,50
204,39
404,23
776,42
1526,19
39,10
87,33
129,33
311,20
602,20
1182,37
41,38
68,48
149,43
328,26
646,19
1313,9
93,13
132,17
256,2
550,2
1056,37
59,26
110,15
255,10
520,3
998,35
1983,1982
38,20
124,34
230,3
451,29
927,43
1823,22
27,26
57,41
149,10
252,29
584,29
1158,14
67,30
133,39
228,10
486,35
921,16
1837,12
18,16
98,48
130,42
339,7
686,8
1280,1
14,13
35,15
81,31
217,17
389,49
782,1
1554,48
62,30
98,29
179,10
428,50
819,46
1608,23
47,46
50,14
178,24
328,27
651,1
1304,29
44,37
59,22
124,47
234,30
491,47
1031,15
1939,43
75,50
100,34
273,15
454,39
963,6
1931,29
8,7
72,17
144,30
261,35
512,44
1075,28
78,20
103,46
269,29
460,30
976,9
1917,49
84,33
174,13
350,25
655,40
1346,26
63,22
91,49
251,41
425,33
835,28
1682,4
21,20
70,5
162,4
304,8
596,41
1249,18
50,48
104,21
242,50
490,10
927,19
1909,49
93,43
131,10
266,20
579,3
1127,4
94,31
107,23
214,31
450,5
955,26
1872,30
93,43
155,49
293,4
546,28
1094,9
49,8
114,9
240,25
493,21
913,14
1830,25
37,17
121,42
225,27
425,32
856,13
1694,5
10,9
100,14
160,21
303,19
577,3
1163,11
14,13
26,25
42,15
102,48
213,26
453,46
874,21
1820,23
3,2
75,25
120,5
266,1
479,13
1027,8
1903,14
31,22
101,25
151,36
310,2
634,24
1325,45
79,36
106,29
195,36
446,2
843,13
1728,42
8,7
0
0
0
0
0
0
0
1
1
1
2
2
2
3
3
3
3
3
3
3
3
4
4
4
5
5
5
5
5
6
6
6
7
7
7
8
8
8
8
8
9
9
9
10
11
11
12
12
12
13
13
13
14
14
14
15
17
17
18
19
19
19
19
19
19
20
21
21
21
22
22
22
23
23
23
24
24
24
24
24
25
27
27
28
28
29
30
30
31
31
31
32
32
32
32
33
33
33
34
34
34
35
35
35
35
36
37
37
38
38
38
39
39
39
41
41
42
42
42
43
44
44
44
44
44
44
44
44
44
44
45
46
46
47
47
48
48
48
48
49
49
49
49
49
50
50
50
50
50
51
51
52
52
52
53
53
53
54
55
56
56
56
56
57
57
57
58
58
59
59
60
60
60
61
61
61
61
62
62
62
63
63
64
64
64
64
64
64
64
64
65
65
65
65
65
65
65
66
66
66
66
66
67
67
67
67
67
68
68
68
69
70
70
70
71
71
71
71
71
72
72
72
72
72
73
73
74
74
74
74
74
75
75
75
76
76
76
76
77
77
77
77
78
78
78
79
79
79
80
81
82
82
82
82
82
83
83
83
83
83
83
83
85
86
86
86
86
87
87
87
87
87
87
88
88
88
89
89
89
89
89
90
90
90
91
91
91
91
91
92
92
93
93
94
94
94
94
95
95
95
95
96
96
96
96
97
97
98
98
98
99
99
100
100
100
101
101
101
102
102
103
103
104
104
105
105
105
105
106
106
107
107
107
107
107
108
108
108
109
109
109
110
110
111
111
112
113
114
114
114
115
115
116
116
116
116
116
116
118
118
118
119
119
119
119
120
120
121
122
122
122
122
123
123
124
124
124
125
125
126
127
127
127
128
128
128
128
128
128
129
129
129
129
131
131
131
132
132
133
134
134
136
136
136
136
137
137
137
137
138
138
138
138
139
139
139
139
139
139
140
141
143
144
144
144
144
145
146
146
146
147
147
147
147
147
148
148
148
150
150
150
151
151
151
152
152
153
153
153
154
154
155
156
156
156
157
159
160
161
161
162
163
163
164
164
164
165
165
165
165
166
167
168
168
168
169
169
169
171
171
172
173
173
175
175
175
176
176
176
177
177
177
178
178
178
178
179
179
179
179
180
181
181
182
182
183
183
183
183
184
185
185
186
186
186
187
187
188
189
189
190
190
190
190
192
192
193
193
194
194
195
195
195
195
196
196
196
196
198
199
200
201
201
203
203
204
204
204
205
205
205
206
207
207
208
208
209
209
210
210
210
211
211
211
212
213
213
213
214
215
216
216
217
217
218
219
220
220
221
222
222
223
223
223
223
223
223
224
225
225
225
226
226
227
228
229
230
231
232
232
232
232
232
234
235
236
237
237
237
237
238
238
238
238
239
239
240
242
242
243
244
244
246
246
248
252
252
254
254
256
256
256
256
258
259
261
262
262
262
263
263
263
263
264
265
265
265
265
265
266
266
266
269
274
275
276
278
279
279
281
282
282
283
283
284
284
285
285
286
287
288
288
289
291
291
293
293
294
294
297
297
298
299
301
301
302
303
303
304
304
305
306
306
306
307
311
312
313
314
314
314
315
316
319
319
319
319
321
322
322
322
323
324
326
326
328
329
329
330
331
331
332
332
335
335
336
338
339
340
340
340
340
341
342
342
343
343
343
343
343
346
349
349
350
351
351
352
352
352
352
353
353
355
356
356
358
359
361
361
361
362
362
363
364
364
366
367
367
367
369
370
370
371
371
372
373
374
374
375
377
378
379
379
379
380
381
382
383
383
383
384
384
385
386
387
387
389
389
392
394
396
397
397
399
400
402
402
403
405
406
408
408
408
409
411
411
412
412
413
413
414
414
414
414
415
416
416
417
419
419
419
419
421
421
421
422
423
426
427
429
432
434
434
434
438
439
443
444
444
446
448
449
449
450
450
453
455
457
458
460
461
461
461
461
462
463
464
467
469
470
473
474
474
478
479
480
481
482
482
483
483
484
484
485
485
486
488
488
488
489
492
492
492
493
493
493
493
494
494
494
495
496
497
498
498
501
502
502
502
506
507
508
509
510
510
510
511
511
511
512
513
519
521
523
523
526
527
528
528
528
529
530
530
530
531
531
532
533
533
534
535
535
537
538
538
539
540
542
543
548
549
549
549
550
550
551
551
552
557
559
559
559
561
561
561
562
562
565
565
566
567
568
568
570
574
576
577
578
578
578
580
582
583
584
585
586
588
588
590
591
591
592
593
595
597
597
598
598
598
599
601
601
601
603
603
603
605
608
608
611
611
612
614
618
618
621
621
621
621
622
622
623
624
625
625
625
626
626
626
627
627
627
628
628
630
630
632
632
633
634
638
639
640
640
642
643
643
643
645
646
649
650
651
652
652
654
656
659
660
661
661
661
662
663
663
663
666
666
667
668
668
669
670
672
673
674
674
676
676
677
678
680
681
682
684
685
689
691
691
692
694
696
697
697
701
703
703
705
706
706
707
707
708
710
711
715
716
717
717
721
722
722
723
725
726
726
726
726
727
727
728
730
730
732
732
733
733
735
735
735
737
738
739
740
743
744
747
748
753
758
762
763
763
767
767
767
769
771
772
774
777
777
780
781
781
781
782
787
790
791
791
792
792
795
797
798
798
798
801
802
803
804
806
808
809
809
810
810
811
812
813
814
814
814
818
818
820
822
823
824
824
829
830
831
832
835
835
835
838
839
839
840
840
840
840
840
840
842
842
843
844
845
849
849
850
850
851
852
852
853
854
855
856
856
861
862
865
866
867
868
869
873
873
874
876
876
878
880
880
882
883
884
884
884
886
886
886
886
887
888
888
889
890
890
892
894
896
897
899
900
901
901
906
907
907
910
912
912
913
913
919
922
922
922
926
927
927
928
930
930
931
931
931
932
939
941
944
945
946
946
947
948
951
951
951
951
952
953
954
954
955
959
962
962
962
962
962
963
964
965
966
966
968
971
971
972
973
973
975
975
976
976
977
977
978
979
989
990
991
992
993
993
994
995
995
995
997
998
998
999
1000
1001
1002
1003
1004
1008
1008
1009
1011
1011
1012
1013
1015
1018
1018
1019
1020
1021
1021
1021
1022
1022
1022
1023
1028
1028
1028
1029
1030
1031
1032
1032
1034
1035
1036
1037
1037
1039
1041
1042
1044
1046
1046
1048
1050
1051
1054
1054
1054
1055
1056
1058
1060
1061
1064
1065
1065
1066
1069
1070
1073
1073
1075
1077
1078
1078
1081
1082
1082
1082
1084
1086
1087
1089
1089
1090
1090
1092
1092
1093
1093
1095
1095
1095
1097
1100
1102
1102
1103
1103
1103
1104
1104
1105
1105
1108
1111
1113
1113
1114
1116
1117
1117
1117
1117
1119
1121
1122
1123
1123
1124
1125
1128
1128
1130
1135
1136
1136
1139
1140
1141
1141
1143
1144
1145
1146
1149
1151
1152
1153
1159
1160
1161
1162
1165
1166
1168
1169
1169
1171
1171
1174
1174
1176
1176
1178
1181
1182
1182
1184
1186
1186
1187
1188
1188
1189
1191
1191
1193
1194
1196
1196
1200
1202
1204
1205
1206
1207
1207
1207
1208
1208
1210
1211
1213
1213
1214
1214
1215
1217
1217
1218
1219
1219
1219
1221
1221
1221
1223
1223
1223
1226
1227
1227
1228
1238
1238
1243
1243
1244
1246
1247
1249
1251
1251
1253
1253
1256
1260
1261
1264
1265
1267
1271
1273
1273
1274
1274
1275
1275
1276
1276
1276
1281
1285
1286
1289
1290
1291
1291
1291
1291
1292
1293
1296
1298
1298
1299
1300
1302
1304
1304
1305
1306
1311
1312
1314
1315
1315
1315
1316
1316
1319
1321
1321
1328
1330
1330
1330
1331
1340
1348
1350
1351
1353
1354
1354
1355
1357
1358
1358
1358
1359
1361
1364
1374
1374
1378
1378
1379
1380
1380
1382
1384
1385
1386
1387
1387
1387
1389
1391
1395
1401
1402
1402
1403
1404
1405
1406
1412
1412
1413
1415
1416
1417
1417
1423
1425
1425
1426
1426
1428
1430
1433
1435
1438
1438
1440
1441
1441
1442
1442
1443
1443
1445
1446
1447
1452
1453
1455
1458
1460
1465
1465
1466
1468
1468
1471
1472
1473
1475
1476
1476
1483
1485
1487
1487
1488
1491
1491
1498
1498
1501
1502
1505
1506
1506
1509
1510
1511
1514
1515
1524
1525
1525
1525
1526
1528
1530
1532
1534
1534
1536
1537
1537
1540
1543
1545
1546
1548
1552
1556
1556
1558
1565
1565
1566
1569
1569
1570
1570
1572
1573
1575
1577
1581
1584
1585
1586
1589
1590
1590
1594
1595
1595
1596
1597
1599
1603
1603
1604
1605
1607
1608
1609
1613
1613
1614
1617
1620
1621
1624
1624
1625
1625
1628
1630
1630
1631
1631
1633
1634
1634
1636
1637
1638
1641
1644
1646
1649
1650
1651
1652
1653
1654
1657
1664
1666
1666
1666
1667
1670
1671
1674
1674
1677
1677
1678
1681
1685
1685
1685
1688
1690
1691
1693
1695
1695
1697
1702
1703
1704
1704
1705
1706
1707
1708
1709
1710
1711
1712
1714
1716
1719
1721
1723
1725
1725
1725
1725
1726
1735
1735
1736
1736
1738
1740
1743
1747
1747
1749
1750
1752
1756
1757
1757
1758
1759
1761
1762
1762
1763
1763
1765
1766
1766
1766
1766
1767
1768
1772
1775
1777
1779
1780
1783
1784
1786
1787
1789
1790
1790
1792
1796
1796
1798
1802
1804
1809
1810
1810
1813
1814
1814
1816
1819
1820
1821
1822
1823
1831
1831
1832
1832
1834
1837
1839
1841
1841
1847
1849
1851
1853
1854
1855
1855
1855
1858
1858
1859
1861
1864
1864
1865
1866
1869
1869
1872
1874
1874
1877
1877
1878
1879
1881
1882
1882
1883
1885
1887
1888
1891
1892
1892
1892
1895
1895
1895
1898
1899
1900
1901
1902
1902
1903
1904
1907
1907
1908
1909
1910
1910
1911
1912
1914
1924
1930
1932
1935
1937
1938
1939
1940
1940
1941
1942
1944
1945
1946
1946
1946
1949
1950
1952
1954
1954
1954
1955
1956
1956
1959
1959
1961
1962
1963
1964
1967
1968
1968
1970
1971
1977
1977
1982
1987
1988
1989
1989
1989
1995
1999
2335
2753
2902
3617
