Primero viene la cantidad (n) de timestamps para ambos, luego n líneas que son un timestamp aproximado cada uno separado por una coma (',') del error, y luego n lineas de las transacciones del sospechoso
2500
500,334
822,264
530,348
1116,865
851,717
1014,806
1253,707
1189,440
1303,526
699,655
156,88
790,582
464,169
840,630
881,641
1383,187
526,362
987,577
591,444
1121,599
1306,584
639,315
667,546
1384,336
1294,594
1130,854
934,745
1265,353
1394,171
1104,298
1226,130
421,256
685,352
665,368
987,931
991,500
1343,573
1068,742
1167,577
1038,440
1246,478
1093,889
881,593
1308,646
304,196
1119,60
969,969
674,336
1725,158
588,449
961,842
400,394
1698,285
1516,318
1435,520
1430,529
204,204
1140,611
1494,282
779,456
679,574
1586,205
1002,970
1844,111
1391,567
149,139
629,349
901,898
791,675
205,116
1292,118
28,13
1454,348
275,185
927,827
1206,711
1138,138
1564,388
492,408
861,692
1087,585
598,265
713,616
1049,937
983,675
582,425
475,470
1131,478
994,975
518,478
1187,411
946,533
377,114
1025,942
202,144
1351,483
1288,663
365,3
1288,296
823,344
1507,475
1371,390
1046,879
1507,434
875,497
1206,559
927,891
1652,315
750,492
960,818
1034,464
979,827
1125,845
909,874
961,562
393,299
765,678
891,753
973,822
723,514
1478,355
1372,328
1101,318
1085,412
1207,782
1118,761
1462,341
495,453
843,521
634,619
1182,811
1640,71
692,128
481,430
378,294
1263,270
963,800
1027,883
221,196
1855,127
1165,527
841,695
965,930
841,447
896,621
1043,729
415,368
295,231
758,507
1397,375
555,385
273,81
186,53
1289,687
1206,95
784,404
1367,587
836,456
1316,377
1358,499
785,656
805,366
1013,797
773,471
498,303
1067,409
664,653
982,167
732,639
1018,915
1155,461
1054,531
1032,593
144,57
898,475
756,727
829,483
448,122
1063,737
693,168
1583,323
1068,810
1719,131
1022,962
1087,398
935,537
727,273
749,489
1112,696
1157,823
602,213
1356,566
920,905
830,771
420,419
1149,566
927,476
1133,630
1389,184
999,591
1424,546
1160,820
1165,421
978,628
1674,198
935,601
1320,649
1424,544
970,495
909,862
1557,388
456,413
1441,52
1097,571
1185,664
363,356
1408,307
1467,342
1084,835
216,74
1157,559
262,205
701,199
1043,759
819,811
1127,850
817,702
732,630
392,354
1062,924
871,871
740,562
897,798
721,385
1106,806
616,267
1254,429
443,222
1416,487
890,620
1009,906
1122,578
732,608
542,462
1040,905
1652,289
931,821
1127,252
947,561
1161,781
1273,530
548,426
1177,816
1319,307
1140,775
523,404
1136,273
1030,700
822,700
872,747
964,858
971,939
390,331
1597,302
1243,743
826,823
1030,309
1186,411
1214,602
438,298
1007,859
727,666
1168,790
731,676
1271,581
774,244
839,550
1019,481
1100,835
620,436
387,382
1573,388
1509,118
888,868
319,142
967,782
1637,362
699,629
1908,86
1202,194
1205,669
443,360
765,723
1349,647
1490,261
1318,462
1352,618
1275,562
720,711
1448,313
964,955
1122,808
1051,571
908,757
1211,788
1296,653
808,386
1560,241
483,467
822,659
587,416
1215,459
422,366
953,844
276,229
1019,669
1075,475
931,432
1189,517
694,452
1143,745
1072,830
1088,729
1393,589
976,809
707,510
833,739
836,661
1040,836
1018,880
910,872
715,448
1216,326
611,215
905,850
882,268
1786,61
728,57
1338,589
683,252
517,204
926,774
155,134
357,210
1119,874
1660,149
1428,382
952,866
1333,583
723,637
1615,115
319,127
1586,230
758,412
1085,694
475,473
389,221
470,126
1636,250
866,554
1389,529
497,439
845,268
1295,350
1433,481
1265,633
1444,459
770,432
1103,210
956,401
1065,782
1150,832
814,459
1419,258
1221,765
1143,396
1095,780
796,544
1568,361
871,851
859,855
1644,269
840,470
923,732
1501,481
1042,783
1309,682
1492,461
737,710
1531,249
585,330
824,292
702,691
1750,149
1379,492
1329,280
1329,437
794,266
1390,574
556,526
1648,313
1113,719
628,590
1430,125
367,324
618,396
1015,639
897,690
1285,354
1679,273
1304,243
1154,177
1016,570
1015,287
1452,326
1189,558
1040,814
1001,458
1003,902
831,690
504,248
958,605
665,598
889,878
999,999
1415,488
400,368
322,283
1748,249
998,792
655,621
625,550
1747,251
863,321
881,521
1386,485
238,223
1433,420
527,400
474,183
1273,588
769,724
415,72
442,347
1495,461
1466,471
921,172
1462,461
159,40
687,262
338,50
450,317
563,275
908,321
1593,337
86,70
302,146
957,571
494,436
999,960
1409,299
1038,601
1441,551
1590,265
1452,199
1410,586
1119,857
728,728
350,289
1047,895
906,561
581,432
274,274
992,820
629,391
923,744
1215,732
1436,533
1631,199
913,911
1074,876
958,949
281,68
879,682
1035,628
794,532
1037,407
1747,44
1168,802
715,487
1433,553
903,792
1193,648
1171,814
736,687
1173,821
1039,423
819,472
763,288
1106,756
1733,211
1007,991
933,436
1482,473
1563,201
348,205
1005,833
1160,714
345,191
754,604
285,71
1387,597
484,283
644,272
1503,309
1206,550
1172,810
1581,373
1511,417
565,524
1331,486
1182,511
1194,740
1285,226
708,374
575,503
871,279
712,514
659,517
1442,268
1281,274
708,184
958,342
381,334
469,421
1048,822
1473,257
1115,638
992,154
870,652
1188,753
1524,227
1234,649
1448,76
592,342
1157,686
759,722
1143,771
902,646
1445,462
1078,428
1111,612
1000,909
608,591
613,535
1382,182
1157,580
951,416
1515,309
452,449
874,547
1006,718
1294,269
1037,505
1005,993
1260,722
1353,574
945,341
631,267
831,509
791,429
1204,110
1341,320
756,460
1062,915
692,208
1056,655
621,226
666,645
518,160
878,618
1106,491
852,294
1300,447
1094,346
92,90
1239,362
965,873
1327,478
325,191
1069,464
1468,242
931,587
422,354
1426,521
1002,926
737,523
485,255
795,707
1367,382
1322,499
1029,262
1391,429
1851,12
1197,320
1157,398
1656,273
1328,641
1640,207
977,735
1048,475
438,430
1126,800
1245,526
883,857
875,758
877,289
1115,672
577,255
1210,781
870,708
571,202
1119,690
436,415
744,562
173,172
873,196
815,567
241,132
1008,797
1248,592
1026,897
1207,158
1096,66
1643,344
752,649
887,648
1295,542
1048,638
191,168
853,708
968,939
1695,255
1799,115
851,552
908,877
1311,443
861,589
995,690
1435,527
879,697
1061,896
614,298
536,149
849,824
677,340
821,698
1167,729
1884,78
665,539
1419,357
744,726
787,699
811,279
918,842
473,120
1003,769
1151,796
168,86
1493,431
742,571
1133,786
1414,288
821,805
725,641
892,716
500,465
898,655
150,132
180,160
1621,262
951,465
1063,728
1318,499
504,188
1895,95
244,231
873,164
1359,413
682,646
641,543
474,164
815,786
1021,747
1113,472
1271,600
576,545
1250,491
1130,550
911,780
539,334
1446,310
1349,474
1019,865
1296,63
1626,160
1396,393
1368,429
733,280
546,376
1448,552
1170,753
889,886
1276,702
1049,638
1192,683
212,170
401,391
1053,818
366,153
576,448
742,722
1366,617
548,487
908,312
1437,509
853,86
1608,284
922,911
804,321
1417,188
281,279
806,720
1817,166
873,796
885,427
1114,201
1003,417
600,436
759,490
434,197
1444,122
1077,831
1536,393
709,704
1028,267
891,584
393,281
1572,392
1185,666
1124,633
1002,930
1131,642
707,549
845,494
986,281
936,419
743,722
1051,767
809,696
1257,560
1363,506
588,530
1578,49
815,654
676,372
589,55
1226,377
466,436
132,124
1131,720
504,449
775,218
1378,392
1064,455
1071,918
540,459
1071,681
1476,452
1229,298
800,776
1178,750
1030,825
1602,108
902,280
944,671
1319,221
1046,894
594,538
1216,437
1073,388
452,360
908,220
1641,347
790,50
1250,719
1531,430
904,335
1034,108
786,564
1023,860
728,504
954,931
1102,880
962,451
901,814
1011,742
1472,443
1011,937
815,802
552,239
931,928
747,354
1015,255
513,496
779,756
1627,101
852,589
1424,393
1633,228
668,403
1457,360
1077,304
1479,490
672,254
1531,224
562,379
692,472
1000,687
707,703
1298,434
1053,715
970,955
639,452
814,770
815,793
1055,72
1469,465
1051,340
854,358
1219,449
473,460
1188,566
1057,862
772,609
1011,952
748,654
1010,896
906,390
1125,459
1043,746
1143,852
422,229
835,338
380,324
1325,498
1181,726
948,582
561,222
1540,412
1265,608
1477,359
656,85
1584,175
1067,54
697,414
1347,390
1621,276
784,354
702,398
642,562
1882,68
673,665
506,401
1096,896
980,768
1566,422
650,244
1322,537
601,407
674,482
754,466
868,466
933,682
722,367
1578,262
1471,446
1075,484
495,465
696,412
752,737
1239,161
1092,637
1080,687
996,755
1783,210
647,393
853,716
579,525
1044,940
1238,287
1105,602
1284,708
1249,749
1455,490
550,460
482,460
502,455
1043,607
842,98
996,833
1658,332
988,426
1194,494
977,627
516,378
1148,635
700,673
907,585
961,803
1569,259
1003,955
1307,367
1171,138
1948,30
287,271
1376,245
1032,360
27,26
765,728
1013,771
1333,614
1249,689
876,467
1806,71
1009,812
494,360
829,805
1090,779
605,186
1525,414
1184,434
1312,658
1522,351
638,62
314,97
1329,341
1412,587
1123,799
1588,305
893,807
772,390
1271,708
874,662
972,570
1209,537
1149,168
1084,534
799,680
957,828
1037,471
1552,390
1600,372
1474,472
721,187
967,579
1698,98
1360,541
1123,492
1117,568
480,99
948,856
996,872
785,690
1862,131
1311,88
1310,573
552,155
1010,415
84,71
1598,397
1061,722
947,461
1532,165
873,613
1121,674
1271,649
1346,603
1060,513
529,275
1549,324
1111,878
294,131
1421,260
919,333
1598,288
749,326
1111,359
1592,268
456,453
678,435
1106,233
1170,480
1392,514
1277,104
1043,929
469,381
998,834
1523,444
1064,799
1067,770
668,401
351,308
918,535
1107,758
919,912
1329,339
1805,194
472,460
1213,574
675,113
1216,48
1370,315
1132,338
941,555
807,717
1441,454
759,752
1002,928
932,885
848,799
408,368
1368,276
915,739
1241,67
638,635
1659,218
734,199
536,452
801,617
306,302
775,438
722,633
1130,736
1335,355
1203,794
964,820
660,392
849,843
1140,694
684,589
588,536
1369,460
754,574
1555,265
497,316
1319,600
1057,645
1428,397
373,326
867,524
1000,923
928,899
614,332
930,762
278,255
1236,690
286,271
1180,344
1199,793
1021,424
835,226
457,402
846,262
891,78
1128,683
448,447
606,160
599,547
1523,456
1295,699
919,905
957,230
670,517
1010,776
132,95
853,385
1612,151
1375,226
1775,156
1014,968
1492,310
1108,720
1329,357
1342,658
1091,833
1299,597
1331,233
1060,850
1529,294
1643,145
625,539
1578,419
651,530
1480,480
981,907
1218,628
944,932
748,718
590,231
1548,79
989,788
1412,398
670,644
1231,323
944,655
801,320
1218,408
1292,368
1377,397
1229,20
1838,153
705,671
1199,510
954,809
1195,478
1030,775
1227,305
982,491
1023,474
1290,422
846,512
1563,268
319,223
734,651
829,711
654,238
630,367
1610,327
952,854
671,648
1317,629
647,342
708,665
671,634
1518,279
966,849
1703,228
1117,727
1478,344
619,521
443,433
720,657
443,95
1244,732
715,696
786,681
917,893
867,293
1237,306
554,493
240,187
144,103
937,579
712,131
798,793
1130,317
876,747
1021,890
693,499
1136,774
983,879
1110,587
959,939
266,226
1541,425
1218,514
789,575
534,514
1469,448
962,652
1147,361
761,546
1250,596
1284,323
580,470
728,675
373,318
274,117
905,225
750,325
452,223
723,687
916,696
541,523
895,237
877,867
852,813
1086,746
1239,668
547,360
1586,200
777,507
1582,386
1010,910
909,629
1627,336
1298,476
1581,247
1013,925
1168,811
464,171
430,245
1230,506
1011,370
607,420
1000,888
1519,216
600,117
1015,691
829,337
1095,902
1574,407
1116,726
1181,801
1217,707
624,164
961,941
1084,908
997,787
1546,386
316,299
1240,732
248,187
850,648
732,534
635,587
571,404
589,483
896,808
941,454
548,502
643,519
604,165
691,342
386,306
793,762
353,144
892,674
461,339
1137,612
862,633
1034,318
732,705
1080,683
1270,521
395,290
809,384
1440,537
1403,343
1368,420
1000,746
1463,243
1341,578
1150,629
766,736
877,639
1243,468
920,681
794,704
626,606
105,60
103,63
1449,153
802,235
608,406
483,431
528,382
1293,527
1068,76
1165,558
999,646
970,870
970,616
1244,588
1465,526
363,345
927,628
1679,298
936,678
896,205
1203,529
736,722
1144,676
1681,144
659,471
831,538
1588,402
534,525
884,810
1068,589
559,364
1344,635
662,653
921,921
1103,680
1496,423
734,722
1425,141
539,381
1632,319
1588,409
680,301
1198,462
381,372
671,65
415,196
933,694
1661,227
1019,523
1121,850
713,573
1237,700
514,369
699,386
1002,356
1261,686
517,493
757,277
671,386
1211,745
988,923
1355,327
782,758
116,106
1184,163
1199,454
1208,573
1201,682
951,187
1503,397
1559,365
151,59
724,568
1190,386
858,767
134,130
1345,525
1095,899
1235,625
1023,820
542,461
269,254
592,508
974,681
491,323
956,928
800,515
1009,546
849,662
844,696
76,11
1361,426
1303,562
567,240
1399,69
789,247
1020,481
1036,554
1391,299
1012,883
1190,447
1085,589
1309,637
586,328
1211,556
1575,323
1286,408
738,657
1045,752
806,713
315,292
927,354
955,852
618,322
1080,897
1795,76
773,511
596,583
1194,645
871,691
1043,779
948,781
995,865
1392,246
1254,335
1150,652
703,690
791,696
991,907
1273,628
1192,742
1451,330
1255,577
1021,456
1731,269
1125,708
478,73
1162,734
621,192
211,192
1544,452
652,502
1611,352
413,273
1287,702
1044,928
480,337
985,523
779,670
583,240
733,701
879,336
1365,528
1630,330
1150,520
1673,139
787,730
951,835
655,309
1159,730
1407,236
954,648
1285,642
1301,397
293,204
830,739
615,381
1596,354
1073,622
701,662
1016,666
1232,576
562,540
1049,738
1511,319
938,784
1463,395
1781,115
1107,811
1095,665
887,805
941,354
1282,646
1020,702
780,44
878,698
967,940
1768,128
701,418
617,484
332,175
1002,799
927,578
800,788
1098,870
435,282
1281,713
1458,435
717,665
1577,383
731,719
699,635
1491,444
1004,513
639,411
1510,377
937,394
1009,545
1548,353
965,927
1531,433
499,156
1217,643
903,865
1577,418
991,780
1021,191
1692,295
894,575
1007,474
833,732
991,288
409,159
627,273
834,398
995,883
1270,726
1425,561
714,513
482,319
1075,782
998,949
1331,642
922,717
985,826
946,883
514,374
1174,735
1211,489
1086,792
1226,540
1251,653
756,658
662,224
1136,821
702,481
569,534
1306,536
1170,184
712,428
900,821
1391,313
1065,706
1068,407
370,362
1216,677
1169,686
715,630
1328,631
1308,349
1630,274
806,511
1033,937
1216,759
833,827
959,628
849,358
770,756
1456,534
1410,508
1025,342
1518,275
1012,987
867,681
999,330
1103,778
1020,538
1152,761
1764,231
556,305
1309,690
764,289
936,696
953,595
482,194
1205,508
912,818
975,532
841,645
689,380
1312,602
541,65
1203,535
1173,767
953,765
494,437
1004,827
634,558
1081,402
446,112
1037,738
1520,323
1896,80
1180,384
509,245
1429,508
643,484
488,278
1302,687
1606,153
1827,158
540,488
1511,390
758,176
668,638
1111,251
528,391
650,452
1057,767
1498,437
907,312
1095,333
589,501
1333,433
1381,466
987,336
1202,724
789,598
923,694
1510,210
790,603
657,505
610,480
917,567
1071,686
1156,231
1106,531
1381,578
646,575
1010,528
503,319
1071,925
1011,958
1232,715
632,209
455,124
1179,745
1109,735
1404,117
823,650
929,329
1147,743
1763,196
1524,398
563,563
931,712
867,472
1508,444
1012,723
780,267
1591,307
183,141
930,350
958,948
1242,278
455,449
1081,792
946,514
405,362
1065,881
512,501
310,295
1169,716
795,769
1356,549
937,745
513,364
1201,312
633,262
527,524
1165,473
906,534
564,527
1166,816
842,332
520,72
879,743
1215,511
1251,463
1058,688
179,151
1376,574
1177,814
1383,234
1543,396
957,684
1217,772
812,806
900,568
564,394
744,692
1472,498
1128,441
284,275
1499,489
814,624
39,39
1665,318
1572,369
1467,331
1019,618
943,725
1012,372
1002,549
1195,680
896,881
1206,678
704,638
1126,849
777,654
703,636
1088,714
1291,464
843,243
1372,576
271,262
1073,714
682,610
1573,118
1108,468
1519,381
619,311
1237,710
632,320
1689,275
1240,557
1111,787
850,670
878,857
861,581
1185,782
1405,117
1025,667
1066,910
958,730
1517,477
705,650
997,957
1639,90
942,481
841,737
714,512
602,576
737,675
188,181
1534,107
889,824
1159,817
896,697
1305,274
1127,855
754,610
880,670
838,518
1349,352
975,458
992,764
869,409
1657,276
1558,348
1162,643
1340,649
667,483
905,886
913,550
1142,265
493,277
1046,416
523,292
1185,404
1019,280
1206,633
866,864
523,491
1078,706
1068,490
1040,933
921,750
805,774
392,377
1259,430
825,468
933,802
676,169
796,574
1592,158
1567,296
694,642
917,652
466,441
222,104
1341,418
907,815
268,244
810,735
824,417
868,493
788,784
150,72
1146,596
1077,503
1201,173
973,949
393,343
463,219
1216,732
864,609
739,425
997,929
1393,233
874,447
519,199
1796,87
1179,216
975,898
1585,333
876,381
1065,456
1901,97
871,674
967,560
405,403
949,822
194,102
913,895
286,274
437,91
1595,190
1015,836
1230,74
1313,609
1059,641
1829,171
1109,454
1735,124
427,155
1073,885
1405,582
1350,237
971,512
1322,167
1015,516
908,645
1205,514
675,633
1049,736
1127,812
1586,144
328,272
624,186
1719,244
1068,914
417,264
1287,361
1439,538
688,271
705,99
1026,863
1722,231
1071,606
983,856
461,251
237,220
1037,363
1425,542
415,180
853,591
1464,513
1501,307
1222,777
1366,157
1801,184
1475,237
1678,291
736,724
1364,434
808,594
1089,622
1114,263
1266,452
1111,395
903,809
1811,157
671,414
556,155
1222,615
663,224
795,781
1201,776
1040,389
1167,604
890,836
1849,144
948,785
963,951
1049,928
1311,337
615,352
1348,160
583,496
1632,251
1108,509
1016,608
1354,617
744,537
1009,192
1669,288
1014,590
356,293
1230,444
1118,194
896,704
1032,624
1592,268
417,217
891,544
462,304
1242,746
1027,773
729,159
1086,725
1045,427
1089,188
660,626
1764,123
1005,913
1255,693
878,797
711,344
1151,485
545,529
625,581
1247,359
952,380
868,778
1388,608
1334,414
831,387
1107,452
981,364
506,397
1020,815
1401,454
1034,814
856,840
1057,706
426,111
1208,670
925,782
1231,303
1306,324
229,25
1653,300
909,297
565,459
765,406
1561,403
1541,344
1114,583
1236,749
709,656
527,494
1439,370
840,477
1630,320
583,367
1031,800
1177,525
1067,715
675,497
327,294
851,694
492,487
1876,26
771,513
1429,545
1091,832
838,484
775,322
1059,454
1044,926
1504,448
1280,582
982,954
413,368
733,580
1467,504
1361,369
1114,698
663,512
1340,632
695,664
1333,651
1386,402
772,517
1538,314
1706,194
911,683
762,626
896,777
1333,143
768,700
955,868
912,55
1738,260
1102,419
1006,867
1576,391
953,522
1695,275
1035,861
865,394
1226,697
724,511
700,468
1791,109
863,594
897,738
954,929
973,777
1338,517
1109,658
431,252
1529,458
1004,765
459,293
1369,407
984,83
1294,403
1019,668
831,291
1526,277
1578,241
1007,754
1741,74
1094,263
1044,909
1009,937
832,790
923,855
833,457
169,138
1045,895
759,459
799,252
972,471
1279,35
802,257
1430,414
542,217
1021,325
1677,30
1284,443
714,493
1178,782
1317,518
1370,554
754,574
437,249
1074,496
317,210
422,245
951,239
978,443
990,668
866,702
50,36
959,805
1049,856
1083,257
496,456
985,728
506,343
1093,271
1130,380
888,337
1019,217
676,485
1068,869
468,430
867,164
1072,397
1041,952
1393,344
1096,528
364,295
997,980
1048,635
1102,877
985,524
869,351
1722,92
1857,120
1828,72
727,418
749,654
615,462
977,717
635,531
477,354
1320,344
904,349
1114,593
859,728
1364,387
831,622
887,883
620,482
782,741
527,272
1404,391
1356,630
1230,681
1031,752
1000,921
935,933
879,655
861,619
745,737
1019,798
212,145
1405,416
962,943
723,283
987,959
1724,141
1389,598
1012,773
628,317
665,382
772,596
823,684
1361,294
362,273
1262,722
822,731
902,859
903,879
821,469
922,517
1048,493
1199,707
869,356
466,322
861,655
1090,909
873,659
636,380
1481,364
662,331
1657,236
977,878
114,82
1039,929
901,892
463,249
777,577
1135,121
1182,651
1115,282
1019,90
1249,687
830,784
1292,577
309,183
318,290
1024,480
983,802
683,408
1053,850
1313,615
745,401
1132,836
788,744
982,677
1438,466
856,599
1113,91
1569,412
1388,500
1174,393
959,945
1004,278
431,321
913,820
777,259
1279,218
927,552
744,498
899,826
885,503
821,585
852,612
1461,361
938,856
1023,945
747,544
938,914
749,384
1266,718
1185,780
1179,494
1169,397
892,745
746,345
1193,619
909,722
674,610
840,180
927,411
1169,793
883,409
967,936
594,482
1438,228
315,219
1202,773
982,406
714,599
839,572
620,351
71,70
900,743
942,841
1091,609
958,843
1212,569
903,157
682,676
939,730
1366,278
1138,822
912,712
864,658
746,333
1234,677
340,334
861,788
1107,787
941,662
1015,890
147,100
1225,667
992,681
998,530
1054,763
1257,696
743,672
583,395
986,324
1089,616
901,873
1676,285
1053,757
853,657
1054,831
1381,385
898,566
1303,507
1749,163
1234,733
545,360
440,266
734,659
966,738
1309,512
993,837
829,616
1160,610
168,128
369,312
1661,231
1859,140
1004,680
1894,94
797,628
1078,573
859,261
1717,254
1211,557
1015,693
1440,560
952,849
1518,383
859,799
440,409
1278,493
963,758
896,691
845,835
487,119
1890,109
1096,363
611,461
1949,23
1064,339
426,359
426,211
313,300
1671,260
737,231
1103,884
1060,692
1093,834
421,300
713,648
1229,647
1696,293
303,216
1488,447
1054,768
957,331
371,308
1515,275
1593,379
1068,400
952,667
1291,698
450,181
902,815
837,731
910,425
334,324
942,566
1147,679
873,674
676,600
351,319
665,433
1281,528
976,769
1353,434
1009,800
1161,824
887,290
1268,660
1278,699
649,649
554,466
270,128
196,131
957,759
807,776
862,541
1090,428
1320,674
1125,769
1105,563
698,601
1471,380
416,311
1184,114
1942,46
812,658
967,914
1400,416
1127,811
816,291
1075,463
1498,176
1685,92
1432,526
909,777
574,463
1165,330
1056,494
1111,298
475,459
599,559
1312,437
814,622
1481,309
1094,486
1110,701
441,257
1055,638
384,351
1445,468
1350,335
1091,859
197,65
986,545
789,228
788,594
914,611
1156,750
224,208
961,879
1010,988
724,570
404,94
1363,231
887,544
871,203
132,131
442,329
778,716
1167,650
867,462
633,561
1030,847
943,388
1017,723
757,328
1041,600
1096,671
920,750
1192,799
1143,765
398,226
946,45
577,360
889,841
854,643
1380,364
556,548
1141,450
994,403
1384,375
988,680
900,552
1001,356
1263,454
708,659
776,724
1297,462
1350,150
820,694
1177,326
1157,611
729,572
1523,477
1071,926
1471,524
910,604
728,705
1054,384
722,717
830,793
1098,728
1337,609
1317,337
1379,517
619,437
532,263
1427,565
1228,734
1001,946
285,52
1885,112
942,671
1648,104
1144,788
1162,478
1190,559
540,526
754,370
682,504
1255,728
1192,778
1367,506
353,276
990,844
878,262
636,533
918,862
864,672
1192,696
1243,592
975,440
1519,236
1294,201
626,620
85,51
1003,986
366,285
1077,143
1098,716
1091,611
648,185
1548,446
1166,803
251,250
1201,350
1270,616
838,280
1327,420
418,334
1811,187
1239,751
1204,355
1016,716
687,514
701,270
737,707
1301,412
1120,518
1389,306
1137,852
1613,351
917,910
1079,533
482,401
1165,489
476,449
1129,535
571,402
1291,495
1099,741
1068,576
669,635
971,761
1664,279
648,638
1652,286
973,688
882,477
1097,880
320,319
1
1
3
3
3
4
4
5
6
7
9
9
9
9
10
12
12
14
14
15
15
16
16
17
18
19
20
21
22
23
24
24
24
25
25
25
26
27
28
28
29
30
31
34
34
34
35
36
39
39
40
40
42
42
43
43
44
44
45
46
47
48
48
48
48
48
48
50
50
50
50
50
51
51
52
53
53
53
54
56
56
56
57
57
58
59
59
60
60
60
60
61
61
62
63
63
64
65
67
67
68
68
69
70
70
71
71
73
73
74
74
74
74
76
76
76
76
77
80
80
82
83
85
85
87
87
89
89
90
90
91
93
96
97
98
98
99
100
101
101
101
102
103
103
104
105
107
108
108
110
110
112
112
112
117
118
118
119
120
121
121
121
122
122
123
124
126
128
128
128
129
129
130
130
131
131
132
132
132
135
136
139
139
139
142
142
142
143
143
143
143
144
147
147
147
147
148
150
151
151
152
153
153
154
156
156
157
157
158
158
162
162
163
165
166
166
166
166
167
167
168
169
169
170
171
171
171
171
172
173
175
176
177
177
178
179
179
179
179
180
181
181
182
182
184
185
185
186
188
188
188
190
190
191
191
191
191
192
193
194
196
200
200
200
201
203
204
206
207
207
207
208
208
208
209
209
210
212
212
213
214
215
215
217
219
219
219
220
220
220
221
222
223
227
227
228
228
228
229
232
232
233
233
234
234
234
236
236
236
236
237
237
238
238
238
239
241
242
243
245
248
248
249
250
251
252
253
255
255
255
257
259
260
260
261
264
265
266
266
266
266
267
267
268
270
270
270
271
272
273
273
274
275
275
275
276
277
278
282
282
283
284
285
287
288
289
290
290
290
292
294
295
297
297
298
299
301
301
303
303
303
303
304
306
306
306
308
308
308
309
312
312
313
313
315
315
315
317
318
319
319
320
320
320
321
321
322
323
323
326
326
327
328
330
330
330
331
331
332
333
334
335
335
335
336
337
338
338
339
341
341
341
343
343
344
344
345
345
345
345
347
347
347
347
348
348
349
349
350
350
351
353
355
355
356
357
361
361
362
366
366
367
367
367
368
369
369
369
369
370
371
371
374
374
375
378
378
379
380
380
383
383
384
385
385
385
385
386
386
386
386
388
391
391
392
392
392
394
395
395
397
397
399
399
401
404
404
405
405
406
406
407
407
409
412
412
412
412
414
414
414
415
416
417
417
417
419
419
420
420
420
422
423
424
424
424
425
426
427
427
428
429
429
430
430
431
431
431
432
432
432
433
433
433
434
434
434
434
434
435
438
440
440
440
442
442
442
442
443
444
444
447
451
451
453
453
454
455
456
457
457
459
460
461
461
461
462
463
463
463
463
466
466
467
468
468
469
469
470
472
473
473
473
473
474
474
476
478
479
482
484
485
485
487
487
489
489
490
491
492
492
492
493
493
493
495
496
498
498
498
499
499
499
501
504
504
505
506
506
506
507
507
507
508
508
508
510
512
512
512
513
514
514
516
517
520
520
522
523
524
525
525
526
526
528
529
529
529
530
531
531
534
534
534
535
536
538
539
542
543
544
544
544
545
545
546
549
550
550
550
550
553
553
553
553
554
554
554
555
555
556
558
558
558
560
560
561
561
562
562
563
563
563
564
565
565
565
565
566
566
567
567
569
569
570
570
570
571
571
572
572
573
575
575
576
576
576
577
577
577
579
579
580
582
583
583
583
585
585
586
586
588
589
589
589
590
592
592
592
592
592
593
593
594
596
597
597
598
598
598
598
599
603
604
604
604
605
606
609
611
611
611
612
612
614
614
614
614
616
616
616
617
617
618
619
619
619
620
620
621
621
621
623
624
626
627
627
627
628
628
629
630
630
631
631
631
632
634
634
635
636
637
638
639
639
639
641
642
643
643
644
648
648
648
649
649
649
650
651
652
653
655
656
657
658
658
658
659
659
659
659
659
660
660
660
661
661
661
661
662
662
666
667
667
668
669
669
670
671
672
673
674
674
674
675
675
677
677
679
680
681
681
682
682
682
684
684
684
684
685
685
685
685
685
686
686
687
689
690
691
693
693
693
695
696
697
697
698
700
702
703
705
705
706
708
708
710
711
711
713
713
714
714
717
719
719
719
720
720
721
722
723
723
723
725
726
728
728
729
729
730
730
731
732
733
733
734
735
736
737
737
738
739
740
741
742
743
744
744
749
752
752
753
754
757
758
759
759
760
760
760
761
761
763
763
763
764
764
766
766
768
770
770
770
771
772
772
772
777
778
779
780
780
781
781
781
781
782
782
784
785
785
785
786
788
789
789
789
790
791
791
791
791
792
794
794
794
795
797
797
797
798
799
800
800
800
801
801
801
802
802
803
803
803
803
803
804
808
810
810
810
811
811
813
814
816
817
818
819
820
820
821
823
825
825
826
827
827
827
828
828
828
828
828
829
831
831
831
831
832
832
833
833
833
834
835
835
835
838
839
839
839
839
841
841
842
843
843
844
844
847
848
849
850
851
851
851
854
854
855
857
859
860
861
861
863
863
864
865
865
865
866
866
866
867
869
869
870
872
873
873
873
875
875
876
878
878
879
881
882
883
883
884
885
886
887
888
889
889
891
891
891
891
892
894
894
895
895
897
897
898
898
900
901
901
902
903
903
903
905
907
908
910
910
911
911
912
913
915
916
917
917
917
918
920
921
921
921
923
924
925
925
929
929
929
930
930
930
931
931
932
932
933
936
939
939
940
940
941
941
941
942
942
945
946
946
947
951
952
953
953
955
955
957
957
957
958
958
959
959
959
961
962
963
963
963
964
964
965
965
967
967
968
968
969
970
970
971
971
971
971
972
972
976
977
979
981
981
981
983
984
984
985
985
986
987
988
989
990
990
991
991
992
993
993
995
998
999
999
999
999
1000
1001
1001
1003
1005
1005
1005
1006
1008
1011
1011
1011
1012
1013
1013
1013
1015
1015
1016
1018
1019
1020
1020
1021
1022
1023
1023
1024
1024
1024
1027
1027
1029
1031
1032
1033
1033
1033
1033
1033
1035
1035
1035
1035
1036
1036
1037
1037
1038
1038
1039
1039
1042
1042
1042
1042
1042
1042
1042
1043
1043
1044
1046
1046
1047
1047
1048
1048
1049
1049
1051
1052
1052
1053
1054
1054
1055
1055
1056
1056
1058
1059
1061
1061
1063
1064
1067
1067
1068
1068
1069
1072
1074
1074
1075
1075
1076
1076
1077
1078
1078
1079
1080
1080
1080
1081
1084
1085
1086
1087
1088
1089
1089
1090
1091
1091
1091
1092
1093
1095
1097
1098
1099
1100
1100
1103
1103
1103
1104
1104
1104
1105
1106
1106
1107
1109
1109
1110
1110
1111
1112
1113
1114
1114
1114
1114
1114
1114
1115
1115
1116
1117
1118
1118
1119
1120
1120
1122
1123
1123
1123
1123
1123
1124
1124
1125
1126
1126
1126
1127
1127
1127
1127
1128
1128
1130
1130
1130
1131
1132
1132
1133
1134
1134
1135
1136
1136
1137
1138
1139
1139
1141
1141
1141
1143
1143
1144
1148
1148
1149
1151
1151
1151
1152
1152
1153
1153
1154
1154
1157
1157
1157
1159
1159
1160
1160
1160
1162
1163
1163
1163
1164
1165
1165
1166
1166
1167
1169
1169
1170
1171
1171
1172
1172
1172
1174
1174
1174
1175
1176
1176
1176
1178
1179
1179
1180
1181
1181
1183
1184
1185
1185
1186
1186
1187
1187
1187
1188
1188
1191
1191
1192
1194
1195
1199
1199
1200
1200
1201
1201
1202
1202
1202
1202
1204
1204
1205
1205
1205
1206
1206
1207
1207
1209
1210
1210
1211
1211
1211
1215
1216
1219
1220
1220
1220
1220
1222
1223
1223
1224
1226
1227
1227
1228
1229
1232
1232
1233
1233
1236
1237
1237
1238
1238
1239
1239
1240
1243
1243
1243
1244
1245
1246
1247
1247
1247
1248
1248
1249
1249
1251
1251
1251
1252
1252
1253
1254
1255
1255
1256
1256
1257
1257
1258
1258
1259
1260
1260
1262
1263
1263
1264
1265
1266
1267
1267
1268
1269
1270
1270
1271
1272
1272
1272
1278
1279
1280
1280
1281
1282
1284
1285
1287
1288
1289
1289
1290
1290
1293
1293
1293
1294
1295
1295
1295
1295
1296
1297
1297
1298
1299
1300
1300
1300
1301
1301
1302
1302
1303
1304
1305
1306
1306
1308
1308
1311
1311
1312
1313
1315
1316
1317
1317
1318
1319
1319
1321
1323
1325
1326
1326
1327
1332
1333
1333
1333
1335
1337
1337
1337
1339
1339
1340
1341
1343
1343
1343
1344
1345
1345
1345
1346
1350
1351
1353
1354
1354
1354
1354
1355
1355
1355
1356
1356
1358
1358
1360
1360
1362
1364
1367
1368
1368
1369
1371
1371
1372
1373
1374
1375
1376
1379
1379
1380
1380
1381
1383
1384
1384
1386
1386
1388
1388
1388
1389
1389
1389
1390
1390
1390
1391
1391
1392
1393
1393
1393
1394
1394
1395
1396
1397
1397
1398
1401
1401
1402
1403
1405
1405
1406
1407
1407
1408
1408
1409
1411
1412
1412
1414
1414
1415
1416
1420
1420
1420
1422
1423
1424
1425
1425
1426
1426
1427
1427
1428
1428
1429
1430
1430
1430
1430
1431
1431
1434
1435
1437
1437
1438
1439
1440
1441
1442
1442
1442
1442
1443
1446
1446
1446
1447
1447
1447
1448
1450
1450
1450
1451
1452
1452
1453
1454
1454
1454
1455
1458
1459
1459
1460
1461
1462
1463
1464
1464
1464
1465
1465
1465
1467
1468
1470
1471
1471
1471
1471
1471
1472
1473
1474
1476
1476
1477
1478
1479
1479
1479
1481
1482
1482
1482
1482
1483
1483
1484
1485
1485
1486
1486
1487
1487
1490
1491
1491
1492
1492
1493
1493
1494
1494
1494
1494
1495
1499
1500
1500
1501
1501
1502
1502
1504
1504
1505
1505
1506
1506
1507
1507
1507
1508
1508
1508
1511
1511
1512
1514
1515
1515
1516
1516
1517
1517
1518
1520
1521
1523
1524
1525
1525
1526
1527
1528
1528
1529
1530
1530
1531
1531
1531
1532
1533
1534
1535
1537
1537
1537
1538
1538
1540
1542
1543
1543
1544
1545
1546
1548
1549
1550
1551
1552
1553
1554
1555
1557
1558
1558
1558
1559
1561
1562
1565
1567
1568
1568
1569
1570
1570
1571
1572
1573
1574
1575
1576
1577
1577
1578
1578
1579
1581
1581
1581
1581
1582
1583
1584
1584
1586
1586
1586
1586
1587
1587
1587
1588
1589
1590
1591
1591
1591
1592
1593
1594
1594
1594
1594
1595
1595
1595
1596
1598
1599
1599
1602
1602
1603
1605
1605
1606
1607
1607
1608
1611
1612
1614
1615
1615
1616
1616
1618
1618
1620
1620
1621
1623
1624
1624
1625
1625
1625
1626
1626
1627
1627
1628
1628
1629
1629
1630
1630
1630
1630
1630
1631
1631
1631
1633
1634
1634
1635
1636
1638
1638
1638
1640
1640
1644
1644
1645
1646
1646
1646
1647
1649
1650
1650
1651
1651
1655
1658
1658
1658
1659
1660
1661
1662
1663
1663
1664
1667
1668
1669
1669
1670
1670
1672
1672
1672
1673
1674
1674
1675
1675
1676
1678
1679
1680
1680
1680
1681
1681
1682
1682
1683
1684
1684
1684
1688
1688
1690
1691
1691
1692
1693
1695
1696
1698
1699
1701
1702
1702
1702
1703
1703
1703
1704
1707
1707
1709
1710
1710
1712
1712
1713
1713
1715
1715
1715
1718
1719
1721
1722
1722
1723
1723
1724
1724
1727
1727
1728
1729
1729
1730
1731
1732
1733
1736
1738
1740
1740
1740
1741
1741
1741
1741
1741
1742
1743
1744
1746
1747
1748
1748
1749
1749
1749
1750
1750
1751
1751
1752
1752
1752
1752
1753
1753
1754
1755
1756
1756
1756
1757
1760
1761
1763
1764
1764
1764
1766
1766
1767
1769
1772
1772
1773
1774
1774
1775
1775
1777
1777
1777
1777
1778
1779
1779
1779
1780
1782
1782
1787
1788
1789
1789
1790
1790
1790
1791
1792
1792
1792
1794
1795
1796
1798
1799
1799
1801
1802
1802
1802
1803
1803
1804
1804
1805
1805
1806
1806
1808
1809
1809
1809
1809
1811
1811
1812
1812
1813
1814
1814
1815
1815
1816
1818
1818
1820
1820
1822
1823
1823
1823
1824
1825
1825
1826
1826
1827
1828
1828
1828
1830
1831
1832
1833
1833
1834
1835
1835
1836
1837
1838
1842
1843
1843
1843
1845
1847
1848
1849
1849
1850
1850
1851
1852
1853
1854
1856
1856
1856
1857
1857
1858
1859
1860
1861
1862
1863
1863
1864
1865
1866
1867
1868
1868
1869
1869
1869
1870
1871
1876
1877
1878
1879
1881
1883
1883
1884
1886
1886
1887
1888
1888
1888
1889
1890
1890
1890
1891
1891
1894
1894
1895
1896
1896
1897
1898
1898
1899
1900
1900
1900
1901
1902
1903
1903
1903
1904
1905
1906
1907
1907
1908
1909
1909
1913
1913
1913
1915
1916
1916
1917
1918
1919
1919
1920
1921
1921
1922
1923
1923
1924
1924
1926
1927
1928
1930
1935
1938
1938
1939
1940
1941
1942
1945
1945
1946
1948
1948
1948
1949
1949
1950
1953
1953
1954
1955
1955
1955
1958
1959
1960
1962
1962
1964
1964
1964
1964
1965
1965
1966
1967
1967
1970
1970
1970
1971
1972
1973
1973
1974
1975
1976
1976
1976
1977
1977
1978
1979
1979
1981
1981
1983
1983
1985
1987
1987
1987
1988
1989
1990
1990
1992
1995
1995
1996
1996
1997
1997
1997
1998
2000
