Primero viene la cantidad (n) de timestamps para ambos, luego n líneas que son un timestamp aproximado cada uno separado por una coma (',') del error, y luego n lineas de las transacciones del sospechoso
2505
101,41
121,31
225,34
530,15
1012,28
1931,29
32,9
126,41
208,25
377,41
825,10
1628,41
2,1
15,7
70,40
130,29
235,36
480,18
994,48
1990,1989
94,46
154,42
346,11
693,7
1349,29
45,44
136,16
191,13
400,2
782,13
1590,36
69,42
113,8
251,46
467,41
955,22
1910,36
77,4
141,46
264,45
527,14
1085,5
27,26
39,5
85,22
203,43
377,1
807,8
1539,3
32,18
73,16
136,28
246,12
496,33
1016,4
1960,3
88,5
93,25
226,35
504,31
912,22
1875,14
41,11
129,46
226,40
406,9
874,25
1707,29
100,16
131,24
318,35
550,47
1161,49
66,10
97,2
250,9
490,30
915,30
1905,11
74,6
92,49
246,16
459,18
963,34
1904,20
75,9
113,3
222,15
484,47
954,10
1920,13
31,30
74,41
153,18
311,21
667,8
1261,12
6,5
9,5
33,27
146,7
203,13
473,28
911,1
1784,41
41,21
80,7
221,45
431,41
825,19
1696,43
19,18
48,47
79,15
211,46
419,12
855,34
1661,3
97,45
100,48
272,3
530,5
1077,4
91,10
148,24
275,4
591,18
1195,11
93,13
134,19
264,30
573,50
1101,18
63,14
76,5
222,12
382,19
827,45
1604,30
72,19
144,33
312,7
530,28
1075,34
60,23
134,21
268,48
557,9
1055,27
75,32
139,20
224,8
456,34
895,40
1809,15
48,32
141,31
209,22
480,33
879,50
1788,45
93,47
185,5
279,30
560,38
1204,6
59,42
103,17
247,49
412,36
889,31
1720,2
23,9
40,10
128,25
249,45
525,3
986,31
1996,1995
19,18
78,10
121,16
243,19
512,50
1021,36
1987,1986
12,11
21,20
70,15
116,3
278,35
559,47
1154,23
26,25
67,23
158,21
329,38
669,42
1311,16
12,11
113,6
172,17
323,7
666,48
1307,2
28,27
89,35
210,18
393,47
739,21
1545,37
20,5
120,48
141,35
363,9
668,41
1324,44
70,22
156,25
326,29
643,33
1209,16
25,5
93,42
182,39
305,46
681,1
1382,11
85,47
147,47
294,48
560,50
1098,29
4,3
44,2
99,40
183,5
396,17
820,42
1584,11
73,3
171,11
252,21
561,8
1087,19
33,18
74,19
168,22
331,16
639,43
1293,15
58,15
131,14
280,24
545,37
1090,39
38,23
134,6
221,46
474,33
882,1
1792,3
98,49
187,45
338,29
672,49
1304,25
95,26
165,9
295,32
643,20
1254,6
36,35
108,41
180,27
416,48
781,44
1558,3
68,26
152,26
266,19
527,11
1095,26
6,5
33,16
113,7
234,29
400,3
854,41
1729,36
16,15
79,24
147,23
310,16
588,8
1164,36
47,20
132,8
191,45
416,31
818,50
1679,29
17,16
25,24
84,38
190,10
348,35
754,31
1425,34
19,11
82,8
172,29
314,17
650,26
1297,13
8,7
37,36
99,12
157,2
379,24
761,6
1484,33
45,22
97,6
185,9
402,35
826,39
1573,14
78,35
162,14
316,15
573,15
1190,39
3,2
35,19
70,24
147,34
270,11
568,20
1181,10
48,7
117,33
199,6
421,33
814,14
1616,15
95,22
181,35
368,27
663,31
1348,14
82,16
105,2
190,48
455,25
880,4
1786,17
100,33
105,41
240,36
520,46
1039,31
76,29
114,4
197,49
400,49
887,36
1691,8
5,4
59,17
74,31
159,22
351,1
687,26
1385,31
49,48
86,19
155,31
375,42
761,25
1522,34
6,5
69,2
163,34
290,49
558,36
1148,49
67,4
111,19
256,25
465,8
988,3
1901,4
4,3
60,19
129,7
269,12
555,30
1057,2
40,10
116,49
172,21
384,37
795,35
1515,27
50,28
100,42
211,46
420,33
788,46
1628,23
54,39
116,23
191,2
364,32
796,49
1579,3
17,16
73,43
142,43
273,31
518,29
1080,8
89,17
95,16
232,25
455,10
919,30
1819,37
34,33
51,24
121,5
247,39
473,25
1024,37
1948,47
11,10
32,31
139,11
260,16
478,42
973,47
1948,29
38,24
119,39
238,14
471,2
877,17
1749,5
93,34
145,2
263,11
589,8
1147,37
10,5
29,13
43,9
178,15
289,17
644,3
1277,15
42,26
109,34
171,28
338,13
672,45
1399,49
97,28
133,48
303,39
546,2
1157,48
87,44
104,5
198,26
458,3
870,40
1724,12
81,35
159,45
288,4
544,35
1169,11
9,1
22,10
74,35
176,23
376,13
733,7
1463,38
77,22
159,47
328,29
609,28
1205,49
5,4
97,42
184,50
296,42
621,44
1292,43
12,10
16,15
40,33
141,36
302,6
531,17
1128,23
75,26
168,18
304,3
616,39
1177,18
25,24
84,16
188,4
322,24
644,16
1357,28
69,15
142,3
247,38
503,40
978,9
1947,19
45,4
59,40
155,36
351,12
671,3
1331,7
49,39
102,39
184,3
399,18
829,24
1576,8
92,35
114,34
258,8
470,3
949,29
1944,42
39,33
42,41
181,18
286,3
555,47
1104,10
71,30
139,38
264,17
553,50
1038,31
72,50
173,3
315,9
591,19
1179,28
17,16
83,48
151,50
290,34
622,34
1183,4
80,44
143,46
226,46
550,18
1061,23
58,37
75,17
210,47
378,22
756,39
1551,7
97,11
160,22
321,35
666,41
1265,36
32,31
78,12
186,9
370,32
696,37
1452,28
5,2
61,34
69,29
213,9
441,24
808,1
1678,23
81,1
148,14
309,40
595,32
1163,13
71,40
104,20
258,44
527,25
990,50
1999,1998
69,21
125,19
206,20
451,26
870,28
1801,6
70,25
85,5
186,5
405,16
766,4
1551,22
39,27
104,40
147,29
387,29
757,27
1476,37
38,37
96,16
215,28
389,10
813,45
1565,40
43,42
74,23
153,43
317,39
672,41
1310,29
21,8
88,22
124,37
257,26
505,5
1029,29
72,7
156,22
286,5
527,33
1076,46
101,7
135,34
321,10
587,9
1191,29
23,22
48,13
117,46
209,23
462,30
937,33
1807,28
49,37
68,11
151,49
327,48
620,42
1273,2
96,22
163,16
349,17
614,28
1271,6
10,9
24,23
72,39
180,36
316,44
688,33
1325,46
36,35
109,22
204,48
431,18
783,36
1638,18
45,30
106,13
211,36
440,2
867,41
1740,33
5,4
21,5
79,14
188,2
350,41
744,5
1464,17
1,0
73,41
159,2
307,6
593,10
1137,44
87,32
124,9
308,16
534,36
1153,13
90,3
127,15
295,47
595,33
1125,47
75,5
145,50
222,39
484,30
951,7
1958,24
48,21
92,3
226,21
463,8
859,20
1726,41
88,46
123,28
227,27
448,43
910,22
1822,1
6,5
75,35
125,3
240,2
524,43
992,48
1981,1980
66,43
80,16
212,41
391,39
820,13
1603,3
80,33
111,4
266,42
491,20
1012,34
2000,1999
77,4
148,29
226,50
523,4
1027,24
39,38
110,30
247,26
485,20
931,50
1864,37
88,33
172,5
268,15
562,9
1172,18
15,9
105,10
189,4
354,48
688,7
1404,47
18,5
64,40
115,21
283,6
531,7
1062,23
50,11
69,14
137,2
292,36
561,30
1187,50
95,47
188,30
373,37
734,4
1483,7
23,22
48,47
154,26
248,18
479,28
1010,42
1956,1
33,23
91,32
184,9
374,17
751,25
1526,28
25,17
65,25
172,48
265,16
625,26
1154,35
68,20
72,42
149,9
346,24
683,23
1418,28
67,31
120,25
218,40
486,16
954,43
1901,44
46,16
94,41
223,37
426,26
859,1
1733,41
74,28
77,3
158,33
405,11
736,13
1510,1
31,17
59,35
175,16
288,43
644,41
1221,4
6,5
90,46
139,41
312,20
568,34
1131,34
75,21
125,7
283,42
488,33
1012,3
1985,11
16,1
89,18
146,23
316,44
643,1
1263,10
31,16
93,41
190,43
379,37
776,19
1512,28
82,12
93,13
184,45
442,39
876,4
1777,13
42,5
80,7
173,14
305,44
648,21
1286,16
69,35
74,39
195,19
370,28
728,2
1509,29
88,48
183,15
362,6
732,30
1439,11
30,4
48,47
171,17
331,15
616,34
1203,41
61,15
108,36
262,5
522,40
1002,40
1971,19
87,42
168,16
291,42
606,47
1214,6
71,46
172,18
253,24
566,11
1121,13
11,10
23,4
78,36
115,20
328,29
581,7
1162,5
40,39
89,42
161,27
300,24
607,10
1233,50
43,42
68,11
196,48
373,43
714,24
1489,14
99,10
135,31
302,32
588,14
1221,45
97,42
112,24
234,39
492,47
1010,6
1970,16
66,6
81,46
169,6
403,37
731,30
1529,16
88,35
157,12
303,49
577,36
1195,15
57,14
145,46
277,46
523,17
1053,50
15,14
27,5
63,14
202,14
327,19
695,23
1330,7
20,19
41,1
105,18
182,27
376,38
823,16
1572,1
86,8
174,27
351,37
639,48
1351,21
44,25
144,43
222,2
490,36
980,31
1892,4
8,7
69,8
92,24
196,6
455,15
876,14
1782,42
79,15
94,50
260,47
516,34
960,22
1982,1981
24,5
75,48
136,32
306,19
568,35
1131,6
11,10
52,40
158,45
302,19
573,45
1174,39
37,9
49,3
161,9
304,37
638,23
1208,19
64,24
128,2
228,1
473,39
959,7
1937,48
29,19
106,44
219,31
409,49
805,50
1577,11
58,16
78,32
187,24
352,14
704,6
1480,20
63,42
135,39
237,11
445,19
967,37
1890,29
56,29
145,3
225,3
513,49
1039,9
1958,22
96,30
159,10
294,10
635,12
1226,2
45,40
61,8
111,21
281,22
507,25
1061,50
42,4
140,43
252,33
505,33
955,30
1922,36
79,47
101,42
229,33
462,31
935,46
1852,33
68,16
106,25
241,25
507,45
962,34
1904,29
52,30
118,6
229,11
493,40
978,29
1928,12
83,3
168,11
313,26
650,46
1307,39
19,18
88,11
170,12
367,16
717,42
1440,43
45,14
94,25
224,27
388,14
823,21
1625,12
88,45
107,39
245,3
443,47
897,2
1822,8
65,9
82,21
160,25
329,20
637,36
1288,43
10,9
67,49
81,4
205,28
421,28
854,29
1642,14
52,28
63,30
135,19
290,40
607,21
1204,44
24,23
99,4
132,16
268,49
577,43
1180,11
19,18
44,41
149,31
275,36
562,20
1075,7
15,14
42,40
115,32
248,18
462,24
963,42
1919,24
70,47
111,32
267,7
539,15
1004,49
1996,1995
63,12
112,2
216,47
423,28
856,32
1676,12
20,19
42,20
161,27
317,2
618,25
1254,46
12,3
50,12
112,30
214,20
393,18
840,4
1656,34
16,15
91,19
176,27
339,26
682,6
1310,19
2,1
64,43
146,6
219,44
504,38
938,48
1922,35
66,23
81,26
198,3
390,1
824,49
1623,21
37,22
80,30
195,22
339,32
684,28
1380,33
17,16
108,21
218,39
438,20
830,19
1621,13
22,21
88,1
149,18
310,20
617,31
1287,43
94,9
112,5
293,21
581,22
1081,13
34,13
106,14
199,6
348,43
756,23
1515,22
85,23
130,1
295,17
602,5
1188,41
46,28
66,30
117,35
250,33
501,31
1012,41
1921,31
82,36
180,8
296,1
642,14
1246,19
33,32
69,48
133,26
309,45
628,13
1235,24
10,9
36,20
125,31
200,45
448,34
910,7
1731,23
73,5
79,9
173,37
375,11
757,29
1497,39
85,27
86,22
241,23
507,15
996,46
1934,46
8,7
68,1
118,47
284,20
532,1
1070,3
97,10
151,11
305,45
585,37
1191,4
93,49
113,22
242,19
531,18
1019,11
1957,3
88,28
178,30
305,26
597,40
1197,19
50,45
100,39
188,3
345,20
739,9
1492,47
44,4
121,50
234,43
435,41
888,35
1778,10
94,27
108,20
204,31
483,22
961,40
1862,31
80,24
115,11
266,43
490,23
962,50
1942,43
63,40
73,38
145,35
345,36
637,3
1303,31
63,5
108,28
270,30
493,1
981,46
1989,1988
21,3
63,10
147,12
330,1
612,31
1183,15
70,12
146,4
254,2
569,45
1113,7
28,27
60,41
90,28
216,1
484,24
971,30
1884,26
25,2
30,24
117,29
206,34
430,13
855,31
1759,29
22,11
91,20
166,35
341,5
701,3
1415,22
7,6
12,11
119,11
188,14
336,38
703,50
1400,25
38,35
62,26
192,38
320,8
615,47
1258,8
45,42
54,22
151,38
268,4
610,42
1191,32
29,14
102,50
135,16
350,8
648,38
1345,39
43,28
129,38
238,28
510,47
1011,10
1993,1992
32,31
56,39
96,33
237,30
470,45
955,49
1934,6
57,13
150,2
267,21
513,3
1024,44
63,28
143,39
227,9
446,41
880,49
1826,4
76,49
102,36
248,28
487,35
965,31
1914,24
61,22
110,11
272,50
452,40
996,30
1900,32
18,17
88,20
148,50
347,20
666,6
1315,17
35,34
98,31
212,4
405,19
831,13
1590,37
51,28
70,8
160,24
339,31
671,25
1378,2
94,46
158,21
346,39
680,21
1374,44
71,26
134,25
257,44
480,48
1039,23
1944,21
56,32
127,19
210,27
489,47
953,5
1878,33
42,17
100,37
160,28
305,19
636,12
1305,35
95,10
183,23
306,13
587,17
1220,4
81,38
122,5
251,1
552,23
1102,45
2,1
64,26
74,28
146,50
342,30
649,12
1312,9
58,43
104,14
186,5
350,10
749,30
1462,8
91,45
180,17
317,42
687,10
1344,8
41,4
98,6
149,31
333,38
649,42
1304,5
59,49
142,1
284,34
583,21
1127,24
96,46
108,5
304,40
535,29
1057,27
39,15
77,3
163,15
300,36
600,47
1216,22
5,4
31,29
97,6
182,3
351,30
678,32
1367,35
88,21
137,39
244,1
554,29
1057,41
10,9
21,14
126,15
193,49
425,34
792,5
1618,41
18,17
69,19
93,24
201,38
432,30
829,44
1650,34
99,8
189,18
304,11
687,24
1359,30
47,4
108,49
166,32
332,41
660,4
1323,31
14,13
59,30
138,47
309,14
584,29
1205,3
28,7
129,27
183,45
406,48
764,25
1538,26
41,9
129,35
179,16
367,4
803,34
1568,22
77,5
136,5
284,43
555,4
1141,2
90,8
153,26
320,30
616,15
1229,35
75,25
170,34
330,48
595,25
1268,34
60,2
81,15
145,6
347,33
723,41
1431,6
47,11
57,34
114,12
307,1
599,21
1213,22
71,35
166,1
310,17
639,18
1238,15
26,22
52,6
151,21
248,46
507,49
1032,20
49,17
57,48
181,37
347,10
702,40
1410,31
10,5
59,43
168,15
240,23
530,38
1008,44
69,17
131,46
257,2
547,40
1086,34
43,35
107,5
160,5
374,32
693,6
1448,45
22,1
37,11
122,42
193,45
376,39
806,8
1635,43
70,39
161,39
311,24
580,30
1156,7
55,14
102,34
226,26
441,18
868,45
1730,37
58,27
130,8
207,1
409,30
846,20
1683,45
94,49
159,20
345,14
621,32
1302,20
69,23
73,21
168,30
380,28
762,21
1474,11
11,10
100,49
177,29
389,23
705,49
1408,46
85,9
182,49
343,40
695,37
1354,38
94,18
151,45
251,22
539,14
1089,18
83,47
101,1
214,1
434,8
924,18
1838,44
7,6
74,2
98,4
273,43
493,49
1025,38
1988,1987
10,9
105,44
209,35
332,30
723,9
1479,9
60,3
113,38
181,12
421,34
841,46
1691,9
71,1
82,37
235,2
448,20
928,16
1865,47
10,9
69,43
124,41
239,7
500,41
948,20
1892,50
15,4
77,35
188,49
353,24
664,1
1319,30
20,19
57,40
146,27
242,2
530,34
1037,27
42,29
45,32
93,48
269,42
550,6
1100,46
35,29
37,32
75,39
233,4
405,27
854,42
1667,29
41,40
112,39
242,39
480,16
905,35
1838,43
51,32
114,20
230,37
417,22
835,30
1652,42
92,3
113,1
227,41
462,35
902,25
1882,13
22,7
84,43
123,39
243,24
494,19
1054,9
47,17
54,7
150,15
329,14
661,4
1280,21
41,5
128,21
237,18
478,49
896,23
1839,24
50,41
140,4
224,20
471,16
912,33
1852,32
89,44
90,12
272,33
552,48
1063,18
14,13
86,28
131,6
314,6
637,44
1270,31
11,10
46,17
93,46
157,46
405,43
801,49
1548,35
15,14
86,30
199,25
330,45
694,42
1374,39
63,5
148,11
244,10
489,42
1032,36
1919,43
28,27
59,49
128,46
235,23
512,9
1056,33
33,22
41,19
106,25
189,32
393,15
849,40
1690,22
32,31
78,22
121,6
277,25
590,26
1110,19
74,9
86,28
237,18
475,10
938,41
1815,32
21,2
80,12
143,17
329,7
628,8
1256,4
101,18
167,28
313,14
597,13
1275,29
67,20
157,45
260,6
518,14
1059,37
9,8
49,14
125,28
255,49
531,26
1038,21
16,3
24,11
99,46
225,37
446,4
907,39
1727,28
92,3
181,11
360,24
733,34
1457,36
20,3
84,27
152,1
302,45
615,43
1196,47
81,27
181,50
355,41
716,44
1431,43
21,20
110,23
155,23
380,41
677,26
1360,18
101,40
187,41
372,41
728,49
1399,44
26,25
114,33
168,1
370,9
720,26
1491,8
39,1
79,2
120,13
318,29
568,40
1201,7
27,5
128,5
242,33
430,49
857,17
1782,27
69,41
129,2
292,14
544,50
1043,43
59,30
122,24
279,15
510,50
1069,16
66,47
116,35
270,17
474,6
958,10
1977,1976
61,39
111,11
260,48
438,32
909,26
1863,44
52,39
88,33
153,15
315,23
674,45
1359,46
101,30
103,17
232,43
519,14
1046,25
25,24
63,33
168,32
290,35
622,29
1202,22
28,4
82,33
209,3
354,15
751,43
1476,26
17,16
53,38
117,39
254,36
531,14
1023,10
1925,44
15,14
23,12
49,39
152,30
256,39
519,37
1071,42
72,23
125,48
281,13
517,20
1041,21
85,26
99,13
278,8
494,14
990,35
1982,17
58,26
158,24
310,38
554,27
1158,29
99,32
130,47
289,23
599,20
1127,12
2,1
74,42
78,44
203,1
380,34
778,39
1521,6
25,24
53,40
166,29
341,30
612,29
1240,4
64,32
156,46
313,24
565,50
1107,12
50,22
142,33
289,37
562,8
1062,32
63,17
85,34
219,44
455,44
862,40
1746,48
48,35
67,7
134,46
293,46
613,16
1238,1
82,46
96,18
246,14
431,17
858,45
1796,30
4,3
78,12
164,32
288,8
538,4
1102,12
45,3
137,36
272,38
465,7
932,9
1946,23
93,47
96,4
230,28
461,32
897,24
1877,1
22,11
52,6
123,4
298,38
535,6
1038,42
96,19
129,28
286,39
540,24
1140,48
93,19
173,39
359,1
656,6
1340,42
24,9
53,18
159,46
285,46
555,10
1128,39
25,9
91,49
195,32
346,13
691,46
1403,50
68,40
109,30
238,29
499,16
985,35
1912,43
85,43
86,18
222,50
490,31
961,26
1873,8
40,8
77,50
137,16
289,10
639,49
1215,37
55,4
137,14
240,21
506,50
947,26
1970,1969
62,50
118,28
206,25
408,43
815,44
1671,6
96,2
120,39
280,11
548,50
1124,42
52,34
68,1
215,15
420,21
797,33
1590,39
36,19
94,11
176,4
330,16
719,32
1408,36
14,13
100,18
203,18
373,6
753,31
1475,12
98,8
178,36
322,21
623,17
1274,42
23,22
40,7
152,43
313,37
627,8
1192,36
59,5
113,41
249,46
429,44
906,14
1769,26
11,10
63,33
130,3
229,34
496,28
931,50
1906,15
75,40
92,4
209,46
424,14
839,21
1664,42
79,30
91,14
245,25
483,24
923,39
1886,45
65,39
103,25
263,16
452,4
929,20
1829,7
6,5
9,7
69,48
164,24
272,35
544,21
1075,14
82,45
113,6
234,24
431,25
951,29
1838,26
76,13
146,44
269,15
521,33
1112,25
101,29
113,15
293,33
526,28
1117,15
74,46
154,11
245,12
561,46
1126,21
23,22
116,30
211,14
372,34
789,49
1520,42
78,47
154,24
314,23
617,47
1236,35
65,16
69,47
189,28
365,8
764,24
1535,26
99,19
172,23
335,13
681,46
1354,26
31,16
54,40
156,22
331,33
601,35
1243,3
88,17
153,33
292,42
556,9
1134,9
30,18
33,32
99,35
178,46
343,25
709,23
1454,4
54,47
114,42
244,34
442,6
919,15
1824,29
36,9
134,1
218,8
428,24
915,4
1807,20
63,27
85,48
239,42
473,49
947,37
1849,41
55,13
94,36
187,49
357,49
791,23
1556,49
69,1
102,11
224,27
484,47
971,8
1901,33
64,34
116,50
235,42
511,36
979,1
1973,1972
70,48
88,45
169,4
370,25
735,43
1521,24
23,22
61,39
87,17
244,41
495,8
956,36
1871,38
15,11
98,2
146,26
307,46
603,29
1243,8
80,34
103,29
232,45
470,41
898,14
1869,28
36,10
77,43
187,19
346,21
658,16
1339,27
37,11
63,3
124,44
317,20
550,20
1189,27
45,35
101,39
171,1
351,17
767,24
1448,47
100,20
127,27
241,50
502,40
1039,8
101,36
116,4
278,46
545,36
1085,49
15,14
96,26
168,27
361,24
689,33
1391,8
61,11
89,48
188,34
396,47
777,8
1526,50
85,3
170,28
297,19
650,6
1263,42
27,26
39,14
123,9
204,19
459,50
894,32
1747,45
55,27
108,8
218,27
404,2
817,40
1606,29
36,35
125,25
173,37
419,42
809,8
1575,23
70,9
91,44
169,40
346,43
741,14
1497,45
67,11
125,26
195,17
466,2
940,27
1817,16
13,12
79,49
193,31
336,8
636,2
1318,35
46,43
124,18
246,20
478,23
916,18
1855,20
72,15
128,36
286,12
511,18
1017,33
29,28
52,23
111,18
230,41
428,9
925,4
1777,21
13,1
39,9
113,16
190,13
363,20
759,21
1577,24
5,4
93,44
129,50
257,4
544,30
1129,30
94,37
183,27
344,8
661,50
1356,39
45,36
84,34
139,48
335,13
704,44
1399,22
87,13
90,14
189,40
402,40
829,10
1625,37
86,9
106,31
269,30
558,26
1093,10
62,40
152,6
222,37
465,30
919,19
1905,32
38,21
123,50
199,24
450,2
893,19
1794,12
24,17
32,31
112,30
217,49
455,30
844,44
1721,32
49,33
73,37
220,39
393,27
828,17
1610,3
97,27
113,2
271,37
554,34
1093,38
63,17
77,30
163,30
330,17
666,43
1362,20
11,10
24,12
98,36
156,1
369,34
668,43
1402,47
73,19
98,46
215,14
461,32
851,9
1742,46
50,16
110,25
192,35
432,3
881,40
1708,48
76,49
137,15
265,11
511,42
1056,21
49,32
120,48
204,38
469,40
857,21
1782,23
79,25
153,43
263,4
573,30
1071,25
12,1
79,3
147,50
323,37
565,36
1138,36
89,39
112,41
226,25
436,45
956,8
1874,47
51,25
79,46
230,18
373,20
785,42
1540,23
0
0
0
0
0
0
0
0
0
1
1
1
1
1
2
2
3
3
3
3
3
4
4
4
5
5
5
7
7
7
7
8
8
8
8
9
9
10
11
12
12
13
13
13
13
13
14
14
14
15
15
16
16
17
17
17
17
17
17
17
17
18
18
18
18
19
19
20
20
20
21
21
21
21
22
22
22
23
23
23
24
24
24
24
24
25
25
25
27
27
28
28
29
30
30
30
31
31
31
31
31
31
32
32
32
32
33
33
34
34
34
35
36
36
36
37
37
37
37
37
38
38
38
39
39
40
40
40
40
40
40
40
40
40
40
40
41
41
41
41
42
42
43
43
43
43
44
44
44
44
45
45
45
46
47
47
47
48
48
48
49
49
49
49
50
50
50
51
51
51
51
51
51
51
51
52
52
53
53
54
54
54
55
55
56
56
56
58
58
58
58
58
58
58
59
59
60
60
60
60
60
60
61
61
61
61
61
62
62
63
63
64
64
64
64
64
64
65
66
66
66
66
67
67
67
67
67
67
68
68
69
69
69
69
70
70
70
70
70
70
71
71
71
72
72
73
73
73
73
73
74
74
74
74
74
75
75
75
75
75
76
76
76
76
77
77
77
77
77
78
78
78
78
78
79
79
79
79
79
79
79
79
80
80
80
80
81
81
81
81
82
82
82
83
83
83
83
83
83
83
83
84
84
84
84
84
84
84
85
85
85
85
85
86
86
87
88
88
88
88
88
88
88
88
89
90
90
90
90
90
90
91
91
91
91
91
91
92
92
93
93
94
94
94
95
95
95
95
96
96
96
96
97
97
97
97
97
97
97
98
98
98
98
98
98
99
99
99
100
100
100
100
100
101
101
101
101
101
101
102
102
102
102
103
103
103
103
103
103
104
104
104
104
104
105
105
105
105
106
106
106
106
106
106
107
107
107
108
108
108
108
108
108
108
108
109
109
110
110
110
111
111
111
112
112
112
112
112
113
113
113
113
113
114
114
114
114
114
115
115
115
115
115
115
116
116
116
117
117
117
117
117
119
119
120
120
121
121
122
122
122
123
124
124
124
124
124
125
125
125
125
126
126
126
126
126
126
127
127
128
128
128
128
129
129
130
130
130
130
130
130
130
131
131
131
131
131
132
132
134
134
135
135
136
136
136
137
137
137
137
137
137
137
137
138
139
139
139
140
140
140
140
142
142
142
142
142
142
143
143
143
143
144
144
144
145
145
145
145
145
145
146
146
147
147
148
148
148
148
148
149
150
150
150
151
151
151
151
152
152
152
152
152
154
155
156
156
158
158
158
158
158
159
160
160
160
161
162
162
162
163
163
164
165
165
165
165
166
166
167
167
168
169
170
170
172
172
173
173
173
174
174
174
175
176
176
176
176
177
177
177
177
178
178
178
179
179
179
180
180
181
181
182
182
182
182
183
183
184
185
185
187
187
187
188
188
188
189
189
190
190
190
190
191
192
192
192
193
193
194
194
195
196
196
196
197
199
200
201
201
202
202
202
202
203
204
204
205
206
206
207
207
208
208
208
208
208
209
209
210
210
211
212
212
214
214
215
215
215
216
217
217
217
217
217
219
219
220
220
221
222
222
222
222
223
223
223
225
226
226
226
226
227
228
228
229
229
230
231
231
231
232
233
233
234
234
235
235
236
236
237
237
238
238
239
239
241
242
242
243
243
244
245
246
246
247
247
247
247
248
248
249
249
250
250
250
251
251
251
252
253
255
255
256
260
260
261
261
262
262
263
263
264
264
265
265
265
266
268
268
269
270
270
271
272
272
274
274
275
276
277
277
278
279
279
280
281
282
282
282
282
286
286
286
286
287
288
288
292
294
295
296
297
297
298
298
301
301
302
303
304
305
305
305
305
305
305
305
306
306
307
307
308
308
309
311
312
312
312
313
313
314
315
315
315
315
316
316
317
318
318
319
319
320
320
321
321
321
321
322
322
322
322
322
323
323
325
326
326
326
326
326
328
328
328
329
330
330
331
332
332
333
333
334
334
335
335
335
337
338
339
339
339
340
340
340
341
341
342
342
342
343
343
343
343
344
344
345
347
347
349
349
350
351
353
353
354
355
355
355
355
356
356
356
356
356
357
357
358
358
358
358
358
358
359
359
359
359
360
360
361
361
364
365
366
367
367
371
371
371
372
372
372
373
376
377
378
378
379
379
379
380
383
383
384
384
385
386
386
386
386
387
389
389
391
391
391
394
395
396
396
397
397
398
398
399
399
400
400
400
400
403
404
404
404
405
405
406
407
410
411
411
411
412
412
413
413
413
413
413
416
416
416
417
418
422
422
424
424
424
425
425
425
427
428
429
429
429
430
430
430
432
432
434
434
436
436
436
437
437
438
438
438
439
439
439
442
442
442
443
444
446
448
448
448
449
449
450
450
451
451
451
458
458
458
459
459
459
459
460
460
460
461
461
462
462
463
463
464
464
464
464
464
465
465
467
468
469
469
470
470
471
472
473
474
476
476
477
477
478
478
480
481
481
482
483
483
485
486
487
488
489
489
490
490
490
490
491
491
493
496
496
497
497
497
499
499
499
502
503
504
504
505
506
507
508
509
509
510
510
510
511
511
511
514
514
514
515
515
515
516
517
519
519
522
522
524
524
524
524
526
528
528
529
531
532
532
534
534
534
534
535
536
537
538
538
542
543
543
544
544
545
545
545
545
546
547
547
547
547
548
549
549
550
551
552
555
555
555
556
556
557
558
559
559
560
562
563
564
564
565
566
568
570
571
571
573
573
573
573
573
576
576
576
576
577
577
579
582
585
585
586
586
586
587
589
589
590
591
592
594
594
595
595
596
596
596
596
597
597
598
599
602
602
603
604
604
605
606
606
607
611
611
612
613
614
614
616
616
620
622
622
623
623
623
624
625
626
626
627
627
629
630
631
631
632
633
635
636
638
638
638
639
639
640
642
642
644
645
645
645
647
647
648
650
650
651
651
651
652
652
654
654
656
657
659
662
662
662
663
664
664
665
665
666
669
670
671
674
674
674
676
676
677
678
680
682
682
683
685
687
687
687
687
688
688
690
691
691
692
692
692
697
699
700
700
701
701
702
702
703
703
704
705
706
707
707
707
709
710
713
714
715
715
716
717
717
718
718
719
720
720
722
722
723
724
724
726
726
726
726
729
729
729
729
729
731
731
731
734
735
736
738
738
738
740
741
742
742
743
744
745
746
746
746
747
748
748
750
752
755
757
757
758
759
761
761
762
769
769
769
771
771
772
773
774
776
777
777
778
778
778
779
780
782
782
784
786
787
788
791
794
796
803
804
807
808
809
810
811
812
812
812
813
813
813
813
817
817
819
819
820
820
821
821
822
822
823
824
825
826
826
827
828
828
829
830
831
832
833
833
834
834
834
835
836
836
836
840
840
841
843
843
843
845
845
847
847
848
849
850
850
854
854
855
858
858
858
858
858
858
859
860
864
864
865
869
870
870
871
871
872
873
873
873
874
878
879
881
883
886
887
889
890
891
892
892
893
895
895
896
897
898
898
898
899
900
900
902
903
903
904
906
907
908
909
909
911
913
915
918
918
918
919
920
920
920
920
920
923
924
924
928
932
932
932
934
934
934
934
938
939
940
940
941
942
942
947
947
948
951
953
959
959
960
960
960
960
961
963
964
967
967
968
968
968
972
973
973
974
975
975
976
978
979
980
980
981
981
983
984
985
986
987
988
989
990
993
994
994
995
995
995
997
1000
1001
1002
1003
1004
1004
1010
1011
1013
1014
1015
1016
1017
1018
1020
1024
1025
1026
1027
1027
1027
1027
1028
1029
1029
1031
1032
1033
1033
1034
1034
1035
1035
1035
1036
1037
1038
1038
1039
1042
1042
1043
1045
1046
1048
1050
1052
1053
1055
1056
1056
1056
1059
1060
1060
1061
1061
1061
1063
1063
1063
1067
1068
1071
1071
1071
1071
1074
1075
1075
1077
1079
1080
1080
1080
1080
1080
1081
1081
1083
1083
1085
1086
1087
1087
1088
1091
1093
1093
1095
1095
1095
1101
1102
1103
1103
1103
1108
1109
1109
1110
1110
1111
1112
1112
1113
1113
1115
1117
1120
1123
1124
1124
1128
1128
1130
1131
1133
1134
1134
1137
1137
1138
1138
1140
1140
1140
1142
1143
1143
1145
1148
1148
1149
1150
1150
1151
1153
1153
1156
1159
1161
1161
1162
1162
1163
1165
1165
1167
1168
1169
1169
1169
1170
1172
1172
1172
1174
1175
1178
1178
1178
1179
1181
1181
1184
1185
1185
1186
1187
1190
1190
1190
1192
1192
1194
1194
1194
1196
1198
1199
1199
1199
1199
1200
1202
1203
1205
1206
1206
1207
1209
1209
1209
1210
1212
1215
1215
1216
1219
1219
1220
1220
1221
1222
1222
1225
1226
1227
1227
1227
1227
1229
1230
1232
1236
1238
1239
1240
1241
1241
1243
1243
1243
1244
1245
1245
1245
1247
1247
1247
1248
1248
1249
1254
1256
1257
1258
1259
1260
1261
1261
1262
1262
1262
1268
1270
1270
1270
1270
1270
1271
1271
1273
1275
1275
1278
1278
1279
1281
1283
1284
1284
1286
1286
1286
1287
1289
1289
1289
1290
1291
1293
1294
1294
1294
1296
1297
1297
1301
1301
1302
1302
1302
1304
1305
1306
1308
1308
1309
1309
1313
1317
1317
1318
1321
1322
1323
1324
1326
1327
1327
1328
1328
1329
1329
1330
1333
1334
1334
1335
1335
1335
1335
1340
1342
1342
1343
1343
1344
1345
1345
1350
1351
1352
1353
1356
1360
1360
1363
1363
1363
1364
1366
1368
1368
1369
1370
1370
1372
1373
1375
1376
1377
1377
1377
1380
1386
1386
1390
1392
1395
1396
1397
1398
1399
1400
1401
1402
1404
1405
1405
1406
1412
1413
1413
1416
1417
1417
1418
1419
1422
1422
1424
1425
1425
1425
1428
1428
1429
1429
1430
1431
1431
1431
1432
1434
1435
1436
1438
1439
1440
1440
1441
1442
1445
1446
1450
1451
1451
1452
1452
1455
1456
1456
1456
1456
1457
1457
1459
1459
1459
1461
1462
1463
1465
1465
1467
1469
1470
1475
1476
1477
1479
1479
1484
1485
1486
1486
1487
1488
1488
1490
1492
1492
1495
1495
1500
1502
1502
1504
1508
1509
1509
1511
1511
1512
1514
1515
1516
1517
1520
1521
1521
1521
1522
1522
1523
1524
1524
1526
1527
1527
1533
1534
1535
1535
1536
1537
1538
1538
1538
1539
1541
1541
1542
1543
1543
1544
1546
1547
1550
1550
1551
1552
1553
1554
1556
1558
1558
1561
1564
1565
1570
1573
1573
1574
1577
1579
1580
1581
1581
1582
1582
1583
1584
1584
1586
1589
1589
1590
1590
1591
1592
1593
1594
1597
1597
1597
1597
1599
1600
1601
1601
1604
1604
1605
1605
1607
1609
1610
1611
1614
1615
1616
1618
1620
1620
1622
1625
1627
1631
1633
1635
1636
1637
1637
1638
1638
1638
1640
1640
1641
1642
1645
1647
1647
1647
1649
1650
1652
1654
1654
1654
1656
1657
1657
1662
1663
1665
1665
1667
1668
1669
1670
1671
1671
1672
1672
1674
1677
1680
1680
1682
1683
1685
1686
1686
1686
1687
1693
1693
1693
1694
1694
1694
1696
1697
1699
1700
1704
1704
1705
1705
1706
1708
1709
1710
1710
1711
1711
1712
1716
1722
1723
1725
1725
1727
1727
1731
1732
1732
1732
1732
1733
1733
1734
1736
1736
1737
1737
1737
1738
1739
1741
1744
1744
1744
1745
1745
1745
1745
1747
1747
1751
1751
1752
1755
1755
1757
1758
1760
1761
1761
1761
1762
1763
1765
1766
1768
1768
1769
1769
1769
1770
1771
1772
1772
1773
1773
1775
1775
1775
1778
1779
1780
1780
1781
1783
1783
1784
1784
1784
1788
1789
1791
1792
1792
1792
1792
1793
1794
1794
1794
1794
1796
1797
1797
1800
1804
1805
1806
1809
1809
1812
1813
1816
1816
1816
1818
1819
1819
1821
1822
1824
1825
1826
1827
1827
1830
1830
1830
1831
1831
1833
1834
1834
1836
1837
1842
1842
1843
1844
1845
1846
1847
1847
1850
1850
1850
1852
1852
1854
1855
1856
1856
1857
1860
1860
1862
1862
1864
1865
1867
1867
1867
1867
1867
1869
1872
1872
1873
1874
1874
1877
1877
1879
1881
1883
1890
1890
1892
1893
1894
1894
1895
1897
1899
1899
1900
1900
1901
1901
1902
1902
1902
1906
1907
1910
1910
1911
1913
1913
1913
1916
1916
1916
1917
1918
1921
1921
1921
1922
1922
1926
1926
1926
1926
1928
1928
1930
1931
1932
1932
1932
1933
1934
1935
1935
1936
1936
1937
1937
1937
1938
1938
1938
1939
1940
1940
1941
1941
1945
1945
1948
1948
1951
1951
1952
1953
1954
1954
1957
1958
1958
1963
1970
1972
1978
1980
1981
1985
1990
1990
1992
1997
2000
2152
2884
3274
3903
