Primero viene la cantidad (n) de timestamps para ambos, luego n líneas que son un timestamp aproximado cada uno separado por una coma (',') del error, y luego n lineas de las transacciones del sospechoso
2505
74,6
137,8
222,40
516,50
1009,6
1979,21
42,25
142,17
240,41
505,2
987,35
1940,6
82,39
121,39
225,9
432,23
927,33
1804,39
3,2
13,12
75,26
146,40
330,23
662,40
1290,23
28,8
54,43
154,16
309,31
639,50
1227,18
69,25
156,44
245,36
547,48
1104,5
55,34
142,35
206,15
421,16
838,10
1731,30
40,39
136,30
274,8
539,17
996,43
1943,6
43,42
133,18
198,39
400,6
853,48
1715,3
15,14
49,25
162,13
230,3
458,4
963,49
1960,1959
20,13
49,48
83,26
251,41
456,25
867,11
1760,48
33,30
49,14
90,46
250,35
487,16
957,40
1895,34
40,28
128,40
180,12
444,49
873,6
1684,1
59,45
78,27
194,1
344,24
682,18
1421,13
20,19
116,6
228,16
367,16
817,32
1565,23
19,9
55,23
117,14
240,11
436,26
949,29
1908,4
55,45
113,34
184,47
395,46
775,15
1609,41
60,50
76,47
230,4
416,38
787,49
1620,20
101,18
130,42
242,17
558,17
1034,40
79,44
150,7
238,6
519,8
1002,22
1992,1991
19,18
115,43
143,10
355,47
700,26
1367,22
74,12
154,47
272,18
556,6
1073,37
14,13
19,17
34,12
79,41
201,14
428,48
821,17
1620,18
19,18
112,44
141,46
365,32
721,1
1377,45
55,48
130,18
281,32
472,34
1034,33
1979,1978
62,48
110,31
184,46
431,32
806,46
1615,45
49,30
66,11
132,5
332,41
675,38
1296,27
32,31
113,37
165,9
384,26
751,44
1486,13
100,27
180,12
315,38
608,19
1293,38
40,12
78,21
211,24
365,36
742,19
1442,28
60,28
158,44
290,22
601,42
1153,49
82,24
137,40
269,26
571,2
1123,40
84,33
139,46
271,24
574,4
1111,4
22,21
33,22
146,15
225,34
494,15
1008,8
1983,1982
49,39
75,26
208,36
340,43
702,12
1398,31
30,28
66,35
185,48
305,24
648,2
1240,26
37,7
56,14
169,33
286,32
566,6
1126,49
80,34
147,35
309,17
615,11
1192,6
77,32
150,15
313,20
601,6
1223,29
12,1
37,16
91,20
196,43
371,45
716,48
1464,48
28,27
106,6
211,25
407,20
797,44
1621,20
87,28
137,31
285,38
576,16
1093,33
86,36
96,37
221,25
418,30
918,32
1839,30
57,2
103,33
191,37
374,26
737,11
1532,37
95,44
171,8
271,19
602,23
1160,27
48,15
108,48
240,39
444,25
854,2
1711,8
22,21
46,15
152,8
274,50
539,27
1050,41
38,3
58,50
158,18
328,42
610,40
1277,50
47,4
65,29
189,26
369,29
717,44
1474,23
81,40
176,19
275,25
624,7
1241,21
57,49
136,4
215,8
509,16
1014,43
1996,1995
99,38
143,11
325,20
606,2
1251,30
3,2
6,5
23,22
102,41
178,23
389,1
734,49
1459,48
90,25
112,48
290,11
529,15
1099,33
66,45
122,7
259,40
488,14
971,46
1939,23
87,17
140,43
272,50
599,42
1153,46
34,31
58,10
104,40
225,27
438,44
915,23
1823,43
1,0
102,9
187,3
315,7
650,18
1354,47
51,15
135,39
250,42
482,44
1014,10
1964,35
68,12
154,6
224,8
504,15
1049,16
1945,26
17,2
35,15
123,46
258,23
455,17
907,3
1846,20
5,4
93,28
124,12
261,23
554,40
1077,28
30,28
61,13
190,35
288,13
649,43
1241,43
60,8
144,49
286,48
515,24
1061,19
82,22
161,20
248,26
592,50
1098,44
37,36
38,37
111,6
232,40
496,9
919,31
1836,13
67,15
133,36
271,38
483,27
970,25
1953,6
89,4
167,48
336,30
606,13
1264,19
96,2
111,37
212,30
470,7
970,23
1880,49
70,18
101,42
197,11
431,28
844,11
1683,17
36,17
39,31
117,37
284,19
564,20
1135,29
45,32
138,24
284,36
551,38
1038,11
70,12
106,35
255,41
520,23
1008,22
1975,14
4,3
58,29
111,24
199,28
449,35
840,17
1716,21
13,2
101,18
144,34
353,25
639,18
1265,27
74,43
82,19
218,43
447,16
877,11
1742,39
81,39
121,22
276,15
490,6
1014,25
1915,4
77,40
123,4
260,6
462,15
985,4
1981,1980
41,32
108,7
221,38
372,3
762,48
1564,15
75,33
167,38
341,34
635,11
1260,5
20,4
86,19
107,16
286,10
576,38
1168,37
36,25
119,43
233,7
441,50
921,36
1775,4
6,4
49,27
125,11
207,22
436,21
829,14
1667,14
8,7
17,16
87,22
128,48
284,7
586,44
1120,14
82,37
160,17
250,46
586,3
1136,2
73,35
134,40
280,44
491,27
1026,9
67,43
149,37
280,24
597,9
1174,9
34,19
58,3
111,39
285,28
554,3
1137,4
71,36
115,14
265,19
537,24
1004,15
1982,1981
45,26
127,49
195,45
460,41
871,21
1730,48
35,34
56,31
178,45
330,20
693,31
1347,20
80,44
117,31
256,29
536,46
1059,22
60,11
78,27
148,13
288,21
611,20
1242,14
18,17
98,44
132,26
332,32
653,3
1246,37
82,12
89,45
256,33
458,32
908,48
1891,16
88,4
90,6
188,28
413,46
790,12
1658,18
95,19
110,16
289,38
531,7
1037,34
62,38
131,38
239,46
493,2
979,11
1966,13
36,2
60,26
113,24
305,30
597,33
1169,3
61,2
141,12
245,39
527,4
997,21
1997,1996
99,32
180,20
362,17
658,32
1362,3
78,32
125,18
214,50
480,19
934,46
1907,40
38,37
121,32
180,21
417,1
834,31
1677,14
74,47
142,21
295,41
588,33
1160,12
31,13
68,11
180,29
286,36
593,33
1245,15
24,17
55,33
80,29
180,21
368,29
710,25
1458,37
89,21
117,42
247,17
492,21
1046,23
1918,26
24,23
111,20
178,16
349,33
736,10
1440,7
51,34
60,29
174,5
352,7
691,42
1351,45
46,18
102,25
200,6
425,15
783,48
1652,16
28,1
122,38
225,1
406,17
858,23
1713,47
9,8
89,31
136,37
321,47
587,11
1230,50
69,45
131,32
236,5
455,36
951,8
1861,25
18,17
105,18
155,12
369,27
669,13
1339,8
84,44
167,31
266,21
522,35
1059,49
82,3
155,41
310,21
551,19
1186,11
78,10
178,18
309,31
614,8
1248,18
65,41
92,17
211,29
377,1
810,24
1618,29
96,42
165,49
285,29
583,18
1133,14
59,30
129,9
252,24
452,9
968,4
1864,3
29,28
118,3
234,45
463,21
869,34
1718,50
44,22
111,35
191,31
392,27
832,40
1624,27
8,7
82,29
108,2
209,20
412,8
879,4
1726,42
3,2
85,12
140,34
282,25
513,26
1085,9
52,48
141,37
271,13
497,24
1024,5
1940,15
71,30
104,31
182,1
378,19
766,24
1595,21
24,23
122,13
191,28
434,19
830,40
1693,11
20,19
78,35
168,28
334,8
663,15
1287,29
95,33
107,23
263,15
485,27
956,34
1947,11
28,27
71,27
145,20
259,34
557,18
1145,28
76,48
177,27
325,18
624,47
1279,31
82,25
150,43
271,21
552,30
1139,8
73,6
98,50
206,18
384,20
849,20
1679,46
87,25
121,11
231,6
444,40
933,16
1841,9
37,6
119,20
245,5
443,24
930,5
1775,39
77,33
173,8
324,23
582,6
1248,14
84,34
101,14
204,37
424,14
836,33
1704,42
65,43
165,18
280,48
597,33
1147,30
9,8
22,21
56,18
92,8
246,48
448,41
936,8
1852,22
32,25
127,14
183,41
349,31
779,25
1529,10
71,10
117,37
250,15
442,37
929,38
1837,6
29,10
71,7
151,16
263,36
562,8
1146,20
94,21
156,4
259,28
591,23
1116,14
46,44
86,9
141,21
301,43
658,42
1284,1
67,30
83,11
216,37
370,12
791,33
1589,39
82,2
161,4
266,4
526,34
1127,39
89,49
146,21
306,22
582,30
1193,10
31,30
108,34
225,7
438,17
891,7
1722,20
31,19
131,19
227,26
444,18
884,28
1719,30
56,18
71,41
196,36
366,31
790,43
1546,33
84,29
103,17
264,49
502,12
1003,43
1913,14
11,10
12,3
86,38
130,18
332,15
605,29
1269,6
42,17
128,44
271,1
477,42
953,34
1931,8
1,0
58,41
160,28
277,2
562,35
1123,21
99,38
155,19
354,10
622,9
1291,42
93,24
101,48
197,2
459,35
887,22
1753,40
49,23
148,37
258,2
532,19
1031,42
22,8
78,29
143,11
327,31
643,29
1216,2
53,8
108,1
180,32
373,18
718,15
1496,6
68,16
74,32
236,35
404,50
878,31
1723,34
11,2
74,17
149,15
308,11
573,20
1145,50
17,16
86,30
150,37
301,12
621,31
1269,48
43,39
120,10
166,1
346,15
724,37
1443,40
78,3
123,23
295,39
531,14
1040,36
22,21
77,30
126,15
285,3
546,29
1117,31
69,34
94,46
189,45
425,23
872,41
1707,28
1,0
11,3
51,50
65,42
149,29
307,42
651,39
1261,2
65,37
155,19
250,5
530,46
1040,10
24,3
80,38
129,13
330,36
637,16
1282,3
18,17
86,33
193,9
329,15
722,36
1392,2
6,5
19,12
107,24
159,41
369,42
670,35
1340,36
93,41
149,23
255,39
504,18
1007,42
39,34
70,34
142,44
311,9
654,36
1276,9
94,16
187,29
295,14
608,12
1237,7
64,8
97,2
187,2
405,32
841,41
1612,33
61,34
144,39
242,16
475,49
958,33
1904,4
68,17
110,9
254,50
434,50
929,38
1892,42
83,25
181,7
276,33
583,23
1184,10
44,20
95,21
156,13
355,36
722,27
1374,22
86,44
148,27
333,14
667,50
1293,29
26,25
110,30
192,26
359,37
776,39
1511,19
85,3
139,36
310,28
625,48
1174,6
20,19
110,3
231,19
420,28
796,37
1632,34
73,17
79,41
218,4
432,49
842,45
1657,40
7,6
84,48
160,35
322,2
594,24
1223,44
77,32
84,30
246,23
481,35
918,20
1817,28
60,40
159,39
318,5
638,12
1229,39
34,7
48,45
115,11
221,22
465,23
911,41
1839,50
54,26
89,7
209,30
362,3
785,6
1555,24
82,16
115,33
255,43
533,18
1012,50
1942,45
39,15
83,21
150,9
279,21
598,36
1244,35
77,29
163,29
251,38
565,9
1108,48
40,25
54,29
189,36
293,33
620,15
1281,15
82,10
116,49
224,33
437,4
890,31
1788,17
59,24
94,47
154,38
349,14
744,4
1423,48
8,7
105,17
187,39
392,22
706,3
1432,25
1,0
54,19
70,3
169,14
337,2
727,31
1454,48
18,17
111,20
227,35
454,10
843,36
1668,27
92,15
97,26
280,8
499,38
1033,43
77,43
85,34
256,8
452,48
958,23
1856,34
80,21
154,6
243,46
543,21
1056,23
32,31
43,11
150,43
313,31
604,8
1210,18
56,27
137,24
223,37
435,29
899,26
1773,34
93,31
104,39
254,35
502,21
1035,42
1977,17
79,3
131,50
237,25
464,20
1011,2
1927,16
14,13
41,3
119,27
266,47
492,9
1002,42
1923,47
62,40
99,2
246,1
495,24
991,30
1987,8
27,7
74,27
154,49
276,33
625,33
1167,14
74,35
175,1
347,40
654,7
1323,48
84,33
174,33
343,9
664,2
1343,44
101,1
139,11
259,8
535,18
1036,18
88,42
129,40
291,15
514,7
1094,43
26,25
74,15
188,5
338,49
721,3
1423,14
2,1
93,11
98,11
258,5
532,19
1084,50
35,34
56,2
190,8
322,32
670,37
1305,16
48,10
70,35
126,32
304,50
622,15
1211,30
73,42
139,37
277,25
514,14
1097,43
47,24
97,43
243,25
431,22
915,19
1745,29
89,20
126,46
252,41
559,38
1063,16
73,2
142,14
266,50
549,5
1078,12
99,4
143,15
341,42
652,23
1306,21
49,17
113,16
243,9
489,11
964,46
1920,37
19,18
27,26
121,35
179,9
399,12
777,17
1576,25
47,20
60,27
135,36
309,16
632,16
1231,7
41,8
140,21
270,11
533,1
998,34
1986,1985
2,1
98,28
160,4
299,20
605,38
1183,50
18,17
45,11
153,4
238,3
476,37
942,29
1892,49
74,50
121,16
269,24
474,9
989,22
1998,1997
74,40
99,3
175,33
379,34
794,1
1547,26
60,27
133,3
220,45
441,40
889,29
1753,37
64,38
82,2
202,41
392,50
785,47
1607,10
27,15
75,18
162,44
353,38
668,45
1321,40
58,13
157,8
296,25
562,26
1086,4
31,25
73,2
197,23
360,30
700,12
1371,45
41,15
125,11
229,16
448,4
867,11
1759,4
11,5
50,46
129,47
205,33
429,19
855,36
1715,46
69,40
122,13
208,12
413,10
829,30
1694,47
71,14
144,27
246,46
491,41
1022,5
1982,1981
26,6
64,27
171,44
318,50
628,14
1217,37
52,43
151,11
236,16
472,6
973,46
1969,29
20,19
69,11
105,13
264,23
470,30
963,44
1967,31
66,40
114,21
226,33
504,46
999,25
1946,9
1,0
56,1
113,4
198,16
404,35
853,23
1682,1
91,23
168,5
291,8
562,17
1208,44
86,49
186,38
317,4
623,29
1257,41
86,23
118,47
285,9
531,34
1121,6
100,34
102,19
255,21
546,6
1032,6
64,24
144,38
235,26
462,11
931,3
1931,17
15,14
47,41
107,25
215,43
385,5
801,42
1664,16
92,28
94,34
249,15
479,16
973,42
1888,20
71,4
124,39
273,25
549,45
1063,20
99,43
194,46
382,47
708,6
1456,42
96,34
173,47
312,6
668,13
1286,3
97,17
121,32
310,8
531,7
1072,45
61,46
149,4
227,42
445,3
954,9
1874,46
50,44
124,5
240,31
419,45
860,38
1751,2
59,25
83,24
227,8
389,42
828,5
1609,26
82,45
128,34
255,18
507,50
1017,30
1990,1989
50,37
131,39
215,9
461,34
888,50
1772,23
70,5
119,35
256,46
451,16
928,35
1900,10
35,34
104,22
181,6
321,2
675,29
1338,49
69,3
170,1
337,48
623,44
1263,50
32,18
120,39
166,5
327,41
666,22
1404,19
92,45
123,29
261,45
534,5
1033,49
83,26
172,22
300,19
644,33
1259,23
63,50
82,11
146,11
301,44
594,47
1193,40
5,4
94,32
188,26
316,32
655,50
1261,25
74,29
167,1
286,36
549,45
1084,4
50,30
87,29
151,24
363,25
709,37
1444,46
12,11
85,45
111,4
222,7
469,20
904,30
1879,18
51,39
119,32
229,46
407,22
832,34
1658,34
98,44
183,26
367,14
673,14
1396,8
49,3
118,4
217,29
436,6
902,27
1774,48
99,27
193,33
302,46
643,19
1252,37
77,16
160,32
272,31
572,46
1105,37
33,32
83,26
148,42
326,32
682,20
1370,10
8,5
34,30
62,2
143,3
338,12
630,10
1252,12
91,47
179,30
360,13
685,16
1349,32
75,50
157,6
332,26
646,9
1271,17
59,12
61,7
158,30
367,4
745,40
1462,21
89,24
146,44
272,40
546,8
1148,49
61,46
88,14
250,19
493,49
941,14
1929,34
8,7
65,37
88,8
238,38
446,9
893,27
1798,4
21,20
31,9
150,12
250,45
552,28
1075,50
78,28
117,4
244,44
446,41
931,1
1837,15
99,5
112,31
251,31
463,31
1001,28
1962,4
63,7
118,23
241,19
517,8
1010,27
1953,46
22,21
57,24
112,7
229,4
482,27
928,42
1903,13
62,49
137,48
252,12
505,48
985,16
1947,31
74,4
93,19
182,26
438,15
860,12
1699,10
90,49
173,28
301,19
573,38
1143,8
10,5
65,12
90,18
227,8
468,30
863,7
1818,42
9,8
62,15
80,46
229,32
463,22
852,21
1789,36
8,7
95,21
125,17
293,29
617,2
1207,33
55,20
101,1
220,41
475,47
868,19
1769,26
31,21
77,17
190,5
317,13
659,44
1373,17
35,5
74,25
126,44
283,49
584,28
1160,27
73,25
96,34
238,47
503,7
961,43
1877,48
78,42
92,18
176,32
378,10
777,18
1540,34
42,29
130,28
215,9
391,10
784,24
1620,20
84,22
99,48
255,16
443,15
977,10
1887,9
41,37
65,43
154,46
274,45
633,3
1216,9
94,10
168,14
355,48
691,14
1357,23
97,1
140,1
272,46
581,5
1121,24
68,14
106,47
275,29
539,44
1088,8
87,22
177,38
354,9
654,23
1358,9
31,30
34,10
76,10
216,2
435,49
869,33
1704,49
68,7
126,30
207,35
471,34
930,47
1860,44
81,19
112,36
278,30
501,25
975,42
1989,1988
78,36
96,10
184,42
403,40
847,20
1703,12
83,48
121,35
219,8
460,7
928,30
1854,3
98,24
151,23
313,13
575,10
1175,29
84,9
119,11
206,47
495,2
1001,47
1908,25
37,13
55,37
150,11
338,47
620,18
1259,9
98,12
138,48
301,23
582,1
1133,2
51,31
75,6
185,10
361,37
698,4
1455,10
5,4
10,9
97,25
199,6
328,28
667,22
1338,2
71,46
155,41
260,41
499,26
1078,37
60,21
111,10
243,34
486,33
962,30
1937,19
57,17
114,22
180,28
413,40
829,20
1651,29
27,4
125,27
161,36
411,41
809,6
1557,29
70,39
135,18
236,24
468,36
928,44
1915,42
20,19
68,23
155,33
336,1
648,40
1305,19
80,35
105,11
281,5
555,27
1087,14
35,34
46,43
131,11
227,3
474,45
999,46
1930,31
31,29
112,33
221,13
425,34
822,38
1638,10
47,34
66,33
126,9
309,43
601,48
1177,29
89,35
159,6
325,22
627,30
1260,44
60,8
137,42
217,38
453,11
931,12
1885,48
51,41
85,1
197,14
369,14
758,5
1470,32
82,9
100,3
214,38
459,34
908,39
1838,1
59,31
138,22
243,37
454,25
958,39
1859,46
29,2
45,12
142,38
282,31
506,22
1046,45
48,6
139,34
227,10
419,23
906,12
1787,37
29,28
74,35
185,28
318,36
629,41
1289,33
36,35
56,23
110,23
227,45
517,13
966,50
1986,1985
91,19
156,28
341,44
689,12
1332,44
96,28
197,39
390,22
687,1
1376,27
94,9
147,26
293,33
589,39
1215,35
71,43
149,43
227,5
480,38
947,42
1895,3
69,43
108,42
232,36
413,8
830,45
1716,10
33,4
93,49
217,23
396,27
806,25
1635,6
53,35
122,42
234,13
422,22
903,20
1796,2
14,13
33,15
123,16
265,28
453,13
909,25
1812,16
51,30
144,7
268,28
501,38
965,50
1941,5
62,8
96,28
223,11
394,34
787,40
1655,31
36,27
95,34
220,5
360,30
712,12
1447,11
5,4
46,45
136,1
276,6
476,36
1039,31
1998,1997
34,3
127,5
216,13
436,23
828,27
1710,29
49,48
60,17
150,48
358,50
680,38
1365,22
24,11
59,8
117,20
218,31
469,35
930,5
1861,2
95,32
144,37
313,47
635,8
1222,10
2,1
65,32
122,15
254,33
543,33
1069,40
59,23
104,19
193,21
388,7
751,35
1592,41
49,38
62,41
168,35
348,11
672,45
1342,46
61,49
136,7
279,2
513,46
1030,32
25,24
123,33
175,3
384,11
773,38
1484,48
45,41
46,5
191,46
342,4
634,4
1332,29
63,10
124,21
229,8
418,31
910,45
1748,34
72,32
77,40
235,2
406,1
804,2
1643,44
53,35
144,28
274,4
562,44
1085,28
70,47
116,14
263,26
528,41
1062,12
52,29
128,41
218,48
494,38
923,31
1848,33
47,25
59,10
199,7
336,32
697,14
1411,25
18,17
109,13
224,11
419,13
850,35
1717,29
26,25
44,1
73,33
218,9
408,37
771,12
1547,26
23,20
34,33
94,4
155,1
347,46
711,41
1448,21
65,43
142,49
224,27
435,25
931,43
1874,34
81,35
125,24
272,47
541,38
1119,7
4,3
36,5
81,50
184,17
311,23
685,36
1354,13
81,4
133,45
250,41
502,22
1002,8
1974,21
63,28
150,44
239,34
484,47
984,7
1949,30
96,16
130,10
306,6
625,35
1198,32
68,4
119,28
227,30
448,45
864,18
1788,16
20,19
100,37
138,48
260,3
591,35
1142,2
96,2
141,3
293,47
620,33
1195,14
28,16
86,1
118,45
305,6
612,37
1185,24
79,25
106,47
215,12
420,21
907,14
1807,4
92,26
163,13
333,12
679,10
1336,22
92,50
143,21
312,19
584,32
1132,5
84,3
168,25
351,15
611,47
1224,25
23,22
122,2
197,44
430,38
817,8
1684,32
82,4
134,12
224,2
535,13
1060,2
63,40
133,13
203,26
441,31
937,34
1854,29
55,2
77,13
134,38
339,32
666,32
1331,36
32,6
119,9
196,1
353,7
752,3
1510,21
93,48
102,4
268,16
486,4
1015,15
1947,47
6,4
82,3
149,12
331,21
617,4
1256,34
6,5
47,11
64,1
147,18
283,9
614,39
1262,17
2,1
35,31
83,27
159,38
356,36
709,28
1397,28
60,19
147,20
286,38
590,7
1112,33
64,38
87,8
178,22
344,25
764,35
1519,43
5,4
52,28
98,25
185,32
347,20
747,2
1504,49
8,7
73,37
136,14
233,49
504,47
956,5
1913,2
34,9
127,46
199,11
460,22
915,7
1754,24
58,48
79,45
201,41
431,3
835,49
1682,19
10,9
99,18
144,34
268,43
543,33
1135,2
87,27
93,21
278,26
494,24
965,24
1975,1974
9,8
23,22
133,26
213,41
456,28
852,14
1698,2
54,17
78,44
212,43
441,19
838,37
1647,2
43,20
132,36
232,28
491,44
953,47
1939,18
80,24
158,11
306,31
628,38
1217,22
60,14
141,34
210,50
429,46
922,50
1807,5
5,4
55,2
88,2
177,19
358,25
687,38
1442,6
2,1
99,1
121,4
311,16
538,8
1079,36
1,0
62,28
137,25
277,32
564,21
1073,16
50,48
53,49
172,17
276,17
638,33
1236,38
72,5
101,35
234,33
494,7
969,45
1903,45
32,31
86,8
190,9
342,7
675,11
1392,32
79,27
151,1
253,2
515,36
1013,12
14,13
57,40
130,20
217,22
419,12
884,37
1796,26
11,10
45,29
153,17
255,50
484,45
1002,42
1918,14
29,28
105,22
178,4
408,32
775,10
1530,11
84,11
174,30
320,36
587,30
1175,19
1,0
61,3
154,11
277,5
538,30
1099,5
73,16
103,33
178,33
428,10
844,11
1636,15
59,36
116,23
261,19
500,40
945,30
1938,25
17,14
23,22
74,7
134,13
327,31
638,5
1302,35
53,2
153,38
209,49
509,12
1000,24
1952,40
53,31
117,8
171,43
342,12
757,7
1510,13
20,19
96,17
117,32
327,45
590,27
1237,48
32,31
79,43
186,48
372,35
686,12
1375,47
56,28
136,23
198,12
484,27
969,4
1874,12
62,12
84,43
174,18
363,5
725,48
1413,1
77,3
151,36
313,12
582,31
1140,48
59,22
140,30
266,18
1
1
1
1
1
1
1
1
1
1
1
2
2
2
2
2
2
2
2
2
2
3
3
3
3
3
4
4
4
4
5
5
5
5
6
6
6
6
6
7
7
8
8
8
8
8
9
9
9
9
10
10
11
11
11
12
12
12
12
12
13
13
13
13
14
14
14
14
14
15
15
15
15
15
15
15
15
15
15
15
16
16
16
16
17
17
17
17
18
18
18
19
19
19
20
20
20
20
20
21
21
21
21
22
23
24
24
24
24
24
25
25
25
26
26
26
27
27
27
28
28
28
28
28
28
28
29
29
29
29
29
30
30
30
30
30
31
31
31
31
31
31
31
31
31
32
32
32
33
33
33
33
34
34
34
34
34
34
34
35
35
35
35
35
35
36
36
36
36
36
36
37
37
37
37
37
37
38
38
38
38
38
39
39
39
39
39
39
39
39
39
40
40
40
41
41
41
41
42
42
42
42
43
43
43
43
43
43
43
43
43
43
43
43
44
44
44
44
44
45
45
45
45
45
45
45
46
46
46
46
46
46
46
46
46
47
47
47
47
47
48
48
48
48
49
49
49
49
49
49
49
49
49
49
50
50
50
50
50
51
51
51
51
51
51
51
51
52
52
52
52
52
53
53
53
53
53
53
54
54
54
55
55
55
55
55
55
55
55
56
56
56
56
56
57
57
57
57
57
58
58
58
58
58
59
59
59
59
60
60
60
60
61
62
62
62
62
62
62
62
62
62
62
63
63
63
63
63
63
63
63
63
63
64
64
64
64
64
64
64
64
65
65
65
65
65
65
66
66
66
66
66
66
67
67
67
67
67
67
68
68
68
68
68
68
68
68
69
69
69
69
69
69
69
69
69
69
70
70
70
70
70
70
70
71
71
71
71
71
71
71
71
71
71
71
72
72
72
72
72
72
72
72
72
72
72
73
73
73
73
73
73
73
73
73
74
74
75
75
75
75
76
76
76
76
76
76
76
76
76
77
77
77
77
77
77
77
77
77
77
78
78
78
78
78
78
79
79
79
79
79
80
80
80
80
80
81
81
81
81
81
81
81
81
82
82
82
82
82
82
82
82
83
83
83
83
83
83
83
83
83
83
83
83
83
84
84
84
84
84
84
84
85
85
85
85
85
85
85
85
85
85
85
85
85
86
86
86
86
86
86
86
86
86
86
86
86
86
86
87
87
87
87
87
87
87
87
88
88
88
89
89
89
89
89
89
89
89
89
90
90
90
90
90
90
90
90
90
90
90
91
91
91
91
91
91
91
92
92
92
92
93
93
93
93
93
93
93
93
93
93
94
94
94
94
94
94
94
95
95
95
95
96
96
96
96
96
97
97
97
97
97
97
98
98
98
98
98
98
98
98
98
98
99
99
99
99
99
99
99
99
99
99
99
99
99
99
99
100
100
100
100
100
100
100
101
101
101
101
101
101
101
102
102
102
102
102
102
102
102
102
103
103
103
103
103
103
103
104
104
104
104
104
104
104
105
105
105
105
106
106
106
107
107
107
107
107
108
108
108
108
108
109
109
110
110
110
110
110
110
110
111
112
112
112
112
113
113
113
113
113
113
113
113
114
114
114
114
114
114
115
115
115
115
115
115
115
115
115
116
116
116
117
117
117
118
118
118
118
118
118
118
119
119
119
120
120
120
120
120
120
121
121
121
121
121
121
122
122
122
122
123
123
123
123
124
124
124
124
125
125
125
125
125
125
125
125
125
126
126
126
126
126
126
126
127
127
127
127
127
127
127
128
128
128
128
128
128
128
128
128
128
129
129
129
129
129
130
130
130
131
131
131
131
132
132
132
132
133
134
134
134
135
135
135
135
135
135
135
136
136
137
138
138
138
138
138
138
138
139
139
139
139
139
139
139
139
140
140
140
140
140
141
141
141
141
141
141
141
142
142
142
143
143
143
143
144
144
144
144
144
144
144
144
145
145
145
145
145
145
145
145
146
146
146
146
146
147
147
148
149
149
149
149
150
150
150
150
150
151
151
151
151
151
152
152
152
152
152
153
153
153
153
154
154
155
155
155
156
156
156
156
157
157
158
158
158
159
159
159
160
160
160
160
161
161
161
161
161
162
162
162
162
162
162
162
163
163
163
163
163
163
164
164
164
164
165
165
165
165
165
165
165
165
166
166
166
166
166
166
166
167
167
167
168
168
168
168
168
168
168
168
168
169
169
169
169
169
170
170
171
171
171
172
172
172
172
172
172
173
174
175
175
175
175
176
176
176
176
176
176
176
178
178
178
178
178
180
180
180
180
180
180
181
181
182
182
183
183
183
184
185
185
185
185
186
186
186
187
187
187
188
188
189
189
190
190
191
191
191
191
192
192
192
193
193
193
193
193
194
194
195
195
195
195
195
195
196
196
197
197
198
198
198
199
200
201
201
201
201
202
202
202
203
203
203
204
204
204
206
206
206
207
207
207
207
207
208
208
208
209
209
209
209
210
210
211
212
212
213
213
213
213
213
214
214
214
214
215
216
216
216
216
216
217
217
217
217
217
219
220
220
220
221
222
222
223
223
223
223
223
223
224
224
225
225
225
225
225
226
226
226
226
227
227
227
228
228
229
229
229
229
230
230
230
230
230
231
231
231
232
232
232
232
232
233
233
233
233
234
234
234
234
235
235
235
237
238
240
240
240
240
240
241
241
241
242
242
243
243
243
243
243
243
243
244
245
245
245
246
246
246
247
247
247
248
250
250
251
251
251
251
252
252
252
253
254
254
254
254
254
254
254
254
255
255
256
257
258
258
259
259
259
259
260
260
260
260
262
262
263
263
263
264
264
264
265
265
266
267
267
268
268
269
269
269
269
269
269
270
270
270
270
271
271
271
272
272
272
272
272
272
273
273
274
274
274
274
274
275
275
275
276
276
277
277
278
278
278
278
279
279
279
280
280
281
282
283
283
283
283
283
283
284
284
285
285
286
286
286
287
287
287
287
287
287
288
288
288
289
290
290
290
290
290
291
291
294
294
295
296
296
297
298
298
298
299
299
299
300
301
302
302
302
303
304
304
305
306
306
308
311
311
311
311
311
311
311
312
312
312
313
314
315
315
315
315
316
316
317
317
317
318
318
319
319
319
319
319
320
321
321
321
321
321
321
324
324
325
325
326
327
328
328
328
328
329
329
330
330
330
331
331
332
333
333
333
334
335
336
336
337
340
341
342
342
342
342
342
343
343
343
344
344
344
345
345
346
346
347
347
348
349
350
352
354
354
355
355
356
356
356
357
357
358
359
359
360
364
365
365
365
365
365
365
365
366
366
366
368
368
369
369
370
370
375
376
377
379
381
383
383
384
384
385
386
388
388
390
390
391
392
393
394
395
396
397
397
399
400
403
403
404
405
408
408
409
409
410
410
410
412
413
414
414
414
415
416
416
416
416
417
418
418
419
420
420
422
424
425
426
427
427
427
428
431
431
432
432
432
432
432
432
433
433
433
433
434
436
436
437
437
437
438
438
439
440
440
441
441
442
442
442
443
443
443
443
444
444
445
445
445
447
447
447
447
448
450
450
451
452
453
453
453
454
456
457
457
457
459
459
459
460
460
460
461
462
462
464
464
466
466
466
467
467
468
468
468
470
471
472
473
473
474
475
476
478
478
479
480
480
481
481
482
482
484
485
485
486
486
487
487
488
489
489
489
489
489
490
490
490
491
491
493
493
493
493
494
497
497
498
499
500
501
501
501
501
503
506
506
506
507
507
507
509
510
511
512
512
512
512
514
514
514
515
515
518
518
518
520
520
522
523
525
525
528
528
528
529
529
529
529
530
530
531
531
531
533
534
535
535
535
536
536
537
539
541
542
543
544
544
545
545
546
548
549
550
550
550
551
551
551
554
555
557
557
557
559
560
563
565
565
566
566
567
568
569
569
571
572
573
576
578
578
579
580
580
581
581
582
582
585
585
585
586
586
586
588
590
590
594
597
597
598
600
600
601
601
602
602
603
605
605
606
607
607
609
609
611
614
614
615
615
616
616
616
618
618
618
619
619
620
620
621
621
622
622
623
625
625
626
627
627
628
628
629
631
631
631
632
632
632
633
634
634
635
635
636
636
637
637
639
641
642
644
645
645
646
649
650
650
651
653
653
654
654
655
659
659
660
662
665
666
666
669
669
670
670
670
675
676
678
678
678
680
681
682
683
684
685
685
685
686
686
687
687
687
688
689
689
694
694
695
697
698
700
703
704
705
708
708
709
709
710
711
712
714
716
718
720
722
731
731
736
736
737
743
745
745
746
747
751
752
753
753
763
763
766
766
766
771
773
774
774
777
782
785
785
785
786
787
788
788
791
792
793
794
794
797
800
804
804
804
810
811
814
815
820
820
823
823
824
825
826
826
826
827
830
833
833
834
835
836
837
841
842
842
842
845
845
846
846
849
849
850
851
853
854
854
855
858
858
861
861
864
865
866
867
867
870
871
873
873
873
875
876
876
879
879
881
885
886
890
890
892
893
895
896
899
902
903
903
905
906
908
909
910
911
913
914
915
915
916
917
918
920
921
921
922
924
925
926
929
930
931
931
931
932
933
934
936
936
937
938
938
940
941
945
945
948
948
949
952
953
953
955
955
957
957
959
960
960
963
964
966
966
967
968
968
968
970
972
973
973
975
980
981
983
984
984
984
985
985
985
988
990
992
996
996
997
999
1000
1001
1003
1006
1009
1010
1010
1011
1011
1012
1012
1013
1013
1013
1021
1022
1022
1022
1023
1023
1024
1024
1025
1026
1027
1027
1028
1031
1032
1033
1034
1037
1039
1039
1041
1042
1044
1044
1046
1048
1049
1051
1052
1057
1059
1060
1061
1061
1061
1062
1063
1064
1065
1066
1067
1067
1068
1068
1068
1070
1078
1079
1083
1083
1084
1085
1085
1087
1089
1090
1092
1094
1097
1099
1100
1108
1112
1112
1113
1113
1113
1121
1122
1123
1127
1129
1129
1130
1131
1132
1132
1134
1135
1136
1136
1136
1138
1140
1140
1143
1148
1151
1163
1163
1163
1164
1167
1168
1173
1174
1175
1176
1178
1179
1180
1180
1181
1183
1184
1185
1186
1193
1193
1194
1196
1196
1197
1201
1202
1202
1210
1214
1216
1220
1223
1223
1224
1226
1231
1232
1234
1234
1234
1236
1236
1237
1239
1240
1241
1245
1246
1247
1247
1249
1250
1251
1252
1254
1257
1259
1260
1261
1261
1261
1262
1264
1266
1267
1268
1269
1270
1270
1270
1271
1272
1277
1279
1279
1281
1283
1284
1285
1285
1286
1287
1289
1295
1295
1297
1303
1306
1311
1313
1319
1319
1319
1321
1323
1329
1337
1341
1342
1342
1343
1344
1351
1357
1358
1359
1359
1362
1362
1365
1365
1370
1373
1374
1374
1375
1381
1384
1386
1387
1392
1392
1396
1399
1404
1409
1413
1413
1420
1422
1426
1428
1429
1443
1444
1447
1447
1453
1455
1462
1464
1467
1467
1480
1480
1480
1481
1484
1490
1500
1508
1512
1512
1517
1519
1520
1527
1527
1533
1546
1556
1557
1557
1567
1570
1570
1571
1573
1578
1586
1587
1592
1596
1600
1605
1606
1620
1622
1627
1627
1632
1637
1638
1640
1642
1647
1648
1652
1652
1654
1657
1658
1663
1665
1669
1671
1672
1678
1683
1684
1686
1686
1692
1698
1700
1700
1701
1702
1702
1706
1707
1708
1713
1714
1714
1714
1717
1717
1718
1722
1723
1724
1727
1731
1732
1733
1736
1739
1741
1752
1753
1757
1759
1761
1762
1768
1770
1773
1784
1785
1785
1786
1795
1797
1799
1799
1802
1804
1808
1809
1814
1814
1818
1818
1820
1821
1822
1827
1829
1829
1831
1832
1833
1833
1833
1836
1838
1840
1845
1849
1852
1855
1861
1866
1872
1875
1876
1880
1881
1884
1884
1886
1891
1892
1892
1892
1894
1896
1900
1900
1905
1905
1906
1911
1914
1915
1916
1919
1921
1926
1927
1927
1928
1928
1929
1931
1932
1933
1933
1939
1940
1942
1943
1944
1944
1945
1946
1951
1951
1954
1955
1955
1955
1963
1965
1967
1973
1982
1983
1983
1985
1985
1986
1992
1997
2144
2466
2636
2918
2962
3593
