Primero viene la cantidad (n) de timestamps para ambos, luego n líneas que son un timestamp aproximado cada uno separado por una coma (',') del error, y luego n lineas de las transacciones del sospechoso
3000
1292,426
874,774
1562,330
709,561
963,819
1011,655
1058,572
1105,573
1418,511
842,238
1146,689
514,411
1242,724
1135,797
1292,181
1364,349
871,585
852,215
1760,186
1785,161
1935,59
1173,524
1394,439
609,526
962,275
1203,329
729,430
987,672
1151,613
1049,847
331,48
1409,243
734,687
1082,861
1170,796
1294,661
809,247
940,939
987,886
584,526
1355,484
585,494
624,456
691,461
1533,101
921,558
907,839
1177,624
963,955
1468,501
841,828
686,636
774,717
1149,830
716,696
1249,642
341,336
1583,416
973,541
610,529
891,800
840,492
1467,15
607,467
925,737
1035,938
740,680
1178,417
756,626
815,419
800,446
1342,500
1138,268
453,236
893,893
921,473
755,360
1288,695
728,178
804,786
918,517
598,236
1295,372
1422,261
1601,83
1035,930
1387,611
1501,422
1358,612
980,577
1182,807
538,334
1249,650
927,340
1493,360
1011,643
738,521
1127,832
680,640
1632,116
890,730
798,690
1348,350
747,745
553,317
885,647
1169,558
1103,485
811,386
1304,525
937,821
339,290
1041,268
975,952
1291,462
1277,331
715,440
633,496
1130,418
246,54
1512,185
925,569
965,626
1718,51
759,704
1275,456
1146,793
1402,583
1328,540
1489,185
647,628
1003,935
1268,369
1407,565
1871,48
1415,500
627,311
478,437
955,888
702,680
608,120
1366,628
1535,406
1036,892
1430,314
290,195
1006,725
890,716
1539,444
899,825
45,13
248,248
801,679
781,776
1154,776
262,202
1289,350
817,366
261,257
1226,374
1547,266
45,30
392,83
1338,474
1264,716
447,448
1761,60
1072,601
1162,671
1069,635
167,132
1928,58
959,780
642,626
972,849
1542,25
1502,198
1257,204
1008,865
1066,870
782,623
1662,336
850,533
912,282
920,838
531,454
996,951
630,233
1640,235
1629,318
1401,110
381,303
1103,307
836,196
915,750
1525,253
1190,483
881,514
617,263
1056,904
923,449
1200,696
1587,360
1541,236
390,360
714,581
1224,442
1531,413
1070,921
1391,511
1099,846
505,173
1498,480
823,655
945,380
1502,69
1184,123
661,492
984,894
639,616
132,99
868,411
352,314
662,377
493,494
1070,173
1704,148
1275,499
390,327
1457,385
723,372
969,929
1229,222
947,577
679,564
1082,152
294,42
1323,277
1142,646
1020,974
1555,419
719,185
1797,192
1167,652
1687,233
1542,458
790,787
627,421
677,546
1142,825
797,457
1213,640
1283,256
739,322
1427,558
959,416
1330,312
789,788
1264,710
1457,480
1252,491
1682,260
619,488
1040,185
1003,902
932,686
1595,52
628,595
1026,953
1018,954
1461,409
807,798
1080,479
504,424
1037,596
365,314
1121,739
687,664
791,612
1144,389
876,466
705,677
1554,409
481,393
791,769
614,44
1473,450
792,745
1633,364
1114,792
1664,293
701,587
311,293
494,428
233,159
728,698
487,262
988,843
1016,475
1110,810
1522,455
929,318
1089,585
520,511
603,485
1161,364
629,514
982,687
400,324
1304,450
1308,427
930,849
958,922
422,337
489,326
1050,849
1472,507
1287,693
1616,326
1235,751
613,553
993,743
923,677
1858,61
986,658
478,416
1083,441
1032,446
1378,584
815,714
1195,718
1573,376
983,803
1117,585
600,597
1014,338
697,683
1040,847
1212,408
1493,473
1129,468
262,256
1196,778
461,302
826,439
1007,644
1095,398
907,409
1086,617
808,374
555,396
782,781
1108,323
955,892
681,672
941,464
865,731
336,130
957,874
609,326
879,74
473,342
766,319
1757,242
864,776
806,83
1347,276
352,316
1284,600
311,310
913,799
747,680
981,867
1558,294
676,660
1236,305
617,338
986,914
253,111
1095,759
461,362
916,781
1438,336
1004,719
1293,584
629,351
842,495
1407,495
1045,898
1011,985
1107,768
1265,388
767,659
1052,365
1257,567
794,625
1562,302
1381,539
1435,495
1407,325
1366,542
1110,434
18,8
757,679
559,501
1540,459
1087,912
716,453
359,349
1416,221
1349,538
1701,285
1017,689
1086,899
624,233
670,638
956,544
1189,783
1380,550
1642,338
991,614
969,723
1270,38
1052,324
1294,410
1087,329
81,4
749,603
1008,624
594,415
837,524
1170,428
1341,623
497,191
1562,87
391,385
1203,648
672,524
1459,404
1131,636
1442,487
830,444
993,687
354,295
1078,485
447,420
1064,897
973,347
931,761
1019,873
936,793
855,524
1416,291
970,423
1228,232
1235,202
282,269
1050,671
98,69
1350,364
1082,709
1712,150
965,952
1794,206
1421,448
841,488
1818,144
1051,47
1598,189
985,856
1304,323
578,486
950,730
1394,525
541,245
1415,503
782,340
1111,811
1717,124
1448,383
1087,564
1296,534
948,698
1028,490
919,641
36,17
1389,594
960,456
748,692
1277,722
908,248
1390,596
1702,260
924,733
521,48
1052,691
1346,378
973,781
1023,803
684,513
1488,506
1028,633
1159,207
979,395
878,619
916,906
1436,530
91,86
400,137
1089,379
861,334
1588,157
740,704
679,343
502,348
1407,298
1516,429
411,244
816,716
555,464
945,650
1897,77
1499,495
525,395
1174,672
1032,789
1198,765
882,197
1011,530
1862,18
670,321
1227,481
547,480
1236,668
1028,350
982,85
919,209
413,28
1220,748
1529,118
829,732
1041,775
881,855
1172,695
866,648
987,786
797,545
1367,480
1285,615
1093,307
823,414
1208,493
702,191
1241,482
1675,235
821,232
1081,444
1208,437
811,110
879,241
161,125
1107,789
326,93
458,395
1167,774
1430,523
1139,810
1022,799
1370,609
1402,492
952,308
429,390
974,813
1342,290
1091,712
875,284
663,28
811,490
576,233
1378,414
541,421
1530,463
949,227
894,354
1015,801
1084,895
1590,379
743,258
432,188
239,200
302,290
1591,192
755,265
472,228
1184,206
606,287
775,511
660,246
879,685
1286,491
1100,837
879,813
981,979
1413,469
985,622
435,398
1186,538
914,869
752,474
1014,762
1114,706
1546,403
1448,460
1003,896
1170,661
1334,453
709,348
405,121
974,939
1314,603
622,378
1331,649
204,180
1384,521
1294,459
1725,84
564,491
997,971
997,694
853,684
617,451
849,413
1044,590
961,680
1156,651
965,903
617,376
1355,605
577,557
657,258
403,331
294,171
544,246
850,829
998,353
916,711
469,419
915,647
363,349
1388,539
986,679
1142,845
921,684
622,511
387,227
1118,296
888,609
1466,299
979,882
918,541
1221,768
707,189
1139,641
904,766
1103,742
1036,714
1409,487
1022,521
152,139
624,234
890,768
1576,192
1283,317
1174,774
1110,540
927,752
510,331
1153,40
1043,647
1637,328
858,464
367,146
1442,294
1059,895
1127,585
679,676
1168,474
562,380
1078,843
1788,87
1304,484
547,226
1842,101
1346,608
917,607
1122,459
1755,158
557,452
1038,819
1189,787
1121,862
964,369
826,726
1063,910
1214,557
840,838
487,458
1444,543
711,519
1213,712
488,390
750,708
889,656
1297,539
1005,302
424,412
593,284
1254,727
1134,508
868,460
1164,213
897,898
935,914
869,474
1150,97
1583,375
694,692
815,336
1058,763
936,627
969,426
1128,467
1332,61
901,584
1191,600
982,971
783,739
987,671
838,713
1685,157
1570,343
561,465
944,914
1389,501
438,294
480,323
1604,386
855,828
1003,199
752,531
614,588
1089,814
819,197
762,165
1137,350
960,917
1229,460
1364,368
1319,54
1375,107
1272,520
1452,214
1434,185
1116,750
569,316
908,131
1288,498
723,580
822,634
695,534
1109,721
1382,513
1177,777
1393,601
1089,552
1089,323
782,304
1114,719
909,782
954,502
552,534
1117,864
1827,129
753,675
313,257
1171,818
1362,125
1322,665
623,216
244,236
1120,473
1027,703
1265,630
1036,956
1848,60
292,280
606,546
1329,559
369,136
853,810
1031,934
1497,394
569,462
1141,712
838,390
1529,147
1570,352
1052,470
1331,459
1835,30
1492,446
416,395
1048,800
597,531
1032,687
1482,284
654,469
945,705
1501,478
1295,106
1611,224
1338,364
684,280
1371,563
1175,628
647,632
1059,843
1525,353
533,527
622,618
967,912
927,697
1718,245
1008,985
467,372
1285,521
957,922
1007,616
871,349
1027,787
964,922
1700,260
1056,595
1715,139
867,418
930,743
888,741
1755,48
1035,797
480,385
786,748
812,502
1902,67
791,566
1148,599
958,220
408,390
1026,902
1534,446
1122,863
808,637
771,707
1420,265
1034,860
181,106
824,715
1113,794
1361,575
1098,804
957,791
1727,222
702,467
904,278
1432,553
1595,206
1688,275
847,421
669,659
613,522
908,804
712,531
518,309
1557,169
277,262
1068,769
624,270
295,231
964,736
991,209
1047,799
670,205
669,537
1487,242
1687,302
1113,212
713,580
541,405
589,536
1431,560
1063,736
934,925
890,656
1690,240
782,450
1085,899
1090,752
982,538
1020,444
1254,604
793,702
820,741
828,756
1588,348
638,545
925,897
1199,530
1352,82
1212,627
733,116
1038,867
763,533
821,743
1130,205
996,202
713,405
460,227
732,711
819,233
203,66
1717,267
925,696
1248,410
1456,193
799,667
877,741
532,520
1262,493
1063,909
894,840
1575,223
693,291
896,429
486,423
956,939
1019,758
1055,713
1224,744
948,533
776,529
991,766
1206,346
1251,517
573,502
1496,287
782,509
970,264
988,926
1066,552
1038,950
1087,444
748,662
1916,68
1635,218
915,451
725,455
773,628
1042,457
793,366
1334,534
1284,560
1364,223
932,923
1004,838
1928,32
1006,753
1310,487
1263,633
1436,564
637,355
1158,620
719,591
990,440
702,537
1189,621
1188,314
1420,431
475,451
915,858
1478,316
561,345
1227,697
746,655
1298,702
1499,473
1093,737
903,875
910,513
1072,891
1467,373
1084,539
919,838
680,63
1031,854
468,356
970,793
1079,506
1464,494
384,249
1129,274
1214,358
1122,772
1389,559
876,642
748,581
417,390
1185,571
262,250
1304,610
927,794
492,187
1456,345
1292,335
649,642
1074,885
204,152
179,163
932,852
564,254
631,600
414,350
1177,512
580,243
1031,902
1420,562
872,615
926,660
1465,185
1050,461
1299,635
844,792
1457,491
888,821
1134,827
1012,353
1448,507
1242,629
679,153
981,122
1852,68
1666,283
1350,347
1024,941
1018,289
993,978
736,484
959,692
860,849
1681,285
994,505
602,565
473,274
978,923
1472,81
932,854
724,654
582,237
1051,265
1049,614
891,788
1386,315
984,782
795,771
737,398
831,772
1206,762
1149,845
1441,558
1030,230
1061,728
1402,393
1024,892
889,828
1212,601
721,574
1117,860
870,851
929,820
678,324
1192,570
1177,278
555,493
985,809
454,314
1545,316
656,212
1022,730
1385,583
466,443
1364,522
1642,146
536,398
1602,272
825,773
958,800
1544,203
1729,159
1120,858
1410,189
1233,445
1529,336
1657,316
522,500
907,728
1219,725
668,580
1034,664
351,173
994,796
1666,160
1556,78
1175,738
1434,500
602,51
992,748
1156,695
834,543
1154,351
619,381
1076,580
224,38
486,331
791,763
531,494
1024,267
831,140
960,901
1439,188
809,775
908,723
1616,304
651,558
945,815
1177,434
780,506
1114,534
1338,465
236,204
1164,640
807,701
1415,344
1124,349
1132,191
956,922
1150,706
871,747
707,546
1397,313
672,277
1360,477
1549,423
1317,87
566,449
854,257
1027,844
893,840
1121,680
1183,671
459,184
1208,630
1321,583
1207,724
1812,188
1287,378
492,164
1179,363
1088,429
1057,635
859,177
457,442
1777,138
1169,811
1053,842
831,539
542,247
639,537
789,756
900,578
1111,731
1180,569
1209,330
1022,899
393,136
927,775
692,242
947,536
968,834
696,490
974,482
892,494
880,813
1509,153
1062,900
644,523
1600,370
515,298
649,70
212,117
711,435
1439,415
1704,197
389,381
924,784
892,425
1062,848
1206,727
424,56
468,206
560,202
1147,640
979,828
1299,694
1007,821
1536,367
808,251
1280,658
270,264
1292,641
1193,744
995,634
1047,728
1246,686
1181,652
979,934
894,709
1065,521
686,484
568,147
587,264
491,326
1166,62
920,586
889,712
1035,921
649,121
1464,462
156,153
613,325
1357,643
1403,415
714,220
946,859
925,907
1309,690
1127,730
1048,440
283,263
1430,547
1604,281
894,697
1024,947
1143,847
949,764
1144,407
606,511
1054,822
1343,528
1067,663
1442,432
752,712
699,333
382,197
1027,955
1123,732
623,560
290,189
1217,433
769,758
795,760
881,573
1419,506
973,595
1092,904
627,584
696,526
686,585
1485,218
1128,403
577,382
1115,813
1079,846
719,298
1571,362
836,573
1017,625
670,621
865,671
1160,719
1486,486
978,465
727,676
1078,884
1078,617
1370,368
1414,442
676,250
1203,714
970,627
1380,546
1408,528
648,595
1017,534
1237,147
1719,248
840,822
1354,410
396,215
651,503
1086,904
731,509
1629,337
997,824
1189,762
545,409
917,809
448,302
830,493
881,873
1060,616
1111,812
546,445
724,352
502,283
814,330
920,880
1340,472
1051,942
1125,872
170,160
1239,487
1541,222
869,865
1028,752
230,167
1035,869
1657,156
1002,754
1100,322
748,283
1109,847
895,874
1087,890
98,88
1105,892
1009,912
1040,801
554,231
706,205
942,704
911,844
818,801
1364,576
739,492
898,658
376,223
1716,207
668,628
383,237
1192,577
672,596
1530,412
1874,71
951,770
1122,695
1817,127
1442,458
969,969
1344,552
865,573
1538,367
1002,954
1078,813
934,932
1322,230
1372,410
938,922
1097,578
943,789
1422,497
954,840
1154,146
503,424
400,372
952,551
1038,794
1380,361
716,703
742,299
947,603
878,616
681,472
282,55
826,205
1553,416
396,376
720,720
1175,711
724,444
525,378
1062,767
768,761
1025,570
502,465
1514,402
1171,790
970,702
1006,771
928,928
1545,382
627,536
1744,251
1067,902
1386,414
1339,163
1085,419
896,491
1145,655
1186,436
717,716
1724,196
921,841
1544,122
873,151
1075,623
1132,854
623,448
1344,158
1359,359
991,947
1015,972
513,438
953,916
1127,864
682,99
739,692
1463,356
726,217
793,571
1013,738
1594,404
300,275
312,294
1134,738
391,156
398,382
1374,438
1437,454
948,890
1010,982
752,640
1035,877
828,329
311,184
1153,383
922,683
1456,400
1220,99
1108,462
905,614
862,829
938,333
1828,162
1777,145
496,450
517,495
966,685
1482,380
1558,436
942,648
1170,785
631,551
679,179
1058,832
594,340
490,293
1479,290
1268,644
1454,384
692,339
854,441
157,153
1435,385
1445,445
1264,197
982,202
771,570
822,673
1141,772
1284,481
1000,765
1044,924
782,486
1032,736
1291,341
1131,845
938,850
695,617
1055,834
1166,622
1070,289
1631,233
917,773
1875,125
1381,428
951,204
660,295
882,837
1270,622
1599,257
853,800
696,209
480,431
877,649
293,75
492,487
825,659
625,385
1141,554
922,531
1789,42
610,580
481,442
393,266
920,764
1036,392
1197,788
1375,555
1304,533
710,525
1087,735
578,567
1181,341
978,843
1048,397
1128,637
451,250
1098,617
432,261
983,519
1014,870
921,644
1871,93
591,292
1089,475
1397,427
317,169
673,623
1398,435
987,697
1076,893
875,297
737,722
1042,576
1195,594
1042,889
1426,459
935,572
181,77
1048,775
1022,798
808,462
1027,768
414,69
1108,806
1088,905
922,629
747,713
1015,784
1336,421
1445,548
1251,720
1345,635
1021,717
1396,570
569,140
1420,421
1140,839
953,947
1758,192
1047,899
1001,345
474,408
1573,60
974,743
1209,763
258,206
1254,285
1606,182
1087,890
654,528
1561,428
1382,571
563,315
1429,557
1002,948
342,268
1902,44
1497,415
1047,264
1395,591
1245,615
948,901
1012,917
302,275
577,462
1416,304
960,712
1794,200
879,879
1023,270
1476,360
1333,397
1222,656
849,342
1455,529
1330,104
1006,977
1243,388
1019,459
1019,272
840,401
962,773
1810,139
993,453
531,334
1480,232
1438,108
626,597
961,891
1018,926
897,794
998,662
1316,590
1201,33
763,462
157,147
953,103
1916,43
1475,503
1155,468
1158,577
293,85
279,56
1696,255
1038,899
436,269
1589,381
1012,717
335,132
1463,227
959,619
1007,577
947,740
719,614
775,482
784,626
633,577
1188,558
1170,242
1060,763
1453,531
937,561
744,538
650,642
1063,302
936,810
857,398
944,902
1632,123
1358,633
981,909
662,580
1113,806
1015,719
1643,344
749,553
1668,250
741,558
1575,287
918,439
971,656
699,677
570,389
803,792
1056,399
1195,657
1408,160
1092,501
1627,215
1428,293
861,461
1228,609
1170,789
726,233
1046,610
754,175
605,565
1750,92
1158,344
767,469
832,583
956,763
1326,517
1306,606
1037,926
1918,42
1113,638
942,800
1233,463
335,313
143,131
532,456
1240,196
852,438
1143,152
852,181
1091,904
830,592
919,808
1504,202
765,641
770,520
1079,411
1474,393
667,663
514,65
456,342
1055,832
1144,298
974,937
1019,924
1580,315
1073,546
485,485
1399,433
1771,123
692,637
810,737
1552,409
734,259
1656,263
513,453
915,830
147,137
213,205
924,817
1669,251
817,110
845,125
881,696
271,254
627,418
778,421
770,535
1136,709
1088,389
215,165
1006,980
457,380
761,401
651,633
1061,787
717,131
1032,651
961,867
1220,658
1380,273
1381,549
872,725
1301,432
782,515
1493,304
1471,487
586,477
1076,732
906,193
1546,438
1183,529
143,41
885,661
1119,756
1510,390
1434,285
1347,629
1854,74
672,467
926,721
1346,484
1068,634
437,276
489,486
1241,157
328,177
1464,446
1351,288
1186,812
992,520
1596,282
128,59
1262,648
1015,71
1039,738
552,449
1509,386
1374,541
814,187
1497,297
831,619
657,506
1035,951
842,442
1723,71
962,709
1412,559
592,381
662,588
882,596
1059,501
609,367
778,617
943,801
1494,387
1316,204
657,634
1740,239
574,364
1293,565
949,908
863,417
1129,828
1095,783
566,476
1253,731
1378,209
1440,362
1565,110
1043,906
818,718
1037,600
637,209
353,191
1513,356
1511,82
977,348
1056,910
521,463
1211,620
947,343
929,620
1105,541
962,748
1246,653
993,418
358,317
1163,139
1353,630
786,377
1229,727
857,611
902,838
1569,400
919,872
1138,793
1124,792
1309,618
1189,616
508,480
383,223
431,276
880,141
1159,609
1047,784
167,106
485,56
1208,766
757,723
1567,205
397,54
1359,640
534,426
1084,667
192,135
231,119
462,424
1547,306
893,824
1052,891
612,82
918,789
1234,321
922,904
383,229
234,198
1480,399
1583,338
734,651
908,786
1307,669
1061,859
647,277
1004,883
496,311
1505,178
383,202
936,624
632,613
878,515
1098,802
725,293
1007,878
842,357
887,792
1546,360
135,40
1293,523
1860,124
807,694
321,202
1063,637
1439,325
881,465
1011,830
644,473
1440,507
551,479
1428,464
1108,885
470,196
1868,14
883,819
135,134
89,85
401,241
1221,454
1461,256
966,856
1107,442
987,971
1275,375
242,231
1223,242
1744,256
696,582
1344,653
1716,125
425,402
644,181
1678,221
883,780
907,145
700,411
902,824
1342,490
549,149
1049,805
1379,619
875,774
1620,197
651,606
1025,318
291,273
439,320
918,226
1148,281
962,935
1331,335
1278,667
787,644
1109,420
1600,335
764,763
1316,477
852,500
983,676
1401,527
873,704
1130,754
961,149
1236,748
982,953
512,252
1209,635
1044,953
361,95
996,772
1059,796
257,211
1003,908
902,515
1320,301
946,177
660,400
1636,291
1267,646
1514,274
1537,410
1753,202
1139,588
1055,720
1214,421
121,72
964,716
1367,572
1021,712
1299,253
724,417
1598,390
631,565
637,602
1085,797
734,497
1025,769
372,182
1037,774
961,823
228,191
1408,294
1340,260
598,586
348,271
1587,412
1082,745
982,305
1047,697
796,749
504,490
1585,225
1006,836
852,302
234,234
489,221
1339,575
1076,649
1133,626
939,414
926,497
330,298
955,814
1314,552
566,115
1157,236
320,299
771,496
885,389
1105,381
498,445
876,595
599,595
776,485
743,257
1268,530
921,583
960,958
950,416
1107,710
1441,528
965,821
696,635
836,829
1349,617
432,425
795,278
1174,515
1305,299
739,703
14,15
678,545
1031,729
1097,779
538,281
1334,224
792,681
705,530
1013,937
363,267
921,455
1559,371
1138,439
1065,740
1247,569
1163,518
1392,343
1374,574
768,149
724,201
1410,339
722,673
1248,685
572,524
1143,838
1410,412
1736,244
782,539
517,165
1241,573
1027,780
1455,447
543,499
1009,611
1228,490
733,720
1224,687
632,474
1427,320
786,112
732,543
456,440
887,833
1713,242
1193,789
753,335
935,927
1474,496
580,374
1013,481
890,508
1497,400
871,827
1081,894
962,440
676,335
712,81
599,442
1362,479
1257,299
1300,458
1005,875
1286,352
1705,279
409,33
1014,924
1319,655
580,574
138,136
1729,111
968,860
625,455
1063,657
1179,286
1184,767
1171,827
801,551
1179,361
1044,395
1666,271
741,511
980,738
1152,465
1224,762
1244,584
1285,665
1499,463
1797,69
1123,35
994,841
1112,638
1245,588
520,190
524,491
1587,323
1130,613
1054,439
1622,267
1303,525
695,361
1254,692
350,166
1166,650
1376,297
423,185
1276,464
901,785
1200,598
986,543
1106,520
1028,905
829,413
1054,780
1284,518
1046,884
706,702
1802,189
981,543
919,379
1876,102
891,522
559,548
926,892
1564,435
1321,488
1980,19
871,719
163,51
1169,809
987,881
986,370
1630,168
1180,213
1348,632
909,208
234,141
1459,158
811,739
864,552
1192,706
1670,305
392,364
437,280
240,151
1176,702
888,874
1107,866
1114,616
1270,324
279,259
1074,844
1620,299
1492,417
1067,720
1181,454
1323,351
496,78
1011,968
1370,449
706,521
1984,15
1089,897
700,122
1186,250
503,123
1074,579
1018,848
403,227
730,66
464,337
955,511
1442,223
712,695
772,699
954,836
966,834
984,367
338,253
1138,787
560,525
767,220
1239,128
1550,282
160,159
938,381
891,352
1438,538
1213,675
1029,364
580,470
1016,696
1017,741
613,182
535,307
418,380
892,539
785,697
327,134
1232,434
1105,605
1529,321
1184,714
1430,342
825,713
782,754
750,615
469,366
983,730
734,410
958,480
1243,306
774,654
599,389
1330,484
141,136
86,34
822,777
645,497
1021,889
870,719
1337,349
1534,405
1084,280
966,910
633,247
992,609
1254,551
1294,188
967,569
1275,627
884,188
1140,801
325,234
633,553
704,127
1602,221
605,483
1012,760
459,348
1777,27
665,536
740,691
1144,811
356,172
1077,168
613,302
1386,390
1010,807
892,301
655,504
1359,639
644,314
1353,594
449,412
883,622
1351,610
545,532
939,579
641,354
1202,436
953,789
1957,6
682,478
815,620
1549,451
845,120
772,757
268,265
1090,763
1515,481
943,912
862,597
634,555
1401,581
1380,423
958,494
1089,592
232,74
1574,350
1821,106
1425,575
1079,708
77,69
1089,883
999,907
788,224
452,431
1094,782
1464,486
1120,819
1700,299
1197,784
824,750
445,80
1801,148
909,575
1318,364
729,428
849,542
1201,515
959,926
909,836
1093,270
946,804
1137,644
1856,104
1224,282
1187,662
237,159
1675,286
578,483
1356,513
1193,425
1123,197
595,527
722,509
570,426
889,229
594,527
596,568
520,431
707,380
1101,884
1161,637
969,916
641,637
962,864
1045,744
965,815
739,635
395,352
999,911
1375,429
857,750
681,444
1744,193
828,716
1439,282
701,392
1008,992
880,784
613,581
936,658
336,216
792,762
724,370
1187,721
1523,410
1361,549
931,662
792,476
1653,345
964,652
544,269
1066,444
1401,478
986,115
854,632
1060,836
642,559
396,370
733,192
668,610
1132,849
911,782
1411,498
353,354
195,177
723,426
1039,569
1011,980
1007,432
987,776
673,261
816,817
1145,515
788,351
674,638
1047,565
1054,299
494,443
918,260
515,381
1085,283
1669,281
807,293
1303,603
556,556
953,950
873,688
1294,670
1684,17
1062,614
1143,855
979,731
596,359
833,736
1678,285
957,757
907,578
1334,570
147,133
1121,870
659,571
1193,767
706,213
1169,694
929,824
787,553
1120,671
326,304
923,297
654,596
684,211
414,363
1445,154
1035,906
962,638
1590,329
59,19
384,261
1115,468
1219,577
1346,399
883,800
727,244
923,718
481,470
1282,177
1003,884
860,477
1668,189
765,271
707,472
1098,651
1411,106
1194,492
941,924
791,787
1028,894
1107,501
1173,568
943,902
1308,636
1199,778
831,607
1004,497
1341,429
1179,570
568,401
623,72
1356,352
1075,384
967,449
1323,650
1234,340
915,697
1257,627
614,567
1204,229
1363,311
1208,654
633,485
1174,344
1160,728
418,380
1257,517
883,720
1217,439
1845,124
935,597
1233,681
1732,255
1623,89
1263,713
779,748
1472,184
888,519
486,259
637,505
1189,298
674,576
1050,537
1488,375
1467,516
1205,565
540,523
566,473
1367,563
710,300
981,966
1300,318
1359,443
1109,505
1513,356
854,616
496,154
943,848
1223,511
1867,83
452,441
699,355
1035,455
1353,304
1027,822
834,481
1428,552
1014,770
317,64
853,835
606,601
1382,144
1109,783
1554,180
1218,702
1041,947
1015,517
897,759
1367,504
619,201
499,248
715,492
883,328
563,468
800,589
557,305
470,416
1376,462
880,830
653,598
396,363
634,541
1470,408
940,860
908,737
761,335
1632,309
850,78
964,899
1157,828
631,622
724,590
1171,804
568,312
1392,555
1033,518
1145,714
802,634
975,965
755,734
1143,508
1133,275
1082,869
1021,658
1315,603
423,344
729,695
1178,791
541,532
819,628
1475,455
526,294
563,383
999,92
1100,894
1483,393
964,826
768,554
1526,233
298,287
1420,579
1305,583
984,135
1142,47
1250,491
1053,928
1142,725
949,527
551,540
585,581
1076,675
534,435
1219,747
1158,85
1217,671
1267,109
1333,205
552,530
1234,224
584,537
656,324
486,301
409,236
194,188
923,919
861,405
1213,778
1117,841
1379,305
1134,830
1046,652
659,447
1550,234
1787,80
763,680
960,886
773,568
592,415
1772,144
1250,496
329,159
1049,937
1395,580
619,574
874,479
1130,387
820,188
1005,470
508,206
1033,449
1150,837
1165,419
139,94
238,126
1035,567
1255,76
782,706
402,237
510,175
1054,744
90,51
1814,118
1389,466
1041,806
878,871
899,376
420,183
698,307
1627,191
650,572
443,269
1808,127
810,517
1020,639
928,578
1186,607
294,281
963,104
315,277
469,444
134,125
604,146
1231,593
1027,905
486,389
885,707
520,319
879,334
1076,526
592,404
850,243
1020,581
880,318
747,270
1288,539
514,470
983,906
1119,816
1152,842
1140,794
347,343
283,249
1289,628
1095,565
831,601
753,526
1303,682
1576,364
630,494
621,404
774,457
362,322
547,384
759,367
984,985
379,161
993,728
1390,509
1122,441
1586,398
671,290
390,388
549,467
1291,614
806,674
1730,267
995,838
716,495
1652,334
1310,417
1026,566
1086,632
245,235
1333,641
737,699
333,168
1307,206
410,168
1638,231
1228,650
1380,558
944,854
769,421
1023,944
793,742
584,584
1229,757
885,739
1597,296
788,458
654,583
701,568
1637,279
1120,800
1386,437
635,216
1200,788
1332,180
900,704
1500,466
1299,436
340,308
864,759
1243,249
1695,253
801,734
451,361
1225,719
505,135
641,468
526,280
443,239
856,377
1231,534
706,518
825,366
1501,387
683,165
1410,568
1340,618
929,751
1475,166
1818,181
1778,207
406,353
1039,535
455,433
753,537
1163,120
1284,438
950,901
983,790
851,653
1073,752
1293,460
847,840
953,588
508,184
646,273
713,650
1155,827
1136,765
1352,494
820,802
967,753
723,685
1343,572
213,56
1351,613
774,332
1452,202
370,354
889,745
977,195
963,246
738,334
511,255
265,159
829,789
1292,470
1300,678
868,866
1813,143
1337,451
1261,360
443,416
854,781
1423,575
920,428
859,666
955,856
1071,507
1119,498
1540,236
970,721
590,555
1184,407
704,383
730,540
810,505
1169,549
598,391
1087,549
1718,240
1571,421
1001,989
954,728
1527,27
511,176
1686,282
434,252
954,853
1126,850
1460,511
225,123
385,272
1299,185
368,284
1639,185
558,284
1093,752
1167,816
1098,846
967,778
1400,567
1430,377
542,448
1185,498
1429,545
635,433
894,708
615,564
810,805
1102,626
733,594
662,414
1307,654
1131,405
1159,517
501,374
1070,804
1148,650
561,425
616,421
430,340
844,613
1640,274
1816,173
1581,367
368,257
1490,510
761,704
1489,497
549,157
1443,400
628,447
1036,801
958,565
118,117
575,548
841,829
554,276
953,707
1786,212
1117,376
1732,156
1028,747
993,384
1464,446
983,841
412,318
1087,778
1195,629
455,408
999,932
945,630
1309,586
317,246
861,731
1497,395
1166,393
394,376
1241,667
540,420
746,683
834,508
99,80
870,857
877,765
518,408
1150,828
857,849
1495,403
1625,362
1970,19
621,597
797,531
1108,872
835,355
1304,453
1428,565
181,118
896,831
1330,516
847,723
891,672
1043,599
1178,759
1401,564
1092,578
143,122
1389,486
331,226
1811,165
1876,122
1168,746
0
0
0
1
2
2
3
3
5
5
5
7
8
8
9
10
10
10
12
12
13
13
15
15
16
16
16
16
18
19
20
20
20
20
21
21
22
22
22
22
22
23
23
23
24
24
24
25
25
26
26
27
27
28
28
28
29
30
30
31
32
32
33
33
35
36
38
38
39
40
41
41
41
41
43
43
46
46
46
47
47
48
48
50
51
51
51
52
53
53
53
55
56
57
57
57
58
58
58
59
59
60
60
62
62
63
64
64
64
66
66
67
68
69
69
69
70
70
71
71
72
72
73
73
73
73
75
75
76
77
77
77
78
78
79
79
80
82
83
84
85
85
85
86
86
87
87
87
87
87
87
88
88
89
89
90
90
91
91
91
93
93
95
95
96
97
97
98
98
98
100
100
101
102
103
105
105
106
106
108
108
109
109
110
111
111
112
112
112
113
113
114
114
115
115
116
117
118
119
120
121
121
123
126
127
129
129
130
130
131
133
133
134
134
135
136
136
136
137
138
139
140
140
141
142
143
143
144
144
145
145
145
146
147
149
149
149
150
150
150
151
152
152
153
156
157
158
158
158
158
158
159
159
159
159
159
160
160
161
161
164
165
165
166
166
167
167
168
170
171
171
172
172
174
174
174
175
176
176
179
179
181
181
183
183
183
184
184
184
185
185
186
187
187
188
189
191
191
192
192
192
192
193
193
193
194
196
196
196
197
198
198
202
203
203
205
205
205
207
208
209
209
210
211
211
211
212
212
212
214
214
214
215
216
216
218
219
220
220
222
223
224
224
227
227
230
231
231
231
231
232
232
232
233
233
233
235
236
236
238
239
239
240
240
241
241
243
243
244
244
245
245
246
246
246
246
246
247
247
247
248
249
249
249
250
252
255
256
257
257
258
260
260
261
261
261
263
264
264
265
266
267
267
267
268
269
269
269
270
271
272
272
272
272
274
275
276
277
278
279
280
281
283
283
284
284
285
285
285
286
286
286
286
287
288
288
289
290
290
291
291
291
291
292
293
293
294
294
295
295
295
295
295
296
296
296
297
300
301
301
301
302
303
305
306
306
307
307
309
309
309
309
310
310
310
310
310
311
311
314
314
315
315
317
317
318
318
320
320
320
321
322
322
323
323
324
324
325
326
327
327
330
331
333
334
335
335
335
335
335
336
337
337
337
338
339
339
339
340
341
341
342
342
343
343
344
345
345
346
346
347
348
349
350
350
351
351
352
352
352
353
354
355
355
355
355
356
359
359
363
364
364
365
365
365
367
370
371
372
372
374
375
377
377
377
378
378
381
382
382
383
384
384
384
385
386
386
387
387
387
390
391
391
392
394
394
395
399
399
399
400
402
402
402
402
403
404
405
405
405
405
405
406
406
407
407
408
409
409
409
410
410
412
413
413
413
413
414
415
415
415
415
416
417
418
418
421
421
423
423
424
424
424
425
425
425
428
428
431
433
433
435
435
435
435
436
438
438
439
439
439
440
440
441
441
443
443
443
443
444
445
446
447
447
448
448
448
451
451
451
452
452
453
454
455
455
456
456
456
456
458
459
460
461
461
461
463
464
465
465
466
466
467
467
468
470
470
471
472
474
474
475
475
477
477
478
478
478
480
481
482
484
484
487
488
488
489
489
490
490
492
492
495
495
496
497
497
497
500
500
501
502
502
503
503
503
504
504
505
506
506
506
507
509
511
512
513
513
513
515
515
515
515
515
516
518
518
519
520
520
521
521
523
523
525
525
526
526
527
527
527
528
530
530
531
531
532
533
534
534
535
537
538
539
539
540
541
542
543
544
545
546
546
547
547
547
547
548
549
551
551
552
552
552
553
555
555
555
555
555
556
557
558
558
558
559
561
562
563
563
563
564
566
566
566
567
567
568
568
568
568
568
569
569
569
570
570
572
572
575
575
576
576
576
576
577
578
578
579
579
580
580
581
582
583
583
584
584
584
585
585
585
586
587
587
588
588
590
590
591
593
595
595
595
596
596
596
596
597
598
599
599
599
600
601
601
601
602
603
603
604
604
605
607
607
608
608
608
609
611
612
612
612
613
613
613
614
614
615
615
616
616
617
617
617
617
618
619
620
621
622
622
622
623
624
626
627
627
627
629
631
631
633
635
637
641
641
641
642
644
645
645
646
647
647
647
648
650
650
652
653
653
653
654
654
654
654
655
656
657
661
662
663
663
664
665
666
666
666
667
667
667
667
668
669
669
669
669
670
671
671
672
673
673
674
674
674
674
675
675
676
677
677
677
678
678
679
679
679
679
680
681
681
682
683
684
684
685
685
686
688
688
689
690
691
691
691
692
692
692
692
692
693
694
694
694
694
695
695
695
696
696
696
697
697
699
699
699
700
702
703
703
704
704
705
706
706
707
707
707
708
708
708
708
708
709
709
710
710
710
711
712
713
713
714
717
717
717
718
720
720
721
721
724
724
724
724
725
725
725
725
725
725
725
726
728
728
728
730
730
731
731
731
732
733
734
734
736
736
737
737
738
738
738
741
743
745
745
746
746
747
747
748
750
751
751
752
753
754
754
755
756
756
756
759
762
763
763
766
767
767
767
767
767
768
768
769
769
770
770
771
771
772
773
773
776
778
778
779
779
779
781
782
784
784
785
786
786
786
786
789
790
790
791
791
791
792
792
793
794
794
795
795
796
796
796
797
799
799
799
800
800
800
801
801
802
802
802
804
804
804
805
806
806
806
808
810
810
811
811
812
812
812
812
813
814
815
815
815
816
818
820
821
822
823
823
824
824
825
827
827
828
829
830
830
831
831
832
832
833
833
833
834
834
834
835
835
835
836
836
836
837
837
838
839
839
839
840
841
841
842
842
842
842
843
844
845
845
845
846
847
847
848
848
849
851
852
853
854
855
855
856
857
858
859
859
861
861
862
862
863
864
865
865
866
866
866
868
868
869
869
870
870
870
871
871
872
872
874
876
876
878
879
879
879
880
880
881
881
881
882
882
882
882
883
883
884
885
885
885
886
886
887
887
889
889
889
890
891
891
891
892
892
892
894
895
896
897
897
897
898
899
899
899
900
900
901
901
903
903
904
906
906
906
906
906
908
910
910
911
911
911
912
912
912
914
915
915
915
918
918
918
918
921
922
922
923
924
924
926
926
927
927
929
932
934
935
935
937
938
939
941
941
941
941
941
942
942
944
944
945
945
945
946
947
948
948
948
949
949
951
951
951
951
952
952
952
955
956
956
956
956
957
958
958
960
960
960
961
961
962
963
964
965
967
967
967
967
970
970
972
972
972
972
973
973
973
973
974
974
974
975
975
975
975
976
977
978
978
979
979
980
981
981
981
981
983
983
984
985
985
985
987
988
989
989
991
992
992
992
994
995
997
1000
1001
1001
1001
1002
1003
1003
1004
1004
1005
1006
1006
1007
1007
1007
1012
1012
1012
1016
1017
1018
1019
1019
1020
1020
1020
1021
1021
1023
1023
1025
1025
1026
1027
1027
1027
1028
1028
1029
1030
1031
1031
1031
1031
1031
1032
1032
1032
1033
1033
1033
1034
1034
1034
1036
1036
1036
1036
1037
1037
1038
1038
1038
1038
1039
1040
1041
1042
1043
1044
1044
1045
1045
1045
1046
1046
1050
1051
1052
1054
1055
1055
1056
1056
1057
1058
1059
1060
1061
1062
1062
1062
1063
1063
1063
1063
1064
1064
1064
1066
1066
1067
1068
1069
1070
1070
1072
1073
1075
1076
1077
1079
1079
1080
1080
1080
1081
1082
1082
1083
1083
1083
1085
1085
1086
1086
1087
1087
1088
1088
1089
1089
1089
1089
1090
1091
1091
1092
1092
1093
1093
1094
1095
1096
1096
1096
1097
1099
1100
1100
1100
1101
1102
1103
1103
1104
1104
1104
1105
1105
1106
1107
1108
1109
1109
1109
1113
1113
1113
1114
1114
1116
1116
1117
1117
1117
1118
1119
1119
1121
1121
1121
1121
1122
1122
1122
1123
1124
1125
1126
1128
1129
1130
1131
1131
1134
1135
1136
1137
1138
1138
1139
1139
1140
1140
1142
1142
1144
1145
1145
1145
1146
1146
1147
1147
1148
1149
1149
1149
1150
1150
1150
1151
1151
1153
1153
1154
1154
1155
1156
1156
1157
1159
1160
1160
1160
1162
1162
1162
1163
1165
1166
1166
1167
1167
1168
1168
1169
1169
1169
1169
1171
1172
1172
1173
1175
1175
1175
1176
1178
1179
1179
1180
1181
1181
1182
1183
1185
1185
1185
1187
1188
1191
1191
1191
1192
1192
1192
1192
1194
1194
1195
1195
1197
1198
1200
1201
1201
1202
1202
1204
1205
1205
1206
1206
1206
1207
1207
1207
1208
1209
1209
1210
1212
1212
1212
1213
1213
1213
1213
1213
1214
1214
1217
1217
1217
1217
1218
1219
1221
1222
1223
1223
1224
1224
1226
1226
1227
1227
1228
1229
1230
1231
1232
1232
1232
1235
1238
1238
1238
1243
1243
1244
1244
1245
1246
1246
1246
1248
1249
1249
1249
1250
1251
1251
1252
1252
1253
1254
1254
1254
1255
1255
1257
1257
1258
1258
1259
1261
1261
1261
1262
1262
1262
1263
1263
1263
1264
1265
1266
1266
1266
1267
1268
1268
1269
1270
1270
1270
1271
1271
1274
1275
1275
1277
1277
1278
1278
1279
1279
1280
1281
1281
1281
1282
1283
1283
1283
1285
1286
1287
1287
1288
1290
1290
1291
1291
1291
1291
1292
1292
1292
1292
1292
1294
1295
1295
1295
1295
1295
1296
1298
1299
1300
1300
1301
1301
1302
1302
1304
1305
1306
1306
1307
1307
1308
1308
1308
1309
1309
1309
1309
1309
1310
1310
1310
1310
1311
1311
1312
1312
1313
1313
1314
1314
1314
1316
1316
1316
1317
1317
1317
1317
1317
1317
1319
1319
1320
1320
1321
1323
1324
1325
1326
1326
1327
1327
1328
1328
1329
1329
1329
1329
1331
1331
1331
1331
1332
1334
1334
1336
1336
1336
1336
1337
1337
1337
1338
1339
1340
1340
1341
1341
1341
1341
1342
1342
1343
1343
1343
1344
1344
1345
1345
1345
1346
1347
1348
1348
1349
1349
1350
1350
1350
1350
1350
1351
1351
1352
1353
1354
1354
1355
1355
1356
1357
1359
1360
1360
1360
1361
1361
1362
1363
1363
1363
1364
1364
1365
1368
1368
1370
1371
1375
1375
1375
1377
1379
1379
1381
1381
1382
1384
1384
1385
1388
1388
1388
1389
1390
1390
1390
1392
1393
1393
1393
1394
1394
1394
1395
1398
1399
1400
1400
1400
1400
1401
1401
1401
1402
1402
1402
1403
1403
1403
1403
1405
1405
1406
1406
1406
1406
1408
1409
1409
1409
1410
1411
1412
1412
1412
1413
1414
1414
1414
1414
1415
1416
1417
1417
1417
1418
1418
1418
1419
1420
1420
1420
1420
1421
1421
1422
1423
1424
1424
1425
1426
1426
1427
1428
1429
1429
1431
1432
1433
1433
1434
1434
1434
1435
1435
1435
1435
1437
1438
1438
1438
1439
1440
1440
1441
1441
1442
1442
1443
1444
1444
1444
1445
1445
1447
1447
1448
1448
1449
1451
1452
1452
1452
1452
1453
1455
1457
1458
1459
1459
1459
1460
1460
1462
1462
1463
1464
1464
1465
1465
1465
1465
1466
1466
1466
1467
1467
1467
1467
1468
1469
1469
1470
1470
1470
1470
1470
1471
1471
1472
1474
1475
1477
1477
1479
1480
1480
1481
1481
1482
1482
1483
1484
1484
1484
1484
1485
1487
1487
1487
1489
1489
1490
1491
1491
1491
1492
1492
1493
1493
1494
1494
1495
1495
1496
1496
1496
1496
1496
1497
1498
1499
1499
1500
1501
1501
1501
1502
1502
1502
1502
1503
1505
1505
1506
1506
1507
1509
1509
1510
1510
1510
1510
1511
1512
1512
1512
1512
1513
1514
1515
1515
1515
1516
1517
1517
1518
1519
1522
1522
1522
1522
1522
1523
1525
1525
1526
1526
1526
1527
1527
1527
1527
1527
1528
1529
1530
1530
1531
1531
1531
1532
1532
1532
1533
1533
1534
1535
1536
1537
1537
1537
1540
1542
1542
1544
1544
1546
1547
1547
1547
1547
1548
1548
1548
1549
1549
1550
1551
1551
1552
1552
1554
1554
1554
1557
1557
1557
1558
1558
1559
1559
1561
1562
1563
1563
1563
1564
1564
1566
1568
1569
1570
1571
1571
1571
1571
1572
1573
1573
1573
1573
1574
1574
1575
1577
1578
1579
1579
1580
1583
1584
1584
1584
1585
1586
1586
1587
1588
1590
1590
1590
1590
1590
1590
1591
1592
1592
1592
1592
1593
1593
1593
1593
1594
1594
1595
1596
1596
1596
1597
1597
1598
1598
1599
1599
1599
1599
1599
1600
1600
1600
1601
1601
1602
1602
1602
1604
1604
1604
1604
1605
1605
1606
1607
1607
1608
1609
1610
1611
1611
1612
1613
1613
1614
1614
1614
1615
1616
1617
1617
1618
1618
1619
1620
1621
1622
1622
1623
1625
1627
1627
1627
1627
1628
1628
1629
1629
1630
1631
1633
1633
1634
1634
1634
1635
1635
1636
1636
1636
1636
1636
1637
1638
1639
1639
1640
1640
1640
1640
1641
1642
1643
1644
1645
1645
1645
1646
1647
1647
1649
1650
1651
1651
1651
1652
1653
1653
1655
1655
1656
1658
1658
1659
1659
1659
1660
1661
1661
1661
1662
1662
1663
1664
1665
1665
1666
1667
1667
1667
1667
1668
1670
1670
1671
1674
1675
1675
1675
1676
1676
1677
1678
1678
1679
1679
1680
1682
1683
1683
1685
1689
1689
1690
1690
1690
1690
1691
1692
1692
1693
1694
1694
1696
1696
1696
1696
1696
1696
1697
1698
1698
1699
1699
1700
1701
1702
1702
1703
1704
1704
1706
1708
1709
1710
1711
1712
1713
1713
1713
1716
1717
1718
1719
1720
1720
1721
1722
1722
1722
1723
1723
1723
1723
1724
1725
1725
1726
1728
1728
1729
1730
1730
1730
1731
1731
1731
1731
1732
1732
1734
1735
1735
1735
1737
1737
1738
1739
1740
1741
1742
1742
1743
1743
1744
1744
1744
1745
1746
1750
1750
1751
1751
1751
1752
1753
1753
1753
1754
1755
1755
1755
1755
1756
1758
1758
1759
1760
1760
1761
1761
1761
1762
1764
1765
1767
1768
1769
1770
1770
1771
1772
1772
1772
1774
1775
1776
1776
1777
1777
1777
1778
1779
1780
1781
1782
1782
1782
1784
1784
1785
1785
1785
1785
1786
1788
1788
1789
1789
1790
1790
1790
1791
1791
1791
1791
1792
1793
1793
1793
1795
1795
1795
1796
1796
1797
1798
1798
1799
1799
1800
1802
1802
1802
1803
1804
1804
1804
1805
1806
1807
1807
1808
1809
1810
1810
1811
1812
1812
1812
1813
1813
1813
1814
1814
1815
1815
1816
1816
1817
1817
1819
1821
1821
1821
1821
1822
1825
1825
1825
1826
1826
1827
1828
1828
1828
1830
1830
1831
1831
1832
1832
1833
1833
1834
1834
1835
1835
1836
1837
1838
1839
1839
1841
1841
1842
1842
1842
1843
1845
1845
1847
1847
1848
1849
1850
1852
1852
1854
1854
1854
1855
1855
1859
1860
1860
1862
1864
1864
1864
1864
1864
1866
1866
1867
1867
1867
1867
1868
1871
1871
1871
1873
1875
1875
1876
1877
1877
1878
1879
1880
1881
1882
1884
1884
1885
1885
1886
1886
1887
1888
1889
1889
1890
1890
1895
1896
1897
1898
1900
1901
1903
1904
1905
1905
1906
1906
1908
1908
1909
1909
1910
1910
1912
1912
1914
1914
1915
1915
1916
1916
1916
1917
1918
1919
1919
1919
1921
1922
1923
1923
1924
1924
1924
1924
1925
1925
1925
1926
1927
1928
1928
1929
1929
1929
1930
1930
1931
1931
1932
1932
1933
1933
1934
1935
1935
1935
1935
1936
1936
1936
1937
1938
1938
1939
1939
1941
1941
1945
1946
1946
1947
1947
1948
1948
1949
1949
1949
1950
1950
1950
1952
1952
1955
1955
1956
1956
1956
1957
1957
1957
1957
1958
1958
1958
1959
1961
1961
1961
1962
1963
1963
1963
1965
1966
1966
1967
1967
1967
1968
1968
1969
1972
1973
1973
1974
1974
1975
1975
1976
1979
1979
1979
1979
1980
1981
1982
1983
1984
1984
1984
1985
1986
1986
1986
1986
1988
1988
1989
1989
1990
1991
1992
1993
1993
1994
1996
1997
1997
1999
2000
