Primero viene la cantidad (n) de timestamps para ambos, luego n líneas que son un timestamp aproximado cada uno separado por una coma (',') del error, y luego n lineas de las transacciones del sospechoso
3005
86,6
116,39
250,47
459,39
935,11
1857,10
69,31
74,4
217,19
405,9
766,16
1607,19
37,2
106,6
242,13
461,11
921,22
1805,7
6,5
42,11
80,43
153,8
338,1
659,11
1364,48
7,6
35,27
96,41
186,5
386,28
740,32
1545,43
38,37
89,23
171,40
319,41
699,16
1319,7
91,47
165,20
298,32
600,32
1192,21
38,18
102,16
155,38
367,10
737,9
1419,45
35,34
37,36
137,5
310,28
538,41
1130,13
58,35
73,24
203,20
418,49
817,32
1584,10
46,17
146,38
213,28
426,18
872,9
1729,29
17,13
73,21
119,11
229,48
468,25
937,50
1874,30
46,36
140,19
222,49
460,33
888,16
1829,19
72,13
167,28
330,21
635,26
1290,47
100,16
155,37
278,5
582,47
1125,28
93,31
126,2
283,42
512,44
1080,38
87,40
103,41
198,23
479,25
868,44
1823,10
79,9
101,21
184,22
366,22
766,31
1544,21
32,5
35,3
137,46
237,13
492,3
949,38
1887,50
53,7
68,27
206,44
344,11
735,7
1426,49
63,49
76,17
197,21
389,50
767,27
1557,38
87,19
162,26
297,6
589,26
1219,10
6,5
96,11
167,15
350,1
692,50
1341,16
27,26
38,37
76,29
154,30
333,44
640,27
1334,10
48,47
107,27
232,18
409,5
877,11
1770,47
67,18
95,35
222,19
410,42
836,18
1726,10
87,19
142,9
278,19
603,14
1168,41
91,15
144,40
282,40
526,36
1072,48
47,43
54,18
169,34
340,17
667,22
1320,48
10,9
18,7
75,33
129,15
302,5
585,25
1192,10
90,46
120,12
276,9
498,40
1014,23
1938,22
69,9
88,32
231,48
403,48
815,11
1663,3
2,1
77,18
119,24
295,45
514,14
1045,37
34,32
127,40
229,31
396,38
877,21
1749,13
54,36
99,50
160,1
387,48
765,14
1558,3
5,4
16,15
50,39
142,33
300,34
515,9
1111,19
33,30
49,40
154,6
263,38
543,25
1068,47
48,30
127,30
201,18
388,5
819,22
1660,49
95,7
177,39
293,24
631,49
1268,13
98,31
164,26
265,12
540,43
1144,50
53,36
72,4
151,23
305,6
653,36
1260,14
5,4
21,4
36,35
95,33
239,46
433,49
870,16
1739,7
19,18
30,8
110,26
232,44
437,18
872,32
1711,5
14,13
34,1
144,21
198,12
428,49
823,48
1710,33
26,18
108,28
178,43
318,31
700,44
1412,18
54,34
114,17
235,2
458,14
938,5
1803,30
73,7
101,31
242,30
502,38
964,25
1916,19
55,37
151,27
244,20
524,21
982,30
1922,28
4,3
77,7
166,23
302,24
625,41
1199,15
11,6
98,24
209,22
361,47
751,25
1435,8
5,4
70,20
157,5
303,20
536,25
1112,30
27,26
93,32
196,49
372,37
742,19
1516,41
62,41
144,12
223,4
476,44
955,40
1912,27
31,30
67,4
146,50
323,20
570,31
1236,20
11,10
17,16
49,28
153,22
244,1
480,41
1054,44
39,22
80,32
212,24
418,11
818,22
1618,17
77,29
124,31
273,7
551,27
1113,39
15,14
29,27
65,10
163,28
306,41
592,26
1252,10
40,39
136,40
228,30
419,21
916,46
1785,6
81,33
129,44
229,44
446,5
906,2
1844,5
44,18
76,8
197,19
358,30
719,13
1436,47
51,2
109,43
173,4
390,38
773,18
1545,10
100,19
123,23
277,29
579,5
1083,39
92,13
116,2
258,27
549,32
1100,42
95,44
164,25
289,20
612,25
1249,24
24,23
76,34
166,41
325,9
667,39
1284,44
17,1
88,30
179,23
352,48
698,42
1414,30
62,23
122,39
190,35
414,26
827,46
1625,44
31,30
105,31
139,46
293,4
639,12
1257,37
79,38
94,1
220,44
430,17
839,29
1758,27
91,40
190,15
314,26
675,34
1348,12
9,2
46,45
110,36
237,18
405,44
813,17
1703,48
5,4
79,26
172,15
349,30
614,5
1269,7
58,34
59,40
208,24
375,18
766,40
1469,21
40,4
102,32
175,32
373,9
772,36
1469,30
79,25
170,8
273,27
563,9
1138,13
46,42
58,25
154,1
269,13
539,3
1165,35
35,34
83,7
201,20
389,16
735,34
1506,23
11,10
48,42
151,24
230,14
455,40
924,17
1884,48
25,24
30,7
153,36
213,4
432,43
871,10
1763,33
46,12
137,47
253,21
537,8
1018,7
1911,19
38,23
43,9
118,6
275,17
481,28
1054,41
72,4
138,26
287,50
584,4
1108,18
61,50
74,30
154,30
320,40
623,28
1277,43
14,7
94,43
140,15
267,39
558,19
1145,31
56,9
145,16
203,36
492,31
899,20
1865,17
55,27
145,41
249,19
482,31
955,10
1919,49
83,28
121,46
301,15
553,10
1147,42
5,4
29,10
88,14
127,8
278,38
604,13
1136,19
48,20
58,28
173,34
328,1
655,26
1322,18
11,10
88,18
130,7
313,4
612,33
1202,10
16,15
33,32
86,17
190,3
366,43
724,37
1479,15
25,24
74,39
135,34
334,4
599,3
1206,44
73,49
171,6
306,33
628,46
1196,32
1,0
58,24
102,13
246,35
422,5
906,38
1809,43
1,0
62,40
83,46
149,25
351,21
706,34
1368,45
60,34
94,13
215,45
405,26
806,31
1624,27
15,1
78,46
131,18
256,14
493,46
974,7
1902,14
48,28
126,24
207,18
406,20
794,7
1666,43
47,13
66,10
164,47
321,1
680,2
1371,2
52,38
147,47
240,26
533,14
1022,13
1911,31
73,39
91,13
191,45
386,34
792,48
1574,5
54,26
56,17
143,39
285,22
544,1
1085,29
74,13
175,39
337,10
687,47
1367,13
63,34
161,29
320,10
592,42
1175,48
31,8
129,27
221,18
431,20
842,43
1676,45
63,15
135,32
206,9
440,7
859,16
1780,15
20,8
54,38
104,49
203,50
449,10
912,35
1787,23
80,3
179,42
281,24
556,5
1192,12
19,13
57,27
165,22
314,7
572,29
1134,13
5,4
57,8
152,41
238,12
511,39
973,28
1918,8
86,47
168,33
300,1
630,8
1253,22
63,48
156,11
300,33
525,40
1058,28
3,2
14,13
64,8
110,29
225,14
504,40
996,49
1938,17
35,34
119,37
236,42
430,10
825,43
1692,31
51,35
115,42
190,2
446,1
860,40
1703,35
100,29
152,37
352,32
692,22
1335,24
18,7
53,6
97,7
266,49
511,36
953,33
1969,21
60,42
132,46
250,28
523,9
1064,5
1,0
17,15
100,32
136,22
338,47
654,35
1261,13
38,5
106,42
192,8
388,32
811,6
1598,22
76,25
124,1
237,34
518,17
1045,47
22,18
40,15
133,48
211,29
448,29
891,22
1754,11
29,28
39,21
76,6
222,25
440,2
848,19
1725,39
81,30
105,36
271,1
473,27
937,2
1906,12
41,40
92,25
210,23
356,10
736,21
1513,24
72,35
159,34
308,5
579,48
1138,5
29,28
118,6
191,13
360,39
770,13
1487,31
29,23
103,44
196,44
400,37
766,1
1519,47
12,11
40,39
138,36
200,14
479,11
932,48
1822,45
22,21
123,35
199,47
426,6
784,36
1644,48
72,44
162,28
298,20
615,24
1186,8
41,29
140,3
237,26
510,27
946,15
1926,45
60,15
125,6
229,10
489,6
952,40
1866,33
53,24
100,43
241,12
458,2
904,45
1775,37
51,41
63,28
137,21
326,43
627,50
1216,22
61,39
88,44
210,35
390,17
850,3
1650,9
56,31
82,6
150,23
318,29
695,6
1402,48
19,15
57,18
143,49
286,5
517,5
1111,25
88,34
104,47
264,10
532,50
1086,22
10,9
84,35
118,22
220,10
512,15
1002,26
1999,1998
64,1
134,26
298,48
551,42
1106,43
37,36
46,22
97,41
244,9
448,31
973,16
1940,15
19,18
43,1
146,3
232,25
490,19
945,20
1960,1959
44,14
92,48
207,38
396,4
797,34
1594,45
10,9
83,6
148,34
311,3
639,22
1237,27
82,49
106,40
289,30
492,47
1016,45
1951,12
85,50
100,24
238,18
501,24
1013,6
1949,11
25,24
110,12
188,41
417,1
837,19
1671,40
60,29
70,37
131,16
362,33
710,49
1387,14
65,8
137,27
269,15
560,39
1100,7
46,31
146,13
293,6
498,9
1060,5
93,21
148,43
324,37
630,24
1290,3
66,10
125,29
196,37
394,23
784,35
1580,36
45,5
126,19
209,10
465,9
862,5
1804,20
72,42
95,29
252,18
428,19
892,12
1793,12
86,46
168,6
294,43
631,42
1189,2
1,0
59,17
84,22
229,48
395,9
864,2
1696,37
99,13
161,33
304,17
650,12
1314,24
73,47
88,9
193,10
399,49
772,14
1625,20
18,17
108,10
128,45
280,43
547,44
1137,7
87,25
176,33
309,2
578,49
1200,5
39,35
49,22
168,11
301,13
633,39
1258,50
70,48
137,1
235,8
493,14
943,2
1926,14
18,7
59,13
176,43
345,41
681,31
1294,46
1,0
61,17
105,48
259,30
453,30
965,34
1871,30
87,47
112,34
257,4
511,24
1051,27
5,3
36,14
82,49
130,31
334,36
633,6
1295,30
27,26
93,49
143,43
343,9
652,46
1321,10
75,40
154,34
293,44
561,33
1168,38
45,5
103,32
157,22
343,26
718,9
1399,46
93,34
170,33
328,35
637,35
1315,7
14,13
113,7
134,33
284,46
558,32
1126,22
59,30
155,3
251,22
541,7
1027,50
45,12
85,26
184,22
362,4
719,25
1487,39
10,9
95,12
205,21
399,7
718,21
1494,28
65,32
134,6
224,14
473,41
971,6
1876,4
18,17
99,9
208,35
407,29
760,31
1578,34
36,35
56,6
131,33
307,27
565,23
1111,25
55,8
143,36
277,42
481,17
997,9
1975,6
84,28
150,14
290,1
546,49
1135,26
40,35
95,42
157,42
327,9
709,4
1403,24
61,37
107,35
228,50
433,37
838,45
1708,14
86,29
121,10
284,39
542,11
1092,24
1,0
17,12
93,45
127,26
298,4
636,48
1209,29
65,34
162,5
243,40
563,34
1034,30
85,46
137,29
319,45
550,21
1100,28
76,13
153,44
256,32
489,13
1039,35
42,41
105,44
203,27
449,32
869,22
1690,14
95,18
170,18
341,32
610,22
1219,7
41,40
104,44
191,11
370,50
790,42
1536,33
61,23
89,43
216,47
456,16
871,1
1733,31
63,49
93,29
228,5
392,9
818,19
1633,48
35,4
108,33
176,39
386,18
785,35
1546,49
59,41
160,27
226,13
462,15
960,8
1901,28
82,27
122,50
240,42
477,27
936,24
1868,15
56,42
110,20
264,22
485,36
957,39
1886,4
95,41
126,1
292,19
542,3
1127,27
67,41
125,8
229,50
485,4
970,37
1955,27
10,9
99,7
115,15
312,40
548,23
1185,39
41,9
53,47
109,1
254,1
514,46
1017,15
1966,25
68,24
150,17
220,49
509,30
1017,10
1988,1987
100,19
169,10
278,39
584,46
1135,31
34,32
86,3
180,42
358,44
689,45
1410,40
78,42
171,11
350,43
672,20
1273,32
99,12
100,18
253,20
474,22
999,18
1930,6
9,5
90,46
193,18
389,21
726,12
1494,46
71,16
172,39
330,33
582,34
1238,46
29,28
69,45
135,34
244,27
481,46
1011,24
1990,1989
22,21
121,11
221,12
429,43
797,10
1647,7
2,1
20,19
64,9
149,31
268,39
532,20
1091,8
29,24
112,39
203,26
421,41
824,4
1659,44
44,34
98,24
223,16
425,25
840,15
1686,42
7,6
54,24
134,30
286,49
500,22
1061,44
99,32
102,20
226,38
520,47
985,11
1980,1979
46,29
108,18
189,31
363,17
795,6
1597,1
24,18
107,28
219,36
372,40
803,4
1606,23
8,7
28,11
110,8
207,12
423,50
870,3
1724,29
55,36
137,30
200,48
472,39
877,16
1823,40
51,41
120,10
244,2
493,33
997,9
1940,10
60,2
136,26
233,12
469,31
964,32
1926,47
20,19
110,20
191,26
397,46
796,18
1535,34
45,41
52,7
165,47
291,9
576,2
1134,11
7,6
63,47
79,11
238,39
472,42
883,43
1837,24
60,13
84,34
244,13
419,44
815,22
1655,46
56,8
156,3
270,9
528,31
1022,50
13,12
32,24
65,33
168,28
307,30
658,21
1259,11
25,24
108,18
141,34
320,22
628,47
1312,36
3,2
82,42
103,9
225,3
501,8
1007,20
1997,1996
21,3
84,40
202,18
340,32
657,43
1359,16
44,42
63,32
181,28
305,46
681,39
1374,34
2,1
79,19
176,33
305,10
622,24
1186,29
85,27
97,25
206,44
422,25
896,30
1804,28
95,14
193,50
289,19
637,37
1256,36
43,2
132,30
259,2
435,11
945,18
1900,2
28,6
78,13
155,13
324,15
631,20
1238,40
97,29
120,28
298,45
567,36
1111,44
77,21
175,13
343,9
630,49
1267,17
64,29
130,25
251,42
452,21
983,21
1955,16
24,7
75,45
186,11
375,19
671,10
1420,49
25,24
30,29
150,39
270,23
510,42
989,50
1975,6
39,38
51,42
95,37
273,26
557,32
1033,11
5,4
22,19
52,15
115,26
196,40
450,2
875,35
1728,19
93,13
146,40
299,2
587,34
1134,25
10,9
68,20
119,20
239,9
465,33
970,15
1902,35
47,46
52,35
186,49
351,15
677,16
1330,30
54,48
71,40
194,25
409,45
823,28
1645,6
4,3
11,9
57,43
103,45
241,15
425,33
931,36
1865,15
36,13
75,7
189,3
321,16
695,26
1356,42
9,8
98,20
127,12
278,39
531,1
1136,22
16,15
53,33
124,7
204,33
416,6
909,26
1765,11
61,26
135,18
204,33
428,5
886,39
1743,39
10,9
29,28
133,12
263,15
532,31
1023,44
1997,1996
41,21
74,45
153,4
328,47
609,5
1225,4
55,9
82,44
161,32
386,17
693,3
1420,36
26,25
37,7
68,35
136,17
343,48
683,5
1356,4
38,1
96,14
213,50
359,11
772,28
1578,9
75,36
88,45
259,35
425,11
910,47
1804,36
80,44
126,13
273,8
513,18
1064,49
27,16
66,43
151,6
271,25
612,26
1211,36
49,37
122,8
238,34
431,22
912,19
1757,15
100,14
110,20
265,26
532,39
1058,45
70,7
145,24
269,30
532,23
1071,40
63,20
122,42
218,1
467,18
951,42
1903,2
1,0
80,13
175,27
329,23
677,38
1339,29
88,22
104,48
257,45
500,30
987,25
1987,7
4,3
97,32
199,13
313,7
690,47
1319,4
67,40
132,13
273,10
567,46
1124,10
24,22
91,19
160,39
277,13
633,11
1189,12
41,25
132,1
204,38
420,6
888,38
1705,11
89,33
189,31
359,37
696,27
1419,15
65,9
150,2
313,2
603,29
1142,47
56,12
109,35
254,43
470,2
935,36
1866,4
52,47
151,21
280,14
490,20
1022,41
1911,26
98,20
187,48
315,41
621,12
1314,38
96,27
181,24
298,36
593,50
1255,44
10,9
39,28
111,14
211,50
380,36
812,45
1623,5
48,10
83,5
189,44
330,10
745,24
1397,27
68,20
169,48
263,21
537,31
1117,6
95,44
163,37
357,15
707,35
1391,31
23,2
85,23
159,43
346,43
671,16
1326,9
37,36
60,28
100,31
268,25
558,18
1040,33
45,44
71,26
149,10
316,49
665,46
1247,21
91,12
112,17
249,48
499,37
954,28
1990,1989
16,15
59,46
103,43
263,35
500,5
963,33
1988,1987
57,36
101,22
175,50
348,23
720,47
1411,12
33,32
57,46
117,36
292,26
518,8
1023,24
96,40
138,1
248,45
519,46
1063,1
58,1
108,44
213,34
466,23
932,4
1863,41
81,40
94,8
199,48
378,11
793,33
1569,7
79,12
143,31
294,14
572,1
1145,15
39,38
51,35
179,12
365,49
669,19
1316,46
16,15
65,18
124,24
251,11
481,43
974,15
1981,1980
1,0
7,6
105,39
184,40
381,47
715,27
1398,44
13,12
82,22
153,41
313,22
632,48
1273,31
80,33
84,29
213,50
420,25
878,1
1768,38
5,4
7,6
73,17
149,9
250,50
500,7
1071,20
39,16
43,38
114,46
222,49
422,36
894,13
1824,50
101,33
178,24
304,5
654,43
1270,4
82,32
93,17
181,7
408,33
819,4
1634,14
72,18
144,20
267,32
497,12
1006,28
1921,21
84,12
163,15
337,4
616,19
1267,4
51,2
114,14
257,8
483,26
958,48
1864,10
39,12
115,19
167,49
408,27
783,6
1552,30
6,5
25,23
66,38
196,22
318,19
686,28
1395,27
50,16
136,4
212,44
429,17
846,17
1679,47
59,33
115,43
191,18
386,40
805,44
1566,40
90,22
155,45
257,23
599,13
1198,50
57,18
84,1
202,32
395,13
760,17
1499,46
61,50
152,49
279,29
495,48
1027,26
32,20
81,39
120,36
306,50
541,42
1180,48
13,1
88,18
140,50
318,50
648,41
1272,22
59,22
65,16
159,3
382,2
698,46
1460,31
52,13
57,24
175,38
285,18
646,42
1288,32
32,31
71,6
139,49
312,32
564,21
1132,15
1,0
47,6
115,16
172,44
395,16
826,28
1621,31
71,46
113,10
222,45
464,25
944,25
1866,42
47,23
52,22
141,25
266,18
577,50
1106,14
20,12
38,10
75,36
174,11
363,48
724,1
1422,15
92,14
163,10
278,41
628,18
1185,33
30,29
58,34
184,27
295,12
616,25
1280,23
100,40
131,21
235,11
549,35
1037,13
13,2
21,8
43,18
175,2
338,13
651,43
1323,48
14,10
23,22
79,31
173,10
316,11
664,20
1366,19
54,6
68,34
210,23
396,41
821,44
1605,15
83,6
110,40
195,15
440,4
888,2
1775,24
67,22
78,27
156,5
346,35
673,36
1372,9
86,28
172,39
336,35
645,25
1323,15
58,46
133,32
197,48
483,17
887,37
1763,5
85,25
168,49
340,38
595,33
1247,12
18,17
106,4
225,10
413,21
846,27
1671,3
80,13
181,24
326,7
684,35
1290,19
83,8
163,2
264,3
518,22
1080,11
25,1
80,41
193,29
368,16
751,42
1422,6
8,7
69,16
95,44
193,10
384,50
804,16
1557,44
63,18
151,10
283,21
597,1
1159,16
16,11
24,7
120,14
175,49
392,44
778,15
1601,7
49,19
76,46
197,28
418,25
828,25
1596,25
80,19
156,48
252,31
552,41
1053,3
8,7
72,40
104,35
206,37
440,31
860,48
1781,14
54,2
124,24
233,19
421,43
875,48
1755,10
30,15
48,39
96,19
185,16
363,37
821,13
1546,43
71,20
89,41
235,33
484,3
946,16
1871,47
30,14
37,24
145,43
234,35
476,18
991,41
1993,1992
88,49
143,36
320,33
574,8
1220,27
8,7
57,22
146,25
294,36
527,13
1100,3
41,31
51,16
190,20
311,4
633,42
1236,23
8,7
13,12
57,3
171,26
318,46
622,33
1263,47
38,29
129,49
257,43
508,41
982,9
1917,15
16,15
81,15
107,37
230,1
494,1
1015,43
1971,1970
36,6
45,32
91,10
265,1
445,39
979,19
1884,34
7,6
92,23
157,46
297,13
561,45
1194,7
62,45
124,38
257,47
476,20
950,32
1932,23
61,35
101,19
246,37
495,42
932,23
1849,37
81,16
93,44
202,28
417,18
888,7
1744,26
64,47
73,3
157,4
300,49
690,38
1377,29
21,20
68,41
182,43
331,17
646,34
1267,12
10,9
106,39
138,8
314,27
571,15
1238,38
63,13
124,4
224,5
482,8
952,33
1871,24
44,6
84,14
144,13
291,7
617,49
1245,21
53,41
120,39
227,7
447,12
902,36
1843,40
77,35
111,7
255,47
451,13
917,46
1814,19
85,28
182,33
269,31
537,46
1109,41
82,47
159,39
314,26
557,5
1207,40
66,47
95,8
184,21
370,37
766,43
1540,17
33,20
53,26
123,8
291,30
596,5
1165,33
84,12
110,24
230,13
525,8
972,20
1958,7
68,37
120,26
250,19
441,18
945,15
1908,3
60,17
90,10
167,12
325,46
652,21
1369,32
31,6
86,43
143,33
309,39
631,35
1257,14
6,5
81,34
107,46
295,46
496,7
1084,29
33,32
133,36
228,22
405,5
876,12
1742,12
91,15
120,26
264,37
567,17
1053,46
27,26
107,22
158,8
365,45
689,28
1357,39
37,19
38,30
142,34
307,1
564,27
1126,25
96,28
179,7
278,8
639,20
1255,44
48,38
135,20
195,11
391,1
815,47
1594,9
5,4
34,33
102,17
144,27
356,33
672,1
1371,45
44,23
84,23
157,41
354,23
696,48
1401,22
63,35
131,20
210,32
487,22
987,46
1977,23
4,3
59,31
140,3
269,27
530,14
1067,27
76,43
86,38
250,28
437,20
916,17
1795,18
87,2
167,25
276,16
558,40
1112,9
23,22
94,44
122,35
305,11
592,32
1163,20
88,39
168,27
334,33
623,50
1231,20
96,32
137,27
251,3
544,50
1043,36
37,19
102,3
204,48
435,9
869,43
1672,48
11,10
39,36
138,13
230,2
450,5
932,49
1808,4
14,13
34,3
134,43
217,16
463,4
914,36
1858,10
32,6
50,12
154,18
292,7
621,28
1157,47
1,0
20,3
108,2
223,25
406,22
813,27
1579,41
35,26
77,29
156,28
281,36
573,23
1204,50
15,5
47,7
129,14
210,39
499,43
992,25
1942,30
35,15
77,33
212,50
371,33
790,26
1503,29
70,17
143,43
223,33
507,3
946,25
1962,30
74,29
115,10
249,17
448,4
934,40
1829,16
10,9
82,21
146,1
292,10
565,7
1110,4
76,9
80,46
212,45
441,17
812,37
1630,34
47,45
148,1
283,39
514,46
997,8
1998,1997
22,3
100,5
215,33
381,35
792,15
1534,1
80,36
92,45
266,23
536,14
1055,11
17,12
71,14
175,32
313,29
665,11
1273,32
97,12
117,46
236,21
460,2
915,23
1904,40
87,25
130,26
307,2
563,7
1135,23
52,3
61,38
149,15
344,33
639,38
1321,23
60,15
145,19
300,46
582,3
1184,48
3,2
16,15
67,34
152,11
320,37
650,40
1230,36
8,7
37,13
110,7
157,27
316,24
714,50
1380,47
9,8
25,11
120,16
233,24
412,41
868,1
1752,4
95,34
102,17
202,32
418,46
878,30
1699,21
14,13
18,17
125,9
235,33
486,4
916,11
1854,1
83,46
183,17
341,18
698,38
1397,31
100,11
132,17
248,15
551,26
1042,33
96,24
107,43
297,17
576,21
1171,22
79,5
96,6
264,27
511,15
1009,7
1907,38
98,17
123,23
250,27
564,9
1080,27
41,40
117,15
170,33
379,3
774,19
1490,5
48,16
52,17
176,15
298,25
623,30
1217,9
31,8
124,48
159,14
326,29
698,26
1388,33
75,31
145,6
250,29
523,31
1023,15
40,1
94,5
196,10
360,32
773,15
1544,25
41,6
117,34
227,42
465,21
930,34
1785,2
48,47
101,46
164,39
349,30
686,18
1386,31
81,23
131,25
217,22
462,35
951,10
1894,40
50,9
119,12
171,49
434,32
841,32
1626,49
77,47
155,17
249,13
497,7
1050,47
88,28
108,25
270,14
479,9
950,15
1937,39
7,6
29,28
66,42
154,14
288,35
593,34
1165,24
56,3
137,15
262,22
500,7
1033,29
1953,9
31,23
106,44
165,33
359,5
698,47
1403,10
67,49
146,38
292,39
594,6
1195,39
31,30
124,23
212,25
368,22
772,15
1596,13
36,6
99,20
206,48
377,32
818,19
1569,21
93,40
170,43
337,39
653,24
1270,45
75,2
136,44
277,27
528,2
1036,3
51,33
78,35
207,19
394,29
780,47
1608,17
94,50
115,34
253,37
484,47
954,16
1928,30
20,19
103,9
149,1
353,24
635,35
1291,40
66,21
145,43
280,32
533,3
1095,29
93,25
105,50
224,47
515,32
948,16
1899,6
41,40
138,32
245,43
512,11
1036,22
1944,13
41,40
117,10
217,23
465,48
896,23
1789,28
92,32
139,31
240,28
517,35
1059,27
32,13
41,23
90,11
213,27
459,35
882,1
1761,30
31,15
117,7
160,26
393,4
750,39
1493,37
29,12
103,39
143,39
342,38
693,14
1324,36
92,49
155,26
295,25
553,20
1128,35
28,22
94,35
222,33
444,50
820,20
1686,22
45,22
66,36
184,23
300,48
598,16
1232,12
46,27
72,22
158,27
368,24
684,33
1383,12
32,20
56,43
151,4
318,22
588,39
1177,21
83,41
180,31
312,47
601,35
1263,49
85,7
166,46
281,8
567,48
1178,23
101,11
178,44
321,11
607,16
1302,25
23,15
29,28
106,18
243,32
501,44
964,5
1904,34
30,14
33,32
142,19
232,31
522,27
1053,50
63,33
82,2
246,19
489,37
913,29
1881,9
63,40
101,29
194,9
437,9
821,2
1622,8
79,8
102,42
237,16
449,32
888,20
1774,35
10,9
102,47
141,22
311,31
627,19
1226,48
23,22
90,47
151,12
282,14
563,8
1169,43
23,6
81,44
197,23
384,26
710,9
1418,16
26,8
38,37
143,42
252,42
527,7
1058,45
28,27
68,44
117,32
233,29
528,40
1043,37
22,19
47,7
154,23
237,22
512,32
1026,22
1934,39
13,7
19,13
52,40
114,25
251,22
543,23
1034,24
41,40
95,39
164,24
388,36
783,41
1519,6
20,19
88,13
160,7
339,50
693,26
1375,45
3,2
37,12
141,35
222,8
411,47
867,25
1759,43
84,13
143,38
260,23
579,42
1152,26
15,13
103,47
218,6
390,17
809,14
1633,50
22,21
73,16
174,16
334,10
657,24
1354,49
38,37
48,25
133,12
268,23
562,9
1129,3
1,0
95,14
164,9
338,49
683,27
1340,2
5,4
94,36
178,4
280,16
633,13
1219,4
92,6
165,28
306,22
586,26
1170,44
9,8
12,11
39,38
69,33
227,14
382,22
742,2
1508,23
87,24
100,19
224,25
466,28
962,15
1879,3
45,3
76,1
189,28
369,24
753,15
1515,26
82,28
183,28
364,13
723,36
1422,20
17,4
51,11
95,38
166,41
378,20
779,30
1532,7
48,23
131,50
249,3
495,7
939,48
1942,48
64,31
159,47
236,9
560,47
1107,20
98,23
157,47
313,17
592,9
1232,11
59,43
62,6
153,36
360,36
729,24
1434,32
59,30
143,1
231,6
530,24
1043,23
60,5
152,49
290,39
515,7
1096,31
21,12
31,24
143,11
215,45
418,7
841,45
1746,43
12,11
18,17
130,1
194,26
430,49
870,45
1737,50
52,45
54,21
205,28
328,35
738,12
1390,26
59,16
83,7
181,30
396,33
740,18
1480,15
12,11
86,29
124,10
306,16
620,32
1179,3
4,3
63,4
104,39
251,38
474,11
968,48
1882,48
4,3
8,7
108,10
149,26
346,7
618,29
1310,42
55,38
77,4
157,24
325,24
656,6
1332,1
31,10
68,8
200,9
335,12
639,19
1325,48
33,9
104,16
221,18
395,17
789,11
1631,38
47,10
95,30
232,29
438,14
890,13
1772,2
97,26
112,49
240,27
479,34
929,35
1926,50
83,46
89,10
213,35
444,36
903,50
1739,19
90,38
163,44
308,2
662,35
1311,8
88,34
168,8
259,19
607,5
1126,48
63,39
132,1
244,20
506,18
970,3
1934,31
62,20
73,4
224,28
368,46
741,36
1483,23
21,6
1
1
1
1
1
1
1
1
1
1
1
1
1
1
1
1
1
1
1
1
1
1
1
1
2
2
2
2
2
2
2
3
3
3
3
3
3
3
3
3
3
3
3
3
3
3
4
4
4
4
4
4
4
4
4
4
4
5
5
5
5
5
5
5
5
6
6
7
7
7
8
8
8
8
8
8
8
8
8
9
9
9
9
9
10
10
10
10
10
10
10
10
11
11
11
11
11
11
11
12
12
12
12
12
13
13
13
13
13
14
14
14
14
14
14
15
15
16
16
16
16
16
16
17
17
17
17
17
17
17
17
18
18
18
18
18
18
19
19
19
19
19
19
20
20
20
20
21
21
21
21
21
21
21
21
22
22
22
22
22
23
23
23
23
24
24
24
24
25
25
25
25
25
25
25
25
25
25
25
26
26
26
26
26
26
26
26
26
26
27
27
27
27
28
28
28
28
28
28
28
28
29
29
29
29
30
30
30
31
31
31
31
31
31
31
31
31
31
32
32
32
32
32
32
32
32
32
33
33
33
33
33
33
33
33
33
34
34
34
34
34
34
35
35
35
35
35
35
35
35
35
35
35
36
36
36
36
36
37
37
37
37
37
37
37
38
38
38
38
38
38
38
38
38
39
39
39
39
39
39
39
39
39
39
40
40
40
40
40
40
40
41
41
41
41
41
41
41
41
41
42
42
42
42
42
42
42
43
43
43
43
43
43
43
44
44
44
44
44
44
44
44
44
44
45
45
46
46
46
46
46
47
47
47
47
47
47
47
47
47
47
47
48
48
48
48
48
48
48
48
48
48
49
49
49
49
49
49
49
50
50
50
50
50
50
50
50
51
51
51
51
51
51
52
52
52
52
52
52
53
53
53
53
53
53
53
54
54
54
54
54
54
54
54
55
55
55
55
55
55
55
55
56
56
56
56
56
56
56
56
56
56
57
57
57
57
57
57
57
57
57
57
57
58
58
58
58
58
58
58
58
58
58
58
59
59
59
59
59
59
59
59
59
59
59
59
59
60
60
60
60
60
60
61
61
61
61
61
61
62
62
62
62
62
62
63
63
63
63
63
63
63
64
64
64
64
64
64
64
64
65
65
65
65
66
66
66
66
67
67
67
67
67
67
68
68
68
68
68
68
68
68
69
69
69
69
69
69
69
69
70
70
70
70
70
70
70
71
71
71
71
71
71
71
72
72
72
72
72
73
73
73
73
73
73
73
73
73
73
73
73
73
73
73
73
74
74
74
75
75
75
75
75
75
76
76
76
76
76
76
76
76
76
77
77
77
77
77
77
77
77
77
77
78
78
78
78
78
78
79
79
79
79
79
79
79
80
80
80
80
80
80
80
80
81
81
81
81
81
81
81
81
82
82
82
82
82
82
82
82
82
82
83
83
83
83
83
83
83
83
83
83
83
84
84
84
84
84
84
84
84
84
84
84
84
84
84
85
85
85
85
85
85
85
85
85
85
86
86
86
86
87
87
87
87
87
87
87
87
87
87
87
87
88
88
88
88
88
88
88
88
88
88
88
88
89
89
89
89
89
89
89
89
89
89
90
90
90
90
90
90
90
90
90
90
90
91
91
91
91
91
91
91
91
91
91
91
91
91
91
91
92
92
92
92
92
92
92
92
93
93
93
93
93
93
93
93
93
93
94
94
94
94
94
94
94
95
95
95
95
95
95
95
95
96
96
96
96
96
96
96
96
96
96
97
97
97
97
97
97
98
98
98
98
98
98
99
99
99
99
99
99
99
99
99
99
99
99
100
100
100
100
100
100
101
101
101
101
101
101
101
101
101
102
102
102
102
102
102
103
103
103
103
103
103
104
104
104
104
104
104
104
104
104
104
104
104
104
105
105
105
105
106
106
106
106
106
106
107
107
107
107
107
108
108
108
108
108
109
109
109
109
109
109
109
109
110
110
110
111
111
111
111
111
111
111
112
112
112
112
112
113
113
113
114
114
114
114
115
115
115
115
115
116
116
116
116
117
117
117
117
117
117
117
117
118
118
118
118
118
118
118
118
119
119
119
119
119
119
120
120
120
120
120
120
120
121
121
121
121
121
121
121
121
121
121
121
122
122
122
122
122
122
122
122
122
122
122
123
123
123
124
124
124
124
124
124
124
124
125
125
125
125
125
125
125
126
126
126
126
126
126
126
126
126
126
127
127
127
127
127
127
127
127
128
128
128
128
128
128
128
129
129
129
129
129
129
129
129
130
130
131
131
131
131
132
132
132
132
132
132
132
132
132
132
132
133
133
134
134
134
134
135
135
135
135
136
136
136
136
137
137
137
138
138
138
138
138
138
138
138
138
138
139
139
139
139
139
139
139
139
140
140
140
140
140
140
141
141
141
142
142
142
142
142
143
143
143
143
143
143
143
143
143
144
144
144
144
144
144
145
145
145
145
145
146
146
146
146
146
147
147
147
147
147
147
147
147
147
148
148
148
148
148
148
148
148
148
149
149
149
149
149
149
150
151
151
151
151
151
152
152
152
152
153
154
154
154
154
155
155
155
155
155
155
156
156
156
157
157
157
158
158
158
158
158
159
159
159
159
159
160
160
160
160
160
160
160
160
161
161
161
162
162
162
162
162
162
162
163
163
163
163
164
164
164
164
165
165
165
166
166
166
166
166
166
166
166
167
167
168
168
168
168
168
169
169
169
169
169
170
171
171
171
171
172
172
172
172
172
172
173
173
173
173
173
175
175
175
176
176
176
177
177
177
178
178
178
178
178
178
179
179
179
179
179
180
180
180
181
181
181
181
181
182
182
182
183
183
183
183
184
184
184
184
184
185
185
186
186
186
186
186
186
186
187
187
187
187
187
187
187
187
187
188
188
188
188
189
189
189
189
189
190
190
191
191
191
192
192
192
192
192
192
192
193
193
193
193
194
194
194
195
195
196
196
196
196
197
197
197
197
198
198
198
198
198
199
200
200
201
201
201
202
202
202
202
203
203
204
204
204
204
205
207
207
207
208
208
208
208
208
208
209
209
209
209
209
210
210
211
211
211
212
213
213
213
214
214
214
214
214
214
215
215
216
216
216
216
216
216
217
217
217
218
218
218
218
219
219
219
220
220
220
220
220
220
221
221
222
222
222
222
223
223
223
224
224
224
224
224
225
226
226
226
226
226
226
227
227
227
227
228
228
228
228
228
229
229
229
230
230
230
230
230
230
230
231
232
233
233
233
234
234
234
234
234
234
234
235
235
235
235
236
236
236
236
236
236
237
237
237
237
238
238
239
239
239
239
239
240
240
241
241
242
242
243
243
244
244
244
244
245
245
245
245
245
246
246
246
247
247
247
247
248
248
248
249
251
251
251
251
251
252
252
252
252
253
253
254
254
254
254
254
255
255
255
256
257
257
257
257
257
258
259
259
259
259
260
260
260
260
260
261
261
261
262
262
262
262
263
263
263
264
264
264
265
265
265
266
266
269
269
269
269
270
270
270
270
270
270
271
271
271
272
272
272
272
273
273
273
273
274
274
274
274
275
276
276
277
278
278
278
278
278
279
279
280
281
281
282
282
282
282
282
282
283
284
285
285
286
286
286
286
287
287
287
288
289
289
289
289
290
290
290
290
290
290
291
292
292
292
293
293
293
293
293
294
294
294
294
294
295
295
296
296
296
297
297
297
297
297
298
298
298
299
300
300
301
301
301
301
301
302
302
303
305
305
305
306
306
306
306
307
307
307
307
307
308
308
308
310
310
311
311
311
311
312
312
312
312
313
313
313
313
313
314
314
315
315
316
316
316
316
317
317
317
320
320
322
322
322
322
323
323
323
323
323
324
324
324
324
324
324
325
325
327
327
328
328
328
329
330
330
331
331
332
332
332
334
335
335
335
335
335
336
336
337
337
338
338
338
338
340
340
340
340
341
342
342
343
343
344
344
346
347
347
348
348
349
349
349
349
350
350
351
352
352
353
353
354
355
357
357
357
359
360
360
360
361
361
362
362
362
362
363
363
364
364
365
365
365
365
366
367
368
369
370
371
371
371
371
371
371
374
374
375
376
376
376
377
377
379
379
379
379
380
380
382
382
383
383
383
385
385
386
386
387
388
389
389
390
391
392
392
392
393
393
394
396
399
399
399
399
399
399
400
401
401
402
403
404
405
407
407
407
409
410
411
412
412
412
412
412
414
416
416
416
417
417
417
418
419
420
421
421
421
422
424
425
426
426
427
427
428
429
430
432
433
433
434
434
434
435
435
436
436
437
440
440
441
441
442
443
443
443
443
444
444
445
445
445
445
445
446
446
446
447
447
447
448
448
449
450
451
451
451
452
452
456
456
456
458
458
459
459
459
459
461
462
464
464
465
466
467
467
469
469
469
470
470
470
471
472
472
474
474
474
474
475
475
476
477
478
478
478
479
479
479
479
483
483
483
483
483
484
484
487
487
488
488
488
488
488
488
489
489
490
490
490
490
491
493
494
495
495
496
497
497
497
498
498
499
500
501
501
501
501
502
502
502
503
503
503
504
504
505
505
506
506
506
507
508
508
508
509
510
510
510
512
512
513
513
514
514
515
515
517
517
517
518
519
521
521
522
522
525
525
525
525
525
525
525
526
528
528
530
530
530
531
532
532
533
533
533
533
533
534
534
536
536
537
538
538
538
538
539
540
540
540
541
542
542
543
543
545
545
545
546
547
548
549
549
550
550
551
551
552
552
552
552
553
554
555
555
555
555
557
558
558
559
561
562
562
563
565
566
566
566
570
570
570
570
572
573
575
576
576
577
577
578
578
579
581
583
583
584
585
585
585
587
587
588
589
592
593
594
596
596
597
597
597
598
600
600
600
601
601
601
602
603
604
604
606
606
608
608
609
610
612
616
617
618
618
619
620
620
621
622
622
623
625
625
625
626
626
626
626
629
629
629
630
630
630
630
631
631
632
632
634
636
637
638
639
641
643
643
643
644
644
644
645
647
648
648
648
651
652
652
653
654
657
658
658
660
661
662
663
663
666
666
666
666
667
667
667
667
669
669
670
670
671
673
673
674
674
675
676
676
677
679
679
680
681
683
683
684
686
686
691
692
692
693
694
695
696
699
700
700
701
701
701
705
705
706
707
707
710
710
711
712
712
715
716
717
719
722
723
726
728
732
733
735
735
736
736
736
736
742
744
744
746
749
751
753
753
754
754
755
757
758
758
760
761
763
763
763
763
766
766
773
775
778
779
779
780
781
783
783
783
786
786
787
788
789
789
790
790
791
792
795
797
798
799
799
800
801
801
803
803
804
804
806
807
808
810
810
817
819
820
820
820
821
822
822
825
826
826
826
826
827
831
833
833
834
836
837
838
838
839
840
842
842
842
847
848
852
853
853
856
858
859
860
864
864
865
867
868
871
871
871
874
876
876
877
878
879
879
881
883
886
886
889
892
892
892
893
894
895
895
898
898
898
900
900
900
900
901
901
901
902
904
904
904
906
906
910
910
911
911
916
917
917
919
919
920
924
925
926
926
929
929
930
932
933
933
934
934
934
935
936
938
938
939
941
942
942
944
944
944
946
947
949
950
951
952
953
953
953
953
954
955
956
958
959
959
963
964
964
965
965
968
969
969
969
970
971
972
972
973
974
975
977
978
979
984
984
985
986
989
991
993
994
994
994
997
1002
1007
1009
1012
1012
1014
1014
1014
1016
1016
1016
1019
1023
1024
1025
1027
1027
1028
1028
1029
1031
1031
1032
1033
1036
1036
1036
1036
1038
1039
1040
1040
1043
1044
1044
1044
1048
1048
1049
1052
1054
1055
1055
1056
1056
1058
1058
1058
1059
1060
1062
1063
1063
1064
1068
1069
1071
1071
1075
1077
1077
1080
1083
1084
1085
1087
1088
1088
1091
1095
1095
1095
1096
1097
1098
1103
1105
1106
1108
1108
1110
1112
1113
1114
1114
1115
1119
1120
1123
1124
1126
1126
1127
1127
1128
1129
1130
1130
1130
1131
1131
1135
1136
1136
1137
1137
1137
1138
1138
1139
1140
1142
1145
1146
1148
1149
1150
1152
1154
1158
1158
1162
1165
1165
1166
1170
1171
1174
1176
1181
1182
1184
1186
1186
1186
1186
1189
1190
1190
1194
1195
1195
1196
1197
1199
1199
1204
1204
1205
1212
1213
1214
1214
1214
1215
1215
1215
1217
1218
1219
1220
1222
1223
1223
1223
1226
1227
1228
1228
1229
1229
1230
1230
1232
1239
1240
1242
1244
1246
1247
1253
1257
1258
1259
1259
1261
1263
1265
1267
1269
1269
1270
1271
1273
1273
1274
1275
1277
1285
1289
1291
1292
1295
1296
1299
1302
1304
1305
1309
1309
1311
1311
1313
1319
1319
1322
1325
1328
1329
1329
1331
1332
1333
1333
1333
1334
1334
1336
1338
1338
1339
1339
1339
1339
1340
1343
1351
1352
1357
1360
1361
1362
1364
1365
1366
1368
1372
1373
1374
1374
1375
1378
1378
1379
1381
1383
1384
1384
1387
1387
1388
1392
1394
1395
1396
1397
1400
1400
1403
1404
1404
1406
1406
1408
1411
1412
1414
1422
1424
1424
1428
1430
1430
1432
1444
1451
1454
1479
1485
1486
1491
1491
1492
1500
1500
1500
1503
1507
1510
1511
1511
1511
1514
1515
1521
1526
1529
1532
1534
1537
1545
1546
1548
1550
1552
1555
1559
1559
1562
1565
1566
1566
1569
1570
1572
1577
1578
1580
1584
1584
1585
1587
1587
1588
1593
1594
1596
1597
1597
1599
1603
1609
1617
1618
1619
1622
1623
1624
1628
1639
1642
1642
1644
1644
1648
1651
1655
1658
1662
1663
1663
1665
1666
1670
1673
1680
1686
1689
1689
1692
1692
1695
1697
1697
1701
1702
1703
1706
1709
1709
1710
1714
1723
1732
1736
1740
1741
1741
1742
1745
1745
1745
1747
1751
1751
1753
1753
1753
1755
1759
1761
1766
1767
1769
1771
1777
1778
1781
1783
1783
1783
1784
1786
1787
1791
1796
1798
1799
1800
1807
1807
1808
1808
1811
1811
1814
1818
1818
1822
1825
1830
1832
1838
1839
1843
1844
1850
1852
1853
1855
1857
1858
1863
1863
1864
1866
1867
1871
1871
1877
1878
1879
1879
1880
1881
1883
1883
1885
1887
1889
1895
1900
1901
1901
1902
1902
1904
1904
1904
1909
1910
1910
1911
1913
1914
1915
1915
1917
1917
1920
1920
1921
1922
1923
1925
1926
1927
1927
1930
1932
1934
1936
1938
1945
1945
1948
1949
1951
1955
1957
1960
1962
1963
1964
1968
1969
1971
1973
1973
1983
1984
1984
1999
2637
2714
2851
2871
3649
3799
