Primero viene la cantidad (n) de timestamps para ambos, luego n líneas que son un timestamp aproximado cada uno separado por una coma (',') del error, y luego n lineas de las transacciones del sospechoso
3005
92,45
146,6
310,22
551,1
1162,17
15,14
46,32
112,6
264,22
538,36
1025,37
48,7
88,4
237,17
444,2
849,22
1744,46
66,21
164,25
248,45
495,21
1042,24
69,17
151,21
315,39
620,9
1256,16
61,38
86,12
194,31
407,10
762,41
1562,13
87,23
167,50
265,45
541,14
1110,35
19,18
24,23
114,35
249,38
450,49
871,8
1814,24
73,9
94,23
230,6
458,30
887,40
1788,29
37,5
83,29
207,29
344,23
672,5
1344,15
85,24
123,5
220,39
448,15
931,44
1837,24
96,44
146,31
299,4
604,17
1157,19
48,7
75,1
139,47
296,10
655,45
1231,17
25,1
81,20
134,2
249,26
551,24
1133,21
90,24
120,49
258,46
564,44
1093,31
66,31
137,6
238,13
448,22
891,46
1804,47
2,1
34,9
64,1
104,14
263,19
519,25
1017,20
11,10
84,2
186,24
381,27
671,14
1395,19
64,1
88,30
210,13
397,46
761,14
1570,10
56,9
112,21
192,13
408,7
825,3
1694,23
27,26
99,42
127,6
345,9
650,35
1333,11
84,32
86,31
224,13
477,12
919,21
1815,17
74,1
99,35
244,32
496,10
944,8
1934,22
16,15
75,27
158,40
319,16
618,15
1205,20
48,47
137,18
272,9
491,35
1019,44
1912,6
91,2
169,46
351,30
653,15
1351,32
20,12
42,16
108,15
255,37
465,14
987,28
1974,7
54,37
70,24
211,1
393,17
756,3
1499,29
17,15
23,22
137,35
276,37
493,19
1001,11
1955,22
10,9
33,32
69,30
139,49
323,50
661,28
1302,48
61,3
82,29
176,22
395,3
777,17
1545,38
33,15
115,5
205,10
429,2
785,25
1586,31
22,21
85,2
120,41
241,49
568,4
1061,24
52,19
84,17
185,21
421,9
767,31
1562,22
46,40
109,35
169,26
390,40
810,37
1579,30
12,11
48,21
161,46
304,42
527,17
1120,43
34,31
124,17
163,36
416,38
756,38
1510,48
94,40
189,33
326,22
663,49
1288,5
9,8
45,41
111,44
175,42
397,13
788,32
1544,11
74,34
79,9
188,37
360,30
736,16
1515,43
92,5
119,33
215,15
448,34
922,31
1889,12
51,21
60,44
122,29
285,24
562,13
1090,14
6,5
56,7
85,2
158,42
382,28
746,26
1503,31
51,14
54,39
205,16
354,4
683,1
1444,7
27,26
35,31
118,1
251,19
444,24
931,42
1816,28
42,34
76,27
215,41
362,13
708,21
1430,33
46,45
117,38
228,13
401,6
853,34
1704,40
27,11
124,36
191,4
386,9
733,2
1545,35
61,46
77,3
195,32
413,37
821,5
1599,49
21,10
36,35
140,9
220,30
479,47
980,44
1932,38
32,31
74,17
169,26
341,36
623,30
1268,22
92,13
136,35
240,16
477,33
992,6
1900,20
15,14
66,47
151,36
321,22
575,31
1147,45
73,42
172,39
267,31
597,1
1193,27
45,19
75,13
146,49
345,41
652,44
1265,34
96,33
98,40
269,40
548,4
1071,3
98,50
108,19
241,13
461,30
962,22
1873,38
90,37
188,15
303,10
682,45
1339,4
100,50
153,48
308,2
611,49
1268,17
49,6
64,40
135,6
325,46
586,4
1199,1
88,31
176,47
341,41
660,24
1326,23
65,1
139,38
208,39
450,6
953,24
1831,4
51,32
91,41
189,43
374,46
768,49
1532,10
44,10
93,26
167,9
314,47
670,28
1362,32
67,44
76,19
146,32
379,6
763,37
1477,47
6,5
48,38
98,46
216,11
424,13
849,21
1713,42
21,10
117,48
152,11
324,4
669,42
1284,39
57,25
99,40
191,24
448,38
866,27
1690,23
46,37
125,16
175,22
397,21
746,33
1532,8
42,18
103,47
181,32
353,20
749,18
1464,34
75,10
85,36
229,3
473,38
947,34
1850,46
36,27
88,40
213,35
384,29
755,17
1534,48
51,5
152,41
268,10
484,46
1039,21
1946,44
91,34
137,9
235,18
541,18
1047,8
53,36
127,31
253,24
513,11
963,32
1945,9
19,18
73,33
126,43
295,49
555,40
1156,26
52,8
120,17
222,13
410,10
855,26
1737,24
36,20
76,5
137,8
333,21
596,15
1218,29
81,40
141,2
291,49
518,50
1117,38
64,20
147,45
227,19
510,1
956,22
1948,35
45,6
50,40
147,23
321,24
604,19
1206,28
67,23
99,6
167,6
375,6
712,25
1497,40
40,3
66,6
140,31
283,32
568,42
1186,21
41,5
118,2
205,32
438,8
873,29
1718,41
25,24
89,42
188,31
330,45
664,28
1313,49
44,43
83,39
137,22
291,45
573,29
1170,11
56,24
61,48
121,10
285,1
621,27
1197,20
70,41
97,16
223,5
429,7
844,12
1748,49
36,14
110,24
172,6
401,7
810,48
1630,45
47,43
130,31
212,39
442,47
886,42
1762,39
34,33
39,16
103,10
224,48
426,7
889,8
1774,20
3,2
102,36
162,7
339,47
700,30
1350,37
96,18
99,34
293,5
558,23
1056,28
70,38
168,38
263,30
538,13
1095,46
32,22
108,24
190,10
369,44
742,31
1471,11
76,50
141,48
281,16
588,10
1186,6
62,49
119,22
280,31
506,31
1041,32
28,14
68,44
175,41
277,19
617,30
1204,42
88,15
169,38
269,11
578,26
1128,13
46,27
131,26
237,49
454,31
880,23
1796,10
70,3
168,5
276,43
566,45
1153,4
45,24
96,19
239,38
427,43
849,28
1699,12
17,16
46,21
106,44
212,39
460,39
893,48
1804,11
27,26
84,29
183,4
308,40
669,41
1358,19
45,34
50,38
179,12
305,44
613,11
1270,40
76,38
117,23
250,20
476,15
931,1
1913,40
92,32
162,9
327,15
658,43
1275,10
67,44
103,10
235,20
495,47
956,5
1919,1
23,20
49,1
137,3
270,3
495,46
1004,1
1988,1987
2,1
41,35
116,39
234,11
409,25
833,3
1718,32
87,26
125,17
241,43
539,16
1044,20
68,46
103,9
242,36
452,7
930,26
1889,35
79,33
119,30
280,9
486,7
1026,46
1934,27
99,37
181,3
312,12
669,5
1282,47
69,43
95,29
210,34
436,28
903,32
1739,9
34,33
73,35
202,46
366,46
694,44
1443,31
75,21
76,5
233,32
464,21
918,42
1768,3
36,21
121,48
212,49
437,9
820,14
1727,34
17,16
73,36
97,13
266,27
533,9
1059,35
99,34
141,31
286,4
607,6
1156,6
2,1
75,20
144,45
304,30
612,47
1225,9
52,44
126,16
255,32
440,47
898,9
1811,49
14,13
38,2
112,31
208,28
393,20
799,21
1634,18
101,48
131,16
267,49
567,26
1123,21
66,14
124,33
250,48
451,32
939,39
1833,30
31,30
60,16
106,32
221,10
450,26
902,10
1861,45
68,43
82,11
169,11
417,26
790,9
1620,39
14,13
48,47
162,47
267,36
525,26
1053,35
23,22
119,23
193,46
397,8
760,43
1567,9
101,29
140,17
270,40
572,1
1101,50
81,9
154,50
314,14
595,13
1215,10
2,1
25,24
101,3
135,49
312,4
632,18
1219,8
57,22
66,4
204,3
400,40
792,50
1599,18
38,37
125,16
187,23
373,49
730,41
1528,28
82,42
102,48
186,45
416,35
850,21
1668,12
6,5
28,27
73,14
128,30
310,21
586,48
1144,29
81,33
158,43
290,36
594,26
1196,27
85,24
120,30
234,13
507,29
961,16
1954,1953
98,34
114,45
282,36
517,12
1111,22
3,2
96,22
113,46
300,47
606,39
1199,45
87,23
141,38
236,5
527,45
1021,19
63,22
85,12
166,19
411,9
749,43
1510,46
88,31
163,20
323,33
614,23
1230,48
21,14
87,42
207,41
354,5
703,30
1435,23
16,15
92,9
179,20
331,2
684,50
1343,32
8,3
86,23
141,32
322,5
627,27
1270,35
35,34
135,8
178,28
364,25
744,14
1534,48
32,19
42,23
125,31
290,1
574,50
1072,45
62,10
122,5
245,19
451,25
928,11
1869,50
11,10
73,1
172,48
260,36
584,41
1136,10
48,6
79,23
205,1
397,16
756,31
1543,29
71,9
119,38
236,44
509,2
949,30
1951,18
17,1
34,33
137,36
273,26
515,31
1002,24
1925,16
86,19
99,33
240,40
508,28
1023,7
1977,17
56,48
107,32
233,23
446,26
889,49
1762,7
42,5
59,8
201,31
340,17
705,23
1413,26
31,30
97,15
224,48
438,25
862,48
1661,20
67,26
106,17
260,27
484,3
956,20
1941,34
40,16
69,44
159,46
341,35
672,30
1333,17
49,27
114,7
189,29
376,43
785,7
1545,6
16,15
34,21
56,8
133,28
327,19
630,27
1242,36
65,32
91,7
161,15
367,33
719,12
1439,50
51,39
54,34
176,32
354,25
722,50
1379,39
49,3
118,4
227,47
468,39
926,18
1836,25
49,48
138,43
269,11
472,16
1000,9
1936,43
36,11
106,7
150,23
339,26
690,26
1380,7
96,2
192,29
347,39
716,49
1399,31
57,50
66,38
138,28
305,33
666,23
1237,18
94,11
151,36
287,44
549,44
1119,42
101,37
186,4
339,18
655,30
1310,21
101,20
171,15
283,50
656,19
1244,46
68,30
135,34
244,38
516,32
1047,3
15,14
108,16
131,47
324,33
605,6
1205,46
50,36
106,26
179,41
385,48
798,10
1577,7
24,13
44,29
88,5
238,37
491,4
954,24
1905,11
68,9
71,36
204,23
362,39
764,36
1478,44
80,36
154,36
282,25
564,2
1092,15
45,29
80,13
144,19
340,17
675,39
1349,17
65,46
84,1
202,38
428,38
848,43
1646,39
96,21
180,14
364,15
649,24
1358,23
43,1
131,44
226,33
467,50
876,11
1791,41
99,4
194,42
311,4
669,50
1276,28
20,3
33,26
128,37
185,30
410,3
795,4
1630,12
56,1
99,5
209,7
449,30
825,44
1734,14
47,3
71,28
193,38
399,4
806,12
1588,43
49,47
145,33
283,9
559,3
1134,19
94,10
171,17
345,28
684,44
1376,26
11,10
77,11
93,43
220,45
439,39
893,44
1776,6
97,2
196,29
387,19
731,36
1454,20
64,14
164,15
296,20
589,12
1123,12
15,14
59,5
131,11
223,9
484,34
920,30
1833,47
52,4
123,19
242,35
508,21
1001,5
1967,1966
69,13
168,8
293,25
557,4
1180,36
99,21
153,35
349,31
643,10
1344,47
73,27
101,1
240,11
502,14
1009,9
1917,18
69,29
78,46
229,33
381,32
794,15
1609,5
96,45
150,46
347,39
648,28
1323,41
25,14
72,21
150,47
342,9
599,28
1217,37
60,50
81,38
169,47
367,47
687,25
1450,28
4,3
74,37
168,6
261,48
515,14
1120,38
5,4
6,5
88,28
125,34
315,49
619,34
1223,13
60,17
68,45
219,41
395,46
830,8
1647,11
78,6
93,9
228,46
474,7
949,19
1922,12
5,4
59,15
134,44
247,10
505,13
953,11
1940,22
95,45
153,7
342,12
655,37
1305,20
82,19
113,28
224,44
497,3
956,17
1953,23
20,4
61,14
98,4
238,38
495,49
982,41
1897,34
26,24
33,14
85,14
207,22
441,23
890,31
1730,18
13,12
91,9
153,6
305,48
576,14
1175,16
37,36
81,50
134,32
305,9
628,4
1222,28
38,3
116,49
190,42
355,39
717,39
1422,28
47,44
94,28
152,24
302,29
656,7
1263,29
100,15
135,49
303,4
576,8
1171,1
94,34
168,24
272,12
634,44
1241,35
27,26
97,8
177,13
313,27
618,37
1267,3
93,24
106,18
286,31
521,9
1101,29
36,29
75,46
124,37
304,24
566,17
1113,29
14,13
80,28
158,13
292,25
610,21
1237,50
87,22
119,36
220,20
497,38
999,43
1985,10
36,29
76,35
121,20
282,46
613,22
1174,9
58,7
110,38
240,38
472,6
949,16
1844,21
96,16
167,2
345,27
631,25
1269,32
83,10
87,40
232,46
479,8
934,7
1896,7
84,6
97,20
194,19
424,7
805,34
1669,5
68,42
112,34
265,10
512,14
999,13
1974,1973
31,28
69,30
162,19
276,37
561,19
1151,34
3,2
95,3
168,50
357,7
706,16
1394,33
30,29
124,34
159,46
338,22
691,50
1355,31
49,32
98,40
215,12
394,30
809,6
1602,3
64,16
84,45
241,45
487,18
911,22
1832,47
64,40
104,22
269,14
510,44
1017,31
1988,1987
93,39
141,25
266,11
567,7
1109,15
3,2
5,4
103,45
195,8
321,26
675,23
1328,19
4,3
81,9
111,50
208,19
489,41
897,25
1800,18
30,6
104,4
218,7
405,28
793,18
1611,25
50,2
102,39
208,40
423,24
864,48
1652,22
12,11
50,2
80,35
159,2
362,17
677,4
1441,45
71,44
141,42
248,47
485,4
1043,10
1992,1991
19,18
46,9
90,39
230,11
480,15
875,14
1776,13
14,13
23,22
49,47
105,43
228,47
519,35
963,8
1984,11
44,25
105,19
197,40
365,2
721,2
1459,46
65,16
101,7
237,47
456,25
956,33
1909,47
12,11
79,7
162,23
290,15
609,12
1248,44
61,48
121,31
219,44
490,13
905,1
1869,24
24,23
114,31
202,30
348,32
718,38
1450,42
46,45
70,25
189,14
356,44
676,25
1392,26
26,25
75,42
134,12
334,15
573,29
1216,19
58,26
139,24
268,20
487,14
1003,20
1994,1993
34,21
101,30
196,32
395,24
782,29
1565,14
33,32
45,8
139,40
315,33
600,44
1153,24
32,26
118,34
200,49
410,12
787,50
1629,40
82,15
118,50
208,34
425,48
890,2
1759,7
39,38
133,48
186,13
419,34
788,45
1648,41
68,43
90,38
191,16
420,50
850,26
1678,41
101,49
122,8
233,13
517,38
975,21
1901,13
17,16
26,25
71,19
169,33
370,31
742,34
1466,31
67,34
127,11
237,1
489,19
988,26
1964,1963
11,10
108,1
150,40
326,27
623,1
1306,27
46,7
59,38
124,10
253,39
562,16
1063,48
85,26
146,43
255,5
510,17
1031,37
53,45
154,34
289,44
522,10
1065,28
12,11
86,23
122,35
307,38
614,31
1219,45
86,5
119,37
224,50
493,24
996,16
1921,39
30,22
78,14
174,21
341,26
629,2
1282,27
55,35
120,37
211,6
468,25
937,10
1827,34
42,4
49,24
190,8
370,32
733,13
1473,41
64,38
131,32
264,27
527,16
1056,46
61,17
144,43
219,45
464,32
893,23
1824,32
39,26
135,14
196,22
449,1
879,27
1714,7
3,2
24,23
79,21
159,40
304,3
606,10
1253,10
9,8
68,9
109,38
188,3
466,39
925,12
1780,40
64,4
96,17
177,31
369,50
737,37
1462,18
8,7
86,4
163,43
315,2
637,35
1272,15
61,35
117,44
215,28
417,34
813,13
1708,20
89,44
120,50
306,44
542,50
1143,28
27,18
128,14
227,22
425,20
809,42
1641,34
93,9
143,33
265,46
541,13
1106,30
63,50
136,3
270,20
486,27
1026,5
1948,25
47,23
143,42
212,43
407,41
906,45
1797,27
71,48
102,37
219,45
417,10
826,5
1654,5
38,17
61,36
141,2
268,28
571,7
1098,6
81,46
159,10
308,31
591,29
1186,25
7,6
41,35
71,24
144,43
317,27
637,13
1247,21
81,47
178,6
331,39
626,26
1296,35
73,6
96,39
256,5
514,25
950,38
1981,10
51,2
59,44
113,45
320,33
633,17
1193,14
48,9
69,5
177,36
363,7
704,26
1444,50
101,47
184,35
328,20
658,32
1340,29
36,15
82,41
167,47
309,44
643,8
1280,1
39,36
91,3
133,9
307,43
648,1
1229,47
72,26
99,11
212,17
395,48
815,23
1609,10
91,19
115,25
222,4
442,49
895,4
1843,5
99,48
107,17
237,1
461,14
911,30
1827,22
70,32
96,36
254,32
460,21
897,7
1829,34
57,15
155,23
290,11
553,5
1056,50
8,7
49,46
138,22
278,7
560,26
1089,37
27,25
62,44
130,42
307,1
530,14
1078,7
87,1
101,8
238,42
519,34
1039,35
1910,40
51,42
72,14
149,20
274,28
636,30
1256,23
91,25
97,21
263,20
538,3
1002,37
1946,10
48,45
58,7
199,18
368,49
733,41
1433,19
82,3
111,2
251,15
466,31
937,31
1851,42
87,19
174,39
284,44
547,38
1159,5
55,3
70,16
189,5
367,32
693,26
1443,5
61,46
160,32
317,33
594,49
1153,3
55,35
146,49
263,6
512,32
1029,12
65,34
131,28
255,14
476,47
1020,5
1970,1969
40,39
53,42
184,46
292,6
618,33
1247,39
26,25
98,28
152,43
377,37
731,8
1442,46
4,3
61,46
70,9
161,35
346,8
663,8
1321,28
82,25
130,30
223,42
530,15
1062,5
47,22
103,36
242,12
430,25
915,34
1744,30
99,46
194,9
326,28
660,24
1364,5
28,27
74,18
105,16
226,21
520,31
1016,42
1963,25
31,18
49,16
158,35
302,35
578,7
1147,15
64,31
148,1
224,41
516,4
1004,10
1969,31
53,47
151,25
267,45
555,14
1103,34
83,8
167,24
298,39
633,25
1193,40
79,23
179,48
265,13
576,50
1142,3
71,25
117,8
215,28
466,43
915,49
1800,11
26,25
31,30
77,43
230,49
406,45
772,8
1606,7
98,4
187,22
349,38
700,17
1386,44
92,28
123,50
227,14
528,39
1065,38
57,5
65,20
127,6
294,46
623,6
1179,20
13,12
61,17
151,41
242,31
531,46
1045,37
3,2
8,7
21,9
54,3
98,50
256,16
507,27
956,23
1915,42
96,25
134,27
299,22
617,25
1239,33
61,19
75,41
235,43
436,30
882,48
1772,6
37,36
124,29
183,6
397,20
770,7
1584,19
21,20
37,36
132,12
229,5
514,38
936,27
1962,20
59,13
152,12
222,41
491,29
1017,42
1977,1
43,17
67,27
130,41
306,21
550,43
1105,24
10,6
103,10
166,31
338,6
624,12
1313,42
87,8
171,11
344,39
621,14
1317,46
72,28
101,3
257,31
438,5
945,36
1894,42
36,21
82,6
170,50
363,41
668,40
1341,50
69,35
100,32
211,20
459,7
860,15
1786,18
22,4
123,22
178,43
333,41
682,45
1414,44
35,21
50,16
133,33
310,17
556,3
1095,35
66,24
80,26
151,30
362,34
704,8
1437,35
71,20
92,39
177,40
361,20
766,7
1568,13
71,46
125,29
297,16
584,31
1090,13
61,36
147,34
300,9
539,29
1096,10
20,19
39,28
153,47
225,11
520,30
1017,3
1980,1979
3,2
81,4
133,34
249,26
533,34
1009,44
28,27
35,34
65,29
210,37
362,17
791,7
1578,29
32,28
98,29
198,18
350,17
770,7
1451,30
59,38
124,44
251,40
440,31
921,30
1851,39
19,1
47,29
95,2
230,27
466,31
926,13
1875,28
75,38
138,31
217,16
455,25
960,11
1863,8
36,30
136,33
184,20
382,42
743,24
1580,5
88,13
98,38
226,19
504,4
1015,36
1971,6
17,15
70,36
164,37
327,36
642,22
1222,9
26,18
75,19
162,34
268,25
571,19
1180,8
82,27
128,33
211,20
445,14
954,29
1865,26
78,33
89,23
172,38
385,36
772,44
1514,22
61,3
73,15
155,37
346,36
666,50
1334,18
25,24
100,49
177,26
320,42
638,1
1313,46
96,45
165,11
306,20
575,31
1198,2
6,5
104,1
142,34
326,20
621,18
1279,35
61,9
88,12
233,35
393,4
849,13
1647,16
8,7
39,4
57,4
191,40
374,49
686,29
1371,2
67,19
105,26
228,5
491,43
925,35
1869,40
81,9
135,37
243,5
520,4
1032,7
26,16
63,25
177,49
347,28
634,33
1315,1
61,44
149,37
250,34
552,18
1035,22
40,39
97,38
176,29
381,13
758,49
1510,43
79,3
102,29
253,17
458,4
919,10
1902,5
21,20
68,49
164,20
331,34
593,11
1183,14
4,3
35,28
87,35
184,14
401,9
773,22
1533,32
101,8
171,28
293,16
627,27
1202,9
91,16
165,29
334,18
661,15
1352,7
20,19
29,9
92,10
235,11
400,48
792,42
1584,39
14,13
55,38
70,46
191,40
356,41
755,15
1519,21
33,32
83,46
198,15
315,29
630,4
1272,15
41,13
131,2
266,10
470,30
944,6
1862,23
82,24
150,6
252,50
571,7
1064,44
38,3
124,31
198,26
402,27
841,1
1617,43
8,7
35,4
109,42
207,7
360,19
811,32
1565,21
65,1
139,27
264,20
551,45
1109,41
15,14
109,43
205,38
402,34
737,26
1513,22
82,39
151,5
276,5
603,44
1119,42
76,2
164,46
247,17
502,7
993,24
1927,48
81,40
112,31
255,32
532,30
1000,42
1993,1992
33,32
83,9
215,11
395,14
796,21
1606,8
45,44
88,48
203,49
368,30
767,30
1492,37
99,25
122,8
265,33
548,5
1135,8
28,27
45,25
113,23
255,15
531,3
1044,35
29,19
125,9
230,40
449,2
868,9
1750,43
35,5
108,36
203,44
427,24
824,37
1623,43
42,5
90,40
133,5
341,39
651,37
1303,37
22,21
73,10
115,36
277,3
498,50
1008,43
1992,1991
78,39
173,34
297,36
618,35
1229,38
60,9
125,22
277,40
496,38
961,21
1933,49
51,29
81,14
165,41
367,20
682,35
1419,3
40,3
119,39
176,33
416,36
761,26
1560,31
3,2
29,28
54,44
110,48
283,7
529,30
1011,4
44,6
118,20
169,47
371,17
714,21
1504,29
54,29
64,10
212,19
339,11
681,31
1425,6
60,26
146,34
238,10
482,4
939,46
1925,39
65,8
159,16
273,26
501,45
1007,39
44,27
69,29
130,24
310,45
588,5
1161,16
58,17
63,27
151,29
279,27
579,39
1218,13
70,13
78,25
235,40
461,49
932,9
1834,31
54,1
63,20
213,38
332,47
674,35
1368,41
35,13
107,32
156,3
323,42
654,9
1353,43
36,31
98,30
140,44
279,8
560,6
1164,47
46,27
56,34
110,19
288,30
594,19
1159,36
32,7
42,2
99,23
258,30
474,17
927,13
1895,44
65,3
138,17
267,18
550,40
1079,25
17,6
102,46
161,23
338,45
700,34
1388,5
48,42
105,50
203,9
441,25
851,43
1700,10
79,21
172,13
286,38
635,30
1270,26
39,8
92,32
172,5
358,6
697,30
1391,2
21,20
44,42
101,44
254,19
508,42
949,50
1925,1
70,8
104,24
259,50
493,25
989,48
1959,8
69,11
71,36
234,24
462,2
841,16
1748,20
98,39
123,34
266,8
536,37
1052,24
54,19
90,17
230,38
450,1
826,32
1672,16
22,21
77,41
197,13
369,18
683,17
1407,35
72,33
149,47
320,46
601,41
1173,32
98,34
106,23
281,11
565,31
1140,10
32,28
43,4
78,1
242,47
448,46
898,42
1826,35
39,22
73,37
123,49
323,15
603,35
1172,16
100,16
132,50
303,6
585,13
1200,9
63,20
138,25
234,45
507,18
945,27
1963,20
76,12
122,10
206,36
504,23
978,26
1927,29
10,9
48,44
118,41
243,36
464,2
932,40
1843,22
59,13
159,21
281,7
569,4
1089,6
46,45
137,45
259,2
538,40
1028,12
86,30
181,45
282,8
648,6
1266,21
3,2
48,29
147,5
271,37
516,44
1045,14
71,13
164,26
279,43
588,26
1121,38
86,27
104,2
263,7
544,26
1066,9
18,17
20,19
84,50
152,18
315,34
601,41
1236,21
46,28
90,9
237,48
450,19
828,10
1721,43
55,4
117,44
249,20
510,27
1025,1
1915,8
60,36
98,48
241,12
446,45
934,45
1843,13
100,19
158,13
308,24
652,6
1258,10
12,11
67,37
174,45
296,46
623,38
1270,36
14,13
18,17
63,16
141,14
314,28
589,31
1182,8
23,6
33,19
106,10
188,37
439,48
869,10
1724,38
93,23
102,21
268,46
507,17
1057,25
89,15
182,44
348,7
717,28
1405,3
15,14
102,11
120,7
317,1
643,45
1199,4
17,16
65,13
91,34
191,3
460,13
850,10
1700,39
46,45
117,32
207,47
444,4
852,20
1710,25
16,14
34,33
109,1
183,41
385,37
802,28
1536,43
98,22
145,35
251,15
586,49
1176,24
33,19
116,31
225,29
452,45
898,38
1782,8
99,15
187,39
383,15
738,19
1506,11
7,6
31,19
75,17
123,40
299,5
580,13
1185,50
96,49
144,49
306,26
633,46
1201,38
34,33
101,28
139,19
342,23
635,9
1319,50
89,26
116,3
253,20
529,41
1019,13
52,3
65,50
199,35
410,9
727,32
1498,47
47,22
119,14
201,39
447,3
911,13
1777,43
9,8
35,11
80,39
138,30
350,5
705,49
1343,25
90,29
112,40
206,20
422,41
837,42
1732,13
48,3
138,43
267,32
521,33
1035,32
91,33
126,28
263,41
482,41
1058,34
7,6
99,17
194,23
333,48
644,39
1340,38
3,2
19,18
65,37
159,4
274,33
564,27
1113,50
70,47
83,8
194,32
441,33
815,42
1618,5
32,30
45,4
82,39
236,27
492,21
892,6
1784,31
71,18
103,6
264,40
442,46
901,24
1854,36
47,33
118,44
238,5
459,21
943,47
1881,13
22,21
96,13
208,50
353,47
734,45
1427,14
62,49
142,8
291,50
509,32
1012,49
83,12
90,3
212,48
444,46
921,33
1773,10
89,48
190,5
338,15
620,38
1319,21
31,2
88,47
161,36
357,47
642,12
1291,37
70,36
111,2
281,12
559,42
1036,12
79,31
131,35
241,12
513,15
1002,50
1978,1977
53,21
135,38
257,22
511,44
990,23
1984,1983
1,0
20,19
120,31
162,7
325,12
720,28
1449,8
25,24
94,30
184,49
308,40
672,47
1344,9
19,18
116,41
228,41
404,7
835,46
1702,4
49,3
84,28
222,36
408,8
857,6
1632,19
61,34
145,37
256,9
529,26
1052,1
89,6
123,20
262,30
533,27
1066,48
70,34
146,21
244,4
509,31
1066,36
15,5
54,48
131,11
222,4
509,33
1016,34
1980,1979
80,3
150,15
303,32
559,13
1169,11
9,8
110,5
159,34
341,9
717,47
1381,16
76,47
138,50
232,28
497,15
988,12
1919,32
36,21
122,44
245,37
427,45
867,19
1713,1
28,27
129,50
222,50
414,20
829,23
1637,28
37,2
123,24
221,12
390,47
795,2
1581,7
61,33
72,43
158,38
333,30
709,43
1350,25
97,40
108,18
299,36
602,39
1118,27
68,16
142,27
292,12
565,7
1113,21
85,22
88,7
198,36
426,49
813,6
1655,18
94,8
163,48
354,3
688,31
1365,36
17,16
41,27
59,43
185,12
391,38
787,16
1548,42
85,29
128,30
272,46
498,46
994,6
1965,1964
5,4
58,14
146,28
297,4
563,26
1140,41
78,10
107,7
259,38
458,25
936,43
1933,50
10,6
35,34
137,46
233,48
513,8
981,37
1971,6
15,14
52,15
74,2
153,24
335,1
630,36
1272,5
50,7
109,37
220,12
426,42
879,9
1686,48
62,31
143,8
294,8
510,14
1108,44
101,32
155,9
275,3
557,27
1146,32
40,15
125,3
197,27
409,48
804,14
1619,17
31,30
122,19
155,8
330,41
675,39
1382,24
7,6
56,40
106,23
198,43
390,35
832,23
1657,34
89,41
100,44
255,18
530,12
1045,28
69,28
158,20
309,19
604,21
1191,3
61,15
68,31
132,9
273,43
0
0
0
0
0
0
0
0
0
0
1
1
1
1
2
2
2
2
2
2
2
3
3
3
3
4
4
4
4
4
4
5
5
5
5
5
5
5
5
5
6
6
6
6
7
7
7
7
7
7
8
8
8
8
8
9
9
9
9
9
10
10
10
10
10
10
11
11
12
12
12
12
12
12
13
13
13
13
13
13
13
13
13
14
14
14
14
15
15
15
15
16
16
16
17
17
17
17
17
18
18
19
19
19
19
20
21
21
21
21
22
22
22
23
23
24
24
24
24
25
25
25
26
26
26
27
27
27
28
28
28
29
29
29
30
30
31
31
32
32
32
33
33
33
33
33
34
34
34
35
35
35
35
36
36
37
37
38
38
38
38
38
39
39
40
40
40
40
40
40
41
41
41
41
42
42
42
43
43
43
43
44
44
44
44
44
44
44
45
45
45
46
46
47
47
47
47
47
47
47
48
48
48
48
48
49
49
49
49
50
50
50
51
51
52
52
53
53
53
53
54
54
54
54
54
55
55
55
55
55
55
55
55
56
56
56
56
56
56
57
57
57
57
57
58
58
58
58
59
59
59
60
60
60
60
60
61
61
62
62
62
62
63
63
63
63
63
63
63
64
64
64
64
64
64
64
65
65
65
65
65
65
65
66
66
66
66
66
66
66
66
67
67
67
67
67
67
68
68
68
69
69
70
70
70
70
70
70
71
71
71
71
72
72
72
72
72
72
73
73
73
73
73
74
74
74
74
74
74
75
75
75
76
76
76
76
77
77
77
78
78
78
78
78
79
79
79
79
79
80
80
80
80
80
81
81
82
82
82
82
83
83
83
83
83
83
83
84
84
84
84
84
84
84
84
84
84
85
85
85
85
85
85
85
85
86
86
86
86
86
86
86
86
86
87
87
87
87
87
87
87
87
88
88
88
89
89
89
89
90
90
90
90
90
90
90
90
91
91
91
91
92
92
92
92
92
92
92
92
92
93
93
93
93
93
94
94
94
94
94
95
95
95
96
96
96
96
96
96
97
97
97
97
98
98
98
98
99
99
99
100
100
101
101
102
102
102
102
102
103
103
103
103
103
103
103
104
104
104
104
104
105
105
105
105
106
106
106
106
106
106
107
107
107
107
107
108
108
108
109
109
109
109
109
110
110
110
110
111
111
111
111
111
112
112
112
113
113
114
114
114
114
115
115
115
115
115
115
116
116
116
116
117
117
117
118
118
119
119
119
119
119
120
120
120
120
120
120
121
121
121
121
121
122
122
122
123
123
123
124
124
124
124
124
124
124
125
125
125
125
125
126
126
126
127
127
127
127
127
128
128
128
128
128
128
129
129
129
129
129
129
129
130
130
131
132
132
132
133
133
133
133
133
133
133
134
134
134
134
134
135
136
136
136
136
137
137
138
138
138
138
138
139
139
139
139
140
140
141
141
142
142
142
143
143
143
143
144
145
145
145
145
145
145
146
146
147
148
148
149
149
149
149
149
150
150
150
150
150
150
150
151
152
153
153
153
153
153
153
154
154
154
155
156
157
157
157
157
157
157
158
158
158
158
158
158
159
159
159
160
160
160
161
161
161
161
162
162
162
162
162
162
162
163
163
163
163
163
164
164
165
165
165
165
165
165
165
166
166
166
166
166
166
166
166
167
167
167
167
167
169
170
170
170
170
171
172
172
172
172
173
173
174
174
175
175
175
176
176
176
176
177
177
178
178
179
179
179
180
181
181
181
181
181
181
181
182
182
182
183
184
184
184
185
185
185
185
186
186
186
186
187
187
187
187
187
188
188
188
189
189
189
189
190
190
191
191
191
191
192
192
192
193
193
194
194
194
194
197
197
198
198
198
198
199
199
200
200
201
201
201
202
202
202
203
204
204
205
210
210
210
210
211
211
212
212
212
213
213
213
214
214
214
215
216
216
216
216
216
217
219
219
220
221
221
223
224
224
224
225
225
226
226
227
227
227
228
228
228
228
229
229
229
229
231
231
231
231
231
232
232
232
233
233
233
234
235
235
236
236
237
237
238
238
239
239
239
239
239
239
240
240
241
241
241
241
242
242
242
243
244
244
245
245
245
246
246
246
247
249
250
250
251
251
252
253
253
254
255
255
255
255
256
256
257
257
258
259
259
259
259
260
261
261
261
262
262
262
264
265
265
266
266
267
268
268
268
269
269
269
269
269
269
270
270
271
271
271
271
272
273
274
275
276
276
276
277
277
279
279
280
280
280
280
280
281
281
281
281
281
281
281
282
283
283
283
284
284
284
284
285
285
285
285
286
286
286
286
287
287
288
289
289
290
290
291
292
292
293
294
295
295
295
295
296
296
296
297
297
298
298
299
299
300
300
300
301
301
302
302
302
303
303
304
304
304
305
306
307
307
307
307
309
309
310
311
311
311
312
313
313
313
314
314
314
316
317
317
317
317
319
319
319
320
320
321
322
324
324
324
325
325
325
325
326
326
326
328
329
329
330
330
331
331
331
331
332
333
335
335
336
337
338
341
341
341
341
342
342
342
343
344
345
346
346
346
346
347
348
348
348
350
351
351
352
352
352
352
353
353
354
354
354
355
356
357
357
358
358
359
359
362
363
363
364
364
366
366
367
367
367
368
368
368
370
370
371
371
371
371
371
372
373
373
373
374
376
377
377
378
379
380
380
381
383
383
384
385
385
385
387
387
388
388
389
389
389
389
392
393
393
394
394
394
394
394
395
396
396
396
397
399
399
399
400
401
402
402
404
406
406
409
409
410
411
413
414
414
414
416
416
416
417
420
421
421
421
422
422
422
423
423
426
428
428
428
428
428
430
430
431
433
433
434
434
435
436
438
439
439
439
439
441
441
441
442
442
443
444
444
445
445
446
446
447
447
447
448
448
449
449
449
449
449
449
450
451
451
453
454
455
458
459
460
460
460
460
460
463
463
465
467
468
469
469
469
469
469
470
470
472
472
473
474
475
475
475
475
477
478
479
479
479
479
480
480
480
483
483
484
484
485
486
487
488
488
488
488
488
489
489
490
491
491
492
492
492
494
494
494
495
496
496
496
498
498
498
499
499
501
502
503
503
503
503
504
505
506
506
507
507
507
508
509
509
509
510
510
511
511
511
512
513
513
513
513
513
514
515
517
517
518
518
518
519
520
520
520
522
523
524
524
524
525
525
526
526
526
527
527
528
529
529
530
530
530
531
532
534
536
536
536
537
537
539
539
539
540
540
542
542
542
543
543
544
545
545
546
547
548
548
548
550
550
551
552
552
553
553
553
554
554
555
555
557
557
557
557
558
558
560
563
564
564
566
566
567
568
568
568
569
569
569
569
569
570
571
572
572
574
575
576
576
577
578
579
579
579
582
583
583
583
583
584
584
584
585
585
586
587
587
587
590
590
591
592
592
593
593
593
595
596
596
598
599
599
602
603
603
603
603
605
607
608
610
611
611
612
613
613
613
616
616
616
619
620
620
620
621
621
621
621
623
624
625
625
627
627
628
628
630
630
632
632
632
632
634
635
636
636
637
637
638
638
638
639
639
640
641
641
641
641
641
642
642
642
642
643
643
643
644
645
645
647
647
647
650
650
652
653
654
654
655
658
658
659
660
660
660
660
661
661
663
663
664
664
664
665
666
667
667
669
669
669
670
670
674
674
675
675
677
678
679
680
680
680
680
680
681
681
681
682
682
683
684
685
685
685
686
687
687
688
689
690
691
691
693
693
695
695
697
699
699
699
700
700
701
703
705
705
705
706
707
708
709
709
710
711
714
714
715
716
719
719
720
721
722
722
722
723
723
724
726
726
727
728
728
729
729
730
730
730
731
732
733
733
733
735
735
735
736
736
738
738
739
739
739
740
744
744
744
745
745
745
750
752
753
753
755
755
755
756
756
756
757
757
758
759
760
760
761
763
763
764
764
766
766
766
769
770
771
772
774
775
778
780
782
783
785
787
788
788
789
790
790
792
793
794
795
795
795
796
796
797
797
797
798
798
800
800
800
804
805
805
807
807
808
809
809
811
812
813
813
813
815
815
815
821
821
822
822
823
824
824
826
826
827
830
831
832
833
835
836
836
838
839
839
839
841
841
842
843
845
846
852
852
853
856
857
858
859
859
860
861
862
862
864
866
870
870
871
872
873
874
874
874
875
876
876
878
881
881
881
884
884
884
885
886
887
887
888
891
892
896
896
897
898
899
900
901
901
902
904
905
906
906
906
906
907
907
908
909
911
912
915
915
916
916
917
918
919
919
920
920
921
921
921
922
922
923
923
924
925
925
925
926
926
927
927
928
929
929
930
930
931
932
933
934
934
936
937
937
938
938
938
939
939
939
940
942
942
944
944
945
945
946
947
947
948
948
953
953
954
954
954
955
955
956
956
959
961
961
961
961
963
964
964
965
965
965
967
967
968
968
970
971
971
971
971
972
972
973
974
975
979
980
983
985
985
987
987
987
989
989
989
989
991
992
992
992
993
995
997
997
997
998
999
1000
1000
1000
1001
1003
1003
1004
1007
1008
1008
1009
1013
1013
1013
1014
1014
1015
1016
1017
1017
1020
1020
1020
1020
1021
1022
1022
1024
1024
1026
1026
1027
1027
1028
1029
1030
1031
1032
1032
1032
1034
1035
1035
1038
1039
1039
1039
1040
1041
1043
1043
1043
1043
1045
1045
1046
1046
1046
1046
1047
1048
1048
1049
1049
1049
1049
1050
1050
1051
1051
1055
1057
1057
1057
1058
1060
1061
1062
1064
1064
1069
1069
1070
1071
1071
1072
1072
1072
1073
1074
1074
1074
1075
1076
1077
1077
1078
1078
1079
1081
1082
1084
1084
1085
1086
1087
1087
1088
1089
1089
1089
1093
1095
1095
1095
1097
1097
1098
1099
1101
1102
1103
1104
1104
1105
1106
1107
1109
1110
1110
1110
1111
1111
1111
1112
1112
1115
1116
1118
1118
1120
1121
1125
1126
1128
1129
1130
1130
1130
1131
1132
1132
1133
1133
1133
1133
1134
1135
1135
1135
1136
1137
1138
1138
1138
1143
1146
1146
1146
1147
1149
1150
1151
1153
1153
1156
1156
1157
1158
1162
1163
1164
1164
1165
1166
1166
1166
1166
1167
1167
1168
1171
1173
1173
1174
1174
1177
1179
1181
1181
1181
1182
1182
1183
1183
1184
1185
1186
1187
1188
1192
1193
1194
1195
1195
1197
1198
1199
1199
1200
1201
1201
1201
1203
1203
1203
1203
1204
1204
1206
1206
1206
1207
1207
1210
1211
1212
1212
1212
1213
1214
1215
1216
1216
1217
1218
1219
1221
1221
1221
1221
1222
1223
1223
1223
1224
1225
1226
1227
1228
1232
1233
1233
1233
1235
1237
1238
1238
1240
1242
1243
1244
1245
1245
1246
1247
1248
1248
1250
1251
1251
1251
1251
1252
1252
1252
1254
1254
1255
1256
1256
1257
1257
1258
1258
1258
1259
1259
1261
1262
1263
1263
1263
1264
1266
1267
1267
1267
1268
1268
1270
1270
1272
1273
1273
1273
1274
1275
1275
1276
1278
1279
1279
1280
1282
1283
1284
1285
1285
1285
1287
1290
1291
1291
1291
1291
1291
1292
1293
1296
1296
1296
1297
1298
1299
1302
1303
1303
1304
1304
1306
1309
1310
1311
1312
1313
1315
1316
1316
1318
1320
1320
1320
1321
1325
1325
1326
1326
1328
1331
1331
1333
1334
1336
1336
1337
1339
1339
1340
1341
1342
1342
1343
1345
1346
1346
1349
1350
1350
1351
1351
1351
1352
1353
1354
1356
1356
1356
1358
1359
1360
1362
1362
1363
1367
1369
1370
1375
1376
1376
1379
1379
1379
1381
1381
1381
1384
1385
1387
1387
1387
1387
1390
1391
1391
1397
1397
1397
1398
1398
1398
1399
1400
1401
1402
1402
1403
1406
1406
1406
1410
1410
1412
1416
1416
1419
1420
1420
1420
1420
1421
1421
1421
1423
1423
1423
1424
1425
1426
1426
1427
1428
1429
1430
1431
1433
1437
1437
1437
1438
1438
1439
1439
1441
1441
1443
1444
1445
1447
1447
1447
1447
1448
1449
1449
1451
1451
1455
1457
1458
1459
1460
1461
1462
1462
1463
1465
1468
1468
1469
1470
1470
1473
1475
1476
1476
1478
1480
1480
1481
1483
1484
1485
1485
1486
1486
1488
1489
1491
1500
1500
1501
1502
1502
1502
1503
1506
1507
1508
1508
1511
1511
1511
1512
1512
1516
1516
1519
1520
1520
1522
1525
1526
1527
1527
1531
1531
1532
1533
1533
1533
1533
1537
1537
1537
1537
1537
1539
1539
1541
1543
1544
1545
1545
1547
1547
1548
1548
1551
1555
1555
1556
1556
1556
1559
1561
1562
1562
1564
1566
1566
1569
1574
1574
1574
1574
1575
1575
1579
1579
1580
1580
1581
1581
1581
1582
1584
1584
1584
1587
1589
1590
1591
1591
1592
1593
1594
1594
1595
1596
1597
1597
1599
1599
1600
1601
1601
1601
1602
1602
1603
1603
1603
1604
1604
1605
1606
1607
1607
1608
1609
1612
1612
1613
1613
1615
1615
1615
1616
1616
1617
1617
1618
1621
1627
1631
1631
1632
1633
1634
1635
1637
1637
1637
1637
1638
1638
1640
1642
1642
1643
1644
1644
1644
1644
1645
1645
1646
1646
1648
1649
1650
1650
1650
1651
1652
1655
1655
1655
1655
1656
1657
1657
1657
1657
1658
1658
1658
1659
1663
1663
1665
1665
1666
1667
1672
1674
1676
1676
1677
1678
1680
1681
1682
1682
1682
1683
1683
1685
1685
1685
1687
1690
1691
1691
1692
1695
1696
1697
1698
1698
1699
1700
1702
1705
1706
1706
1707
1709
1711
1716
1718
1719
1720
1720
1720
1722
1722
1722
1722
1723
1723
1723
1724
1725
1725
1725
1726
1728
1730
1730
1732
1735
1735
1738
1738
1739
1740
1742
1742
1745
1745
1746
1746
1746
1746
1747
1747
1748
1748
1750
1751
1751
1751
1752
1754
1754
1755
1756
1757
1757
1757
1758
1758
1759
1762
1764
1764
1764
1765
1765
1766
1768
1770
1771
1772
1773
1774
1776
1777
1778
1779
1779
1780
1780
1781
1784
1784
1786
1787
1789
1789
1789
1791
1791
1792
1794
1794
1795
1795
1796
1796
1796
1798
1798
1800
1800
1801
1804
1805
1805
1807
1808
1809
1810
1810
1810
1811
1813
1813
1814
1816
1820
1822
1822
1823
1823
1825
1828
1831
1833
1833
1835
1836
1836
1836
1837
1841
1843
1844
1844
1845
1846
1846
1847
1847
1848
1848
1850
1850
1851
1853
1854
1854
1857
1859
1861
1862
1864
1864
1864
1865
1866
1867
1867
1869
1870
1870
1871
1871
1876
1878
1880
1881
1881
1881
1882
1882
1883
1884
1886
1886
1887
1888
1888
1889
1890
1891
1892
1893
1894
1900
1901
1902
1902
1903
1904
1904
1905
1906
1906
1906
1906
1907
1910
1910
1910
1910
1911
1911
1911
1914
1915
1916
1917
1917
1917
1918
1919
1921
1921
1922
1924
1924
1925
1925
1926
1928
1929
1930
1930
1931
1931
1933
1935
1935
1937
1939
1941
1942
1942
1942
1944
1947
1949
1950
1950
1951
1951
1952
1954
1954
1955
1957
1957
1958
1958
1958
1958
1959
1960
1961
1961
1961
1961
1963
1964
1964
1964
1964
1964
1966
1966
1967
1970
1970
1971
1973
1973
1974
1974
1975
1976
1976
1976
1978
1978
1978
1979
1980
1981
1982
1982
1983
1988
1990
1990
1991
1992
1992
1993
1997
2000
2000
2000
2456
2834
3759
