Primero viene la cantidad (n) de timestamps para ambos, luego n líneas que son un timestamp aproximado cada uno separado por una coma (',') del error, y luego n lineas de las transacciones del sospechoso
3500
943,892
61,52
1113,780
974,730
581,331
33,29
456,444
902,526
878,853
1141,427
835,305
1037,804
1236,716
1157,623
1344,617
722,383
931,145
1137,664
1259,341
1133,833
447,207
223,150
1461,297
535,536
965,337
1501,199
1117,834
1176,395
1028,545
1017,976
990,916
1156,844
1379,211
344,308
877,717
449,346
848,538
878,436
1056,497
1003,975
1663,324
256,156
640,510
1053,893
796,647
844,689
1081,887
263,114
1194,756
908,781
698,286
739,525
1220,615
1151,756
1188,676
877,532
256,222
787,780
1076,813
674,615
1562,418
410,235
1191,100
943,907
888,737
873,734
814,686
1185,669
595,349
833,541
837,705
768,732
1498,381
1341,433
1399,406
965,630
921,887
1062,579
1215,613
1897,50
972,523
890,756
1211,630
990,936
610,233
579,376
850,628
820,672
1237,235
1198,661
847,798
1120,403
330,151
1568,303
901,886
1465,525
875,788
1473,186
523,340
945,858
1351,648
1474,501
1105,526
1624,365
1318,380
895,858
1070,793
825,810
809,317
908,460
933,900
611,568
635,429
1730,229
177,132
254,70
480,257
1014,709
1204,793
774,668
1345,561
1081,915
798,309
1306,573
1404,471
654,618
991,989
347,188
391,317
759,720
1220,749
866,372
1113,880
354,314
1461,510
972,874
665,343
560,122
209,178
1623,356
1038,413
1464,513
405,393
768,231
314,239
1025,609
1213,436
878,637
1000,406
1733,189
653,582
844,727
878,532
1020,589
871,629
649,505
1370,74
1199,751
1037,185
1234,682
1035,449
974,877
677,374
1413,567
1136,432
807,747
484,273
811,532
1518,479
998,248
1477,21
896,558
583,339
1274,220
1190,497
1037,899
1466,263
1008,957
1696,155
906,562
1647,340
899,741
1220,423
681,403
490,490
707,629
1004,962
720,471
999,361
578,431
1028,932
506,195
743,364
325,279
1868,129
941,896
1229,328
1528,365
1325,398
340,244
626,560
1574,237
1143,341
1629,305
1175,482
1432,509
1062,936
1110,476
738,505
1191,517
646,412
1281,661
1256,440
1366,464
818,714
1019,586
87,30
1114,372
1123,824
1583,410
929,571
817,817
1017,866
379,224
904,747
920,500
1428,189
1402,454
990,878
1409,76
682,503
1204,776
874,372
1209,789
834,717
1838,159
782,783
929,724
896,510
1240,710
1535,269
596,91
693,565
875,758
1611,376
1047,258
1317,168
786,539
542,286
658,640
1325,357
396,141
556,253
1176,733
688,411
1214,571
984,831
1675,261
558,390
1503,195
1893,91
777,341
618,407
1268,626
1245,518
1431,498
870,597
783,454
778,131
905,716
1748,169
1306,691
1604,347
997,521
1074,758
950,823
1449,299
1070,924
973,937
934,642
1471,503
1012,961
987,594
876,816
941,478
793,536
145,73
933,572
1344,648
1007,824
1687,84
770,711
1139,760
989,547
1088,842
1215,730
1766,109
1158,766
1453,90
1809,168
1570,416
722,497
707,568
859,647
936,795
1560,361
862,471
1273,153
1451,546
1046,910
1175,691
371,231
534,533
1391,445
1016,954
1410,338
1008,600
954,737
430,409
909,473
1202,249
1441,549
918,743
945,581
755,546
497,359
366,189
1146,492
723,625
1147,62
715,506
1190,340
1008,914
435,355
1467,426
774,768
815,378
442,432
1526,328
961,597
292,240
884,713
1281,601
784,50
861,650
445,412
256,77
1554,398
1523,279
981,637
1316,524
1133,628
1244,268
672,430
1104,806
1175,602
469,344
1002,455
875,156
1418,479
1490,374
1588,356
1974,21
1038,927
626,368
1696,165
1139,747
1502,228
1434,235
1219,202
1121,853
625,477
970,77
816,808
127,115
1554,438
1477,502
684,154
970,656
634,490
1322,165
766,570
500,473
231,94
1738,178
1537,319
820,799
1074,817
1171,760
1430,95
1215,462
1023,886
1165,260
751,498
511,214
946,764
1327,671
1072,519
666,655
1313,492
1015,950
1439,536
1284,362
1066,902
1417,572
1413,555
1466,480
304,109
1156,662
867,169
670,532
680,556
1022,229
1009,674
1069,894
918,436
1681,158
964,517
1334,567
1279,684
951,554
1499,237
650,390
1228,15
464,386
1119,879
834,178
605,468
348,237
302,288
605,513
235,215
709,630
1342,352
1531,327
666,598
803,788
826,803
1344,635
820,804
1381,600
813,564
707,583
1283,635
1134,450
1381,520
335,318
1393,335
1314,184
615,587
1043,950
1097,123
903,859
1047,327
1064,221
1453,238
635,569
921,566
1108,658
1084,719
1034,919
663,402
1357,500
970,805
587,570
813,593
1452,546
907,806
521,249
729,666
1350,598
1117,877
1349,459
406,190
890,284
1308,635
564,320
1281,614
568,465
523,509
405,192
1243,754
978,901
1070,396
1043,766
1223,587
641,311
806,325
1062,929
743,698
1252,658
804,377
1372,533
650,558
1231,468
747,684
1291,617
1339,428
773,686
1544,268
1008,617
825,533
438,340
1065,675
1379,462
1004,654
1007,900
1117,863
1679,314
1279,560
1261,594
377,374
1256,549
1174,663
1015,235
392,361
901,680
1178,442
1054,944
864,802
909,270
1902,91
1087,227
539,331
1355,358
809,773
1132,718
1245,672
777,711
536,244
1537,251
758,448
578,572
1418,287
889,520
937,931
893,652
1082,612
34,22
510,448
1111,641
1152,847
1153,819
1174,823
130,36
1214,598
828,534
469,381
408,408
1021,847
704,235
627,533
808,271
1131,227
1644,343
1110,227
1087,267
1082,282
965,515
1471,364
1792,82
376,294
1016,951
739,561
1083,216
1120,725
791,661
1410,400
1777,209
980,862
805,803
1013,915
1204,737
1297,423
1541,377
628,370
1078,725
1571,214
494,392
760,623
961,791
1675,323
274,253
639,571
890,406
1073,800
1046,711
1136,723
1678,319
1953,46
768,202
588,511
957,943
1291,505
1305,501
1253,82
499,286
895,466
1461,434
551,532
823,788
1435,47
683,659
1155,84
981,960
1158,706
562,544
1643,357
1381,562
1101,200
1227,139
1146,339
799,135
760,370
789,325
1050,483
1385,565
689,278
453,52
1762,209
1134,863
607,577
828,692
418,417
1174,691
867,551
1328,598
764,293
760,760
781,639
753,509
1431,401
1153,844
1036,854
1037,284
644,470
1164,733
1386,326
980,789
246,232
727,343
1319,236
963,202
588,323
663,568
627,626
494,349
1791,162
1338,421
650,514
1146,467
698,612
1808,72
1385,585
1130,623
1929,63
1265,639
1390,327
1553,332
1565,318
1614,170
774,756
1582,353
271,259
394,215
1272,596
422,105
453,340
421,267
1067,604
824,383
1288,637
1027,898
803,801
1092,197
838,423
1400,165
1015,823
1190,715
1038,786
784,562
697,516
1633,191
521,450
794,434
1042,922
828,803
1090,749
973,968
849,257
1764,182
1229,716
1337,401
919,645
943,862
643,205
930,418
1149,94
1058,620
884,801
554,497
1143,746
626,476
1022,651
884,879
1292,494
917,626
1301,168
1253,692
1249,618
199,191
743,734
1613,319
331,231
1595,227
1064,422
1016,441
999,800
1193,571
903,644
1263,652
1196,500
908,418
910,909
1134,618
921,901
1618,279
706,513
1271,637
1016,385
1194,410
1854,107
515,477
369,293
719,524
979,229
264,206
1286,532
964,802
543,450
841,563
1029,959
1445,360
346,105
842,621
1682,187
941,661
666,599
916,898
826,641
1181,502
1317,544
527,368
711,557
638,367
860,178
1086,534
1620,366
1109,351
1288,635
908,835
1458,175
809,809
1231,636
1375,619
636,398
434,427
642,639
1265,441
725,550
685,477
1204,240
1078,382
731,697
870,658
1037,642
1262,737
435,430
1221,773
428,256
1627,160
361,218
863,738
898,866
760,612
1560,231
1036,657
682,539
936,585
1440,476
722,665
744,580
924,799
908,805
1155,352
1190,775
992,972
1428,534
1456,462
725,704
594,542
946,432
1499,354
583,348
740,111
1758,123
1005,651
955,418
1756,112
593,592
1598,169
617,78
930,399
1366,489
542,395
1245,701
940,833
1110,734
990,537
1130,226
1849,111
637,420
1027,529
711,578
967,459
1329,336
1175,381
923,778
1356,635
249,101
1147,498
690,626
1584,348
278,181
1082,418
1184,384
877,503
834,313
149,49
1121,747
948,900
768,682
1224,534
1335,127
632,405
811,464
707,437
882,354
1052,841
1125,759
750,662
1664,256
735,359
1462,531
1585,405
978,383
1048,318
753,514
1545,330
654,209
797,791
737,507
1148,350
1040,633
1093,835
710,203
1128,238
1066,899
381,276
1044,584
1013,896
1549,445
1276,623
1207,750
1110,785
965,964
1400,542
1193,789
596,546
861,500
1422,177
450,263
765,317
1168,409
643,406
1031,930
680,245
1240,624
1478,170
1432,482
736,597
1435,544
823,316
1083,847
1048,844
397,143
797,791
722,602
869,496
1721,234
1160,751
1206,679
830,612
184,107
350,282
1418,507
1270,647
932,542
1138,519
1902,63
1021,978
972,936
1290,662
343,326
1302,340
1158,499
750,327
744,687
552,301
1134,482
955,789
923,801
1676,146
1266,632
1199,694
1097,850
1045,300
772,675
296,249
1217,146
1295,285
1709,280
976,637
1160,743
940,911
1094,575
1644,321
1101,591
1661,223
1160,824
682,639
1310,649
168,121
1465,385
1043,650
1060,921
1217,699
1128,864
1136,395
954,706
874,873
572,547
670,265
1462,367
824,621
638,557
1253,590
1065,843
967,818
920,276
1225,715
1505,247
520,405
777,683
1776,43
700,599
1026,960
539,298
1052,788
716,660
898,390
868,472
998,935
1211,673
811,662
576,304
1584,317
965,907
326,175
683,478
833,720
1036,854
1047,879
1007,535
917,765
1100,680
559,498
515,477
1609,389
1108,879
1010,775
1008,143
496,261
983,414
1010,517
1184,788
692,341
907,223
1062,776
1053,856
1087,529
1247,358
1537,299
945,873
333,323
1224,752
808,692
1064,269
1170,411
1455,543
666,505
443,111
847,584
1325,516
1115,542
1815,176
140,106
1368,531
1264,569
1107,818
1106,250
1728,81
1623,318
1096,636
392,357
1545,304
1293,703
1443,288
1148,649
853,442
743,690
562,254
1201,746
804,463
838,806
869,818
1784,164
751,580
1113,200
1638,308
1202,676
1024,525
1216,671
596,538
1094,489
696,493
865,756
1279,644
1267,235
1209,699
1450,457
958,665
936,601
1388,384
610,232
1249,651
712,219
949,885
1063,784
1027,690
1146,425
1163,587
1803,20
1207,651
539,242
1128,90
398,164
1326,666
1032,930
892,858
817,316
924,851
1625,308
789,719
1099,862
1100,896
1553,324
1779,165
607,503
857,826
1497,401
595,449
1178,300
1764,158
1503,493
1056,898
303,260
820,741
1078,478
839,704
932,605
1010,637
970,385
938,702
1064,650
751,477
1107,854
1127,210
1055,832
956,919
991,331
1461,196
1108,608
1265,473
314,315
623,476
1060,743
923,739
640,573
136,82
555,510
1588,399
286,236
1063,721
958,181
619,170
695,642
1093,587
1217,750
1386,327
1466,102
439,266
976,848
1183,714
633,525
1290,618
56,46
655,359
1370,628
1116,336
569,441
711,278
1155,432
805,561
1348,138
1011,700
673,279
1012,486
1502,246
1588,304
846,299
1323,324
1702,214
1161,323
1555,391
1453,443
257,187
821,728
1758,241
233,160
1006,787
1222,169
863,338
1287,688
736,433
1469,298
1484,335
627,475
326,326
482,212
1152,686
1146,542
356,292
36,28
1340,557
668,611
354,291
1252,643
444,196
933,277
644,337
629,435
681,403
1189,573
939,613
1114,413
1729,182
1481,341
824,525
1143,778
400,340
1051,436
1628,286
1169,655
1274,521
880,737
376,368
1222,199
1270,431
755,560
989,565
952,628
462,226
1147,471
1454,523
1190,549
917,663
992,115
645,631
1024,437
1280,369
1341,543
1103,454
1007,931
621,571
1377,593
668,625
1559,35
1065,397
1727,223
1116,288
1138,728
809,657
1322,298
1031,852
903,515
1216,763
837,738
1653,212
1029,158
1288,663
297,206
770,449
946,568
1502,356
1023,722
425,239
790,406
749,563
642,599
697,697
1539,135
1365,254
556,512
1180,383
352,285
679,660
1344,555
1380,594
1568,275
1253,745
516,513
656,490
621,240
1130,724
384,153
1758,204
79,38
905,628
785,524
645,540
1488,183
891,735
1115,810
1447,419
1567,105
992,993
596,279
1010,712
1251,226
1165,178
508,396
755,504
1427,437
1578,303
1033,685
145,135
1464,453
1643,311
1269,550
1079,540
1670,308
577,440
1330,545
608,357
883,582
1614,181
1100,692
750,746
1117,469
1500,491
582,524
751,100
1491,405
902,876
1002,357
551,415
1183,511
1491,325
451,326
1667,245
1039,842
799,674
952,789
1115,735
1056,453
1196,726
512,298
1693,190
307,299
1093,750
996,968
377,360
1795,60
1145,517
1151,245
801,710
815,48
1077,919
940,860
1422,576
474,309
908,606
1470,467
1409,583
844,837
769,495
1090,201
1114,388
969,544
646,434
1401,565
787,521
740,424
734,621
647,264
931,340
1007,733
1137,433
1056,752
1412,383
997,454
1248,566
1108,636
1245,640
1048,796
819,352
731,190
663,549
1396,421
1668,147
678,491
781,601
393,359
978,644
886,268
527,496
1042,92
949,484
682,459
985,794
890,532
321,287
1010,606
725,649
933,845
1378,588
1077,563
1152,300
1176,442
296,229
761,663
1652,303
425,253
1008,909
854,555
1287,464
549,386
921,560
917,544
1329,603
1671,325
1183,513
1146,682
1818,83
1436,279
1202,476
889,543
1118,142
263,138
1643,311
1380,538
467,39
1273,650
823,672
1095,636
720,392
1299,444
575,318
1247,739
1213,776
1025,456
748,719
540,311
378,190
1319,262
1457,212
1043,743
1329,604
1206,539
1110,243
1280,475
303,285
1728,251
731,518
1011,853
1418,525
1150,850
637,160
842,569
1740,229
427,88
616,356
1171,299
1292,622
258,206
417,269
620,539
625,120
677,626
369,359
654,466
639,632
1199,750
651,411
578,288
608,475
1396,549
724,389
1237,730
787,688
1294,670
543,532
437,198
562,452
1185,138
1349,370
1466,158
780,764
901,706
886,521
329,226
409,396
681,505
1015,492
971,655
929,425
1456,509
519,265
1216,639
1645,287
1586,382
853,603
1064,761
1036,811
993,830
686,683
1407,510
942,794
1109,784
1082,606
908,744
1804,119
982,942
588,258
902,661
1058,881
1417,405
800,440
385,136
1408,536
1482,489
1359,425
1299,662
222,171
824,191
926,769
1383,402
723,539
1258,508
1034,600
1120,561
855,764
882,801
1478,483
894,211
1298,700
963,401
1320,601
422,401
165,35
1773,58
1120,485
1356,349
1448,469
791,373
896,748
983,947
1295,250
830,765
1080,477
705,341
1475,313
1011,951
1229,183
434,347
841,834
456,183
512,482
1442,267
429,410
501,286
1075,632
1294,488
375,295
353,261
1783,190
476,451
492,468
1215,771
619,616
1522,266
632,617
1266,486
1254,625
694,580
834,473
1547,304
1121,802
572,411
1101,631
925,757
1095,900
487,472
1197,517
1280,583
1197,752
370,273
1685,44
704,650
696,433
907,821
1080,320
939,855
1011,757
476,375
1356,382
860,841
1260,724
1055,740
1092,619
1165,735
612,500
1399,431
997,995
1351,295
439,161
1157,615
1228,367
723,665
975,923
1372,149
591,114
739,578
461,411
910,607
920,695
964,659
713,695
372,305
687,633
641,601
570,450
1708,173
1569,382
512,120
1331,192
1243,736
1810,146
431,338
721,705
1223,666
1231,766
806,537
1100,850
1227,332
781,208
985,705
1402,456
1744,239
372,331
942,670
1002,946
1612,336
886,812
918,285
831,737
354,166
1169,621
1030,582
1081,878
1126,747
713,452
1096,876
844,274
1340,660
507,163
987,290
1056,614
986,873
1403,360
553,422
721,465
1318,531
734,663
833,823
792,642
954,817
794,233
462,277
589,589
1068,313
1272,623
396,274
1221,138
934,515
1124,34
995,593
1468,482
607,472
669,562
439,296
1036,674
1239,734
655,480
1075,770
1003,955
1749,143
913,580
1718,87
937,690
471,202
659,610
948,339
1182,789
1055,498
989,941
1428,570
1431,224
858,782
1212,587
1647,151
581,275
753,282
1038,827
967,953
727,506
1031,940
1096,355
869,752
770,752
933,289
518,449
1020,977
522,186
1101,744
1132,426
1243,379
680,193
942,605
1508,463
290,163
853,726
998,557
1164,831
426,122
1339,607
1041,934
1143,403
1738,169
1098,347
1327,124
878,640
160,136
1085,818
1513,431
613,561
712,611
1749,146
552,544
913,895
1084,807
1086,454
1194,515
1019,948
493,346
1440,442
1104,884
1319,647
947,781
551,543
787,696
1362,600
265,227
1169,650
1662,211
926,141
565,347
624,298
438,165
953,737
692,582
1861,104
966,117
1107,281
241,135
921,921
775,431
1434,541
1562,214
996,827
1284,423
568,510
644,461
1374,539
1643,267
1102,892
964,871
1007,880
1560,381
1586,65
1800,149
1061,637
725,680
585,345
895,706
802,757
575,570
593,562
833,630
768,548
955,647
1435,531
927,663
1217,619
1109,726
820,733
1001,987
879,710
893,581
1882,38
830,711
629,323
716,678
875,450
1237,311
251,122
166,145
423,381
495,205
616,225
383,51
1564,371
542,192
927,822
776,522
1024,805
1299,438
1471,529
776,717
893,836
472,273
734,545
883,81
1141,274
390,253
679,580
415,359
1304,646
1242,427
521,136
863,773
404,334
1884,96
831,197
945,512
745,565
1197,619
214,134
914,674
572,349
1137,285
1184,782
1342,195
391,341
782,220
1332,633
597,543
1073,876
1538,175
1598,223
369,165
708,639
1010,968
953,354
914,338
1338,556
1029,413
919,776
1588,160
1224,676
1269,540
1288,290
670,525
1160,640
457,361
1117,676
914,397
841,681
959,797
976,859
1527,326
683,666
987,603
1905,93
1048,312
1241,536
1012,907
845,709
708,601
527,232
1284,212
921,915
882,655
83,64
271,243
1029,579
1063,775
553,501
1124,709
902,597
884,713
935,484
1347,402
984,616
644,435
266,247
914,741
1488,345
518,394
1195,327
1233,412
808,780
189,140
707,551
752,319
1007,368
1005,599
758,511
1036,847
886,469
1070,430
1376,188
1068,561
1101,855
595,497
950,861
1126,708
862,856
618,607
960,689
1227,640
722,675
647,193
871,300
1083,913
1054,589
1515,393
575,423
1222,387
1839,37
1318,404
975,902
729,484
1110,732
516,483
725,664
628,224
402,375
1652,313
1183,441
1212,461
1200,486
1513,487
1304,659
837,605
554,553
964,835
834,542
1399,356
778,770
716,690
941,893
789,718
704,583
1016,425
1688,305
1549,397
1202,491
262,187
297,225
1128,411
952,919
895,306
1158,830
774,743
516,153
595,460
1037,719
1390,481
935,394
1193,571
852,748
798,473
974,492
432,323
1395,288
1153,596
1108,149
1435,372
1213,782
738,467
1038,114
876,850
1096,793
1017,399
1103,706
866,861
942,680
1406,559
1242,248
1232,127
840,778
1373,513
861,858
1686,116
898,766
737,480
1204,703
944,821
1150,719
456,427
904,610
1705,292
1176,799
1055,621
1048,864
1466,208
1190,569
1382,169
371,120
303,109
1466,488
1245,433
1335,211
1230,412
993,979
1514,362
1062,747
950,806
1135,668
945,858
570,549
908,800
1057,732
364,361
1025,943
995,511
997,669
1093,676
1215,681
217,56
556,509
860,688
1743,232
1494,498
1108,708
973,825
481,448
1470,287
805,609
841,829
1110,299
960,956
902,346
595,359
1037,825
525,495
1294,658
1035,905
956,609
962,961
712,623
865,811
1496,158
34,33
1321,345
504,220
1236,240
1034,150
828,646
1802,195
881,482
1068,456
1223,415
972,707
857,675
1883,48
1687,225
1142,465
456,232
1227,590
774,302
1030,578
917,854
505,233
490,428
234,193
1031,533
1129,685
861,232
1424,576
986,928
883,855
1190,633
1002,809
1234,707
238,113
565,517
994,406
1523,345
1059,225
751,429
1475,508
1094,715
841,670
530,398
1264,82
1255,592
1242,356
935,699
1303,552
1188,810
753,550
1125,547
792,700
1423,315
877,486
889,817
1367,502
1019,163
509,216
324,303
1178,740
116,102
1081,685
419,418
1272,411
1326,548
1109,776
1448,282
768,723
1464,413
1068,825
906,533
1577,250
1091,132
914,458
512,418
79,79
903,886
792,505
1469,507
697,645
906,485
805,615
587,511
1560,117
1128,747
1028,501
178,156
1105,854
1062,289
845,803
437,434
1014,862
471,442
1706,179
1294,504
529,426
628,431
1089,542
1200,497
1085,171
1370,629
1441,120
1421,458
1341,594
891,501
1438,297
1296,586
555,497
1528,395
1092,387
1260,537
735,632
1434,498
894,813
1215,182
1538,371
769,95
467,194
794,465
829,802
839,562
1021,793
655,492
639,590
708,218
811,677
794,435
541,213
650,573
973,586
1464,308
1362,361
907,614
1034,820
1739,227
996,826
1109,728
213,138
1424,555
735,733
483,290
875,230
1386,481
1022,656
907,840
271,236
1217,588
1001,924
774,207
812,624
1375,251
991,527
1086,543
1378,616
917,750
1221,724
1162,565
997,837
1372,436
880,823
375,240
820,687
1172,407
377,312
781,690
1624,357
922,892
929,888
968,873
1172,828
1187,796
938,756
504,454
1020,339
1404,196
788,710
1039,858
867,113
817,427
1228,207
1057,762
710,596
1368,571
1749,237
1659,340
931,691
156,110
773,351
736,706
1007,339
495,482
1152,684
329,314
1121,678
1862,100
1428,374
594,264
763,675
574,551
299,146
1242,711
820,523
1194,710
807,421
1415,444
1556,44
1827,142
701,399
1112,880
1650,240
802,730
870,852
384,191
610,354
971,593
449,124
821,563
925,807
1765,200
968,613
1552,410
865,826
582,567
764,42
1325,509
449,442
1368,605
1303,191
1022,205
1656,106
1031,923
979,73
462,426
1288,633
1729,193
1324,631
999,947
1629,249
1616,204
1252,679
326,318
421,374
1047,586
683,483
328,291
1167,634
1455,439
808,376
1021,380
1480,498
578,315
1228,262
216,202
745,739
1487,390
452,445
623,74
1350,637
420,382
963,804
653,592
1086,883
1199,616
592,565
830,817
782,720
889,313
1263,713
1042,512
887,515
1171,273
987,755
1386,487
817,460
1127,751
1355,95
1505,493
1403,505
1393,587
1110,639
818,805
392,368
1287,309
1315,211
477,475
1218,349
991,471
984,754
601,460
774,444
475,323
336,200
982,740
844,658
1903,69
1532,74
1373,247
429,152
752,513
1141,607
869,838
470,169
845,603
1195,716
678,355
720,695
1438,505
982,852
1010,837
508,460
920,805
1018,653
922,881
1271,266
408,349
1020,837
818,808
1520,296
893,639
859,698
967,481
605,436
840,463
1200,295
1125,196
955,953
754,567
564,389
1324,425
192,46
1942,49
498,242
1011,975
667,603
1013,675
345,159
1019,560
1181,406
1390,578
1081,832
356,334
718,708
703,651
1313,687
1694,180
348,159
376,375
933,794
1157,792
1702,253
829,703
358,253
839,343
216,57
1087,556
1253,463
507,360
1096,772
804,550
957,793
664,566
1127,291
653,386
969,426
1006,799
963,681
808,807
1373,590
1137,760
1753,245
613,353
1456,472
890,588
1133,455
394,326
1068,500
992,135
828,723
567,411
1153,573
903,862
692,587
216,214
960,699
769,730
1030,382
1346,434
376,327
1344,480
817,807
481,452
1077,358
792,625
1345,68
1693,176
1422,574
210,207
1285,552
840,457
726,587
968,885
1752,245
1041,487
805,665
1485,198
1102,810
925,764
690,205
1527,347
1303,480
1195,336
994,739
626,320
936,553
940,593
794,349
1485,164
994,568
1158,199
613,406
1179,437
1069,826
1100,721
1093,887
883,818
1741,228
1390,575
679,495
1615,75
1308,347
893,580
1295,379
1002,943
942,833
1455,370
1407,584
930,820
1378,320
786,529
1504,311
1382,356
1281,712
1223,759
1543,77
886,181
1162,366
774,437
1281,619
1327,435
885,505
601,212
367,237
807,704
1243,695
838,307
1271,343
1331,662
1064,901
584,307
533,437
1611,359
1392,554
1182,446
855,621
1423,509
801,778
1034,811
1349,551
1039,894
1040,941
913,594
1058,570
1208,762
1232,734
983,791
1369,476
1316,400
1022,412
297,294
1760,125
622,429
1246,722
1113,522
939,845
862,716
532,466
1245,668
772,753
942,571
1187,315
1668,238
1128,676
1002,789
1180,797
695,297
754,151
1209,430
537,171
921,736
1450,522
1139,804
1533,308
943,912
954,813
934,593
893,510
1256,507
995,837
821,798
1846,152
860,486
1915,57
1375,382
1173,145
645,521
255,245
973,582
1065,908
1350,212
928,308
739,547
1541,457
1055,691
1113,830
800,294
669,609
1168,144
1874,71
856,339
1431,340
861,551
1246,563
1146,790
1462,339
608,185
1275,676
674,634
786,422
1177,381
780,730
985,384
1809,165
794,571
975,531
1409,354
1369,141
532,529
1585,376
864,790
1354,372
594,151
777,363
1261,404
759,708
717,452
648,576
1445,133
1192,720
1891,91
1136,513
569,92
1698,166
1032,626
954,679
276,194
1330,541
1010,895
1493,451
1422,413
54,38
928,895
1624,218
1108,555
719,673
1364,627
917,612
1263,564
1565,300
204,204
889,121
1128,463
1299,536
1104,169
1063,653
944,710
1412,415
1490,326
590,524
1263,357
1113,388
699,552
1269,712
1676,185
953,571
1190,755
1181,641
1157,665
1879,69
1129,790
1207,637
1278,686
568,329
404,153
1177,740
859,735
1549,449
1029,725
395,216
1086,914
1329,542
818,458
1106,748
889,585
1058,829
1007,965
1342,622
1439,223
442,269
908,438
709,330
1050,407
822,486
1211,661
777,749
828,761
1044,852
1463,514
416,328
1036,964
1546,404
681,479
1036,688
727,546
1030,619
1173,788
415,328
928,906
1151,537
577,489
469,369
896,868
1081,245
924,817
1001,964
1422,441
1779,129
1384,430
927,323
391,377
1010,269
805,772
834,291
1857,74
762,719
830,577
1327,626
938,748
1806,184
1199,473
1243,324
536,210
188,154
462,347
944,637
1226,579
1534,460
1403,498
885,879
1242,721
963,751
1031,943
679,521
240,230
1208,309
686,428
874,839
1307,449
1111,443
850,549
1348,593
1344,160
1399,580
1343,386
977,783
806,194
1703,117
1060,777
872,795
1173,297
903,340
1381,564
778,774
889,780
663,591
882,874
902,695
1051,947
1011,979
1571,180
1828,53
991,921
940,616
1294,210
438,390
1001,617
652,481
1151,578
1264,734
1006,738
1437,373
1047,571
876,863
1458,242
1161,839
981,310
1409,372
1000,899
742,619
1698,215
1592,406
971,249
1359,320
1154,615
1038,169
1435,156
1483,288
723,715
454,388
784,702
1091,887
1457,414
854,797
1000,765
877,814
1141,464
996,659
957,221
486,487
937,893
637,599
526,511
855,710
1447,217
1183,549
937,375
541,261
1157,795
844,492
1065,178
1358,480
1559,413
936,751
711,423
937,777
920,386
523,142
755,366
627,490
764,684
693,262
1198,408
832,800
655,581
794,522
800,797
240,233
1287,393
415,256
500,433
637,628
689,668
675,409
1061,934
1010,439
1009,883
427,412
940,875
908,123
1120,795
779,440
1767,197
452,405
1105,851
1153,532
1356,510
919,752
423,419
519,127
1606,348
1627,321
1077,895
1240,622
1349,304
1066,177
637,523
1063,461
597,560
1044,412
761,72
1152,808
850,810
867,740
990,332
996,794
1408,577
1187,745
460,324
527,239
1133,111
653,272
1632,253
991,778
647,480
902,366
754,662
1696,267
267,267
1168,440
1580,373
555,252
1914,61
1549,120
876,511
325,316
982,877
851,672
1238,660
1582,198
775,566
1320,582
1294,291
789,70
1047,274
1032,954
730,76
576,399
1171,788
808,686
1306,393
841,816
1007,958
1052,938
1648,165
1008,982
1091,671
1018,925
1410,193
859,783
846,596
1840,135
875,608
1250,346
145,90
412,103
1153,411
1335,537
89,64
1122,551
840,688
1191,202
1416,563
1033,458
1030,968
1447,248
668,189
1146,696
571,474
698,515
644,480
963,499
931,872
1032,900
1241,406
625,539
723,712
976,737
959,659
621,447
1402,429
1672,173
919,333
1023,620
1242,706
1098,551
997,891
1025,616
767,120
919,824
1201,730
985,935
1795,200
733,572
1453,491
844,759
820,101
1235,525
876,853
38,20
961,330
1412,485
583,551
350,339
877,587
945,895
860,284
1027,861
667,114
1309,551
1602,380
931,252
588,562
1182,462
1090,675
713,289
1037,914
1146,391
1103,542
1377,544
517,361
1156,815
1039,948
745,626
1178,441
1115,796
1062,911
1403,597
1150,784
917,596
897,540
1199,778
1056,761
1153,825
1056,751
1064,826
765,573
769,659
592,366
753,751
272,273
955,629
1241,252
802,272
947,792
171,152
838,816
1070,732
1287,676
1536,429
1377,121
1568,272
892,716
999,352
782,690
452,369
1477,293
155,105
525,396
1184,733
846,609
954,289
461,409
221,158
1098,457
1164,573
994,747
613,206
516,460
305,261
1085,460
900,685
991,978
952,319
1157,601
851,579
1063,260
1241,700
630,477
623,599
1438,539
371,250
1632,364
723,557
1119,739
989,890
901,608
1451,282
1753,193
1109,645
1245,704
766,721
593,479
189,120
640,583
559,333
1099,892
915,788
1109,547
1038,789
1146,60
928,885
824,653
1269,401
870,201
782,610
1135,583
663,611
1764,57
1942,56
1004,957
1129,802
490,238
460,397
476,284
1106,727
1159,641
1301,409
1220,625
1170,111
1135,683
858,810
1259,601
1366,592
608,438
843,390
1786,143
1576,386
1669,263
1440,546
1131,772
1067,60
541,291
486,473
827,790
999,826
722,429
462,176
1327,319
644,559
1086,211
1426,500
871,442
1419,324
857,218
1001,717
378,304
638,490
189,151
1321,362
579,539
268,227
721,474
903,871
1476,117
874,523
1236,762
1581,233
909,850
1020,860
1228,483
1052,674
1790,193
916,807
1494,469
1548,389
1254,686
992,838
1832,81
1061,907
949,591
1549,377
909,628
675,176
776,441
1551,437
1607,346
840,348
355,313
859,756
1248,739
422,354
1025,423
1604,234
868,654
1545,188
794,528
1035,710
976,84
978,950
237,223
1279,502
1269,653
1068,904
1642,219
1584,272
1010,681
958,853
993,633
901,473
1245,596
973,728
1320,446
1029,602
978,334
909,210
799,677
1367,489
1399,130
1417,526
1679,293
1500,270
1084,653
1582,280
1034,923
1332,88
1442,478
918,230
1493,482
855,439
863,394
1096,782
575,513
458,205
980,822
1115,827
1413,239
1171,753
1193,168
778,546
923,291
636,314
1719,270
979,716
1352,648
514,338
701,537
1204,650
1151,617
826,436
297,189
719,353
1077,436
1121,802
1873,104
765,214
1292,149
1462,527
1761,238
1006,588
692,418
903,819
1157,841
1016,924
1140,509
1258,232
1134,808
1608,283
1387,388
1103,582
1020,229
851,781
223,169
616,565
146,116
510,196
964,830
555,452
1073,730
944,808
1245,420
1311,345
450,412
806,691
675,474
984,839
1445,322
873,863
725,521
529,334
1122,396
1326,415
721,557
715,74
964,940
325,304
660,634
490,161
813,773
454,393
1103,869
1573,300
1334,636
35,27
1004,988
677,438
1103,776
1519,224
621,312
924,478
1090,808
1396,405
806,748
971,848
634,529
682,511
1333,509
581,137
1057,609
1369,588
1424,445
326,169
757,108
1802,170
1747,182
817,471
826,667
875,776
826,790
546,542
869,614
1334,632
845,775
727,543
816,721
962,830
1161,582
1147,789
440,317
992,954
242,176
755,596
1790,86
886,801
852,205
1183,687
1455,461
1286,629
742,573
953,914
1769,158
886,872
834,528
1468,522
847,794
1348,465
1119,845
881,867
619,416
751,743
1162,471
451,348
790,115
1637,327
309,308
1152,729
1409,297
798,265
243,229
689,628
1211,309
1591,287
796,699
899,861
362,339
1323,551
937,919
1782,197
1329,326
592,571
1065,252
1395,487
1400,345
212,174
1769,205
1037,651
1511,360
890,849
1584,305
1227,530
1269,288
1020,950
1560,439
1021,666
969,839
1156,169
869,768
986,679
1768,190
1349,319
937,906
889,837
1165,813
1488,454
1928,33
1862,117
1270,312
802,320
424,300
681,588
1138,759
504,347
805,799
581,489
1342,632
260,226
1572,255
784,628
1580,317
318,244
189,126
665,605
845,838
325,322
1261,663
704,539
478,332
531,124
277,256
1101,872
1199,504
605,407
1424,424
820,290
698,651
968,397
687,546
1155,428
1108,852
832,592
949,531
960,795
1378,159
1319,453
1887,18
923,529
959,292
651,530
1152,723
995,770
986,631
640,166
740,291
1371,174
1146,107
1023,361
1336,377
986,897
903,188
552,106
1407,123
981,855
845,589
450,432
1395,430
1025,927
1014,796
1171,767
940,823
1206,734
1475,412
823,558
1691,121
1531,414
1003,912
1170,465
1104,791
1172,710
775,656
847,827
1731,245
704,466
390,334
1300,512
1128,440
1159,769
846,523
1473,273
1170,640
154,133
1531,296
1025,849
1629,231
865,464
913,625
983,495
985,464
1841,120
1120,512
631,467
985,933
960,949
1079,484
1063,40
1184,693
1288,610
1049,915
742,485
835,692
999,398
443,189
916,436
950,95
1577,273
679,649
1107,720
1303,680
593,586
1173,711
919,470
1427,304
966,361
1258,109
1656,301
1004,859
1153,791
1184,667
1433,565
1604,175
1595,229
551,468
723,542
1455,518
1075,705
1248,292
352,266
1596,212
701,529
1466,446
639,182
931,857
930,576
818,797
852,628
541,462
697,342
709,434
1251,427
1012,832
722,536
1062,878
1019,887
812,439
837,543
1249,328
997,498
814,451
871,689
927,753
930,824
1859,131
650,601
1371,355
1246,716
1897,46
552,462
1049,796
856,241
1013,716
1058,667
1336,544
1084,303
1602,364
1013,744
1073,766
767,376
891,790
1167,326
1036,920
720,489
1140,310
695,516
927,794
188,167
1336,582
1398,591
458,332
1288,486
1499,103
938,854
825,209
1589,339
1660,329
1057,317
152,56
1072,581
1528,259
1163,456
1315,567
1193,769
923,693
1555,434
1290,407
1437,419
1793,103
1043,783
360,350
282,237
2
3
3
4
4
4
4
7
7
8
8
9
10
11
11
11
12
12
12
12
14
14
14
15
16
17
18
18
18
19
19
19
20
21
21
22
22
22
23
23
24
24
24
25
27
27
27
27
28
28
28
29
29
29
30
30
30
30
31
31
32
33
33
34
35
35
36
37
37
39
41
42
43
43
43
44
44
44
45
45
46
47
48
48
48
48
49
49
50
51
53
53
53
54
54
55
56
56
57
59
59
61
63
65
66
66
66
67
67
67
67
68
69
69
69
69
70
70
70
71
71
71
72
72
73
74
74
74
75
76
76
77
77
78
78
79
80
80
80
81
81
81
82
82
83
83
84
85
86
87
88
88
89
92
92
94
94
94
95
95
97
97
98
98
98
98
99
100
101
104
106
107
107
108
109
109
110
111
111
111
111
111
112
112
113
114
115
115
115
116
117
117
118
118
118
119
119
120
121
121
122
123
123
124
126
127
127
128
128
128
129
130
130
130
130
130
131
132
133
133
133
134
135
136
136
136
136
136
137
137
138
138
138
139
139
141
142
143
144
144
145
145
146
146
148
148
150
150
150
150
151
151
153
153
153
154
154
156
157
157
157
157
159
159
159
160
160
160
161
162
163
164
165
165
165
166
166
167
167
168
168
168
168
169
169
170
170
171
172
172
173
173
174
174
175
175
175
176
176
177
177
178
178
179
179
180
184
185
185
186
186
187
187
187
188
188
189
189
190
191
191
192
192
193
194
194
196
196
196
197
197
198
198
198
198
199
200
200
200
201
201
203
203
203
203
204
204
205
205
206
206
206
206
206
207
208
208
208
209
209
209
209
210
210
211
211
211
212
212
214
216
216
216
217
217
217
217
218
219
220
221
221
221
222
222
222
222
222
223
226
226
227
228
228
229
230
230
231
232
233
234
234
234
235
236
237
237
238
238
238
240
241
243
244
244
244
245
245
246
246
247
247
248
248
249
249
249
250
251
251
252
253
254
254
254
256
258
259
259
260
261
261
262
263
263
264
264
266
266
268
269
269
270
270
270
270
270
272
272
272
273
273
274
274
274
275
276
276
276
276
277
277
277
278
279
280
280
280
281
281
281
281
283
283
283
283
284
284
286
287
289
289
289
289
290
291
293
294
294
295
295
296
297
298
299
299
300
300
301
301
301
302
303
303
305
306
306
306
306
307
308
308
309
309
311
312
312
313
314
314
314
315
315
317
317
319
321
322
323
323
323
323
324
325
325
326
327
328
330
330
330
331
331
332
332
333
334
334
334
335
335
336
337
339
339
339
340
340
340
340
341
341
341
341
341
341
342
342
342
343
345
345
345
345
346
346
346
346
347
347
348
348
349
350
351
352
352
352
353
353
354
354
356
360
361
361
362
362
362
363
363
364
364
364
365
366
367
369
370
370
372
372
372
373
373
374
374
377
378
378
378
379
380
380
380
380
381
382
382
385
385
386
387
387
388
389
389
389
390
391
392
392
392
393
393
393
393
394
394
395
396
396
397
399
400
400
400
400
400
401
401
401
402
403
403
403
404
405
405
407
407
407
408
408
409
410
412
413
413
413
413
414
414
414
414
414
414
414
416
416
417
417
418
419
420
420
421
421
422
423
424
425
425
425
425
425
425
426
427
427
429
429
429
429
430
430
430
431
431
431
431
431
432
432
432
433
433
435
435
435
436
436
437
437
437
438
438
439
439
440
440
440
441
442
442
443
443
444
445
445
446
447
447
447
448
449
449
449
451
451
452
452
453
454
457
457
458
460
460
460
461
461
461
462
462
463
465
466
467
467
467
467
468
469
469
470
471
471
471
471
471
472
472
473
473
474
474
474
475
475
476
479
479
479
481
481
481
483
484
484
485
485
485
486
486
486
487
487
490
490
490
490
491
491
491
491
491
492
492
493
495
495
495
496
496
498
499
499
500
500
501
501
502
502
502
502
503
504
505
505
506
507
508
508
509
510
510
510
511
511
513
514
515
515
516
516
517
517
519
519
519
519
520
520
520
521
521
523
523
525
525
526
526
527
527
527
528
528
528
528
529
530
533
534
535
535
539
539
540
540
540
540
542
542
542
543
543
543
544
545
545
545
546
546
547
549
549
552
552
553
554
554
555
555
555
555
558
558
558
558
559
561
562
563
563
563
564
564
565
565
565
565
566
567
567
567
567
568
569
569
569
570
570
571
571
571
571
572
572
573
573
574
574
574
575
575
575
575
576
576
578
579
580
580
580
580
581
582
584
585
586
586
587
588
589
590
590
590
590
591
591
592
594
594
594
594
595
595
595
595
596
596
596
597
598
598
599
599
599
599
600
600
601
603
603
606
607
607
607
608
609
610
610
612
612
612
613
614
614
614
614
614
615
615
615
615
616
616
618
621
621
621
622
622
622
623
625
626
627
628
628
628
629
629
629
630
630
631
631
632
632
633
634
634
634
634
635
635
635
635
636
636
636
637
637
637
637
638
639
640
642
642
642
642
643
644
644
644
644
645
645
645
646
646
647
647
649
649
649
649
650
650
651
651
651
651
651
652
652
652
653
653
653
653
654
655
656
657
658
659
659
660
660
660
661
661
661
662
662
662
662
662
662
663
663
663
664
665
665
667
667
668
668
669
670
670
671
672
673
673
674
674
674
675
675
675
675
675
676
677
678
678
678
679
680
681
681
682
682
683
683
684
685
685
686
687
689
690
690
690
691
691
692
692
692
693
693
694
694
694
695
696
697
697
697
697
697
698
698
698
698
700
701
701
701
703
703
703
704
704
705
706
707
707
707
708
708
708
709
709
709
710
711
711
712
712
713
713
714
715
715
715
716
716
719
719
720
720
720
721
721
721
722
722
722
722
723
723
724
724
724
725
725
725
725
726
726
726
727
728
729
729
729
729
729
729
729
730
730
730
731
731
732
733
734
737
737
737
738
738
738
739
739
739
739
739
739
740
740
741
741
743
743
744
744
746
746
747
748
749
750
750
750
750
751
751
752
753
754
755
756
756
756
757
757
759
759
759
759
759
760
761
762
763
763
764
764
765
765
765
766
766
766
766
767
767
768
769
769
769
770
770
771
771
772
772
772
773
775
775
776
776
776
776
776
776
777
777
779
779
779
780
780
780
780
780
782
783
784
784
784
785
785
786
786
787
788
788
789
789
790
790
790
790
790
791
791
791
791
791
793
794
794
794
794
794
795
796
796
796
797
799
799
799
801
801
802
802
802
803
803
805
805
805
807
807
807
808
808
810
810
811
812
812
812
813
813
813
814
814
815
817
817
817
817
817
819
820
821
822
822
822
822
823
823
823
824
825
826
826
826
826
827
827
828
829
832
832
832
832
833
835
835
835
835
836
836
837
837
838
838
839
839
840
841
841
841
842
842
843
843
844
844
845
845
846
846
846
846
847
848
848
849
850
850
850
852
852
854
854
854
855
855
855
855
855
857
857
858
858
859
861
862
862
863
864
864
864
866
866
866
867
869
871
871
872
873
873
873
875
875
876
876
877
877
877
878
879
880
880
880
880
880
882
882
883
883
883
883
884
884
885
885
886
887
888
890
891
891
893
893
894
894
894
895
895
895
896
897
897
898
900
900
901
902
902
903
903
903
903
904
905
905
906
906
906
907
908
908
908
908
910
910
911
911
911
912
912
912
913
915
916
918
918
918
919
919
919
919
919
921
922
923
924
925
926
926
927
928
928
930
930
930
931
931
931
932
932
933
935
936
936
936
937
937
937
938
938
938
938
938
939
939
939
940
940
941
941
941
945
945
945
945
946
946
946
948
949
949
949
949
950
951
951
951
952
952
953
953
953
953
955
955
956
956
957
957
958
958
958
959
959
960
960
960
961
961
961
962
962
963
964
964
964
964
965
966
967
968
970
971
973
973
974
975
977
978
978
978
979
979
979
979
980
981
982
982
983
985
985
986
986
987
987
988
988
988
989
989
989
990
991
991
992
993
993
993
994
994
995
995
995
995
997
1000
1001
1001
1001
1002
1002
1003
1004
1006
1006
1006
1007
1007
1007
1008
1008
1008
1009
1011
1012
1013
1014
1014
1014
1014
1015
1015
1015
1015
1015
1016
1018
1018
1018
1018
1019
1019
1019
1019
1020
1021
1022
1023
1023
1023
1024
1024
1024
1024
1025
1025
1025
1025
1027
1027
1027
1028
1029
1029
1030
1030
1030
1031
1032
1033
1035
1036
1038
1038
1038
1039
1039
1039
1040
1040
1040
1041
1041
1041
1041
1042
1042
1042
1043
1043
1044
1044
1045
1046
1048
1049
1050
1050
1051
1051
1051
1051
1051
1052
1052
1054
1054
1054
1054
1055
1056
1056
1057
1057
1057
1058
1058
1059
1059
1059
1060
1060
1061
1062
1063
1063
1063
1064
1064
1065
1065
1066
1067
1067
1067
1067
1068
1068
1069
1069
1070
1070
1071
1071
1071
1072
1072
1072
1072
1074
1075
1075
1075
1076
1077
1077
1078
1079
1079
1080
1080
1081
1084
1084
1084
1084
1084
1086
1086
1086
1087
1087
1088
1089
1089
1090
1091
1093
1094
1094
1095
1095
1096
1096
1096
1100
1102
1102
1102
1102
1102
1102
1103
1104
1104
1104
1104
1104
1104
1105
1106
1106
1107
1107
1107
1107
1108
1108
1109
1109
1110
1110
1111
1112
1113
1113
1114
1115
1115
1115
1115
1115
1116
1116
1118
1119
1119
1120
1122
1122
1124
1126
1127
1129
1129
1129
1130
1130
1131
1131
1132
1133
1134
1134
1135
1135
1136
1137
1137
1137
1138
1138
1138
1140
1140
1140
1140
1140
1141
1141
1141
1141
1142
1142
1142
1142
1143
1144
1144
1144
1146
1146
1147
1148
1150
1152
1152
1152
1152
1153
1153
1153
1153
1153
1154
1154
1155
1155
1155
1157
1159
1160
1160
1160
1163
1164
1164
1165
1165
1165
1166
1166
1166
1167
1168
1169
1170
1170
1170
1171
1171
1171
1172
1172
1172
1172
1173
1173
1173
1175
1176
1176
1176
1177
1177
1177
1177
1178
1179
1180
1181
1182
1182
1182
1185
1185
1186
1186
1187
1188
1189
1189
1189
1190
1190
1190
1190
1190
1191
1191
1193
1193
1194
1195
1196
1198
1199
1199
1199
1199
1200
1200
1200
1201
1202
1203
1203
1203
1204
1206
1207
1208
1208
1208
1209
1210
1210
1211
1211
1211
1212
1212
1213
1214
1215
1216
1217
1218
1220
1220
1221
1222
1222
1222
1222
1222
1222
1223
1224
1224
1226
1226
1226
1226
1227
1227
1228
1229
1229
1230
1230
1232
1233
1233
1234
1234
1234
1234
1235
1235
1235
1236
1236
1237
1239
1239
1240
1241
1241
1241
1241
1242
1242
1243
1243
1243
1244
1245
1246
1246
1248
1249
1249
1250
1251
1251
1251
1251
1252
1252
1254
1256
1257
1258
1259
1259
1260
1262
1263
1264
1265
1266
1266
1266
1267
1267
1269
1269
1269
1271
1271
1271
1272
1272
1275
1275
1275
1276
1277
1278
1280
1281
1282
1283
1283
1285
1286
1287
1287
1287
1289
1289
1289
1290
1290
1290
1290
1290
1290
1292
1292
1292
1294
1294
1295
1296
1297
1297
1297
1298
1299
1299
1300
1300
1301
1301
1303
1303
1303
1303
1304
1304
1305
1305
1306
1306
1307
1307
1309
1309
1310
1310
1310
1311
1311
1311
1311
1311
1312
1313
1314
1314
1314
1315
1315
1315
1315
1315
1319
1319
1319
1319
1320
1321
1322
1322
1323
1323
1324
1325
1326
1327
1328
1329
1329
1329
1329
1330
1330
1330
1331
1332
1333
1333
1333
1334
1334
1335
1335
1335
1335
1336
1336
1336
1336
1337
1337
1338
1339
1339
1340
1341
1341
1342
1342
1343
1343
1345
1345
1345
1345
1346
1346
1346
1347
1347
1347
1347
1348
1350
1350
1350
1351
1351
1352
1352
1353
1356
1356
1356
1356
1357
1358
1358
1360
1360
1361
1361
1361
1362
1363
1363
1364
1364
1365
1365
1365
1366
1367
1367
1367
1367
1367
1369
1369
1370
1370
1371
1373
1373
1373
1373
1373
1374
1374
1374
1374
1374
1375
1375
1375
1377
1377
1377
1379
1379
1379
1379
1379
1379
1380
1380
1381
1381
1382
1383
1383
1383
1383
1383
1384
1384
1385
1386
1386
1386
1386
1387
1387
1387
1387
1387
1388
1389
1389
1390
1391
1391
1392
1392
1393
1393
1393
1393
1393
1394
1394
1395
1395
1395
1396
1397
1397
1397
1398
1398
1399
1399
1399
1400
1400
1401
1402
1402
1405
1406
1408
1409
1410
1410
1411
1412
1412
1412
1412
1413
1413
1414
1414
1414
1414
1414
1415
1416
1417
1417
1417
1417
1417
1418
1418
1419
1419
1419
1420
1421
1423
1423
1423
1424
1424
1424
1424
1425
1425
1426
1427
1428
1429
1429
1429
1430
1430
1431
1431
1432
1433
1434
1435
1436
1436
1437
1437
1438
1438
1439
1439
1439
1439
1439
1439
1441
1442
1442
1442
1443
1443
1443
1444
1444
1444
1444
1444
1445
1447
1447
1448
1448
1450
1450
1451
1451
1452
1452
1452
1452
1452
1452
1453
1454
1454
1455
1455
1455
1457
1457
1459
1459
1459
1460
1460
1461
1461
1462
1462
1462
1464
1465
1465
1466
1467
1467
1467
1468
1469
1469
1469
1469
1470
1470
1471
1471
1471
1471
1473
1475
1476
1476
1476
1476
1478
1478
1479
1480
1480
1480
1481
1482
1484
1484
1487
1488
1488
1488
1489
1489
1490
1491
1491
1491
1491
1492
1492
1492
1493
1495
1496
1497
1499
1500
1501
1501
1502
1502
1505
1506
1507
1509
1509
1510
1510
1511
1512
1512
1513
1513
1514
1514
1514
1515
1515
1515
1516
1517
1517
1517
1518
1518
1519
1519
1520
1520
1522
1523
1523
1523
1523
1524
1524
1524
1524
1525
1525
1526
1528
1528
1528
1529
1529
1529
1529
1532
1533
1533
1535
1535
1535
1535
1536
1536
1537
1538
1538
1538
1538
1539
1539
1541
1541
1541
1543
1543
1544
1544
1545
1546
1547
1547
1548
1548
1548
1548
1549
1549
1549
1550
1551
1552
1553
1554
1554
1555
1555
1556
1556
1557
1558
1558
1559
1559
1559
1560
1561
1563
1563
1565
1565
1565
1566
1567
1567
1568
1570
1570
1570
1571
1572
1573
1574
1574
1574
1575
1575
1575
1575
1575
1575
1575
1576
1576
1577
1577
1578
1578
1579
1580
1581
1582
1583
1583
1584
1584
1585
1585
1586
1586
1586
1588
1589
1590
1590
1590
1592
1592
1594
1595
1596
1597
1597
1599
1601
1601
1602
1604
1605
1606
1607
1608
1608
1608
1608
1609
1610
1610
1611
1611
1612
1613
1614
1614
1614
1615
1615
1616
1616
1617
1618
1619
1619
1619
1619
1620
1620
1621
1621
1621
1624
1625
1626
1626
1626
1627
1628
1628
1629
1630
1631
1631
1631
1632
1632
1633
1633
1633
1633
1634
1634
1636
1637
1637
1637
1638
1638
1640
1640
1641
1643
1643
1645
1645
1645
1645
1646
1647
1647
1648
1648
1649
1649
1649
1650
1651
1652
1652
1652
1652
1653
1654
1654
1654
1654
1656
1656
1657
1658
1659
1659
1659
1659
1662
1662
1662
1663
1663
1663
1664
1664
1665
1665
1666
1666
1668
1668
1668
1669
1669
1670
1670
1671
1672
1673
1673
1673
1674
1675
1677
1677
1679
1680
1680
1681
1681
1681
1681
1683
1684
1685
1685
1685
1685
1685
1686
1686
1686
1688
1689
1689
1690
1690
1690
1690
1691
1692
1692
1696
1697
1698
1698
1698
1700
1700
1700
1701
1701
1701
1701
1701
1702
1702
1703
1704
1704
1704
1706
1706
1707
1708
1708
1708
1709
1709
1709
1709
1709
1710
1711
1711
1712
1713
1714
1714
1714
1714
1714
1715
1716
1717
1718
1719
1719
1719
1720
1720
1721
1721
1722
1722
1723
1725
1725
1728
1728
1729
1729
1730
1730
1731
1732
1732
1732
1733
1733
1734
1734
1735
1735
1735
1735
1735
1737
1737
1738
1738
1738
1739
1739
1739
1740
1742
1742
1743
1743
1743
1743
1744
1744
1744
1745
1745
1745
1746
1746
1747
1748
1748
1749
1751
1751
1751
1751
1752
1752
1753
1753
1756
1756
1757
1757
1757
1757
1758
1758
1758
1758
1759
1759
1759
1760
1760
1760
1760
1760
1760
1761
1761
1761
1761
1762
1763
1764
1766
1766
1770
1770
1771
1771
1773
1773
1773
1774
1774
1775
1775
1776
1776
1776
1776
1776
1777
1779
1779
1779
1779
1780
1781
1782
1782
1782
1783
1783
1784
1787
1789
1791
1792
1793
1793
1793
1795
1795
1796
1797
1797
1797
1798
1798
1798
1799
1800
1800
1801
1801
1802
1803
1804
1804
1806
1806
1806
1807
1807
1808
1808
1809
1810
1810
1810
1811
1811
1812
1813
1813
1813
1813
1814
1814
1814
1815
1815
1816
1816
1817
1818
1818
1818
1819
1819
1824
1824
1825
1825
1825
1826
1826
1828
1829
1829
1829
1830
1830
1830
1831
1832
1832
1833
1833
1834
1834
1835
1835
1836
1836
1836
1837
1838
1838
1839
1839
1840
1840
1841
1841
1841
1842
1842
1842
1842
1843
1844
1844
1844
1845
1846
1846
1847
1847
1847
1847
1848
1849
1849
1849
1850
1850
1852
1853
1853
1855
1855
1856
1857
1858
1860
1860
1861
1862
1862
1863
1863
1863
1864
1864
1864
1864
1864
1864
1864
1865
1865
1865
1865
1866
1867
1868
1868
1869
1870
1870
1871
1872
1873
1874
1876
1877
1878
1878
1880
1881
1881
1881
1881
1882
1883
1883
1885
1885
1885
1886
1886
1886
1886
1887
1887
1887
1888
1888
1889
1889
1889
1889
1889
1890
1891
1891
1893
1894
1894
1894
1894
1895
1895
1896
1896
1896
1897
1899
1899
1900
1900
1900
1901
1901
1902
1902
1903
1903
1903
1904
1904
1904
1906
1906
1907
1907
1907
1908
1908
1909
1909
1910
1910
1911
1911
1913
1914
1914
1915
1915
1915
1915
1916
1917
1917
1918
1918
1919
1919
1919
1920
1920
1920
1920
1920
1921
1921
1922
1924
1924
1925
1925
1926
1926
1926
1927
1928
1928
1928
1928
1928
1929
1929
1930
1930
1931
1931
1933
1934
1936
1936
1938
1938
1939
1941
1941
1942
1943
1945
1945
1945
1946
1947
1947
1948
1948
1949
1949
1950
1951
1952
1952
1952
1952
1953
1953
1956
1956
1956
1957
1957
1958
1958
1958
1959
1959
1959
1960
1961
1962
1963
1963
1964
1964
1964
1964
1967
1967
1968
1968
1969
1969
1969
1969
1970
1970
1970
1971
1971
1972
1973
1973
1973
1974
1976
1977
1977
1978
1978
1979
1980
1980
1980
1981
1983
1983
1983
1983
1983
1984
1985
1986
1986
1987
1987
1988
1988
1989
1989
1989
1989
1990
1990
1991
1992
1993
1993
1994
1995
1995
1996
1996
1996
1996
1996
1997
1997
1997
1997
1998
1999
1999
2000
