Primero viene la cantidad (n) de timestamps para ambos, luego n líneas que son un timestamp aproximado cada uno separado por una coma (',') del error, y luego n lineas de las transacciones del sospechoso
3505
49,24
97,26
239,32
389,47
788,28
1661,42
16,15
36,23
60,9
132,19
306,1
571,22
1203,22
66,43
163,8
273,17
549,41
1129,48
91,41
125,11
314,11
623,9
1223,40
71,19
150,35
242,9
524,6
1032,19
16,15
26,25
49,31
165,20
270,26
581,27
1200,10
37,21
44,43
142,44
292,22
526,9
1074,5
8,7
17,16
42,35
134,6
269,30
545,16
1064,25
80,30
106,9
271,35
514,35
1047,23
87,13
99,31
247,49
494,50
992,31
1960,15
89,8
177,11
353,24
662,44
1321,16
71,9
83,3
230,6
389,20
832,26
1664,37
47,1
118,20
228,4
428,47
915,46
1787,16
101,44
199,32
371,15
686,50
1363,21
12,11
38,37
69,44
152,39
324,23
626,25
1288,29
10,9
50,43
75,47
202,19
409,26
839,27
1597,36
6,5
70,3
169,33
330,37
657,43
1272,17
91,39
136,33
297,46
616,3
1192,42
27,26
125,31
243,50
439,14
929,41
1788,4
29,25
125,15
233,8
448,38
887,48
1823,11
78,14
143,12
320,13
594,45
1182,50
85,47
103,6
288,31
554,17
1047,40
88,37
169,37
342,21
623,36
1273,37
14,13
79,40
125,43
275,22
530,44
1085,28
2,1
63,33
146,3
309,7
527,2
1073,1
71,27
128,16
271,15
524,21
1086,32
94,40
163,35
314,45
609,44
1275,37
80,17
167,43
294,20
607,12
1243,18
73,16
142,32
278,3
577,35
1163,35
95,5
152,45
284,35
621,46
1210,29
13,12
82,32
101,29
205,6
477,47
942,41
1832,8
17,1
74,15
126,15
263,31
543,7
1039,17
95,39
183,24
284,38
661,29
1270,33
51,14
84,49
224,15
423,38
864,2
1740,11
88,42
149,9
331,41
667,47
1309,37
88,10
183,13
343,25
688,34
1348,27
7,6
92,7
147,47
338,6
611,42
1207,23
40,27
141,48
209,15
399,46
793,17
1666,31
41,40
111,47
220,9
441,25
819,25
1643,6
7,6
66,47
152,13
253,8
568,46
1127,24
44,39
56,38
142,22
277,34
582,8
1176,10
87,30
122,27
299,23
607,1
1138,37
48,20
132,44
187,22
378,33
802,4
1596,29
91,29
101,16
231,35
457,12
939,45
1866,35
59,45
95,26
168,27
379,4
788,28
1581,3
91,47
115,17
251,28
549,46
1096,11
69,26
133,25
256,43
539,45
1063,38
16,15
45,40
117,41
262,15
463,47
977,45
1917,47
68,34
81,26
183,36
400,11
736,40
1472,43
61,42
153,40
215,24
510,17
974,38
1947,38
73,42
110,18
252,13
529,42
1058,18
67,16
162,27
260,39
490,33
1056,4
5,4
8,7
15,14
99,1
214,20
371,31
740,7
1523,38
34,33
119,27
173,34
408,40
802,5
1615,13
7,6
60,26
147,19
287,2
529,49
1050,5
65,32
87,47
245,21
399,37
811,47
1631,37
20,19
108,11
176,26
367,6
749,22
1506,16
42,34
103,40
157,21
367,44
748,44
1426,39
93,33
135,48
295,33
612,49
1177,38
45,27
86,12
153,42
315,26
605,7
1286,18
97,22
196,22
389,4
707,44
1397,7
5,4
100,47
123,33
329,34
595,38
1211,19
46,25
87,10
205,37
383,30
809,50
1549,6
65,29
134,39
287,50
587,19
1150,48
15,14
51,20
108,43
196,42
407,10
778,19
1595,46
27,10
37,36
68,4
182,24
343,27
682,20
1382,36
16,1
33,32
127,5
231,31
507,29
941,15
1938,28
30,2
60,15
166,49
309,46
627,16
1250,37
25,14
80,25
161,38
269,3
602,2
1203,21
97,29
118,48
222,18
507,25
993,29
1942,17
34,33
85,12
173,24
385,11
712,13
1396,16
95,28
175,46
343,21
686,46
1371,43
81,1
129,43
217,24
482,23
941,47
1948,14
54,3
98,4
234,40
485,41
941,11
1864,38
59,6
125,18
264,33
452,38
931,40
1904,10
4,3
61,10
149,21
236,35
463,16
925,28
1886,48
99,5
106,35
258,28
479,43
1042,38
1912,48
72,26
165,48
333,14
628,29
1201,6
55,3
93,49
214,32
431,41
841,32
1655,50
36,14
111,7
179,35
333,8
696,3
1376,41
19,18
115,18
227,23
392,40
762,41
1614,41
73,16
110,7
246,44
471,28
913,35
1829,19
50,15
140,45
239,7
519,43
1043,22
1904,1
45,7
50,32
113,14
241,1
526,23
980,3
1963,27
83,28
125,10
288,40
529,48
1054,23
42,4
101,48
197,11
424,9
791,1
1633,37
77,44
108,34
261,50
525,9
1030,8
20,19
97,32
142,11
288,12
591,48
1147,7
12,11
24,7
62,4
120,48
267,42
579,40
1068,45
17,11
25,22
60,15
198,28
352,10
690,37
1416,13
4,3
40,7
120,10
177,46
370,13
780,1
1515,1
101,37
113,29
258,4
492,38
999,47
1986,1985
96,39
178,41
357,21
708,39
1440,25
40,39
99,21
178,41
391,7
721,3
1517,10
84,26
168,13
338,43
656,16
1282,16
78,34
123,27
258,13
523,50
995,4
1971,1970
14,13
107,3
133,31
262,41
564,40
1092,19
43,6
126,5
181,44
449,14
882,32
1707,27
4,1
61,18
102,14
245,11
435,36
849,18
1759,48
30,29
109,48
149,30
315,37
699,29
1402,10
99,9
172,39
352,31
718,20
1429,26
30,24
96,21
182,1
312,6
684,19
1362,40
97,11
172,42
367,31
664,13
1357,41
70,24
78,48
167,50
340,36
662,6
1418,45
50,33
61,25
135,44
338,11
591,24
1181,23
74,26
91,16
194,4
458,32
914,38
1798,42
39,22
49,12
134,35
312,46
579,15
1161,24
47,6
73,29
170,8
380,43
713,11
1466,49
83,15
111,28
245,46
513,44
1003,16
1980,1979
21,20
42,19
143,2
306,18
577,35
1106,13
76,49
141,29
237,15
525,22
1028,6
6,5
66,8
95,34
187,25
409,21
861,12
1680,46
88,7
134,21
318,38
601,15
1221,13
79,19
151,44
301,8
586,41
1195,26
24,23
104,21
198,33
368,26
777,28
1538,35
56,27
130,11
211,28
413,30
876,49
1775,42
98,16
174,1
347,12
681,13
1400,30
39,14
138,37
203,8
461,38
899,43
1806,17
17,5
114,11
153,21
313,2
622,21
1234,30
14,13
57,6
128,17
294,18
537,7
1054,44
49,35
125,38
201,44
454,43
916,43
1782,26
65,37
154,42
240,40
545,15
1104,48
14,13
17,16
103,15
156,45
322,16
637,19
1281,44
27,14
108,19
139,50
287,47
618,42
1248,23
18,11
64,46
109,47
282,13
528,17
1080,33
57,29
158,22
301,13
602,12
1187,40
69,21
81,13
164,23
363,7
745,46
1424,15
19,18
53,36
164,49
319,22
577,30
1144,47
71,24
99,47
203,11
444,44
851,14
1718,16
46,30
83,48
184,37
366,41
769,26
1471,45
54,12
131,16
265,39
536,6
1038,42
90,44
97,30
249,38
512,46
990,6
1948,49
2,1
77,35
94,14
248,40
499,45
948,44
1893,24
21,5
85,46
205,26
351,11
734,48
1474,50
64,42
66,25
137,27
330,13
690,25
1311,20
62,25
69,23
219,39
449,26
864,47
1666,27
76,32
157,6
320,12
644,19
1298,45
13,11
107,18
206,30
385,29
750,8
1537,3
46,20
65,19
113,1
293,9
543,10
1065,47
22,21
83,21
182,44
331,42
712,22
1412,31
17,16
100,17
156,29
361,31
680,35
1409,43
23,22
46,45
159,22
316,44
606,11
1241,33
73,37
96,17
237,48
450,13
863,5
1789,3
71,32
160,31
259,3
534,3
1051,43
49,48
130,33
240,50
505,44
967,20
1988,5
37,36
91,42
141,29
345,9
633,4
1336,26
36,35
94,14
158,4
305,47
685,19
1279,14
20,18
26,11
73,22
180,30
310,46
702,5
1355,37
12,11
102,5
115,16
289,42
610,15
1219,10
22,21
29,21
73,32
139,35
298,26
621,3
1270,49
53,19
78,19
159,24
364,21
723,19
1451,37
23,22
34,13
69,41
138,9
332,43
693,2
1360,42
96,20
119,34
244,18
475,39
1024,46
1989,10
99,31
148,49
306,9
576,4
1152,7
6,5
106,38
138,49
270,14
572,9
1122,9
69,22
148,41
278,22
577,18
1128,20
31,30
121,45
235,48
424,1
908,48
1818,50
58,28
128,28
220,41
457,24
882,38
1817,34
78,20
163,13
266,40
567,41
1093,45
69,16
109,10
268,37
493,27
987,44
1959,19
20,1
45,44
150,45
281,34
536,39
1067,34
54,31
55,24
200,24
323,3
671,26
1315,35
55,5
105,41
204,24
385,13
780,4
1630,50
55,13
80,30
155,11
385,10
736,11
1440,50
80,26
125,45
216,2
495,15
1014,48
1936,45
67,21
138,26
290,23
580,8
1086,16
101,4
194,27
392,33
719,14
1451,5
30,20
117,28
168,20
396,31
731,28
1501,6
50,46
51,32
143,22
295,22
554,33
1156,42
91,47
159,31
293,48
592,44
1224,33
5,4
31,24
96,8
216,20
416,23
783,6
1591,47
88,50
101,5
240,43
529,4
979,37
1949,22
65,42
117,50
240,42
521,41
1006,42
1916,29
31,24
82,40
181,46
382,45
680,26
1415,49
50,24
102,46
170,37
392,27
780,48
1534,18
58,47
121,44
270,5
461,29
941,1
1893,5
64,40
88,7
217,31
378,48
845,21
1611,45
11,3
21,20
92,31
148,41
284,31
597,32
1238,2
85,36
110,5
225,31
442,34
876,25
1760,2
100,33
114,31
225,24
466,23
947,1
1921,45
19,10
109,11
168,11
368,7
736,32
1485,3
81,28
136,27
248,41
543,16
1073,21
80,8
113,6
237,9
487,16
980,48
1906,38
30,27
126,26
250,23
407,2
829,37
1672,16
63,12
98,3
205,10
456,18
845,46
1741,10
16,15
80,49
184,40
359,31
670,50
1343,37
32,31
130,39
167,37
422,41
843,22
1691,34
53,33
135,21
213,49
418,30
914,17
1814,5
87,16
147,44
259,44
506,15
1067,6
80,36
159,20
251,7
530,36
1039,31
12,11
28,27
44,4
162,35
318,31
596,40
1239,33
62,49
137,40
276,28
562,15
1101,11
64,46
136,13
249,49
458,48
959,1
1895,23
27,26
98,15
137,18
267,47
562,27
1189,11
48,1
83,15
192,38
335,1
740,26
1483,42
35,9
89,33
132,33
274,36
625,26
1242,46
50,35
111,29
174,31
359,42
783,11
1501,38
60,3
152,17
263,7
543,27
1045,35
61,45
135,27
237,9
452,29
958,14
1849,23
49,27
108,40
207,25
420,5
852,49
1686,46
11,10
60,1
100,35
237,34
493,34
963,19
1913,46
35,24
133,44
223,25
442,3
876,36
1718,30
63,41
141,40
268,36
491,14
1003,43
1940,16
51,11
125,32
246,10
517,36
998,30
1973,1972
75,27
118,17
253,2
520,41
1058,49
32,31
55,48
130,26
234,3
461,20
984,8
1928,23
94,1
157,28
337,48
660,7
1286,36
71,3
85,19
221,45
450,39
920,50
1810,5
5,4
25,13
38,37
140,32
300,20
569,20
1119,26
29,10
66,13
159,5
339,23
613,19
1285,47
93,38
94,27
209,22
430,6
827,5
1671,33
66,35
157,18
248,28
501,48
1021,47
1913,5
12,11
40,14
118,3
183,26
423,49
784,6
1593,28
80,32
149,17
324,29
654,20
1241,26
48,47
83,11
166,33
300,22
621,32
1264,41
65,29
76,48
224,37
392,7
771,41
1595,43
44,43
138,37
276,17
508,4
1005,49
1994,1993
87,10
118,18
218,21
446,43
907,3
1868,35
15,14
40,7
108,32
228,32
470,47
946,12
1863,47
65,5
123,37
204,28
466,19
893,28
1801,18
92,47
177,46
311,41
587,29
1226,38
41,28
140,3
209,25
450,50
865,7
1796,4
84,31
141,24
281,29
579,12
1176,42
59,23
122,48
253,8
487,40
971,25
1920,43
78,7
123,18
246,22
465,46
917,3
1920,26
89,49
189,18
330,2
630,22
1250,37
86,21
103,50
208,49
417,19
836,42
1672,49
6,5
74,35
159,36
276,26
539,17
1147,12
53,49
125,40
222,8
448,29
945,33
1867,43
35,16
120,6
241,6
454,12
948,2
1804,19
100,15
152,49
343,42
606,12
1276,44
66,14
74,36
229,9
435,24
810,40
1688,11
98,32
153,27
345,17
603,20
1286,19
21,20
38,9
139,45
284,46
571,8
1081,32
75,8
101,11
229,39
412,46
906,37
1738,17
63,5
126,18
279,24
481,37
1044,13
1904,27
60,32
74,2
175,48
340,46
659,27
1333,40
68,47
169,25
328,20
627,48
1205,41
32,30
41,31
76,46
226,43
407,7
837,11
1648,3
28,9
109,14
199,33
359,19
790,17
1550,10
58,10
110,19
250,36
467,13
904,7
1841,13
10,9
67,47
162,34
245,17
506,22
1019,30
46,6
134,15
187,30
445,40
868,13
1709,41
55,49
144,39
281,16
495,34
997,17
1990,1989
82,36
112,14
294,28
506,11
1058,24
90,3
128,42
267,12
550,40
1110,5
13,12
65,40
116,41
206,38
458,16
920,30
1851,23
100,37
158,18
281,24
620,1
1199,44
7,6
47,38
148,7
251,37
487,29
971,19
1997,1996
23,22
48,22
148,9
262,34
566,38
1065,12
42,34
70,47
164,7
282,6
601,39
1188,22
44,15
61,8
150,32
285,28
588,32
1140,41
77,21
175,28
285,47
579,27
1191,22
17,16
77,9
181,21
346,47
641,34
1308,9
45,44
133,45
256,27
440,17
933,28
1853,22
63,26
121,40
200,41
449,46
883,14
1728,37
9,8
101,7
141,16
328,5
602,23
1239,26
100,29
197,28
378,19
706,48
1390,6
91,39
102,5
228,21
491,28
938,13
1933,24
20,19
25,24
79,24
184,15
323,23
718,25
1440,9
79,18
150,1
309,12
610,13
1182,29
99,35
105,39
264,43
498,20
1056,18
86,9
180,27
295,47
582,28
1155,38
3,2
101,42
131,22
329,12
636,28
1239,23
76,6
92,11
267,16
508,33
945,43
1945,3
40,24
101,42
233,8
468,41
857,13
1741,25
82,35
110,47
220,24
453,20
905,14
1789,17
3,2
41,30
66,47
209,26
380,34
763,34
1519,33
92,7
183,40
322,31
693,10
1351,8
10,9
56,8
114,33
251,9
493,27
1014,32
1919,38
36,10
119,19
190,1
400,27
837,8
1649,44
78,11
81,38
176,48
429,4
807,22
1584,23
14,8
26,25
132,2
271,28
523,46
999,36
1958,30
92,4
152,13
328,32
609,45
1244,17
17,16
38,37
83,22
170,49
316,46
664,4
1381,24
18,8
70,36
120,16
303,32
587,10
1102,26
88,46
183,30
356,44
654,10
1322,27
83,50
172,15
333,20
645,50
1259,7
78,38
154,36
257,17
541,34
1066,35
81,13
103,9
242,25
471,1
959,44
1889,12
97,43
165,24
353,31
696,40
1412,19
37,35
64,9
191,36
381,34
684,42
1386,8
2,1
70,15
74,19
211,37
390,18
767,22
1572,47
50,19
75,10
196,30
415,33
758,6
1548,37
70,43
120,14
236,44
470,38
977,23
1908,36
101,3
102,31
210,25
468,9
935,50
1823,47
38,37
112,27
246,27
440,48
912,31
1772,50
91,35
177,39
353,50
682,25
1359,39
28,25
64,48
173,17
331,12
652,5
1330,8
5,4
63,5
136,39
297,23
505,27
1107,26
3,2
27,26
34,27
149,31
253,9
543,45
1055,38
99,29
180,26
343,43
707,2
1347,15
43,3
97,22
209,31
438,28
839,36
1705,14
62,3
122,44
265,2
544,22
1065,11
30,29
108,22
155,33
299,36
666,21
1329,15
92,11
183,40
278,4
558,24
1200,22
93,13
141,40
243,18
483,44
1051,30
6,5
77,11
181,36
334,40
630,8
1268,28
37,36
116,44
207,12
405,30
781,43
1638,42
53,36
89,25
238,13
434,50
836,8
1688,29
49,4
61,37
173,37
313,28
603,11
1254,29
87,26
185,15
360,23
731,31
1397,33
35,7
82,42
181,9
356,28
683,39
1363,2
47,43
56,46
122,19
311,9
610,43
1190,48
33,2
41,14
105,18
202,21
477,10
866,20
1798,46
84,16
100,41
280,26
499,38
982,46
1995,1994
25,24
52,19
130,3
245,45
490,45
953,20
1969,1968
47,37
61,4
126,21
304,11
567,50
1129,26
30,14
88,28
219,50
418,49
790,19
1613,22
37,36
54,6
182,6
292,7
574,34
1201,20
50,34
115,9
192,48
417,48
798,22
1608,31
90,8
153,30
324,25
592,30
1256,23
84,23
85,46
194,12
438,29
832,36
1698,45
22,21
91,26
134,22
251,48
584,25
1136,25
18,11
83,9
119,6
304,33
531,44
1139,25
94,6
126,33
293,8
598,35
1125,47
92,28
120,36
218,24
525,6
1047,1
18,17
48,38
102,48
216,4
397,32
831,10
1655,49
57,48
155,3
248,5
475,50
1030,47
1968,8
100,18
135,7
268,32
602,34
1189,46
40,39
78,46
196,34
334,24
702,15
1430,42
99,2
119,32
261,49
487,7
1037,17
27,14
45,25
152,23
242,39
543,35
1088,22
12,11
93,11
116,31
224,44
447,42
932,41
1903,30
99,6
188,39
294,2
607,13
1280,39
101,1
127,20
230,29
496,34
960,8
1957,16
46,45
76,27
130,40
331,21
642,24
1301,32
47,3
104,34
170,29
375,21
781,47
1552,18
22,21
101,18
125,14
339,41
600,31
1242,18
73,3
141,46
275,45
584,36
1111,48
83,7
124,10
277,37
517,13
1055,43
94,32
130,7
240,18
498,18
970,29
1993,1992
58,1
106,4
195,17
423,32
817,22
1676,43
27,26
48,28
88,22
204,26
468,42
841,47
1703,17
25,24
56,18
134,15
309,24
602,31
1155,45
10,9
93,38
144,9
277,46
585,17
1200,14
72,26
146,29
238,23
484,27
989,34
1932,16
9,4
43,28
59,41
144,21
261,20
529,48
1144,20
61,37
143,20
233,8
445,33
982,29
1938,9
24,23
80,4
143,6
337,42
602,27
1225,14
39,38
88,47
160,18
337,26
664,35
1382,38
42,32
57,37
111,43
237,37
472,18
931,43
1886,32
1,0
99,26
110,22
286,23
513,46
1036,36
49,10
102,50
158,13
377,40
742,27
1452,36
24,3
122,33
213,42
398,41
800,13
1618,13
21,20
103,42
177,2
361,41
758,47
1495,46
24,23
38,4
159,3
239,49
551,12
1022,1
55,1
78,1
203,21
371,40
800,30
1597,26
62,22
120,25
199,14
449,28
909,39
1818,13
7,6
105,23
127,15
261,14
539,33
1044,46
62,39
152,36
315,5
586,39
1206,32
95,25
102,41
256,8
466,47
1009,45
1929,4
76,50
143,45
272,14
590,31
1106,48
71,40
87,23
196,1
393,48
755,5
1503,25
15,3
18,7
54,3
182,41
287,23
653,28
1251,17
53,29
72,7
180,32
357,21
717,22
1469,18
4,3
6,5
43,5
86,40
173,2
387,35
739,4
1449,30
14,13
68,17
160,42
283,2
596,38
1164,12
58,3
152,2
272,15
573,30
1074,25
27,22
91,7
199,27
327,36
708,29
1395,46
21,20
121,38
175,25
373,30
713,5
1424,34
59,50
75,45
183,12
345,2
744,7
1501,5
16,15
20,1
126,28
232,41
444,32
857,20
1705,4
92,16
121,24
292,21
560,1
1126,44
98,6
161,4
284,31
563,20
1128,41
96,19
195,38
387,37
681,20
1367,4
5,4
72,14
177,36
302,38
601,9
1247,43
36,9
51,25
183,19
289,47
561,7
1151,42
68,25
120,50
214,3
478,2
888,32
1849,44
61,49
148,49
253,33
517,11
1057,12
101,14
169,46
353,41
683,45
1332,8
2,1
59,26
110,8
243,44
490,27
912,21
1833,33
24,23
119,49
182,36
422,12
758,6
1577,49
21,19
60,35
82,30
197,4
414,46
781,10
1628,9
89,30
138,8
241,23
541,27
1078,8
11,10
36,29
54,21
185,23
346,27
720,29
1433,13
74,22
118,14
260,5
479,47
1010,29
1944,7
46,44
91,38
149,31
366,16
750,12
1406,46
65,40
114,3
236,50
429,20
908,47
1796,43
86,30
134,33
299,37
535,33
1128,45
35,34
77,24
191,50
394,35
703,10
1462,44
7,6
46,18
92,27
208,50
393,3
767,24
1594,31
37,29
109,25
167,32
348,12
750,27
1424,3
30,29
54,19
118,50
289,29
582,15
1099,2
74,49
148,11
285,33
509,23
1101,19
77,7
157,22
304,23
604,5
1149,16
2,1
22,10
73,41
181,7
357,41
706,11
1377,36
74,3
161,4
293,34
592,42
1126,32
52,24
103,2
216,34
429,16
820,7
1656,9
69,28
166,41
250,8
491,32
1006,14
1907,3
61,1
107,16
234,13
465,15
947,3
1864,21
9,8
59,34
133,43
280,47
544,41
1104,38
5,4
97,47
196,42
309,18
681,27
1375,43
31,11
77,38
176,10
356,1
699,28
1354,47
91,19
107,49
239,33
496,4
1011,13
1921,4
35,34
119,36
201,46
391,11
789,2
1635,42
46,45
128,5
275,21
511,14
1022,18
1960,37
60,5
152,20
290,36
545,18
1132,39
26,18
79,33
149,2
342,33
646,14
1301,31
1,0
77,4
174,47
346,37
681,5
1367,12
84,12
184,45
336,44
669,18
1312,24
95,50
171,25
309,14
658,28
1282,3
100,23
147,29
316,36
621,26
1190,11
46,40
136,14
275,10
502,47
961,13
1936,2
12,11
109,34
212,31
389,19
742,2
1512,11
44,18
122,20
200,50
373,46
766,19
1571,2
23,5
98,49
210,8
379,23
717,18
1441,32
80,7
145,38
273,8
533,6
1114,22
26,22
43,26
74,15
165,49
384,50
732,33
1493,45
30,15
86,3
208,3
393,21
723,44
1530,33
92,5
193,29
338,37
707,23
1383,24
34,3
59,15
141,11
287,15
539,28
1135,5
82,9
135,19
303,26
549,19
1089,17
99,48
111,42
260,11
537,40
1075,42
47,31
68,44
116,32
283,15
563,21
1090,2
72,2
75,12
231,48
452,4
853,5
1757,49
95,33
180,13
330,9
703,10
1404,9
100,28
191,22
331,20
691,36
1404,11
14,13
67,43
138,28
293,30
517,12
1117,22
73,11
168,36
301,21
566,48
1168,16
80,21
91,45
256,41
521,44
953,23
1952,32
39,38
125,1
265,48
469,12
940,42
1932,43
9,8
52,22
84,18
217,18
451,37
887,39
1739,28
41,31
92,3
135,26
342,14
658,22
1283,33
12,11
26,10
61,23
107,24
238,10
455,49
964,50
1871,4
24,4
71,21
107,26
286,29
561,27
1095,24
7,6
16,7
44,38
136,48
271,45
534,5
1038,27
15,14
69,25
133,34
241,10
543,21
1024,10
95,19
192,27
350,24
658,43
1312,7
13,12
105,4
191,28
377,50
768,2
1487,22
2,1
31,4
89,37
164,49
325,33
625,26
1337,22
16,15
107,29
209,10
375,17
752,46
1466,44
77,14
109,48
229,7
511,28
1009,6
1960,37
77,44
115,25
242,8
482,37
973,23
1918,29
64,37
129,10
207,2
413,47
890,17
1767,47
58,46
99,38
239,7
457,11
913,18
1778,25
16,15
96,49
125,14
325,4
612,43
1196,26
32,31
77,19
154,24
298,48
568,45
1218,47
24,4
106,48
156,15
365,28
735,41
1487,8
85,21
89,49
237,8
503,36
1011,15
1959,24
71,30
73,36
219,10
434,23
837,19
1711,42
13,12
88,12
163,27
301,39
597,6
1260,44
28,23
35,34
100,10
204,9
386,1
762,4
1521,15
8,7
44,43
153,14
214,43
470,35
890,46
1790,36
18,17
107,48
139,20
333,45
644,25
1311,35
46,45
64,24
140,6
349,15
624,27
1274,48
93,28
145,37
243,13
501,18
1027,11
70,43
159,46
230,40
460,35
962,41
1888,47
43,42
144,17
199,36
441,10
911,46
1815,12
25,24
121,4
163,36
318,1
718,37
1380,38
77,45
100,28
210,30
423,18
893,28
1737,43
66,43
140,36
295,25
522,23
1036,48
64,3
77,2
181,5
404,13
794,9
1564,50
24,13
42,41
163,26
330,9
622,44
1189,38
9,8
100,18
142,14
334,12
636,47
1307,22
28,16
53,3
169,4
320,22
582,9
1155,10
26,1
108,39
159,14
376,45
738,25
1504,47
97,3
185,39
343,15
664,33
1346,12
80,38
172,8
305,33
586,42
1219,33
92,23
122,4
239,1
525,9
1027,9
98,48
104,21
215,25
478,19
925,32
1863,27
6,5
11,10
91,29
133,29
339,11
674,39
1257,22
42,14
50,4
115,3
255,15
518,16
1063,6
53,23
148,21
227,11
459,21
972,35
1960,5
44,43
45,20
122,50
290,41
509,43
1058,38
16,13
84,35
156,47
345,48
666,46
1278,19
61,26
79,40
200,30
404,39
782,40
1559,32
49,1
138,37
192,4
385,4
840,37
1688,20
6,5
69,32
138,37
216,36
488,27
995,41
1929,26
37,36
74,38
137,34
347,23
696,31
1326,27
15,14
27,26
110,15
163,3
389,17
717,20
1429,7
58,1
139,21
253,5
465,14
935,21
1866,47
81,13
161,28
295,22
613,28
1225,15
80,15
84,45
258,13
462,30
972,38
1875,6
73,7
143,14
278,48
517,37
1035,39
96,2
138,29
324,47
575,27
1152,50
93,25
187,50
365,11
658,35
1337,32
7,6
77,25
96,49
193,14
446,34
869,30
1708,33
56,26
71,42
170,39
317,1
646,37
1300,25
59,46
137,4
264,9
487,16
1017,39
1942,33
31,15
127,27
162,11
343,34
692,14
1399,22
19,18
91,46
112,16
285,46
563,23
1092,7
41,40
63,33
184,34
308,9
627,50
1244,50
12,11
18,17
103,46
162,32
306,9
633,2
1332,45
51,12
135,1
233,19
427,41
852,15
1772,18
16,8
34,9
53,10
174,11
308,50
612,22
1207,36
40,39
106,21
148,41
315,36
689,23
1307,36
36,16
84,17
212,8
341,6
692,13
1425,13
69,4
96,48
170,17
400,6
807,9
1544,22
97,36
193,10
390,39
717,48
1445,26
25,23
52,24
140,17
279,20
572,38
1078,11
52,48
147,10
269,30
493,50
1036,40
1959,8
24,23
29,3
122,4
236,8
440,30
921,13
1775,22
34,33
120,6
192,9
444,37
807,28
1621,29
93,19
144,50
337,38
595,33
1185,43
35,34
58,7
193,47
370,2
728,4
1485,44
71,31
153,31
304,1
560,50
1125,44
52,26
64,48
191,22
329,28
700,34
1347,19
50,43
98,10
171,15
417,20
772,33
1529,12
56,18
156,10
278,4
547,11
1138,16
59,39
146,4
250,19
459,38
1005,1
1993,1992
9,8
109,46
129,7
275,24
574,35
1118,27
36,34
84,25
181,22
378,4
691,5
1468,45
59,37
93,21
241,44
431,47
859,48
1771,48
28,13
81,43
134,31
342,39
622,48
1242,26
54,9
147,21
265,33
488,33
963,6
1976,1975
13,12
83,11
103,25
211,5
490,6
906,49
1811,25
83,38
167,44
286,33
581,24
1213,43
12,5
64,45
158,25
288,44
556,14
1157,1
1,0
91,25
170,40
340,1
612,20
1215,44
14,13
27,26
49,46
185,20
284,22
561,22
1211,22
81,38
156,8
327,42
661,37
1240,19
91,5
189,50
334,41
681,40
1311,22
25,24
76,46
161,39
300,32
647,26
1234,14
46,20
123,6
228,32
486,27
909,17
1859,24
85,25
158,47
287,30
533,22
1122,44
28,21
92,18
168,26
330,44
657,41
1280,5
62,50
95,17
227,41
409,8
808,49
1611,9
86,44
96,17
280,28
501,28
1026,48
1902,10
15,14
103,29
174,26
341,34
726,46
1385,2
54,35
152,31
274,35
514,5
1031,16
79,16
90,36
239,12
448,30
869,43
1750,10
56,30
135,43
193,47
411,7
800,26
1664,27
99,32
192,20
298,32
607,35
1223,19
35,20
38,26
133,17
294,40
590,43
1176,31
62,42
69,47
188,17
411,40
823,3
1618,31
7,6
56,5
64,9
162,41
310,13
648,44
1284,11
18,17
42,5
146,42
234,13
473,22
953,14
1936,15
94,8
181,32
317,3
686,3
1334,41
30,29
88,34
127,3
273,40
557,34
1169,45
86,30
111,21
272,21
479,6
1048,40
1915,24
60,17
89,46
157,42
353,39
739,32
1423,44
25,24
85,37
113,4
250,37
482,3
1028,36
1903,44
17,1
64,2
110,38
276,3
495,25
981,8
1917,47
27,18
87,19
200,15
351,7
759,10
1493,33
75,15
109,26
232,32
445,1
883,16
1801,18
1,0
81,24
178,41
346,50
682,10
1319,24
52,16
111,26
209,26
471,16
908,16
1774,22
47,37
105,38
200,12
376,32
740,17
1566,26
23,22
29,27
84,26
161,45
309,4
704,20
1373,46
36,21
81,12
152,46
338,42
623,9
1260,7
36,28
77,40
170,38
312,8
624,16
1277,27
55,12
140,3
261,9
518,1
995,11
1988,1987
93,3
131,5
287,30
516,23
1118,15
90,43
99,12
273,22
510,30
1004,36
1943,39
89,35
93,13
279,16
551,20
1043,41
25,24
39,21
131,16
249,43
513,35
1016,18
1900,39
39,35
85,18
161,48
334,2
701,46
1323,32
69,19
137,8
307,48
531,6
1135,29
56,45
138,46
271,14
479,20
974,4
1982,2
82,3
115,16
298,7
544,26
1110,49
60,14
157,7
276,26
586,26
1176,25
21,20
29,11
90,13
163,50
397,27
795,47
1504,13
40,16
45,8
160,5
283,28
543,8
1136,47
15,7
91,23
203,2
402,9
802,1
1550,49
64,23
141,33
304,6
603,46
1198,39
73,18
88,25
260,21
497,41
944,46
1944,36
13,12
41,40
101,13
229,14
430,31
816,50
1678,39
21,2
46,9
91,31
194,48
427,20
869,43
1713,23
6,5
102,44
144,14
318,33
571,34
1197,41
65,44
154,30
253,19
484,46
1030,26
1951,47
39,20
136,46
243,40
440,46
949,45
1826,30
91,23
128,37
238,4
495,27
1051,21
77,13
86,22
214,45
448,11
890,3
1721,19
61,1
116,25
195,16
414,1
856,15
1717,6
23,12
45,33
72,24
168,28
354,22
740,36
1425,47
3,2
69,11
162,5
267,11
589,38
1152,37
64,18
100,27
206,14
421,6
844,36
1651,6
30,24
107,17
237,33
398,41
807,41
1581,6
35,34
94,31
226,43
376,44
745,7
1506,4
95,46
149,14
273,14
597,23
1158,3
12,11
24,23
79,8
165,13
281,44
646,26
1279,5
87,30
155,10
281,26
555,14
1158,43
52,43
103,29
225,33
424,38
825,39
1635,12
37,13
111,26
177,8
344,40
672,20
1414,46
30,24
34,22
106,18
200,11
426,50
819,50
1634,2
48,2
60,36
147,37
300,22
631,26
1276,47
20,19
64,27
159,27
251,20
497,8
1012,38
57,21
72,37
159,9
303,49
639,5
1325,37
4,3
95,46
155,12
338,14
659,49
1337,29
96,33
185,28
350,47
702,10
1391,22
67,6
92,32
184,28
357,7
782,11
1568,50
72,33
127,27
283,31
488,43
1023,13
1969,1968
89,28
94,12
274,15
502,21
979,41
1935,31
46,44
108,45
204,32
431,25
847,15
1687,6
72,46
88,24
253,15
441,16
866,18
1811,10
83,27
164,32
314,25
623,12
1201,35
78,22
92,21
250,48
482,20
913,39
1866,11
100,23
167,21
362,15
679,2
1373,43
58,6
138,38
216,45
457,29
943,23
1833,7
13,12
80,25
121,41
297,20
561,40
1108,38
85,20
153,7
293,45
541,13
1144,7
40,9
98,3
237,44
410,43
787,8
1640,12
48,47
94,39
235,25
445,36
920,1
1754,15
90,40
97,10
219,16
1
1
1
1
1
1
1
1
1
1
1
1
1
1
2
2
2
2
2
2
2
2
3
3
3
3
3
3
4
4
4
4
4
4
4
4
5
5
5
5
5
5
5
5
5
5
5
6
6
6
6
6
6
6
7
7
7
7
7
7
7
7
7
8
8
8
8
8
8
8
8
9
9
9
10
10
10
10
10
10
11
11
11
11
11
11
11
11
12
12
12
12
12
13
13
13
13
13
13
13
14
14
14
14
14
14
14
14
14
14
14
15
15
15
15
15
15
15
15
16
16
16
16
16
16
16
16
16
16
16
17
17
17
17
17
17
17
17
17
17
17
17
17
17
18
18
18
18
18
18
18
19
19
19
19
20
20
20
20
20
20
20
20
20
20
20
20
21
21
21
21
21
22
22
22
22
22
22
23
23
23
23
23
24
24
24
24
24
24
24
24
24
24
24
24
25
25
25
25
25
25
25
25
26
26
26
26
26
26
26
26
26
26
27
27
27
27
27
27
27
27
27
27
28
28
28
28
28
28
28
28
29
29
29
29
29
30
30
30
31
31
31
31
31
31
31
31
32
32
32
32
32
32
32
32
33
33
33
33
33
33
33
33
33
33
33
33
33
34
34
34
34
34
34
34
34
35
35
35
35
35
35
35
35
35
35
36
36
36
36
36
36
36
37
37
37
37
37
37
38
38
38
38
38
38
39
40
40
40
40
40
40
40
40
40
40
40
40
40
41
41
41
41
41
41
41
41
41
41
42
42
42
42
42
42
43
43
43
43
43
43
43
43
43
43
44
44
44
44
44
45
45
45
45
45
45
45
45
45
45
46
46
46
46
46
46
46
46
46
47
47
47
47
47
47
47
48
48
48
48
48
48
48
48
48
49
49
49
49
49
49
50
50
50
50
50
50
50
50
50
51
51
52
52
52
52
52
52
52
52
52
52
53
53
53
53
53
53
53
53
54
54
54
54
54
54
54
54
55
55
55
55
55
55
55
55
55
56
56
56
56
56
56
56
56
56
57
57
57
57
57
57
57
57
57
57
58
58
58
58
58
58
58
58
58
58
58
58
59
59
59
59
59
59
59
60
60
60
60
60
60
60
60
60
60
60
60
60
61
61
61
61
61
61
61
61
61
61
61
61
62
62
62
62
62
62
62
63
63
63
63
63
63
63
64
64
64
64
64
64
64
64
64
65
65
65
65
65
65
65
65
66
66
66
66
66
66
66
66
66
66
67
67
67
67
67
67
67
67
67
67
67
67
67
68
68
68
68
68
68
68
68
68
69
69
69
69
69
69
69
69
69
69
69
69
69
69
69
69
69
69
69
69
70
70
70
70
70
70
70
70
70
70
70
71
71
71
71
71
72
72
72
72
72
72
72
72
72
72
72
72
73
73
73
73
73
73
73
73
73
73
73
73
73
73
74
74
74
74
74
74
74
74
74
74
74
74
74
75
75
75
75
75
75
75
75
75
75
75
75
75
76
76
76
76
76
76
76
77
77
77
77
77
77
77
77
77
77
78
78
78
78
78
78
78
78
78
78
79
79
79
79
79
80
80
80
80
80
80
80
81
81
81
81
81
81
81
81
81
82
82
82
82
82
82
82
82
83
83
83
83
83
83
83
83
83
83
83
83
84
84
84
84
84
84
84
84
84
85
85
85
85
85
85
85
85
85
85
85
85
85
85
85
86
86
86
86
86
86
86
87
87
87
87
87
87
87
87
87
87
88
88
88
88
88
88
88
88
88
88
88
88
88
88
88
89
89
89
89
89
89
89
89
89
89
90
90
90
90
90
90
90
90
90
90
90
90
90
91
91
91
91
91
91
91
91
91
91
92
92
92
92
92
92
92
93
93
93
93
93
93
93
93
94
94
94
94
94
94
94
94
94
94
94
95
95
95
95
95
95
96
96
96
96
96
97
97
97
97
97
97
97
97
97
97
98
98
98
98
98
98
98
98
98
99
99
99
99
99
99
99
99
99
99
99
99
100
100
100
100
100
100
100
100
100
100
101
101
101
101
101
101
101
101
101
101
101
101
102
102
102
102
102
102
102
102
102
103
103
103
103
103
103
103
103
104
104
104
104
104
104
104
104
104
104
104
104
104
105
105
105
105
105
105
105
105
105
106
106
106
106
106
106
106
106
106
107
107
107
107
107
107
107
107
107
107
107
107
107
107
107
108
108
108
108
108
108
108
108
108
108
109
109
109
109
109
109
109
110
110
110
110
110
110
110
110
110
110
111
111
111
111
111
111
112
112
112
112
112
112
112
112
112
112
112
113
113
113
113
113
113
114
114
114
114
114
114
114
114
114
114
115
115
115
115
115
115
116
116
116
116
116
116
116
116
116
116
116
116
117
117
117
117
117
117
118
118
118
118
118
118
118
118
118
118
119
119
119
119
119
120
120
120
120
120
120
120
120
121
121
121
121
122
122
122
122
122
122
122
122
123
123
123
123
123
123
123
124
124
124
124
124
125
125
125
125
125
125
125
126
126
126
126
126
127
127
127
127
127
127
127
128
128
128
128
128
128
128
129
129
129
129
129
129
129
129
129
129
129
129
130
130
130
130
131
131
131
131
132
132
132
132
132
132
132
132
133
133
133
133
134
134
134
134
134
135
135
135
135
135
135
135
135
135
136
136
136
137
137
137
137
137
137
137
137
137
138
138
138
138
138
138
138
138
138
138
139
139
139
139
140
140
140
140
140
140
140
141
141
141
141
141
141
141
141
141
142
142
142
142
142
143
143
143
143
144
144
144
144
144
144
144
144
145
145
145
145
145
146
146
146
146
147
147
147
147
147
147
148
148
148
148
148
148
148
148
148
149
149
149
149
149
150
150
150
150
150
150
151
151
151
151
151
151
152
152
152
152
152
152
152
153
153
153
153
153
153
153
153
153
153
153
153
153
154
154
154
154
154
155
155
155
155
155
155
155
156
156
156
156
156
157
157
157
157
157
157
157
157
157
158
158
158
158
158
159
159
159
159
159
159
159
160
160
160
160
160
160
160
161
161
161
161
161
161
162
162
162
162
163
163
163
163
163
164
164
164
164
164
165
165
165
165
165
165
165
165
165
165
166
166
167
167
167
167
167
167
167
167
167
167
168
168
168
168
168
168
168
169
169
169
169
170
170
170
170
170
170
170
170
170
170
171
171
171
171
172
172
173
173
173
173
173
174
174
174
174
175
175
175
175
175
175
176
176
176
176
176
177
177
177
177
178
178
178
178
178
178
178
178
179
179
179
179
179
179
180
181
181
181
182
182
183
183
183
183
184
184
184
185
185
185
185
185
186
186
186
186
186
187
187
187
188
188
188
188
188
188
188
188
189
189
189
189
190
190
190
191
191
191
191
191
192
193
194
194
194
194
194
195
195
195
195
195
195
195
195
196
196
196
197
197
197
198
198
198
198
198
198
199
199
199
199
199
199
199
200
200
200
201
201
201
201
201
202
202
203
203
203
203
203
203
204
204
205
205
206
206
206
206
206
207
207
207
207
208
208
208
208
208
209
209
210
210
210
210
210
210
210
211
211
211
211
211
211
211
211
212
212
212
212
213
213
213
213
213
213
213
214
214
214
215
215
216
216
217
217
217
217
217
218
219
219
220
221
221
221
222
222
224
225
225
225
225
225
225
226
226
226
227
227
227
227
228
228
228
229
229
229
230
231
231
232
232
233
233
233
234
234
234
234
234
234
235
235
235
235
236
236
236
237
237
237
237
237
238
239
240
240
240
240
240
240
240
241
241
242
242
242
242
242
243
243
244
244
244
244
245
245
245
246
246
246
246
247
247
247
248
248
249
250
250
250
250
250
251
251
251
251
251
252
253
253
253
253
253
254
254
254
254
255
255
255
255
255
255
255
256
257
257
257
257
258
258
258
259
259
259
259
259
260
260
260
261
261
261
262
262
262
263
263
264
264
265
265
266
266
266
267
267
267
267
267
268
268
268
268
268
268
269
269
269
269
270
270
270
270
270
270
270
270
270
271
271
271
271
271
271
271
271
271
272
272
273
273
274
274
274
274
274
275
275
275
275
276
276
276
277
277
278
278
278
278
278
279
279
280
280
280
280
282
282
282
282
283
283
283
283
283
283
284
284
284
285
285
285
285
285
285
286
287
287
288
290
290
290
290
291
291
291
292
292
292
293
294
294
294
294
294
294
295
295
295
295
295
295
296
296
296
296
296
296
296
297
297
297
298
298
298
298
298
299
299
299
299
299
300
301
302
302
302
302
303
303
303
303
304
304
304
305
305
305
305
305
305
306
306
306
306
306
307
307
307
307
308
309
309
309
309
309
309
309
310
310
310
311
311
311
312
312
312
313
313
314
314
314
315
315
315
316
316
316
317
317
317
317
317
318
318
318
318
319
319
319
319
320
321
321
321
321
322
323
323
324
324
324
324
325
325
325
326
327
327
327
327
327
327
327
327
328
328
328
328
329
329
329
330
330
330
331
331
332
333
333
333
334
334
334
335
335
335
335
336
336
336
336
337
337
338
338
339
339
339
339
339
340
340
342
342
343
344
344
344
345
345
347
347
347
347
349
349
349
350
350
350
350
350
351
351
351
353
354
354
355
357
357
357
358
358
359
360
360
360
360
361
362
363
364
364
364
364
365
365
365
366
367
368
368
368
368
369
370
370
370
371
372
373
373
373
373
373
374
374
374
374
374
375
375
375
376
376
377
378
378
378
380
382
382
383
383
384
385
385
385
385
386
386
386
386
386
387
387
388
388
389
389
389
391
393
393
394
394
395
395
395
395
395
395
396
397
397
398
398
399
400
400
401
402
403
404
407
407
409
409
409
409
409
410
411
411
411
412
412
413
414
414
414
415
415
415
416
417
417
418
419
419
420
420
420
421
422
423
423
423
424
424
426
426
428
429
430
430
431
431
432
432
433
433
433
434
435
436
437
439
439
439
440
441
442
442
442
443
443
444
445
446
447
448
448
449
450
450
450
451
451
452
452
453
453
453
453
453
454
454
455
456
456
457
457
458
458
458
458
458
459
459
460
460
460
461
462
462
462
462
464
465
466
467
467
468
468
468
468
469
469
469
470
470
470
471
472
472
472
474
475
476
477
477
478
478
478
478
479
480
481
481
481
481
482
482
482
482
484
484
484
485
485
485
485
486
487
489
489
489
490
491
492
492
492
492
492
492
492
493
493
494
496
496
497
498
500
502
502
502
504
504
504
504
504
505
505
505
506
507
507
508
508
509
509
510
510
510
511
511
512
513
514
514
515
515
515
517
517
517
518
518
518
518
519
519
519
520
521
521
521
522
525
525
526
526
526
527
527
527
527
528
528
529
529
529
529
530
530
530
531
532
533
533
533
534
534
536
536
536
537
537
537
538
538
539
539
540
541
541
542
542
543
544
544
545
545
546
547
548
548
548
549
549
550
552
554
554
556
556
557
557
558
558
559
560
560
560
561
562
563
563
563
564
564
564
565
566
567
568
568
568
570
570
570
571
571
572
573
573
573
573
574
575
576
576
577
577
577
577
577
578
579
579
580
580
580
580
581
581
582
582
582
583
584
585
585
586
586
586
587
588
588
589
589
590
590
591
591
592
592
595
595
595
596
596
598
598
598
598
599
599
599
599
599
600
600
600
600
601
601
601
602
602
603
604
604
604
605
605
606
606
607
607
609
609
609
610
611
612
612
616
617
618
618
619
620
620
621
621
622
623
623
624
624
625
626
627
629
630
630
631
632
632
633
633
634
636
637
638
639
639
641
641
642
643
644
646
646
646
648
648
649
649
649
650
651
652
653
654
654
655
655
657
657
657
657
657
657
659
660
661
664
666
666
666
666
667
667
667
667
670
671
676
676
676
677
677
677
678
679
681
681
683
683
683
683
683
684
686
686
687
687
687
688
688
689
689
690
691
691
693
698
699
699
700
701
701
701
703
703
703
705
705
705
706
707
707
708
708
708
709
709
709
710
711
711
711
712
716
716
716
716
717
717
717
718
720
721
721
722
723
724
726
727
729
730
731
731
733
734
735
736
738
739
739
741
742
743
743
744
745
745
747
747
749
750
752
753
756
758
761
762
766
767
767
767
769
769
771
776
776
777
779
779
780
780
781
782
782
783
783
784
784
785
786
787
787
788
788
789
790
792
792
794
795
797
797
798
798
800
801
801
801
803
804
804
804
806
807
808
813
819
820
821
822
824
825
827
828
830
831
834
836
838
839
840
840
842
842
842
843
844
845
847
848
849
851
853
854
855
857
858
859
860
861
863
863
863
865
866
869
870
870
871
872
873
875
875
876
879
879
880
880
880
881
881
884
886
891
892
894
895
895
896
897
898
898
899
899
901
902
903
907
907
907
908
909
910
910
911
912
912
916
918
919
919
919
921
922
923
924
926
926
926
927
927
931
933
933
934
935
936
937
938
940
940
942
947
947
948
948
949
949
950
952
953
954
955
956
956
957
958
961
962
962
962
964
965
966
968
968
969
972
972
972
973
973
974
974
974
975
976
977
978
979
980
981
982
985
987
988
991
993
994
994
995
998
999
999
1003
1004
1004
1008
1009
1009
1010
1010
1010
1012
1013
1013
1013
1017
1018
1018
1020
1020
1022
1022
1024
1024
1024
1025
1025
1025
1026
1026
1027
1027
1029
1029
1030
1030
1031
1031
1032
1032
1032
1033
1034
1034
1035
1036
1036
1037
1038
1038
1041
1041
1044
1045
1045
1046
1047
1048
1051
1052
1053
1054
1055
1055
1057
1058
1059
1059
1059
1059
1062
1062
1062
1063
1063
1064
1065
1065
1066
1066
1066
1067
1068
1068
1069
1069
1074
1074
1075
1078
1078
1079
1081
1081
1084
1085
1087
1088
1089
1091
1094
1094
1095
1096
1097
1097
1098
1099
1101
1101
1101
1103
1104
1104
1105
1106
1107
1108
1108
1111
1112
1112
1112
1114
1115
1117
1118
1118
1118
1119
1121
1121
1124
1125
1125
1136
1138
1138
1139
1139
1139
1143
1143
1144
1144
1146
1147
1149
1150
1150
1151
1151
1152
1153
1154
1154
1155
1157
1158
1158
1162
1162
1163
1163
1163
1169
1171
1173
1174
1174
1174
1175
1175
1176
1176
1176
1178
1179
1180
1180
1181
1184
1189
1191
1193
1193
1194
1195
1196
1197
1197
1199
1200
1200
1205
1206
1206
1207
1207
1210
1215
1216
1217
1218
1218
1219
1220
1221
1222
1222
1226
1227
1227
1231
1231
1231
1234
1234
1236
1237
1238
1238
1238
1239
1240
1241
1243
1243
1243
1247
1248
1249
1250
1251
1253
1256
1257
1258
1259
1259
1262
1263
1263
1263
1267
1269
1273
1278
1278
1278
1278
1279
1279
1280
1280
1281
1282
1282
1283
1285
1286
1292
1293
1295
1297
1299
1300
1302
1303
1303
1305
1305
1305
1306
1307
1311
1311
1315
1315
1316
1317
1317
1319
1323
1323
1324
1325
1325
1327
1328
1329
1334
1335
1336
1336
1337
1339
1341
1343
1344
1344
1345
1346
1347
1349
1352
1353
1353
1354
1354
1358
1360
1363
1364
1364
1365
1368
1368
1368
1371
1373
1377
1380
1381
1385
1385
1386
1390
1391
1392
1395
1395
1395
1398
1401
1404
1404
1405
1406
1407
1410
1412
1413
1415
1416
1416
1417
1419
1420
1420
1421
1422
1422
1424
1426
1430
1430
1431
1431
1431
1432
1434
1436
1437
1443
1449
1453
1453
1458
1459
1460
1472
1473
1475
1476
1479
1480
1482
1483
1485
1485
1486
1486
1491
1497
1498
1498
1499
1501
1505
1505
1509
1510
1511
1512
1514
1515
1516
1516
1520
1528
1528
1536
1538
1538
1539
1540
1544
1546
1548
1553
1554
1557
1567
1567
1569
1576
1580
1581
1584
1586
1587
1591
1591
1597
1598
1598
1600
1600
1603
1606
1608
1609
1609
1610
1615
1618
1621
1625
1631
1632
1636
1638
1640
1645
1646
1649
1652
1653
1655
1657
1663
1664
1665
1667
1668
1671
1672
1674
1675
1676
1677
1677
1681
1681
1681
1682
1683
1687
1692
1696
1697
1698
1704
1704
1708
1709
1714
1715
1716
1719
1720
1720
1721
1722
1723
1725
1725
1727
1730
1731
1737
1744
1745
1747
1751
1753
1758
1761
1764
1764
1764
1765
1765
1769
1771
1776
1779
1781
1785
1792
1792
1794
1795
1795
1797
1800
1803
1807
1812
1813
1815
1817
1821
1822
1822
1823
1824
1827
1831
1832
1835
1837
1838
1845
1845
1851
1856
1857
1860
1867
1867
1867
1869
1869
1872
1874
1874
1876
1877
1884
1885
1888
1888
1889
1889
1890
1891
1891
1894
1896
1897
1901
1905
1906
1909
1909
1909
1910
1911
1911
1912
1916
1916
1917
1917
1917
1918
1919
1923
1925
1925
1928
1929
1931
1932
1935
1937
1938
1938
1940
1940
1942
1943
1944
1946
1947
1947
1951
1954
1956
1957
1958
1959
1959
1963
1965
1968
1969
1970
1971
1977
1979
1981
1981
1982
1984
1985
1985
1986
2139
2345
2531
