Primero viene la cantidad (n) de timestamps para ambos, luego n líneas que son un timestamp aproximado cada uno separado por una coma (',') del error, y luego n lineas de las transacciones del sospechoso
3505
86,32
179,8
306,19
618,10
1279,45
72,16
92,10
198,28
400,5
856,6
1688,31
5,4
31,12
122,13
212,14
425,8
886,38
1734,2
44,8
53,43
131,42
230,19
465,17
1014,22
1951,27
67,15
158,20
256,26
528,38
1034,27
32,17
75,31
131,22
315,17
600,34
1215,41
73,50
75,45
216,27
439,21
838,48
1656,3
48,26
75,2
182,44
352,35
700,42
1396,32
88,48
172,36
278,4
540,19
1126,25
36,13
106,26
190,32
344,4
741,20
1513,20
69,23
146,49
313,31
602,21
1153,31
11,10
77,35
168,40
303,1
576,50
1147,48
19,2
75,19
127,28
308,23
551,26
1169,42
44,21
110,24
207,14
393,14
779,4
1545,29
51,34
86,20
180,10
413,3
797,23
1610,36
43,34
118,27
170,28
333,38
669,40
1345,7
90,35
185,2
287,20
611,45
1251,30
6,5
84,17
102,24
236,4
496,6
963,22
1984,1983
15,14
46,11
130,19
234,15
433,6
884,9
1779,40
10,9
44,15
64,45
160,42
378,19
665,11
1324,22
17,16
66,31
104,2
252,14
468,19
956,25
1895,23
48,3
122,7
268,47
486,21
925,25
1850,4
1,0
36,35
129,4
208,23
436,50
842,27
1746,4
8,7
35,8
139,41
235,28
436,21
905,28
1814,25
82,44
150,45
263,27
529,43
1120,23
94,38
101,19
265,11
547,26
1074,20
34,33
56,12
176,2
353,22
626,13
1308,26
79,12
113,41
265,2
552,37
1016,28
74,25
137,18
238,39
516,32
1032,15
1956,8
70,1
113,46
224,8
460,1
947,50
1895,32
26,21
104,11
170,21
391,13
748,6
1493,3
45,32
82,5
173,35
399,43
788,46
1564,43
59,7
109,6
214,12
437,36
901,45
1725,25
63,16
85,30
222,17
424,43
800,39
1649,19
57,30
119,37
230,4
421,27
916,41
1775,26
96,17
150,46
290,37
560,34
1128,24
10,9
43,28
128,40
233,32
456,14
880,14
1849,6
98,42
132,50
288,17
557,1
1162,41
76,37
114,28
263,38
470,50
927,3
1911,8
60,34
72,47
146,17
368,8
665,39
1325,14
17,16
86,7
140,21
302,45
579,17
1131,30
100,47
112,15
289,6
586,49
1187,2
76,11
95,13
172,37
394,42
773,37
1541,13
37,33
82,3
190,4
362,29
699,30
1386,45
84,3
147,16
247,45
526,33
1092,4
76,1
141,33
273,21
568,28
1138,3
91,20
138,13
258,43
514,3
1018,47
23,19
75,21
164,9
282,30
602,24
1213,24
67,8
131,35
209,16
427,30
898,27
1753,14
86,28
184,13
317,8
658,36
1283,2
94,47
102,5
285,37
523,16
1057,50
7,6
28,3
51,27
102,15
284,32
504,34
998,32
1947,34
91,23
145,44
284,38
563,10
1111,31
41,1
118,47
200,16
400,14
808,19
1642,24
8,7
89,22
149,6
254,43
511,49
1109,12
30,16
40,24
102,8
254,11
518,36
957,2
1973,1972
81,49
177,3
273,10
548,10
1148,14
55,37
95,6
171,14
365,7
729,44
1455,42
96,12
97,31
289,27
519,39
1075,10
98,21
149,28
300,34
605,18
1241,40
56,34
136,29
209,15
459,40
876,14
1745,6
94,31
160,14
286,27
586,3
1217,22
6,5
49,24
136,19
196,25
486,8
884,28
1779,26
100,6
134,36
290,35
595,6
1183,14
63,41
88,2
215,42
423,14
856,26
1728,2
31,30
66,43
131,34
275,7
527,4
1122,46
32,31
88,18
154,33
357,31
697,30
1341,44
48,8
107,23
183,40
433,6
787,10
1563,8
69,39
103,20
250,48
465,5
896,1
1835,37
10,9
41,28
59,46
116,26
287,2
551,48
1107,43
9,8
19,18
112,18
164,41
378,28
739,41
1441,1
3,2
15,12
52,18
124,3
208,3
482,28
933,36
1830,32
94,35
177,5
291,42
622,34
1257,45
24,10
85,28
134,40
253,29
547,36
1095,31
7,6
93,29
161,7
333,11
652,34
1341,5
39,34
68,11
137,46
260,25
577,7
1094,13
74,33
105,12
218,40
475,7
934,2
1899,40
8,7
84,15
132,34
244,29
548,29
1073,35
52,19
83,47
188,47
376,9
797,12
1557,20
91,40
139,33
308,29
612,47
1250,7
16,15
49,35
68,50
178,33
313,42
678,49
1359,43
72,41
164,19
288,8
527,30
1053,8
23,15
88,31
144,23
331,9
613,48
1289,6
78,49
148,31
298,8
577,11
1171,38
56,23
120,6
214,17
393,44
794,20
1643,21
91,41
129,23
272,35
515,32
1010,7
56,15
102,1
217,15
432,45
814,7
1680,29
31,29
112,8
178,39
370,2
790,12
1496,3
40,22
78,34
121,22
305,23
597,21
1224,11
67,47
93,33
211,42
402,26
789,17
1598,40
96,20
186,22
357,15
642,34
1355,9
59,34
113,35
195,44
451,4
880,26
1741,40
6,5
92,20
117,46
260,1
523,50
1038,9
100,41
164,33
303,16
570,10
1192,7
91,16
180,20
367,35
665,11
1364,16
57,6
62,17
196,29
353,17
716,41
1398,13
99,24
197,5
307,23
636,6
1287,16
98,5
127,22
298,6
617,40
1181,8
47,13
133,38
254,8
447,32
949,45
1897,25
79,4
88,3
211,44
456,14
928,32
1850,9
1,0
84,44
91,45
186,47
442,17
902,9
1795,26
4,3
13,12
90,48
205,15
382,34
753,49
1478,34
34,33
76,15
197,48
382,5
777,33
1505,31
53,31
98,4
209,28
361,13
768,23
1493,45
70,25
169,17
294,24
625,48
1221,15
86,5
110,20
280,38
529,14
1041,21
72,48
127,7
245,5
504,35
1023,1
1902,27
72,47
131,1
302,10
540,46
1096,34
48,15
139,29
275,6
502,16
1050,39
55,34
71,44
153,30
318,1
691,37
1386,15
46,42
70,13
183,50
388,11
756,4
1485,12
41,20
117,38
197,2
358,10
772,8
1495,10
65,38
152,5
239,22
490,5
954,28
1984,1983
56,30
97,49
166,21
353,10
732,44
1445,1
27,26
41,40
135,26
283,23
553,48
1105,7
78,21
119,9
263,46
489,20
955,3
1987,1986
30,14
45,44
164,48
242,22
531,1
1107,14
48,12
100,17
242,42
481,38
948,14
1896,1
92,16
126,24
310,11
602,31
1165,25
41,35
90,9
217,41
412,21
824,16
1679,31
19,18
112,18
199,38
359,8
710,26
1497,7
69,3
77,8
224,19
470,16
881,29
1736,47
44,31
75,3
178,35
336,40
666,2
1302,30
56,3
138,44
207,40
446,28
918,20
1827,28
44,21
106,48
241,4
492,27
905,12
1865,21
33,32
39,38
137,47
233,20
505,49
949,26
1900,40
60,37
129,25
281,32
521,14
1015,18
29,28
114,1
216,47
407,3
790,21
1606,2
95,26
142,28
291,1
574,47
1159,13
36,35
41,6
111,12
277,26
481,28
1030,40
1951,28
99,22
130,3
274,28
568,28
1089,27
100,41
145,18
346,38
675,31
1282,46
18,4
60,40
130,25
309,27
549,14
1113,50
44,43
69,23
191,15
360,39
667,9
1388,21
85,9
168,30
292,44
563,18
1165,6
5,4
101,21
142,21
315,11
650,1
1242,28
75,30
114,26
212,31
497,11
959,46
1888,45
1,0
5,4
44,35
121,29
218,43
444,50
858,6
1768,8
1,0
94,21
153,34
328,8
658,8
1239,48
31,20
87,39
175,25
367,39
664,50
1377,24
33,8
123,39
220,19
386,17
784,24
1557,50
20,19
109,11
188,46
384,38
776,9
1534,5
1,0
98,28
158,22
273,46
535,21
1073,28
30,24
131,18
234,7
483,13
938,12
1844,45
32,1
42,12
134,5
274,15
530,3
1044,37
83,20
183,18
267,12
584,42
1123,32
11,10
33,4
113,34
211,43
446,22
914,46
1790,5
43,8
104,43
229,23
434,41
871,7
1735,5
15,14
110,28
188,24
322,32
714,49
1371,17
94,18
137,45
295,9
569,32
1114,14
20,18
95,39
123,18
339,17
647,20
1264,44
72,29
111,15
267,5
509,50
971,30
1951,20
74,6
82,47
232,5
436,3
831,32
1699,14
18,17
85,30
189,26
301,48
595,23
1279,20
40,5
76,25
153,42
360,48
702,21
1383,2
44,43
121,4
174,9
409,30
754,48
1572,17
45,35
85,11
134,3
308,2
643,14
1229,29
45,24
62,50
147,2
283,18
553,11
1180,1
76,3
117,1
240,32
463,23
899,21
1839,4
46,11
98,22
233,19
381,48
858,44
1669,22
67,45
135,11
244,34
521,41
1032,3
1995,1994
55,40
152,10
277,37
536,12
1107,44
52,10
98,9
215,26
404,18
823,48
1623,42
9,8
99,33
171,2
314,43
648,19
1291,41
56,2
95,37
180,22
374,40
778,27
1538,37
70,6
166,31
270,38
550,17
1145,15
18,17
29,15
121,45
194,47
372,17
817,44
1644,17
40,32
119,38
253,19
475,6
954,9
1876,24
66,3
160,33
233,45
545,8
1049,37
49,18
67,40
202,21
350,29
720,7
1450,37
80,31
138,47
278,24
501,25
1094,16
48,7
137,41
199,10
465,13
851,15
1781,32
24,23
50,45
102,17
201,4
415,23
814,36
1629,40
93,42
132,32
299,32
538,19
1118,7
92,23
176,34
355,30
675,38
1367,17
88,46
164,14
285,12
577,40
1131,45
39,7
105,14
218,29
391,29
826,43
1620,40
53,33
141,49
208,31
436,32
877,50
1810,29
14,13
91,36
160,48
269,32
592,12
1194,46
56,3
132,19
221,42
442,36
863,23
1776,36
34,33
77,32
130,17
247,9
544,18
1119,29
32,2
94,16
168,1
371,41
747,8
1440,23
61,20
69,28
181,46
398,44
807,28
1520,9
60,4
140,5
276,2
550,37
1068,17
51,46
138,47
263,26
550,39
1088,34
28,27
115,9
183,28
423,15
822,32
1636,33
80,44
178,16
280,4
599,45
1144,36
75,11
163,34
317,26
625,50
1277,13
40,39
47,17
172,27
335,8
643,31
1320,30
60,42
150,1
274,46
530,29
1065,11
48,47
108,35
204,42
399,47
760,1
1577,26
45,34
59,19
130,31
270,14
597,17
1192,28
77,48
120,28
266,6
468,24
950,12
1930,24
20,8
116,13
193,29
365,16
756,23
1486,17
24,23
97,30
152,6
334,16
619,45
1292,4
14,13
79,25
107,45
223,49
472,8
918,14
1870,10
94,5
114,29
294,21
503,43
1050,20
40,1
73,12
116,31
258,4
491,10
1018,49
1965,2
54,46
80,6
179,17
406,41
820,6
1551,43
89,9
99,18
246,9
535,16
1022,7
1918,27
78,37
94,9
251,8
480,14
1004,12
1988,1987
62,21
94,8
254,39
412,8
882,48
1789,6
64,36
140,37
267,17
569,15
1108,6
53,3
78,36
200,4
429,26
777,39
1561,13
5,4
106,5
210,45
410,30
793,40
1550,44
16,15
57,22
172,8
345,12
650,45
1312,38
38,15
56,30
184,31
299,12
641,41
1268,38
17,3
109,34
216,24
419,1
851,3
1679,8
51,15
87,12
238,45
448,33
867,7
1702,11
13,12
68,38
152,39
286,1
544,23
1121,4
2,1
13,12
69,36
142,18
239,50
548,28
1037,19
26,6
44,31
123,48
292,50
516,35
1036,13
33,32
86,47
218,48
388,29
826,23
1631,37
16,15
102,1
151,40
347,1
648,26
1348,32
14,13
83,34
175,40
361,50
721,20
1453,15
9,8
54,31
84,24
156,22
340,46
729,9
1417,45
48,34
145,8
276,35
568,1
1048,5
98,47
113,40
275,28
547,33
1072,2
35,8
68,30
172,41
322,29
652,14
1349,38
76,35
162,42
282,17
581,3
1154,17
49,3
119,47
269,23
470,28
953,13
1901,47
59,2
144,44
279,19
577,46
1122,33
27,5
101,1
156,32
305,30
678,27
1303,46
96,25
149,14
275,46
619,13
1159,18
21,20
70,36
102,11
231,27
495,21
985,5
1935,10
15,14
57,8
100,40
271,11
508,37
1048,45
1901,42
19,18
74,49
166,28
294,11
631,31
1206,40
76,26
120,43
266,46
517,5
1017,10
1962,18
68,19
159,39
312,27
565,5
1141,17
87,21
181,37
319,17
661,37
1284,45
7,3
75,36
143,8
302,38
570,18
1115,48
80,38
95,36
226,21
479,22
904,30
1869,33
101,4
107,36
256,8
498,33
1037,37
1916,26
13,12
39,3
117,45
245,42
427,13
883,30
1813,31
28,27
39,38
117,32
268,30
539,16
1050,49
87,34
99,38
200,43
466,33
870,13
1804,43
25,2
46,9
88,37
197,48
406,23
830,23
1693,33
28,27
68,11
135,26
305,48
569,41
1127,40
72,3
173,13
278,44
615,43
1231,3
52,14
57,3
138,38
258,7
521,6
1067,36
38,22
63,48
158,45
274,3
598,17
1221,31
62,23
136,35
283,30
483,41
1054,8
11,10
93,37
125,5
257,10
528,2
1083,23
37,18
137,36
241,30
467,6
885,50
1841,41
38,28
73,11
162,47
311,48
656,28
1284,36
48,8
139,3
283,33
567,44
1106,46
37,36
55,13
146,46
310,3
613,23
1188,15
44,35
71,46
182,19
326,20
700,3
1386,21
18,17
115,44
171,16
340,41
660,28
1346,39
48,47
130,49
243,8
455,20
929,21
1892,35
9,8
74,18
141,7
236,47
543,44
1032,27
93,35
147,32
281,18
542,20
1156,9
27,21
93,41
163,11
336,45
652,25
1371,18
61,10
107,11
209,39
461,41
856,6
1763,50
44,22
139,11
202,45
476,22
961,30
1854,32
99,47
100,5
233,48
489,18
961,15
1974,1973
40,39
119,42
256,13
485,22
993,50
1966,6
70,31
144,6
301,38
613,23
1216,43
30,29
39,3
99,42
248,34
436,27
924,5
1793,30
9,8
35,3
71,28
116,8
305,1
600,30
1178,12
96,6
99,37
268,27
510,32
1025,23
1920,15
99,26
131,21
301,31
570,29
1150,40
25,22
83,4
150,7
333,31
687,42
1373,36
101,8
115,9
219,5
532,11
1000,47
1943,38
11,10
57,20
162,8
292,14
530,49
1054,7
27,13
126,30
174,47
336,3
680,3
1347,44
61,33
105,3
238,10
504,45
971,48
1915,35
60,45
148,41
291,49
507,3
1082,38
72,36
107,37
233,11
512,11
974,25
1965,32
29,5
125,3
197,37
411,7
844,24
1659,27
64,26
80,4
212,45
412,46
791,11
1660,38
48,13
52,40
124,19
317,19
591,37
1217,12
50,42
101,45
164,36
376,20
695,10
1472,32
24,1
42,7
167,12
277,35
592,3
1110,4
99,22
164,15
327,3
634,37
1241,23
101,21
153,46
278,30
548,21
1177,45
81,11
163,29
320,39
614,10
1194,35
53,41
131,14
221,11
440,17
922,13
1794,2
74,15
111,34
228,44
502,36
921,8
1879,49
46,10
101,15
171,3
326,49
743,46
1458,32
88,23
132,8
250,48
547,16
1049,15
81,50
155,27
264,31
542,50
1045,18
5,4
83,13
187,17
296,42
606,25
1267,40
15,14
89,36
167,23
277,24
559,5
1186,49
63,23
158,34
275,7
513,9
1039,48
86,20
157,35
310,3
628,4
1207,46
16,15
52,16
77,46
235,29
412,23
887,49
1729,26
61,49
64,38
188,29
406,16
791,43
1597,36
78,35
97,18
237,30
413,12
849,29
1731,46
46,22
101,41
233,2
446,22
871,26
1770,18
29,7
106,33
150,39
291,15
617,32
1212,43
17,16
69,9
143,5
270,34
540,28
1053,33
31,30
132,32
254,35
497,43
951,41
1929,28
57,19
83,44
169,40
312,29
628,29
1338,49
99,19
186,11
337,9
673,25
1374,33
83,17
139,11
233,42
532,11
1002,4
1934,8
97,28
159,30
269,11
606,31
1161,16
34,33
125,4
256,16
466,16
953,20
1873,47
54,29
83,5
204,50
345,30
743,16
1436,36
7,6
99,50
170,36
360,9
680,22
1359,23
88,44
143,23
247,1
497,20
1019,12
1936,46
86,45
154,10
306,38
622,40
1241,10
44,34
145,22
237,11
523,5
975,32
1978,20
73,16
173,15
265,35
576,2
1100,20
64,34
76,29
171,19
325,43
650,44
1288,50
5,4
77,48
95,30
246,4
483,10
981,31
1971,1970
77,31
173,10
254,4
528,44
1090,49
9,4
85,47
176,16
333,11
623,37
1251,14
73,29
142,14
305,46
537,33
1127,29
64,10
126,23
236,40
489,24
992,17
1933,19
28,27
30,26
141,10
283,10
501,15
1007,25
1976,20
74,38
121,33
209,10
481,14
984,32
1881,35
38,37
115,12
206,20
392,26
802,13
1645,16
97,29
100,30
232,32
521,26
985,14
1963,28
80,43
88,40
193,6
435,12
892,16
1711,42
86,37
175,1
304,13
638,44
1304,16
79,16
161,12
266,2
592,29
1183,42
60,48
144,28
207,7
434,17
883,44
1804,38
55,21
71,40
206,49
359,6
777,29
1516,38
36,29
99,9
182,12
414,27
798,47
1594,15
89,2
124,6
275,23
494,44
1065,8
57,10
147,10
206,32
471,8
935,44
1817,37
23,2
124,29
214,45
363,8
818,45
1626,31
3,2
30,29
90,5
162,19
368,9
689,16
1384,2
57,28
86,29
200,14
438,49
879,32
1692,41
97,13
175,38
365,9
638,34
1332,30
18,17
75,22
178,17
352,31
688,21
1361,23
47,6
109,4
198,23
446,41
846,26
1694,16
54,41
88,44
195,10
346,27
706,10
1485,10
69,39
105,12
251,33
503,11
986,43
1945,50
90,7
168,38
280,35
565,27
1141,26
36,27
70,27
182,26
357,3
651,49
1378,19
65,15
86,34
156,18
377,47
710,43
1449,32
99,28
198,14
366,40
718,35
1469,25
42,38
44,12
117,32
273,6
534,29
1108,6
4,3
100,32
121,35
268,34
538,19
1053,31
44,43
97,40
157,29
380,4
736,17
1442,50
60,5
104,19
233,27
402,40
823,50
1642,9
73,16
165,40
277,18
604,27
1220,42
70,6
99,26
224,22
439,14
865,35
1744,36
11,10
102,37
172,23
291,20
602,44
1252,13
21,20
114,20
180,40
331,46
681,30
1417,28
90,6
108,45
219,9
515,28
974,9
2000,1999
60,9
145,24
280,35
499,2
1019,37
82,11
125,4
232,42
462,33
985,21
1961,1960
13,12
26,25
132,29
252,46
467,11
893,27
1852,11
23,22
56,24
170,38
262,47
548,14
1088,6
38,37
118,16
237,39
420,19
880,9
1775,49
99,28
189,9
328,29
646,12
1311,18
51,37
54,17
206,35
330,50
688,29
1402,42
64,9
112,48
270,45
462,11
937,35
1881,8
46,39
72,21
163,26
353,34
665,30
1351,34
32,27
114,41
201,23
364,40
785,36
1515,31
32,12
43,29
127,11
298,40
574,17
1142,21
33,18
41,24
124,11
236,9
528,31
968,17
1974,15
74,3
129,10
207,43
472,1
903,23
1853,21
49,41
142,21
247,1
479,40
979,6
1980,1
66,38
146,11
257,27
559,30
1042,23
8,7
65,16
91,2
207,42
406,13
878,23
1737,48
28,17
59,31
164,30
349,13
681,22
1316,40
54,23
97,39
171,15
380,39
709,25
1452,17
79,33
136,4
263,35
528,49
1101,20
62,43
116,8
179,11
401,44
812,34
1574,1
25,20
53,18
159,2
325,27
648,23
1248,8
48,2
86,19
200,15
363,26
717,13
1514,36
47,8
120,20
226,3
418,28
909,29
1776,3
40,38
64,48
138,30
304,45
647,31
1287,31
12,11
78,28
99,44
225,34
505,13
974,1
1986,3
94,5
134,17
253,20
526,45
1078,6
20,19
74,29
137,16
326,22
567,35
1178,36
2,1
93,31
110,23
221,10
433,16
913,35
1803,1
8,6
28,4
73,26
184,21
381,27
683,9
1393,9
39,3
65,40
159,7
282,44
590,40
1143,13
10,9
95,20
203,4
345,37
733,21
1390,45
37,36
104,30
208,3
393,14
753,34
1511,47
94,5
167,50
288,16
556,6
1189,32
20,14
29,28
74,29
124,46
339,48
613,9
1206,23
88,49
137,2
315,48
631,48
1261,1
35,34
134,39
258,13
483,28
936,42
1917,40
74,18
114,48
214,48
491,15
934,6
1830,42
55,35
83,35
182,50
397,11
760,47
1517,29
31,13
97,14
178,3
382,46
718,13
1444,2
5,4
105,38
145,4
256,2
522,8
1077,43
96,38
128,50
280,11
530,10
1088,17
68,48
138,5
209,49
434,18
867,31
1771,13
94,5
180,34
275,5
614,30
1264,21
14,10
77,33
144,49
330,6
662,13
1313,5
26,25
45,33
143,7
221,16
458,31
947,24
1931,33
67,47
87,15
194,34
411,31
782,1
1637,31
75,21
152,40
259,7
559,3
1114,18
91,11
166,26
282,41
552,24
1156,15
45,4
121,45
232,7
441,15
851,50
1709,30
5,4
106,32
212,14
423,8
821,11
1642,26
36,16
63,39
127,36
266,16
547,25
1112,23
3,2
83,16
155,8
330,21
613,6
1262,30
41,6
49,18
171,27
344,45
683,5
1299,36
3,2
10,9
105,50
125,8
257,8
507,41
1031,25
6,5
25,24
54,6
148,31
258,21
498,12
1021,22
36,35
37,24
167,20
290,41
557,27
1146,12
62,41
66,19
149,44
321,29
692,11
1370,41
89,42
137,4
231,11
551,33
1037,24
86,11
125,30
268,12
522,37
1067,43
41,13
50,40
185,29
328,2
653,20
1340,40
43,20
106,40
172,48
414,41
800,7
1586,10
84,29
103,5
267,25
485,1
959,5
1921,49
12,11
98,33
191,5
385,33
755,2
1482,50
47,38
99,15
245,20
443,35
927,5
1847,12
43,42
102,11
214,10
435,39
828,1
1626,36
20,5
83,6
201,23
375,19
775,6
1509,19
94,50
176,12
347,41
662,43
1379,11
79,46
167,28
249,25
583,29
1114,13
54,45
93,14
166,13
409,6
803,41
1558,25
78,4
150,8
259,22
548,17
1060,36
28,27
79,26
115,23
235,27
468,8
988,38
1928,38
79,12
142,41
230,8
492,16
1030,42
1996,1995
80,10
149,37
287,30
552,36
1123,36
44,43
102,28
171,39
363,46
697,7
1407,22
27,16
86,46
164,6
373,14
683,15
1430,43
81,25
180,49
301,19
621,20
1213,31
96,29
142,12
246,7
542,3
1050,12
62,44
146,21
286,25
523,29
1030,37
84,44
149,23
319,11
611,16
1250,4
29,28
86,47
125,39
248,41
581,12
1080,28
61,16
73,46
150,12
318,35
604,46
1275,35
39,38
98,48
149,44
387,20
739,32
1491,44
15,14
22,21
94,37
200,46
403,6
791,13
1578,43
27,16
29,28
143,44
237,44
536,44
974,38
1994,1993
21,9
74,9
165,5
350,27
621,31
1251,23
17,16
52,26
79,27
238,40
464,13
895,7
1830,13
48,16
78,44
190,19
354,36
683,33
1413,35
78,27
153,45
254,18
533,44
1048,10
85,49
119,13
245,20
489,48
1023,5
1970,8
42,18
43,25
100,12
215,5
453,3
922,45
1824,15
28,21
71,21
169,30
333,34
695,2
1342,44
4,3
53,42
100,7
256,22
494,39
957,3
1876,12
2,1
14,13
43,26
76,7
223,3
390,16
758,16
1566,2
91,1
182,40
291,2
626,16
1227,45
14,13
72,33
100,15
200,29
404,2
841,45
1719,20
90,46
180,21
370,28
682,26
1349,45
76,4
80,38
194,44
449,34
893,16
1748,43
92,8
102,45
217,37
483,15
974,43
1871,20
75,32
79,14
229,29
408,26
829,24
1634,47
88,40
104,34
280,28
540,50
1070,49
43,18
113,31
196,18
406,4
823,33
1632,7
36,15
71,42
154,46
267,2
612,45
1171,39
80,38
162,9
252,27
526,23
1025,26
99,32
196,49
330,12
651,21
1353,40
49,11
137,9
282,11
524,34
1074,17
68,12
127,8
260,46
534,44
1008,7
1910,12
20,7
50,24
118,19
199,29
476,44
896,41
1812,35
92,47
160,11
268,47
607,48
1195,11
64,45
124,11
198,10
411,16
864,45
1724,25
48,47
61,4
152,11
265,5
609,43
1163,5
41,16
124,10
200,26
385,9
833,29
1585,37
39,21
58,21
193,17
379,7
696,7
1462,40
15,2
97,50
175,7
314,35
637,44
1285,22
90,49
162,20
254,38
508,32
1024,20
17,16
53,38
92,32
223,45
387,42
813,2
1663,11
15,8
72,7
141,25
305,18
611,23
1209,49
33,32
70,32
191,50
302,32
615,29
1304,30
30,3
77,36
169,50
310,6
588,31
1240,33
98,27
123,24
243,3
539,28
1090,8
8,7
92,12
114,13
282,10
516,38
1038,11
88,44
165,19
293,24
623,3
1216,29
40,25
61,26
158,35
278,29
604,5
1190,33
39,38
124,49
210,21
397,23
818,46
1687,2
40,38
44,43
175,10
261,48
613,32
1194,27
92,8
124,43
219,9
465,2
976,25
1910,44
101,49
162,50
351,45
629,12
1325,21
81,25
175,48
307,25
586,9
1186,1
92,50
178,33
279,2
605,18
1175,24
4,3
70,25
171,34
313,49
602,34
1252,23
76,43
150,31
239,39
509,41
1000,26
1982,1981
83,30
84,46
229,8
468,1
960,2
1865,45
13,3
113,19
177,26
359,17
752,11
1431,7
29,24
45,16
118,22
234,38
480,49
987,43
1920,33
46,16
135,49
262,31
513,18
1038,1
1932,1
82,30
106,6
281,29
482,40
1030,9
1951,15
85,9
126,20
278,35
562,21
1148,11
78,6
143,1
255,35
490,36
971,18
1943,42
10,9
66,9
93,3
263,48
466,42
923,3
1913,31
12,1
74,26
119,7
233,36
529,45
972,8
1981,1
67,13
133,35
241,49
505,21
1037,6
1967,30
5,4
100,27
142,6
281,38
560,17
1130,33
47,17
54,34
154,8
338,41
668,35
1299,47
70,39
139,14
283,40
504,11
1069,20
101,34
194,47
332,4
671,34
1394,1
16,15
62,23
139,44
313,35
612,24
1185,34
30,29
33,32
136,28
267,33
522,42
1057,20
20,19
35,26
142,17
291,40
532,24
1024,39
22,21
121,5
151,15
334,19
657,38
1312,23
78,22
159,31
288,46
603,9
1203,19
23,10
29,27
66,45
135,10
297,3
570,42
1194,27
27,26
127,34
178,15
402,26
770,8
1524,46
66,20
141,50
289,42
506,22
1039,37
32,23
73,41
140,14
251,31
508,3
1019,26
39,13
128,40
242,41
471,2
910,45
1868,16
47,25
119,36
187,12
387,12
796,3
1539,22
47,43
93,23
204,41
393,1
790,49
1555,27
14,1
109,4
193,14
317,24
684,37
1332,42
20,5
26,22
142,28
244,32
434,45
922,22
1859,47
57,38
141,22
266,5
506,13
1000,4
1967,8
75,7
125,15
290,6
534,16
1125,31
58,14
64,25
184,4
373,38
757,15
1479,48
93,43
121,4
282,50
544,41
1062,8
9,8
84,14
103,11
288,12
567,18
1080,23
24,16
49,7
120,27
276,2
549,48
1114,7
51,11
62,11
182,34
384,19
715,20
1478,17
80,8
150,15
319,44
643,48
1252,19
57,39
157,33
232,1
472,23
964,39
1920,44
77,28
147,27
285,32
550,47
1147,31
88,41
122,9
231,33
509,32
1026,42
1934,3
76,21
99,25
199,16
437,15
888,29
1721,16
77,29
82,28
226,19
420,6
876,16
1748,35
68,42
152,7
266,47
505,25
1025,46
57,23
143,32
235,10
511,39
974,2
1990,1989
39,29
110,34
246,34
466,46
919,16
1849,28
16,15
109,35
185,2
312,17
658,4
1330,43
53,42
85,1
181,14
365,21
736,26
1500,11
90,42
138,40
289,49
608,28
1171,32
36,35
46,5
118,50
245,15
503,10
1012,1
1985,1984
80,15
137,29
260,37
496,35
1004,21
1999,1998
65,25
90,41
184,18
381,49
764,26
1534,9
87,31
126,9
233,8
530,14
1025,37
70,37
163,24
259,25
510,29
1067,37
26,25
28,27
155,42
260,25
511,28
995,3
1988,1987
47,29
144,5
241,39
467,39
982,24
1924,12
92,45
142,5
299,32
620,11
1217,15
56,13
95,28
208,48
372,31
769,18
1576,4
23,9
79,35
182,34
298,12
652,42
1329,47
24,15
113,47
188,22
404,15
765,28
1521,9
87,29
106,18
283,19
529,43
1056,11
66,14
144,8
275,35
564,29
1148,20
52,5
73,44
178,5
318,23
689,41
1390,11
15,4
48,6
146,7
221,29
487,28
967,8
1915,37
48,10
74,34
167,9
337,43
664,47
1387,35
40,22
66,13
117,11
284,33
581,16
1110,19
70,27
144,9
298,43
566,10
1086,17
9,8
46,38
126,18
186,33
385,44
837,19
1611,23
23,22
98,35
138,5
320,22
638,8
1307,15
69,36
99,17
241,28
501,7
929,15
1875,44
95,48
104,34
225,10
463,9
899,4
1814,21
22,4
44,14
122,44
245,32
486,48
968,11
1901,36
32,31
40,6
144,6
296,5
574,28
1168,39
91,34
108,6
226,12
475,26
998,47
1929,34
86,45
101,38
277,31
488,42
965,36
1977,22
12,11
94,47
154,13
313,19
628,40
1233,8
43,27
51,19
173,31
354,20
663,23
1336,26
88,49
89,22
261,36
465,7
911,40
1890,34
88,8
160,34
257,24
548,25
1113,33
91,3
148,10
295,35
554,24
1167,27
88,24
176,42
310,26
636,29
1290,26
1,0
54,13
98,21
210,48
421,35
835,39
1631,26
28,22
100,48
176,37
361,42
716,10
1423,44
31,30
37,34
108,35
221,9
448,38
916,42
1809,30
29,28
53,29
173,50
304,34
585,35
1151,13
1,0
79,21
96,2
263,47
499,43
969,16
1996,1995
87,31
147,2
295,41
603,43
1217,33
100,12
177,2
364,27
659,11
1389,25
6,5
31,30
132,42
223,33
422,24
846,5
1722,26
15,14
53,34
97,33
221,27
394,20
802,14
1677,2
46,7
81,9
218,31
443,26
821,8
1676,42
31,30
62,1
119,36
296,7
516,50
1117,40
4,3
45,32
95,17
210,1
423,14
849,34
1719,18
3,2
39,2
81,12
130,32
351,20
678,47
1300,43
63,24
118,14
278,46
529,50
1045,14
49,25
68,47
216,38
409,15
780,32
1602,40
75,10
114,50
251,39
537,14
995,50
1905,9
63,1
108,8
214,9
391,4
850,2
1655,1
100,35
148,40
268,13
569,12
1165,20
75,20
155,30
249,49
500,45
1072,50
90,17
169,14
279,44
539,45
1173,41
7,6
36,10
85,8
222,43
354,48
782,39
1567,27
96,34
110,2
256,31
552,49
1055,25
76,34
114,50
290,15
547,49
1085,21
71,33
111,7
257,20
459,11
973,26
1924,26
10,9
92,27
184,1
332,14
650,10
1362,11
90,36
103,23
259,31
544,17
1042,33
54,2
74,24
210,11
390,15
739,45
1478,11
20,4
117,40
160,42
335,24
689,43
1416,13
99,31
165,6
338,49
686,15
1368,6
20,19
76,27
99,19
272,19
553,31
1088,41
37,19
87,1
205,18
353,19
686,31
1420,9
99,34
172,27
336,12
662,45
1306,26
57,11
105,18
199,36
428,28
849,12
1643,48
9,8
25,24
117,4
155,4
328,21
721,39
1365,49
46,44
89,8
168,27
324,15
689,21
1334,8
15,7
29,28
132,45
250,11
483,49
948,37
1881,35
74,44
125,48
288,5
495,36
998,1
1923,11
78,45
138,43
247,38
529,4
1059,12
82,12
177,42
300,27
569,10
1212,26
62,46
145,29
288,3
592,10
1116,11
43,22
119,43
180,2
415,16
777,38
1614,13
46,1
128,16
226,8
485,5
951,32
1913,18
40,34
94,44
174,30
314,23
663,44
1359,26
20,19
91,39
200,36
383,21
710,35
1406,40
15,14
51,46
95,1
241,27
466,14
967,49
1909,40
28,27
0
0
0
0
0
0
0
0
0
0
0
0
0
0
0
0
0
1
1
1
1
1
1
1
1
1
2
2
2
2
2
3
3
3
3
3
3
3
3
3
4
4
4
4
5
5
5
5
6
6
6
6
7
7
7
7
8
8
8
8
8
9
9
9
9
9
10
10
10
10
10
10
10
10
10
10
11
11
11
12
12
13
14
14
14
14
14
15
15
15
15
15
16
16
16
16
16
17
18
18
18
18
18
19
19
19
19
19
19
19
19
19
19
20
20
20
20
20
21
21
21
22
22
22
22
22
22
23
23
23
24
24
24
24
24
24
25
25
25
25
26
26
26
26
26
27
27
28
28
29
29
29
30
30
30
30
30
30
31
31
31
31
31
31
31
31
31
32
32
33
34
34
34
34
35
35
35
35
35
35
36
36
36
36
36
36
36
37
37
37
37
37
38
38
38
38
38
39
39
39
39
40
40
40
40
40
40
41
41
41
41
41
41
42
42
43
43
43
43
43
43
44
44
44
44
44
44
45
45
45
45
45
45
46
46
46
46
46
46
46
47
47
48
48
48
48
48
49
49
49
49
49
50
50
50
50
50
50
50
50
50
50
50
51
51
51
51
52
52
52
52
52
52
52
52
53
53
53
53
53
53
53
53
53
54
54
54
54
54
54
55
55
55
55
56
56
56
56
57
57
57
57
57
57
57
57
57
58
58
58
58
58
58
58
59
59
60
60
60
60
61
61
61
61
61
62
62
63
63
63
63
63
63
63
63
63
63
63
63
63
64
64
64
64
64
64
64
65
66
66
66
66
67
67
67
67
67
67
67
68
68
68
68
68
69
69
70
70
70
70
70
70
71
71
71
72
72
72
72
72
72
72
72
72
73
73
73
73
73
73
74
74
74
74
74
75
75
75
75
75
75
75
76
76
76
76
76
76
76
76
76
77
77
77
77
77
77
77
77
78
78
78
79
79
79
79
79
79
79
79
80
80
80
80
81
81
81
81
82
82
82
82
82
82
82
83
83
83
84
84
84
84
84
84
85
85
85
85
85
86
86
86
86
86
86
86
86
86
86
87
88
88
88
88
88
88
88
88
88
89
89
89
89
89
89
90
90
90
90
90
90
91
91
91
92
92
92
92
92
93
93
93
93
93
94
94
94
94
94
94
94
95
95
95
95
95
96
96
96
96
96
96
96
96
96
97
97
98
98
98
99
99
99
99
99
99
99
99
100
100
100
100
100
100
100
101
101
101
101
101
101
101
101
102
102
102
102
102
102
103
103
103
103
103
103
104
104
104
104
104
104
104
105
105
105
105
105
105
106
106
107
107
107
107
107
107
108
108
108
108
108
109
109
109
109
109
110
110
110
111
111
111
111
111
111
112
112
112
112
113
113
113
113
113
113
113
114
114
114
114
114
114
114
115
115
116
116
116
116
116
116
116
117
117
117
117
118
118
119
119
120
120
120
121
121
121
122
122
122
123
123
123
124
124
124
124
124
125
125
125
125
125
126
126
126
126
127
127
127
127
128
128
129
129
129
130
130
130
130
130
130
131
131
131
131
131
132
132
132
132
132
132
132
132
132
132
133
135
136
136
136
137
137
137
137
137
137
137
137
137
137
138
138
138
138
138
139
139
139
139
140
141
141
142
142
143
143
144
144
144
144
144
145
145
145
145
146
146
146
146
146
146
146
147
147
147
147
148
148
148
148
149
149
149
149
150
150
150
150
151
153
153
153
153
155
155
156
156
157
157
157
157
157
158
158
159
159
160
160
160
160
160
160
161
161
161
161
161
162
162
162
163
163
163
164
164
164
164
165
165
166
166
166
166
166
166
166
166
166
167
167
168
168
168
169
169
169
169
169
170
170
170
170
170
171
171
171
171
172
172
172
172
172
172
172
173
173
173
173
174
174
174
174
175
175
175
175
176
177
177
178
178
178
179
179
179
179
179
179
180
180
181
181
181
182
182
182
182
183
183
183
184
184
185
185
186
186
186
186
186
187
188
188
188
188
188
188
189
189
189
189
190
190
190
190
191
191
191
191
192
192
192
193
194
194
194
194
194
194
194
195
195
195
195
195
195
195
195
195
197
198
199
199
200
200
200
201
201
201
201
201
201
202
203
203
203
203
204
204
204
205
206
207
208
208
208
208
208
209
209
209
209
210
210
210
210
212
212
212
213
213
213
214
215
216
217
217
217
217
217
217
218
219
219
220
220
220
221
221
221
222
223
223
223
224
224
225
225
226
226
226
228
228
228
229
229
229
229
229
229
230
230
230
231
231
231
231
231
231
231
231
231
231
232
232
233
233
233
233
234
234
235
235
235
235
236
237
237
237
237
238
238
238
239
239
239
240
240
241
241
241
241
241
241
241
241
242
242
243
243
243
243
244
246
246
246
246
246
247
247
248
248
248
249
249
249
250
250
250
251
251
251
251
252
252
252
252
252
252
253
253
253
253
254
254
254
255
255
255
255
256
256
256
257
257
258
258
259
259
259
260
260
260
260
260
260
261
261
261
261
262
262
262
262
263
263
263
263
263
264
266
267
267
268
268
268
269
269
269
270
272
272
272
273
273
273
274
274
274
275
275
275
275
276
276
276
276
276
276
276
276
276
277
277
277
278
278
278
278
279
279
280
280
280
280
280
281
281
282
282
282
282
282
282
283
284
284
285
285
286
286
286
287
287
287
287
288
288
289
289
289
289
289
291
291
291
291
291
291
292
292
292
292
292
293
293
294
295
295
295
296
296
297
297
297
298
298
299
299
299
299
299
299
300
300
300
301
301
301
301
301
301
302
302
303
304
305
305
305
305
306
306
306
306
306
306
307
307
307
307
308
309
309
309
309
310
311
312
312
313
313
314
314
317
317
317
319
319
319
320
321
321
322
324
324
326
326
326
327
327
328
328
328
328
329
330
331
331
332
332
333
335
335
335
335
336
336
337
337
337
337
338
339
339
339
341
341
342
342
343
344
346
346
346
347
349
349
349
349
351
352
352
352
353
355
355
355
356
357
359
360
361
361
361
361
361
361
362
362
364
365
365
365
366
366
366
367
367
368
370
370
370
371
372
372
372
373
373
374
374
375
375
376
377
377
378
378
378
379
380
380
381
382
382
383
384
384
385
386
386
387
387
387
387
387
387
387
388
388
388
390
391
392
393
393
393
394
395
395
397
397
401
401
401
401
403
404
404
404
404
405
405
405
405
407
409
409
410
410
411
411
413
413
414
414
414
415
416
417
417
419
419
420
421
421
421
422
423
423
423
424
425
426
427
430
430
431
431
432
432
432
433
433
434
434
434
435
435
436
437
438
439
439
439
439
441
441
442
442
442
443
444
444
445
446
448
450
450
451
451
451
452
452
454
454
455
455
456
458
459
459
460
460
462
462
462
462
463
463
464
464
465
466
466
467
467
468
468
468
468
468
469
471
471
472
472
475
475
476
477
477
478
481
481
482
483
484
486
487
487
487
488
489
490
490
490
491
491
491
491
491
491
491
492
493
494
494
494
495
495
496
497
497
498
498
499
499
499
499
500
500
502
502
502
502
502
503
503
504
504
504
505
505
505
506
506
507
507
507
509
509
509
510
511
511
514
514
514
515
519
519
520
521
522
522
523
523
523
523
523
525
525
526
526
527
527
527
528
530
530
530
530
532
532
532
533
533
533
534
535
535
536
537
537
537
537
538
540
540
540
540
541
542
542
544
544
544
546
547
547
548
549
549
549
550
550
551
551
551
552
552
553
554
554
554
555
555
555
555
556
556
557
557
557
557
558
558
558
558
559
560
560
560
561
563
563
563
563
564
564
565
565
565
566
566
567
567
567
569
569
570
571
572
572
573
573
573
575
575
575
576
576
576
577
577
578
578
578
578
579
579
579
579
580
580
581
581
582
582
582
582
583
583
583
583
583
583
583
584
584
584
585
585
586
587
588
589
589
589
591
591
592
593
593
594
596
596
596
597
598
598
598
599
600
601
601
602
602
603
603
604
604
605
605
605
605
607
608
609
610
611
611
612
612
613
613
614
614
614
615
616
619
619
619
620
621
622
623
624
624
624
624
627
628
628
629
629
630
630
630
631
632
634
634
635
636
637
637
637
637
638
638
639
639
639
640
640
640
641
641
642
643
643
644
644
644
644
644
645
645
645
646
647
649
649
651
651
652
652
653
653
653
654
655
655
656
656
656
657
657
657
658
659
660
661
661
661
662
662
664
666
666
666
667
667
667
669
669
671
672
673
675
675
675
676
676
676
677
678
679
679
682
683
683
683
683
684
685
686
687
687
687
688
689
689
689
690
692
692
692
693
695
695
696
696
697
697
697
698
699
700
700
700
700
700
701
702
702
703
703
706
706
706
706
709
710
711
711
712
714
714
714
715
717
717
718
718
718
719
721
723
724
725
725
726
727
727
727
729
730
731
731
732
732
732
733
735
735
738
739
740
740
741
741
743
744
744
745
746
746
748
751
751
751
752
753
753
755
755
755
755
755
756
758
758
761
761
761
763
764
764
765
765
765
766
767
770
771
772
773
773
773
773
774
775
776
776
776
777
778
778
779
779
780
780
781
781
781
781
784
785
785
785
785
786
788
789
789
790
790
790
791
792
793
795
795
797
797
798
799
799
801
802
802
802
802
803
804
804
805
806
808
808
809
809
810
812
812
813
814
814
814
815
815
815
817
817
817
817
819
820
822
822
824
824
826
826
826
827
827
827
828
829
831
832
832
833
833
835
836
836
836
837
837
838
838
838
839
839
842
842
843
843
845
845
846
846
846
847
848
849
849
849
850
850
851
851
851
852
853
853
855
856
856
856
857
857
858
859
859
860
861
862
862
862
862
864
864
864
865
865
865
866
866
866
867
867
867
867
869
869
871
871
871
872
873
874
877
878
880
880
882
882
882
884
884
888
888
889
889
889
890
890
891
892
893
893
894
894
894
894
895
896
897
897
898
898
900
901
901
902
904
904
906
906
906
910
911
913
913
913
915
919
921
921
921
921
922
923
923
924
925
926
926
926
927
928
928
929
930
930
931
931
931
932
933
934
936
936
937
937
937
938
938
938
939
940
942
943
943
944
944
945
945
945
946
946
946
948
949
950
950
950
950
950
951
954
955
956
956
957
957
957
958
958
958
960
960
961
962
962
964
964
965
967
967
967
968
968
971
971
971
971
972
972
973
974
974
975
975
976
978
978
978
979
980
980
981
982
982
983
985
987
987
988
990
990
991
991
991
994
994
994
995
996
997
997
997
998
998
999
999
1001
1002
1003
1004
1004
1004
1004
1004
1005
1005
1006
1007
1008
1008
1008
1009
1009
1011
1011
1011
1012
1012
1013
1013
1013
1014
1016
1017
1017
1019
1019
1020
1020
1021
1021
1021
1022
1022
1023
1023
1024
1025
1025
1029
1030
1030
1030
1030
1031
1031
1031
1033
1033
1034
1034
1034
1035
1036
1036
1037
1038
1038
1040
1041
1042
1043
1043
1044
1044
1045
1045
1048
1049
1049
1050
1051
1053
1054
1055
1056
1056
1059
1059
1060
1061
1062
1062
1062
1062
1063
1063
1063
1064
1065
1066
1066
1066
1066
1067
1069
1070
1071
1071
1071
1071
1071
1073
1073
1073
1073
1075
1075
1075
1076
1076
1076
1077
1077
1078
1080
1081
1081
1081
1082
1082
1084
1085
1086
1086
1087
1089
1090
1090
1091
1092
1092
1093
1093
1095
1096
1096
1097
1098
1099
1100
1102
1102
1103
1103
1103
1106
1106
1106
1108
1109
1109
1110
1110
1111
1111
1111
1112
1112
1112
1113
1113
1113
1114
1114
1115
1115
1115
1116
1116
1116
1116
1117
1118
1119
1120
1121
1122
1123
1125
1125
1125
1126
1126
1126
1127
1127
1129
1129
1129
1130
1134
1137
1137
1138
1138
1140
1143
1144
1145
1145
1146
1147
1147
1148
1148
1149
1149
1150
1150
1153
1154
1154
1154
1156
1157
1157
1158
1160
1160
1161
1161
1162
1162
1162
1163
1164
1165
1165
1165
1166
1166
1167
1168
1168
1170
1171
1172
1172
1172
1173
1173
1173
1174
1175
1176
1178
1179
1179
1179
1180
1180
1180
1181
1181
1182
1183
1184
1184
1184
1186
1186
1186
1187
1191
1191
1191
1192
1193
1195
1195
1195
1196
1196
1197
1199
1199
1200
1201
1201
1202
1202
1203
1204
1206
1206
1208
1209
1209
1210
1213
1213
1215
1216
1216
1216
1217
1217
1218
1219
1220
1221
1222
1222
1223
1224
1225
1228
1230
1230
1231
1232
1234
1234
1234
1235
1236
1236
1236
1237
1237
1237
1238
1239
1242
1243
1243
1244
1245
1245
1246
1247
1249
1250
1250
1251
1252
1252
1252
1253
1254
1254
1254
1254
1255
1256
1256
1257
1258
1258
1260
1261
1261
1261
1262
1262
1262
1263
1264
1264
1265
1266
1267
1267
1269
1269
1269
1269
1269
1270
1270
1270
1270
1272
1274
1274
1278
1278
1279
1280
1283
1284
1286
1286
1286
1286
1286
1287
1287
1288
1289
1290
1293
1293
1295
1295
1296
1296
1297
1299
1299
1300
1307
1308
1308
1309
1310
1310
1311
1313
1314
1314
1314
1315
1315
1315
1317
1318
1319
1320
1320
1320
1320
1322
1322
1323
1323
1323
1324
1325
1325
1325
1327
1327
1329
1331
1331
1331
1332
1333
1334
1334
1334
1337
1338
1338
1338
1338
1338
1339
1341
1342
1346
1348
1350
1353
1355
1357
1358
1358
1360
1360
1361
1362
1362
1363
1364
1364
1365
1367
1367
1368
1369
1369
1371
1371
1372
1372
1373
1373
1374
1375
1375
1376
1377
1377
1379
1379
1380
1380
1381
1382
1382
1384
1384
1385
1386
1387
1387
1387
1388
1389
1390
1390
1390
1391
1392
1392
1393
1394
1394
1394
1397
1400
1400
1405
1405
1405
1406
1406
1406
1406
1409
1409
1409
1410
1410
1410
1413
1414
1415
1417
1418
1419
1421
1421
1423
1424
1424
1426
1426
1427
1429
1430
1430
1430
1431
1432
1432
1435
1436
1436
1437
1438
1438
1440
1440
1441
1442
1443
1445
1445
1447
1450
1450
1450
1451
1451
1453
1453
1455
1458
1459
1459
1460
1461
1461
1462
1463
1465
1465
1466
1468
1468
1469
1469
1470
1470
1472
1472
1473
1475
1475
1478
1481
1484
1484
1484
1487
1488
1489
1489
1492
1492
1493
1494
1495
1495
1496
1497
1497
1498
1502
1502
1502
1504
1506
1507
1508
1508
1509
1512
1512
1514
1515
1516
1518
1518
1519
1519
1520
1521
1521
1522
1525
1526
1526
1529
1530
1530
1531
1532
1532
1533
1533
1534
1535
1535
1535
1536
1539
1539
1539
1540
1540
1541
1547
1548
1549
1550
1551
1551
1553
1553
1555
1555
1557
1557
1559
1560
1560
1561
1561
1562
1562
1562
1564
1564
1565
1565
1566
1567
1567
1570
1573
1573
1574
1575
1576
1576
1577
1580
1580
1582
1582
1585
1585
1586
1587
1587
1588
1591
1592
1592
1593
1594
1595
1595
1596
1597
1598
1598
1599
1599
1600
1600
1600
1601
1602
1603
1603
1604
1607
1607
1608
1609
1610
1611
1611
1612
1614
1615
1615
1615
1615
1617
1618
1619
1621
1623
1624
1626
1626
1627
1627
1627
1628
1628
1629
1630
1630
1630
1631
1632
1632
1633
1634
1635
1637
1637
1638
1639
1639
1640
1640
1641
1642
1642
1643
1643
1644
1648
1649
1649
1649
1650
1651
1656
1656
1656
1657
1658
1658
1658
1658
1658
1664
1664
1664
1665
1665
1667
1668
1670
1672
1674
1676
1676
1677
1677
1677
1678
1678
1679
1680
1680
1683
1686
1686
1687
1688
1688
1688
1689
1689
1690
1690
1691
1691
1693
1695
1696
1696
1697
1697
1698
1699
1700
1700
1701
1702
1703
1703
1703
1703
1706
1707
1708
1710
1712
1713
1714
1715
1716
1716
1716
1717
1719
1720
1723
1723
1725
1727
1728
1729
1729
1730
1732
1733
1733
1733
1734
1734
1735
1739
1739
1741
1742
1744
1744
1744
1744
1745
1745
1748
1748
1749
1750
1751
1751
1752
1754
1754
1756
1756
1756
1757
1758
1758
1760
1761
1761
1762
1762
1763
1765
1765
1766
1766
1766
1768
1769
1769
1769
1771
1772
1773
1774
1774
1776
1776
1779
1781
1781
1781
1781
1782
1785
1785
1785
1786
1787
1788
1790
1793
1793
1793
1794
1795
1795
1796
1797
1797
1799
1800
1801
1801
1802
1803
1803
1803
1804
1805
1807
1807
1808
1808
1808
1808
1809
1812
1812
1814
1814
1815
1816
1817
1817
1817
1818
1820
1821
1821
1823
1823
1824
1824
1824
1824
1825
1826
1826
1828
1829
1829
1829
1829
1829
1830
1832
1833
1833
1834
1834
1834
1835
1835
1836
1836
1837
1840
1840
1840
1841
1842
1843
1845
1845
1846
1847
1848
1848
1851
1851
1853
1854
1854
1854
1854
1855
1860
1861
1862
1863
1864
1864
1864
1865
1865
1866
1868
1870
1871
1873
1873
1873
1874
1874
1874
1875
1875
1875
1876
1878
1881
1886
1886
1886
1887
1888
1888
1889
1890
1891
1891
1892
1893
1893
1895
1896
1897
1898
1900
1901
1902
1902
1903
1903
1904
1906
1907
1907
1907
1908
1909
1911
1912
1913
1914
1915
1915
1915
1917
1917
1920
1920
1920
1921
1923
1923
1924
1924
1925
1925
1926
1926
1926
1927
1927
1929
1930
1930
1931
1931
1932
1933
1933
1934
1937
1938
1939
1939
1939
1940
1940
1940
1944
1944
1945
1945
1946
1949
1950
1950
1951
1952
1953
1954
1955
1957
1957
1958
1958
1959
1960
1962
1962
1963
1963
1964
1965
1968
1969
1969
1969
1970
1970
1971
1971
1971
1972
1973
1975
1975
1975
1976
1976
1977
1979
1981
1982
1982
1982
1983
1984
1984
1985
1985
1986
1986
1986
1986
1988
1989
1989
1990
1992
1992
1993
1995
1996
1997
1997
1997
1998
1998
2000
2000
2492
