Primero viene la cantidad (n) de timestamps para ambos, luego n líneas que son un timestamp aproximado cada uno separado por una coma (',') del error, y luego n lineas de las transacciones del sospechoso
4000
747,502
959,794
629,243
360,358
1208,790
926,663
1126,662
844,727
1826,171
870,231
640,602
948,832
945,731
995,396
884,682
931,896
1269,407
902,788
1762,226
1065,900
209,68
943,130
787,752
1100,604
1291,535
542,505
832,789
729,78
959,365
967,546
1018,56
944,786
279,53
899,311
837,826
1142,712
1052,804
1002,767
1464,363
685,509
1825,101
1758,159
974,716
246,211
960,573
1912,82
748,742
1023,729
432,258
1243,581
1646,350
1512,322
1558,246
1136,795
793,603
992,417
599,395
723,518
1422,124
1201,558
321,290
502,459
1608,138
587,560
705,673
1111,713
925,840
690,223
1278,479
913,895
899,465
1358,388
1063,638
1543,345
508,358
912,858
555,277
1040,430
834,823
1553,381
1199,630
1449,537
26,23
1444,555
1135,808
1737,243
639,533
869,417
859,576
406,382
540,282
885,548
1053,884
1503,369
894,367
338,130
1372,209
320,282
1693,40
1517,79
1146,563
981,903
1164,604
461,293
1826,136
1265,481
1058,812
480,460
1285,472
956,68
656,422
926,847
1500,485
1128,676
836,734
754,672
1191,791
1065,764
694,299
1186,723
530,331
998,989
1307,221
1251,561
915,840
1687,133
1087,906
957,627
940,935
1578,308
1126,679
1414,529
567,563
1152,670
879,864
1083,588
1123,768
1620,97
708,674
760,661
949,796
577,386
675,412
942,900
408,327
868,722
1114,748
956,672
275,189
727,692
1394,583
857,270
1509,426
1456,433
1384,147
1773,90
1192,690
1383,460
1252,280
1096,800
1218,263
989,858
1094,904
1637,340
958,817
387,387
855,502
960,846
1381,486
773,426
889,578
1282,357
755,252
1343,616
967,577
1019,881
441,436
851,775
1021,686
1287,570
236,228
1050,873
880,809
1249,732
171,151
996,812
1309,411
918,683
502,318
1181,631
840,690
822,746
952,649
1151,524
1310,641
463,323
986,817
1056,614
1045,726
882,620
922,426
878,827
241,213
828,701
1046,580
942,915
1489,421
1190,561
962,430
1041,916
1094,813
1009,989
970,586
389,340
1081,548
861,843
1420,124
638,620
1053,906
1459,360
597,306
948,748
892,484
1141,556
1339,353
652,639
1282,372
1367,379
997,731
466,267
697,639
1027,951
1397,439
544,427
214,167
1431,171
1221,352
416,363
1203,757
1774,226
1124,876
977,938
999,945
1207,678
1163,182
934,827
1343,400
563,470
1143,368
1657,278
1078,757
589,553
1322,567
1040,826
1805,194
747,366
1024,599
1013,986
272,55
887,741
674,668
810,397
1156,577
1450,160
852,747
928,855
1155,270
988,850
1618,366
1096,877
940,864
828,828
641,611
712,706
273,83
622,581
1342,552
740,210
1531,123
783,702
795,769
863,357
1174,425
1362,636
1489,326
980,671
238,234
1181,399
841,725
1264,535
362,201
374,298
372,232
1324,478
660,658
929,478
1488,503
487,481
890,475
1493,454
993,961
742,384
972,716
1487,278
1279,533
973,510
1281,643
447,141
1210,141
372,319
829,707
441,377
1247,734
1214,598
663,618
1558,423
1033,517
904,486
833,812
1369,510
771,737
1333,610
1155,678
587,210
258,180
1334,170
1887,92
897,777
245,104
1329,188
1003,814
1122,512
1380,550
1951,20
1091,866
1051,348
1018,661
987,941
1210,380
663,412
1416,548
1109,786
852,822
216,193
453,168
856,855
967,718
1571,402
228,100
957,430
895,693
1569,83
1012,686
1075,567
1270,515
1016,690
1161,619
1083,781
1148,634
851,603
1069,923
1211,660
1720,145
164,133
1198,461
1534,411
939,727
1132,520
774,694
800,591
716,468
1374,332
1261,606
858,698
1242,553
1203,195
823,801
791,747
525,193
1724,211
857,692
434,369
1141,330
721,470
560,485
1287,422
1885,100
849,447
892,657
1515,194
1178,213
1074,499
713,503
1066,816
595,583
1456,311
1208,495
1641,252
127,126
822,443
746,299
972,48
1374,401
1019,491
780,237
1223,636
1224,598
944,478
1116,376
817,529
1139,856
1346,640
529,501
1413,116
1131,836
567,567
1210,501
1120,617
353,305
1045,667
857,264
697,646
930,873
944,568
1012,983
1065,825
1353,451
1341,525
1547,411
771,706
1167,794
514,221
1091,267
1071,743
1866,78
1213,708
971,364
648,593
1062,813
548,438
911,353
289,273
1813,64
1403,478
1337,136
1138,430
1023,391
994,848
461,436
1290,603
880,848
1486,447
1044,951
557,552
1213,319
768,758
553,180
939,609
1056,298
1469,384
1819,163
286,262
1151,428
1027,871
1005,976
80,12
1013,248
1740,188
838,824
1428,540
1696,277
175,173
394,233
1191,741
688,685
599,573
790,759
1305,687
903,417
1493,12
1049,840
1386,534
1074,853
367,271
1033,962
236,102
411,377
965,524
1014,680
988,766
622,466
1311,276
1102,442
708,596
177,160
605,390
1066,714
321,293
496,236
1298,582
543,18
629,518
495,202
1299,674
1295,649
1013,323
882,827
1463,407
1754,187
1046,954
962,822
549,273
1055,871
1172,788
1611,201
909,736
1363,608
625,609
770,556
828,798
1021,752
777,706
525,308
563,347
845,482
328,329
882,713
1028,786
1248,660
343,330
1178,593
313,273
1767,176
749,536
1862,126
1428,533
341,133
726,569
1204,153
966,612
730,594
1073,843
1287,683
1006,858
1061,516
562,501
1279,620
923,904
1040,551
799,713
648,340
1116,784
1174,299
1183,631
1199,310
1764,134
1273,423
1232,207
312,265
1701,297
323,273
1040,353
919,760
472,342
1051,438
657,301
982,840
919,717
1324,670
1713,268
386,210
570,172
850,629
1167,610
242,126
996,595
1558,380
1466,261
981,939
1007,884
594,556
605,225
967,581
1197,722
652,297
1264,342
1005,846
384,316
1470,320
1114,729
769,604
1154,740
1382,575
884,508
986,702
406,169
735,700
1236,661
959,936
1084,790
971,533
1178,655
303,293
1434,483
1084,66
1743,256
1601,351
714,446
986,625
1691,245
1312,662
812,384
305,290
767,727
903,901
1037,465
555,329
1088,899
874,329
842,595
310,309
446,357
1452,472
1165,574
985,946
648,540
540,523
1019,869
868,689
1139,459
1111,835
844,559
536,498
722,617
574,198
695,629
564,398
401,214
313,195
1210,628
771,505
1306,327
1275,592
1680,45
701,655
1018,897
771,573
1334,486
1136,501
1492,412
659,570
1019,567
1748,194
1275,479
1061,835
940,913
743,545
703,341
1314,598
1099,734
1693,278
1475,493
933,443
986,803
1420,510
833,248
1144,787
1111,704
934,803
1035,565
968,606
1022,916
213,207
992,828
1023,815
724,627
1321,444
1234,137
1073,895
947,255
992,937
999,754
1094,482
894,697
1103,496
1203,748
1230,224
928,911
1380,586
944,857
953,888
624,584
1046,924
905,888
745,703
1164,665
1178,786
324,254
510,504
823,285
242,216
761,149
905,821
1112,844
1597,402
449,438
1887,63
1078,672
1128,639
935,632
134,79
1757,216
465,463
1297,515
596,566
943,344
813,786
887,403
639,514
586,280
859,753
1489,495
1050,679
1527,401
1481,246
506,298
913,571
995,373
534,297
734,469
1129,860
1021,542
856,664
1050,878
1520,452
1358,515
1084,912
1223,305
1248,334
608,143
1177,606
773,718
1170,504
896,564
956,920
501,89
257,154
320,263
1484,389
1071,532
1038,891
1019,929
1535,341
1217,286
1033,241
1234,568
1778,103
632,321
1092,290
800,72
1389,424
1308,533
1262,339
1283,640
384,154
1052,833
692,476
1124,226
902,580
1418,501
1068,497
1381,464
1261,484
633,465
1747,250
1054,826
1082,715
1757,235
174,166
669,531
1702,149
1182,297
1091,897
474,248
569,470
1261,293
754,539
1134,764
1463,409
360,358
993,324
869,683
52,41
1677,185
1040,325
974,923
351,323
475,45
590,456
1199,646
1303,619
595,485
1442,518
808,480
531,528
726,601
625,334
1073,373
792,423
1165,748
862,209
988,946
702,203
1045,906
1259,737
665,581
557,333
1881,65
1109,575
1098,900
604,601
1519,211
1465,37
662,519
1152,235
1110,520
1207,762
1228,139
783,731
481,246
1078,614
43,35
1604,213
962,425
1223,353
984,951
778,546
889,636
1097,348
896,703
628,455
770,417
280,206
976,927
1160,362
1186,803
1397,279
1148,522
1025,864
962,541
1891,97
1392,226
956,633
253,236
504,394
1316,427
1268,614
558,438
1463,250
1539,136
1304,483
1233,256
1100,839
787,345
1325,660
787,692
803,458
1141,260
810,764
1170,726
790,785
728,705
1342,595
235,203
268,266
622,307
1229,678
491,357
688,231
1070,866
1610,356
1555,417
670,488
638,577
1020,926
792,468
187,148
932,364
759,541
352,243
1380,416
927,872
214,123
506,76
327,302
1170,662
703,322
1081,683
1374,601
862,472
1033,966
1363,151
1309,532
1278,317
955,926
1359,630
781,663
594,466
208,187
375,348
882,522
373,191
1214,286
738,619
1027,727
978,745
1252,175
481,329
966,552
1170,587
740,712
809,808
760,703
1145,744
1206,530
720,652
441,431
876,117
986,623
390,365
269,268
1070,691
680,626
1025,524
1033,805
1518,452
681,309
1203,490
766,610
1142,604
740,566
768,548
1025,610
255,253
837,569
949,902
897,692
587,399
930,860
1289,684
1284,560
641,519
1178,452
336,218
379,31
1130,814
1301,309
680,370
633,559
1570,372
767,501
563,434
1355,491
1189,686
868,408
1636,267
917,361
1734,243
951,358
911,547
1095,407
1647,177
378,219
68,49
1016,608
837,834
751,618
692,203
1400,539
974,893
1157,778
1176,751
1651,89
944,534
1454,293
771,539
837,563
745,554
563,385
1027,376
867,387
681,453
900,568
1465,488
1285,307
850,733
961,321
1121,774
732,733
577,551
658,426
1177,729
1207,361
1044,849
616,594
1201,720
709,602
1134,687
1140,98
1656,97
941,373
1393,563
503,53
682,654
988,745
1053,645
1037,243
1317,201
1271,576
1644,355
1916,71
425,189
989,956
689,665
969,794
354,147
316,246
1036,167
1127,863
1761,98
471,227
1139,220
1226,264
272,218
1253,613
1114,110
1041,126
486,453
1247,729
1007,985
1244,386
1872,79
355,235
1344,316
973,630
1194,262
1772,130
832,185
1527,65
1350,626
438,319
1296,446
1402,276
1609,390
1168,576
1375,504
777,698
819,817
1542,397
1516,387
529,151
1029,889
1576,402
1079,588
980,767
439,423
873,861
537,461
300,293
966,962
895,863
1078,792
829,784
1021,802
564,303
711,684
701,498
628,486
524,478
810,715
847,655
682,446
564,443
904,443
1071,914
494,416
778,304
1231,443
963,763
1075,248
1237,533
1066,837
1231,591
878,389
847,225
1241,385
548,437
714,532
1382,399
820,697
1113,780
1293,437
93,83
1187,538
1330,94
1450,485
1002,980
1324,270
931,873
888,606
166,166
1001,698
1440,424
518,511
1052,862
542,528
906,310
641,501
577,355
1551,400
1606,180
1084,790
962,792
1169,678
914,231
1207,570
533,268
1639,280
517,44
1095,611
1272,723
1078,691
1032,524
1052,760
541,425
992,308
1045,442
1230,633
1021,720
614,590
861,838
1177,624
1598,366
1202,726
930,688
1237,694
442,274
989,948
1200,585
493,453
780,619
467,453
1004,346
924,729
1337,637
983,617
1641,271
1078,501
1585,327
1332,298
952,432
931,913
935,825
1393,350
883,667
1309,452
980,892
877,674
1346,457
925,646
1069,643
472,436
1640,316
507,347
924,381
1604,269
1178,631
570,557
1163,617
663,151
210,114
1206,677
697,532
801,709
580,460
598,389
666,578
1009,377
1096,897
1234,292
737,688
816,740
1361,398
1196,646
917,606
1755,201
1008,415
701,493
1313,586
922,397
156,139
631,299
1039,936
915,753
306,239
974,533
1081,856
1221,591
1097,668
1203,368
1190,723
825,618
1266,457
644,627
768,516
1315,448
1224,681
765,758
884,39
1402,558
399,324
1399,409
1498,458
731,330
1913,76
384,357
938,608
744,278
1146,239
184,113
1536,346
815,778
996,557
1398,370
1349,535
1567,122
1185,131
1050,851
853,581
1362,615
986,789
1732,217
274,154
978,921
815,196
705,659
745,709
1078,772
1092,363
1161,818
740,664
1603,182
860,799
1497,362
449,404
762,328
976,936
679,467
1203,763
356,322
1107,726
338,232
879,604
858,526
968,902
1593,364
773,324
1561,164
1428,305
1151,751
1879,114
1372,379
1262,587
623,621
648,197
900,703
1091,745
416,307
824,711
187,63
1064,918
943,527
841,371
1241,749
1118,767
1277,659
1552,205
1054,866
1551,250
1127,491
1039,820
1570,304
871,366
770,449
1230,667
979,877
977,943
953,938
1550,330
366,314
713,303
1038,347
912,523
1395,299
749,669
994,967
1060,671
679,428
392,259
1063,876
812,149
507,213
1307,557
1037,715
456,337
962,958
550,473
627,563
1498,488
901,564
1436,426
846,548
710,187
1161,807
1101,665
1065,707
1737,259
1918,68
593,482
725,655
986,352
1082,691
466,133
757,521
1319,523
759,523
1219,774
446,410
315,207
1679,272
1108,710
641,522
928,593
1160,214
1090,585
1092,719
1033,424
972,928
992,638
896,566
1122,865
1559,399
1131,291
524,474
464,409
1184,677
785,698
1295,632
793,767
935,907
592,394
996,644
790,95
697,228
1564,385
1213,339
1490,311
1123,814
381,319
872,842
1122,681
699,695
976,558
1190,744
1373,545
1299,700
1474,159
648,600
920,623
1291,420
1643,322
989,579
857,233
1401,465
322,186
1672,318
1278,639
1394,480
143,108
946,945
826,813
1239,740
1137,644
923,740
1083,586
1357,389
951,928
1051,947
1165,621
476,470
588,102
1349,647
1079,278
972,356
912,593
1320,594
1430,569
788,501
1091,461
795,626
1160,600
796,684
1300,637
709,638
207,114
1035,872
1071,670
1107,833
478,312
1682,171
403,119
1288,366
1009,974
1071,895
747,734
1056,844
1287,210
398,281
1440,266
288,156
1076,791
995,942
654,508
1265,630
488,427
562,511
851,624
1334,487
253,223
511,72
1027,688
829,775
1728,250
719,449
1585,308
1390,444
592,87
662,264
837,376
1396,419
1007,777
1804,175
946,66
646,618
622,429
531,487
467,430
582,219
685,502
1198,769
1350,577
1178,773
1563,264
756,504
931,676
984,642
1310,263
1361,389
678,596
1294,486
839,435
983,763
831,801
973,542
726,661
1108,751
700,470
721,379
1273,718
468,433
1472,365
1284,716
1418,469
855,772
1308,676
315,114
179,89
1304,246
98,79
574,378
1545,65
978,627
769,86
1512,326
918,493
1088,605
1194,438
965,624
836,799
1056,669
1153,558
330,244
628,406
844,449
1296,598
1013,249
1016,702
66,61
1759,220
402,319
798,722
781,552
679,385
856,258
1029,872
604,322
731,431
799,634
1106,690
975,560
717,295
1125,678
779,759
764,481
1372,277
957,545
1418,555
991,445
1203,532
1560,379
1273,539
1265,710
682,683
1492,504
1018,477
1317,627
730,180
1103,494
1037,914
1545,350
1016,320
999,978
1206,544
768,700
1121,771
374,348
528,164
565,369
681,463
910,771
422,193
1264,580
330,161
1059,486
745,648
598,138
596,560
1246,484
703,662
1018,974
1084,878
778,748
870,817
571,383
1299,568
998,895
939,668
1369,215
136,85
1786,190
426,333
584,534
743,77
1664,95
743,540
418,263
570,322
1160,823
227,66
980,962
1425,549
750,680
1089,909
1342,561
958,926
1046,753
1893,61
775,739
857,625
494,286
1393,600
1374,348
545,517
666,387
741,550
834,574
845,337
1589,124
1441,476
398,272
686,657
1022,179
887,115
1033,431
1558,204
558,453
1528,195
741,713
669,596
1079,892
135,122
940,667
868,553
535,479
1288,141
841,277
1070,422
1265,662
1828,143
313,121
667,462
626,317
1096,793
1619,374
788,651
459,242
694,665
924,285
809,484
881,727
1828,85
900,770
257,216
554,345
1667,143
1326,337
1301,567
1103,206
156,91
1269,93
1455,541
444,350
1140,431
1225,775
975,569
384,176
1370,297
339,154
1546,345
662,592
896,530
747,702
1085,655
1075,790
781,684
318,49
765,211
1314,111
287,170
1415,581
318,254
1092,519
651,263
754,520
1068,614
652,612
740,599
949,674
704,696
1247,529
1193,680
1571,427
919,166
1094,228
1558,304
902,173
1290,499
427,419
832,779
1220,747
976,863
1564,434
1778,99
1582,293
1465,313
1225,708
557,46
949,929
1081,619
1207,766
685,414
751,214
1057,683
1446,320
1816,182
1261,724
379,379
666,217
903,407
883,795
1212,507
1348,218
447,411
1479,242
810,403
336,251
971,521
1042,919
1576,375
972,655
1128,845
911,888
199,199
787,670
1232,667
1170,805
1200,555
950,732
527,343
1146,849
1245,554
1554,320
1399,446
393,361
1686,214
1785,149
1283,398
1466,278
156,131
856,434
620,385
591,542
634,607
659,585
969,707
1143,97
969,763
1335,285
1009,705
1191,245
1765,192
1231,686
1636,320
1250,481
1237,555
1376,350
672,671
953,746
976,776
567,549
1311,679
744,624
1248,608
1464,190
821,554
1465,534
1031,787
1415,403
966,626
861,488
1073,393
884,372
723,631
1336,646
961,951
1089,486
478,373
417,144
1100,895
162,145
948,925
672,585
898,228
611,597
1493,266
725,676
811,546
435,381
630,221
1124,367
291,178
1437,387
1179,696
387,243
394,262
869,63
891,626
1390,176
1467,50
1124,280
310,303
1121,625
1126,613
1392,502
876,672
1257,502
695,361
414,266
959,729
546,538
427,151
860,300
1213,593
778,654
930,918
1243,686
1104,617
1862,40
1405,243
859,801
1365,632
1008,760
794,490
1279,670
1101,150
201,40
774,768
1007,473
569,556
1295,704
722,711
806,708
1616,243
1231,411
1564,133
632,216
849,693
937,753
1390,443
1953,23
1083,396
1844,110
1500,474
722,360
932,554
1114,350
768,698
1212,421
1115,853
1875,72
1266,264
761,411
1577,289
1352,573
1051,716
362,311
1013,672
865,557
820,760
723,487
1728,96
998,772
1464,469
1402,590
776,692
776,397
1442,337
1339,660
1404,536
523,515
970,654
1598,172
684,225
867,788
834,801
1006,470
147,122
858,681
865,778
228,50
711,315
705,682
877,708
1070,231
946,889
748,490
712,678
1009,373
892,450
1291,653
713,682
637,508
1336,82
960,935
956,802
539,502
999,764
224,124
1244,420
867,303
1017,906
969,695
1462,168
921,920
404,299
1058,591
1456,208
928,867
1035,542
1258,659
1001,591
1182,747
412,398
897,775
753,396
801,333
1027,365
518,461
927,713
986,533
542,325
966,203
1772,208
1336,635
1081,873
1178,503
1443,493
564,205
926,634
901,799
473,376
376,49
1422,323
1422,115
986,921
1399,589
1794,135
1312,188
1229,756
705,686
1914,77
1426,206
1640,276
1409,542
937,703
1048,841
1751,204
1428,388
1088,737
299,265
877,840
808,414
1458,168
868,798
1477,313
1322,569
891,882
829,423
1052,150
738,320
306,194
674,490
448,327
955,605
994,990
701,226
733,593
1788,39
952,489
853,469
284,88
611,355
921,214
1818,29
309,201
260,117
1292,549
1151,411
1297,318
828,765
898,646
683,608
552,431
851,659
1114,848
1050,680
1123,794
1414,549
1056,657
827,812
238,180
1617,263
811,230
172,118
1140,777
580,383
956,889
1120,517
782,732
1920,61
1532,413
1836,120
816,457
623,275
1286,535
995,684
1820,128
498,382
742,383
438,326
870,351
325,326
1383,141
1036,261
1870,95
970,942
696,249
545,470
1063,368
285,57
186,68
1585,119
709,243
920,869
1214,729
1224,704
814,758
674,671
1023,870
717,427
1027,669
324,305
1547,442
448,369
673,184
949,267
1164,670
1230,740
999,551
884,29
639,495
1196,566
1463,441
461,266
761,508
811,742
906,638
567,479
474,382
1340,569
728,524
1467,523
684,553
1098,220
532,319
911,883
1852,84
1025,891
520,252
1540,389
1142,778
1463,210
1385,235
639,459
733,721
943,943
302,223
1268,591
1059,866
251,195
456,441
978,755
1277,257
715,488
1014,755
1069,539
853,609
1232,544
1285,274
892,443
787,623
991,708
972,673
977,514
87,88
1248,716
895,855
1472,499
1349,455
403,302
1390,307
145,53
1144,777
1610,140
697,672
518,359
1660,104
1086,661
790,409
925,36
903,239
996,894
930,675
512,416
805,696
825,205
1182,233
870,782
713,281
862,690
1024,621
921,692
208,93
860,733
1799,172
400,345
950,758
624,408
1698,198
1169,694
1253,708
1050,399
1516,408
881,477
1624,375
1087,469
786,688
1955,36
1957,30
1085,900
1037,789
950,502
672,429
893,851
1434,430
591,116
1361,292
1253,681
963,740
1435,108
1203,454
1266,665
1163,601
1644,212
836,357
987,116
1154,828
350,160
387,378
1243,739
548,521
976,908
1151,822
1411,569
1194,742
1098,642
825,222
1253,683
1365,459
1845,111
739,410
1021,497
564,518
1126,712
505,479
262,239
438,364
1070,803
1573,257
868,604
197,136
738,577
1392,335
841,758
1062,469
516,290
645,445
1735,236
459,460
1665,290
472,181
920,355
1233,767
1039,852
1282,305
869,777
983,776
867,477
970,877
929,614
725,372
1068,697
1123,743
1064,922
1335,664
1185,503
968,656
1712,166
254,96
1252,275
1127,180
1341,391
533,377
1749,210
617,275
1166,332
1652,102
1874,123
973,301
1072,613
941,392
912,793
1440,509
1266,697
816,783
588,342
795,358
1121,308
992,493
1110,615
1130,726
1013,986
512,226
1163,384
1167,716
1130,680
803,615
1005,429
813,425
1771,223
1068,857
417,72
954,908
1404,389
1055,370
510,489
585,580
829,472
1161,219
901,493
1193,608
562,543
1374,570
1335,493
1187,546
612,177
918,846
936,919
687,352
1023,946
878,72
1075,457
459,414
1264,697
223,203
1115,725
1354,571
892,420
1308,592
1103,848
1583,247
1031,789
1065,755
1007,963
941,318
142,118
1225,483
1210,339
1140,349
1091,460
1028,482
1213,689
1423,357
575,418
327,125
273,213
1079,699
863,315
889,654
849,797
998,875
1408,316
737,704
765,660
320,158
890,837
872,731
859,391
618,481
381,145
702,509
1313,450
898,785
1243,515
942,772
1200,411
383,283
286,213
706,625
815,474
960,471
1141,423
1323,412
1237,287
977,138
786,584
1272,716
1021,869
802,582
947,806
969,187
966,813
840,749
1200,641
1180,613
923,923
1857,143
1240,534
61,62
965,344
1413,313
957,877
1018,829
1104,518
766,633
796,481
482,455
1268,199
1231,689
1836,27
1495,379
724,597
1002,647
1114,850
460,324
860,292
1004,974
967,964
794,456
899,776
945,758
1010,923
302,265
138,54
1378,558
1328,157
1117,523
645,199
1067,680
980,916
440,439
795,194
1043,773
1120,517
835,665
1176,281
1074,455
651,579
1000,853
707,304
1460,532
999,534
913,709
664,434
1143,600
1439,386
789,553
1672,312
1118,453
1626,96
1590,402
1051,685
1747,156
1226,744
842,785
1427,455
758,611
1506,160
1317,564
1575,317
337,209
993,948
959,105
1165,387
1313,245
599,452
629,442
1117,548
1047,164
909,907
76,51
864,397
416,276
1397,571
616,546
1318,378
720,619
1109,497
839,707
1024,461
1013,871
365,327
836,676
983,153
897,567
811,699
925,912
1076,761
799,442
781,676
939,739
1198,194
693,592
693,636
1582,337
857,650
987,967
785,529
1127,711
1152,759
955,760
1172,669
1337,511
1136,756
1307,609
1169,418
1089,430
684,228
1156,165
955,935
441,194
465,262
1296,465
1161,603
230,194
1024,791
1316,624
1454,292
1071,669
432,241
438,436
1203,531
1191,798
1252,655
1052,455
1343,559
868,747
1373,516
1683,304
1302,654
1209,699
1604,218
493,470
640,484
612,127
719,453
1239,265
488,337
943,867
747,542
1420,220
1173,545
999,944
1181,539
1393,579
789,670
980,933
1620,123
1414,576
1432,407
1060,689
739,665
966,556
1106,248
471,264
1237,81
938,637
540,471
1126,618
1348,585
1044,907
814,428
460,376
599,591
601,198
1483,516
1351,257
1347,568
1113,728
420,350
1711,251
1149,532
1130,726
1388,554
1160,412
1751,245
1390,246
1760,220
820,742
716,122
841,700
300,229
920,553
800,698
1230,166
1462,538
1233,657
1277,674
602,489
957,739
826,360
1847,29
1596,311
1199,616
209,208
885,844
1209,642
1616,380
859,811
1321,144
853,494
740,451
711,419
756,565
1032,435
705,179
763,454
1530,227
945,750
608,554
1534,359
1410,181
1162,758
973,344
1615,369
933,728
868,755
1172,450
1026,590
771,726
1298,522
914,689
968,794
681,418
895,839
807,397
1609,191
1459,445
1300,538
1211,117
843,546
729,460
703,473
866,687
1196,701
686,267
1553,342
778,355
982,507
1033,778
1283,596
1836,31
1729,161
1139,788
399,356
1024,617
1172,708
698,110
812,672
1154,510
1337,200
674,199
903,661
1026,376
1544,238
859,761
893,697
940,823
946,907
1233,354
1278,638
1727,233
1248,632
1166,722
1422,557
641,489
561,61
1799,196
1754,230
952,655
1027,199
1119,381
683,580
974,627
1183,786
1713,96
1035,947
889,447
1373,617
1082,388
1309,245
1006,395
1674,262
975,880
1749,228
843,785
754,619
408,365
1093,200
1683,131
552,397
653,194
1318,625
492,310
1176,255
574,419
864,723
1523,420
995,914
1078,281
703,617
404,171
968,925
741,483
1040,696
1066,814
889,705
1301,420
873,547
1760,220
1242,352
612,599
746,314
1463,352
1368,611
446,280
1290,593
1016,772
794,652
602,361
1619,375
1225,500
1461,382
546,291
411,400
264,187
1006,992
1019,687
560,542
291,177
972,529
1383,615
1328,588
1521,304
869,856
1250,529
915,335
1156,801
1112,883
1341,223
741,256
1190,494
1031,562
1154,792
845,273
1568,230
660,186
1258,701
770,675
1576,369
729,671
976,451
1466,524
1467,216
1021,718
926,121
1452,504
1175,364
934,855
1002,884
1140,842
1066,914
1145,756
1239,548
783,550
1002,471
1853,87
1844,138
835,271
1234,510
520,324
1117,419
1562,366
1295,269
1029,603
1599,189
1038,920
829,732
1729,231
960,780
644,240
1581,117
1287,103
1245,645
815,758
935,533
520,438
425,397
1091,257
327,167
1049,590
939,549
318,310
487,487
1313,133
1125,590
811,766
1397,503
1117,324
1424,558
1254,219
878,718
1031,873
698,462
836,624
1618,360
851,509
1242,304
1078,634
912,471
739,503
1267,650
1045,856
1196,453
996,979
655,611
1360,576
1505,327
791,636
1310,434
1038,864
1436,554
1264,485
680,435
1046,471
1020,792
971,971
747,479
953,792
1875,99
654,647
463,234
1327,671
850,386
938,415
1105,722
1180,554
554,302
1371,545
937,742
977,968
1750,221
792,332
1205,572
1450,481
936,588
130,111
1377,593
316,213
1545,432
1047,784
582,481
805,776
1063,758
1662,257
1003,933
1424,192
1513,391
1384,394
1271,175
1015,941
1190,607
918,414
729,683
1485,274
1230,726
1062,808
998,725
166,99
1874,120
1591,401
440,154
506,452
1657,267
185,155
552,206
845,815
1061,566
1265,258
1178,647
1219,486
745,641
242,192
808,461
1453,482
277,241
1226,412
869,412
1255,383
980,845
1383,561
943,506
1025,719
907,700
1056,504
1786,211
1150,344
1627,242
1128,207
1266,182
1404,403
197,107
987,952
1282,586
1530,435
1532,434
1141,697
738,730
629,179
1165,730
911,303
1494,498
1332,107
1172,425
365,319
1257,714
1379,519
637,462
1807,167
1123,863
858,813
922,101
767,597
1368,486
998,289
1027,672
1337,599
1169,825
1114,753
1283,198
1264,691
1094,728
178,93
1466,247
1666,273
960,495
1624,376
1121,619
806,410
964,869
867,837
1279,685
1051,162
1191,790
1356,543
1004,889
439,439
1244,563
1425,574
1562,118
459,347
1260,719
1090,788
935,663
1442,331
1371,577
1387,502
907,723
644,518
1116,743
1023,556
802,481
620,605
752,499
766,371
603,593
1080,192
668,431
974,818
737,735
152,144
679,588
1363,615
1093,845
1390,545
1079,602
1303,156
878,440
1404,340
1287,585
653,404
1080,890
560,553
1024,802
951,921
1221,397
975,614
706,703
1200,331
1146,500
857,444
801,667
1109,731
483,403
1332,292
1219,711
1276,282
1180,754
1188,394
1119,783
1143,823
728,400
1523,330
709,446
1337,449
1498,374
679,609
677,6
544,204
460,148
835,700
890,821
1048,616
928,825
740,671
812,539
1145,421
618,570
1120,482
1423,470
1324,612
1328,603
627,448
955,809
964,965
1059,710
795,320
982,712
642,499
275,218
872,818
946,937
981,752
520,171
565,565
1278,720
1030,962
783,604
512,442
900,690
1039,706
1077,336
1399,599
791,618
1457,506
1644,263
634,586
1455,527
412,68
1079,859
145,106
1104,871
1674,319
436,437
876,105
1708,286
866,472
1229,523
887,292
962,358
892,433
1202,401
1168,765
725,236
916,876
961,782
877,544
857,639
805,305
925,829
909,883
733,464
1353,465
971,623
563,469
1490,457
1717,118
1763,114
181,113
614,123
796,602
596,386
1339,624
1195,347
903,762
379,351
187,162
1142,837
1073,494
648,638
1212,594
1393,290
625,141
1285,705
1486,115
851,398
1414,53
1083,827
1072,567
833,545
806,738
1022,813
765,667
683,649
334,270
1064,667
1104,704
293,202
828,640
849,625
770,752
649,399
734,393
1094,847
789,714
1024,549
717,119
740,368
1077,777
1222,448
1650,189
848,684
1511,223
927,463
1206,544
936,937
321,322
1537,41
747,556
991,875
1532,254
1286,414
806,117
904,891
845,493
1760,200
1627,160
1032,962
1385,569
895,845
558,107
1652,269
991,980
1454,475
1719,226
747,260
1028,667
974,617
816,277
847,761
1536,402
1343,639
1425,477
1171,138
537,428
1011,840
927,242
1127,569
1023,107
1146,617
417,200
268,29
1046,869
1118,804
577,392
916,427
824,473
988,948
1280,550
1002,910
1550,94
1262,269
852,828
599,487
1033,756
1693,271
1104,639
1049,680
843,534
943,541
815,586
800,790
1344,585
1063,535
1498,195
872,861
725,385
1407,584
1171,391
765,591
747,453
1721,267
1023,977
1214,632
1608,375
1155,699
804,543
663,302
764,657
751,636
1848,144
380,329
712,604
805,797
1082,902
973,666
968,518
997,917
786,396
1511,475
1158,722
924,39
497,371
610,443
1293,188
1191,633
1633,363
1044,165
918,860
327,285
1591,387
1173,492
581,577
703,525
787,123
629,549
1106,630
978,460
891,843
1566,410
1586,57
1077,851
1073,912
1022,933
1088,872
1108,388
1438,508
854,490
1066,723
1443,263
747,103
948,828
1454,242
1303,661
782,545
892,578
1162,435
1310,420
770,693
621,490
1124,319
785,346
1199,732
1379,464
1076,731
499,422
1102,724
1525,287
669,575
700,403
916,665
846,751
1877,57
979,796
709,470
371,273
492,149
1045,657
328,325
340,311
1208,403
741,727
1331,641
934,917
954,741
713,649
1035,954
260,170
1319,620
1408,420
438,191
1870,114
1253,708
1088,773
860,747
1093,818
937,496
832,586
996,989
1296,599
1084,586
1689,250
863,566
1610,364
1348,364
1253,350
861,368
630,248
1047,770
1175,627
360,218
384,384
986,306
1401,530
1007,716
256,203
832,668
1130,864
889,766
703,304
826,499
1083,903
1245,631
1143,620
604,239
758,559
776,529
871,453
802,632
1031,926
1443,211
836,662
718,598
791,447
356,227
1030,796
1124,874
297,252
847,542
1487,328
819,427
1155,389
1791,120
328,302
985,877
1068,779
565,538
1422,299
895,859
1149,230
1209,746
1116,275
1871,89
1350,458
302,228
1327,526
1117,871
979,902
1269,425
1502,361
1301,698
1128,783
1032,836
172,106
1211,501
558,281
385,281
1021,220
1044,358
1814,149
1840,102
555,112
982,187
1270,579
240,139
1265,609
852,852
1062,732
380,312
947,912
767,676
1236,202
1499,469
1326,385
263,261
929,574
1480,368
1195,756
1217,591
850,559
1404,483
1254,423
798,343
1300,700
529,426
1233,735
261,151
1031,792
931,263
811,562
612,507
520,270
325,182
952,755
1257,674
954,340
973,564
1544,434
1323,674
656,531
1283,567
568,560
247,77
1020,317
607,463
517,215
1088,409
500,471
1131,814
713,438
381,210
1166,759
186,121
1626,196
1440,264
1020,900
1539,435
1132,839
904,830
1624,293
932,713
1218,733
845,725
1501,204
1330,308
328,280
1510,298
98,86
1059,609
1042,783
459,386
1446,291
628,566
1251,610
1231,682
1202,356
1125,689
1213,765
1409,400
694,172
320,52
621,162
881,868
1014,797
735,158
1016,793
840,574
320,59
1386,377
714,601
956,675
753,502
114,115
1496,306
1050,311
134,25
1057,617
611,556
1639,205
1025,724
1180,662
405,268
1245,423
759,318
822,741
754,403
985,979
1484,428
731,640
941,130
905,517
788,760
582,488
1119,583
725,554
293,251
1294,705
883,352
885,412
1058,772
763,9
1304,608
1153,502
1684,302
586,581
482,421
909,799
1547,152
891,835
1323,473
915,637
609,594
723,607
1347,639
1707,290
1004,855
1323,632
982,29
853,676
878,835
1043,775
1101,767
561,520
1250,455
87,84
296,266
324,134
964,861
1745,100
1011,245
52,52
1399,215
550,431
841,293
714,515
1001,807
1041,950
393,269
1123,377
1701,278
1171,551
1165,782
900,703
917,543
336,172
1447,544
1383,427
848,762
1079,920
850,758
1519,432
1024,661
902,482
483,432
427,400
868,801
518,484
1568,160
1461,301
1441,470
1011,446
848,718
554,61
1121,535
941,938
794,536
1646,146
781,674
475,165
1097,774
1412,295
1578,361
930,858
1493,376
1159,515
522,151
798,666
858,712
1311,466
1028,903
1335,629
989,917
1641,282
961,952
242,81
625,314
1509,26
1302,607
1152,736
1048,331
1143,804
1532,450
913,880
1030,700
717,672
1207,339
782,256
908,899
1167,809
1284,200
1342,630
1383,614
1411,578
824,687
606,452
1294,632
1711,261
838,331
874,452
826,748
764,118
887,452
927,880
898,475
1205,279
681,614
1114,839
227,34
456,180
936,750
1388,517
1066,692
1190,534
1085,314
1271,707
1502,354
987,983
1032,910
691,395
289,270
1845,144
321,285
1007,885
1045,452
992,713
198,177
957,834
955,153
644,612
365,193
656,446
558,143
739,636
1483,505
1167,472
1258,525
1375,580
1483,307
1008,945
803,426
1177,795
808,27
407,403
448,127
1002,966
1043,414
1329,659
769,723
264,264
325,249
511,309
878,846
894,886
1093,176
986,827
1190,609
1015,880
1493,358
1419,566
1198,770
254,36
1280,525
1632,366
1000,896
517,448
920,289
833,626
1685,288
939,873
1231,754
377,299
671,420
742,446
1205,286
1693,242
821,806
1648,336
1009,892
1654,242
1028,613
403,382
951,924
980,630
1032,730
899,785
1488,280
1179,522
1138,456
908,643
1261,540
1521,204
1052,815
598,38
1765,124
1063,876
513,268
1151,605
1029,498
907,714
991,313
581,541
692,421
976,682
830,693
1031,952
1312,304
865,847
1327,292
608,182
1094,654
1085,461
1513,280
963,627
1006,290
781,601
281,159
844,834
1239,721
872,506
543,120
720,385
1049,704
408,396
1690,64
1563,327
994,292
1281,271
822,433
1572,301
1473,254
396,383
1395,561
914,484
746,363
264,209
1391,316
922,554
1131,266
1198,305
874,526
621,397
646,248
1415,412
1179,664
1336,390
1126,740
1750,222
1079,901
1648,245
1156,820
1078,861
1221,747
641,264
461,383
477,476
1009,890
944,708
951,766
912,589
855,701
1031,580
1543,415
1182,743
1071,757
1499,439
1237,701
957,803
936,892
1211,400
1072,877
1082,636
1144,504
932,705
909,455
1451,504
1054,256
1461,263
1101,881
1644,264
1008,364
1194,660
1071,460
506,377
1478,487
1138,788
828,456
893,849
1268,546
1352,457
1227,428
1141,858
1343,117
817,196
1120,785
687,397
1583,134
716,136
1857,143
1241,735
1040,808
673,582
472,210
1374,329
1942,57
1214,431
847,633
1034,737
788,609
1746,243
671,343
993,991
961,905
1486,347
1024,936
556,262
810,565
1400,595
887,520
843,502
1104,740
434,425
1321,329
1310,392
1868,73
970,627
1130,862
1140,764
896,875
905,885
553,380
651,466
1399,564
990,585
1099,402
155,109
118,112
338,286
1374,519
1413,386
373,323
750,566
1283,154
1160,613
1495,323
592,502
1344,652
765,340
757,713
357,301
457,431
1527,396
322,272
1659,133
899,574
883,237
867,862
753,692
974,818
1011,801
1062,877
611,502
647,248
1396,591
1274,726
1307,512
1529,408
1862,137
566,301
397,356
417,414
1073,577
1696,80
1946,42
1076,844
1274,708
1486,401
463,459
1164,453
675,514
711,702
1061,563
1481,513
75,71
600,523
1551,339
1030,545
1421,419
928,646
849,515
940,860
1635,310
830,707
983,548
1518,369
516,444
1363,394
618,602
1083,514
1146,550
1169,390
1078,597
811,691
1047,637
1104,285
1229,330
775,768
1586,315
142,135
1450,545
976,809
969,872
740,708
1054,206
1114,184
1409,381
611,566
1237,579
905,387
940,800
1521,477
1625,299
1662,160
1106,799
1267,564
1205,571
1049,34
1449,141
1217,307
322,307
1018,64
693,606
891,874
457,271
981,269
1485,399
157,148
661,300
862,740
450,176
805,770
896,758
1566,384
1067,432
735,134
647,208
385,66
1181,776
1458,458
537,503
1876,60
438,234
1127,800
1335,495
1096,739
449,272
1602,291
615,592
977,512
795,490
686,513
1138,716
777,732
1116,693
804,653
629,567
877,297
767,676
1324,204
1566,307
1231,730
1367,568
287,220
1305,691
827,637
877,551
773,640
967,867
1585,226
1103,230
953,939
954,682
1186,434
1022,939
762,682
985,939
1391,499
1458,240
997,973
995,760
1051,747
782,492
991,749
1168,432
1390,567
1169,556
821,489
1565,429
1077,695
1139,613
1142,822
781,541
762,224
1159,438
1203,594
1070,598
901,462
546,473
1103,534
1656,309
904,724
1512,240
934,862
1687,246
1422,359
548,334
1187,787
1195,461
339,82
295,216
552,465
705,705
1228,695
92,61
907,892
1279,525
685,686
768,633
1517,468
1025,342
1474,175
1483,475
826,629
1038,679
582,441
659,478
1048,821
898,600
507,390
969,432
1053,452
1013,75
1332,344
254,157
649,612
1110,271
799,761
493,362
924,352
812,475
964,36
1526,471
1131,364
405,372
899,696
598,568
778,217
998,881
1549,414
1875,12
635,357
861,524
853,717
1043,614
976,893
1458,143
1633,75
1073,672
1022,673
1058,869
527,482
184,37
1589,402
669,526
1192,654
1211,681
192,184
1437,533
74,67
1095,432
1353,604
1424,536
626,91
1557,258
1781,122
1210,699
1024,936
216,161
843,497
287,191
524,366
1670,270
1276,717
362,199
1295,352
463,332
1692,152
1633,323
658,561
911,591
1154,436
0
0
0
1
1
1
2
2
3
3
3
3
4
4
5
5
7
7
7
7
7
8
8
8
8
8
8
9
9
9
11
11
11
12
12
12
13
13
14
14
15
15
16
17
17
17
17
19
19
20
20
20
21
21
22
23
23
24
24
24
24
25
25
26
27
27
27
27
29
29
30
31
31
31
31
32
32
32
32
32
34
34
34
35
36
36
37
37
37
38
38
39
39
39
40
40
40
40
41
41
42
43
43
44
44
46
46
46
47
47
47
47
47
47
48
49
51
51
51
52
53
54
55
55
55
55
55
55
56
57
57
57
57
58
58
59
59
60
60
60
61
61
61
62
62
63
63
64
64
65
65
65
65
65
67
68
68
68
68
69
70
70
71
71
71
72
73
73
73
73
73
74
74
75
75
75
75
75
77
78
78
78
79
80
81
82
82
82
83
84
85
86
87
87
88
89
90
90
92
92
92
92
93
93
93
93
94
94
95
95
98
101
101
101
102
102
102
104
104
104
104
104
105
106
106
107
108
109
110
110
110
112
113
113
114
114
115
116
117
117
117
118
118
118
119
120
120
120
122
122
123
123
123
126
126
127
127
128
128
129
131
131
133
133
134
134
136
136
136
136
136
136
137
138
140
140
140
142
142
143
143
144
144
144
144
144
145
145
147
147
147
147
148
149
150
151
152
153
153
153
154
154
154
154
156
156
156
156
156
156
157
157
157
158
158
158
160
160
160
161
161
161
161
161
162
163
163
163
163
163
163
165
165
165
168
168
168
168
168
168
168
169
169
169
170
171
171
171
172
172
172
173
173
174
175
175
176
176
176
177
177
178
178
178
178
179
179
179
182
182
182
182
184
184
184
184
185
185
186
186
186
186
186
186
187
187
187
188
188
188
189
189
189
189
190
190
191
192
192
192
192
193
193
193
194
194
194
194
195
196
196
196
197
197
198
199
199
199
200
200
201
204
204
204
205
205
205
205
207
208
208
208
208
211
211
211
211
212
212
214
214
214
214
214
215
215
215
216
216
216
216
216
217
218
218
220
220
221
221
221
221
222
222
223
223
223
223
224
225
226
226
226
226
227
227
227
227
228
228
228
228
229
229
229
230
230
230
231
231
232
232
234
235
237
237
237
237
238
238
239
240
241
242
242
243
244
244
244
245
245
246
247
247
247
248
249
250
250
250
251
252
252
253
254
254
254
255
255
256
256
256
257
257
258
258
259
259
260
262
262
263
263
263
266
266
267
267
267
269
269
269
270
271
271
271
272
272
273
273
274
274
275
275
275
276
277
277
277
278
278
279
279
280
280
281
281
281
281
282
283
283
283
283
284
284
285
285
285
286
286
287
287
289
289
290
290
291
291
292
293
293
295
295
296
296
296
296
297
297
297
297
298
299
299
300
300
300
300
300
300
301
301
301
301
301
302
302
302
303
303
304
304
304
306
306
307
308
308
309
309
309
311
311
311
312
312
312
313
313
313
313
313
314
316
317
319
319
319
319
320
320
321
321
321
322
322
322
323
324
325
325
327
328
328
328
329
329
330
330
330
330
331
332
333
333
333
334
334
334
334
335
335
336
337
338
339
342
342
343
343
344
344
344
345
346
346
346
347
347
347
347
347
347
348
348
348
348
349
350
350
351
352
352
354
355
356
356
357
357
357
358
359
359
360
360
361
362
362
363
364
365
365
366
366
367
367
367
368
368
368
368
369
370
370
370
370
370
371
372
373
373
375
375
375
375
376
377
378
378
378
378
379
379
380
381
382
383
383
383
384
384
384
385
385
386
386
387
390
390
391
391
391
391
393
393
393
393
393
394
395
395
395
395
395
396
396
398
398
398
399
399
399
400
402
403
404
404
405
406
407
407
408
408
410
410
410
410
411
411
412
413
413
413
414
414
414
415
415
415
416
416
416
416
416
417
417
418
418
418
419
420
420
420
421
421
421
421
421
422
422
422
422
424
425
425
425
425
425
425
425
427
427
428
428
428
430
430
430
431
432
432
434
434
434
434
435
436
436
436
438
440
441
442
443
444
445
446
446
447
448
448
449
450
451
452
452
452
452
454
454
455
455
455
456
456
456
457
457
457
457
457
458
458
458
459
460
460
460
460
462
463
464
464
464
465
465
465
466
466
467
467
467
469
470
470
470
471
471
471
471
473
473
473
474
474
475
475
475
475
476
477
477
478
478
478
479
479
480
480
481
482
482
484
485
485
486
486
488
488
488
488
489
489
489
489
489
489
489
490
490
490
490
492
492
492
493
493
493
494
495
496
496
496
497
497
498
498
500
500
501
501
502
502
503
503
504
504
504
505
505
505
507
507
508
509
510
510
510
510
511
511
511
512
512
513
513
513
514
514
514
515
516
516
517
517
518
518
519
519
520
520
520
521
521
522
522
523
523
524
524
525
525
526
527
527
527
528
528
528
530
531
531
531
531
531
532
532
532
533
533
534
534
535
536
537
538
540
540
540
541
542
542
543
544
544
545
545
545
547
547
547
548
548
549
549
549
550
551
551
551
551
552
553
553
554
554
555
555
555
556
556
557
558
558
558
559
559
559
560
561
561
561
562
562
562
563
563
564
565
565
565
566
566
566
566
567
568
569
569
569
570
570
570
571
571
571
572
572
572
572
574
574
574
575
575
576
576
576
576
577
577
578
578
578
578
580
580
580
581
582
582
583
583
583
584
584
585
585
585
586
587
588
588
588
589
589
590
590
590
591
591
591
591
592
592
594
594
594
595
596
596
596
596
597
597
599
599
600
600
601
601
601
602
603
604
605
605
605
606
606
606
607
607
607
608
609
610
611
612
613
614
615
616
617
617
617
619
619
620
620
621
621
622
623
623
623
624
625
625
626
627
627
627
627
628
628
628
628
629
629
629
630
630
630
631
631
631
634
634
635
636
637
638
638
639
639
640
640
640
640
640
641
641
641
641
643
645
645
647
647
647
649
649
650
651
652
652
652
653
653
654
654
655
655
655
656
656
656
657
657
657
657
658
658
658
658
660
660
660
661
661
661
661
663
663
663
664
664
664
665
665
665
667
668
668
669
669
669
670
670
671
671
671
671
672
672
672
673
673
674
674
675
676
676
676
676
678
678
679
679
679
679
679
680
681
681
681
681
681
682
682
684
684
684
685
686
686
687
688
688
689
689
689
690
690
690
691
691
691
691
691
692
692
694
694
694
695
696
696
697
697
698
698
699
699
699
699
700
700
700
700
701
702
702
702
702
702
702
704
704
705
706
706
706
707
707
707
707
708
708
709
709
710
711
711
711
711
711
712
712
712
712
713
714
714
715
715
715
717
717
718
718
719
719
720
720
721
721
721
722
722
722
723
724
724
724
725
725
728
729
729
731
731
731
731
732
732
732
732
733
733
734
735
736
736
736
736
737
737
737
738
738
739
739
739
740
740
741
741
741
742
742
742
742
742
743
743
743
743
743
744
744
745
746
747
747
747
747
748
748
749
749
749
750
750
751
751
753
753
754
755
756
757
757
757
758
758
759
760
761
762
762
762
763
763
765
766
766
768
768
768
769
769
770
770
771
771
772
772
772
773
773
773
775
776
776
777
777
777
778
778
778
778
779
779
779
780
780
780
781
781
782
782
782
784
784
784
785
785
786
787
787
788
788
788
792
792
792
792
793
794
795
796
796
796
796
797
797
797
798
800
801
802
803
803
804
804
804
804
804
804
805
806
806
806
807
807
808
808
809
809
810
810
810
812
812
812
813
814
814
815
816
816
816
817
818
818
819
819
819
820
820
820
821
821
822
822
823
823
824
824
824
824
824
825
825
826
827
827
827
827
828
828
829
829
829
830
830
830
831
832
832
832
833
833
833
833
833
834
835
835
835
835
836
837
837
838
840
841
842
844
845
845
846
846
847
848
849
850
850
851
852
852
852
853
854
854
856
856
856
857
857
857
857
858
858
858
859
860
861
861
862
862
862
862
862
862
863
865
865
865
865
866
866
866
866
867
867
869
869
870
871
871
871
872
872
873
873
873
873
875
875
876
876
877
877
877
877
879
879
880
880
880
880
881
882
882
882
883
883
883
883
884
885
887
887
887
887
889
889
889
891
891
892
893
893
893
895
895
896
897
897
898
898
898
899
900
900
901
901
902
902
902
903
904
904
904
904
905
905
905
905
906
906
906
907
907
908
910
911
913
913
914
915
916
916
917
917
917
917
917
918
918
918
918
919
919
919
921
924
924
925
925
925
925
926
926
927
927
929
930
930
931
931
931
931
932
934
934
935
936
937
937
938
938
939
939
939
939
939
940
940
941
941
941
942
943
943
944
945
945
946
946
946
947
947
948
948
950
951
951
951
951
952
952
953
953
953
953
954
955
955
956
956
957
957
957
957
958
958
958
959
959
959
960
960
961
961
961
962
963
965
965
966
968
968
968
969
969
971
971
972
972
972
973
973
973
974
974
975
975
977
978
978
978
980
980
981
981
982
984
984
985
985
985
986
986
987
989
990
990
992
992
993
994
994
994
995
995
996
996
997
997
998
998
998
998
999
999
999
999
999
1000
1000
1002
1002
1002
1002
1003
1003
1003
1003
1004
1004
1005
1005
1006
1006
1006
1006
1007
1007
1007
1008
1009
1009
1009
1010
1010
1010
1012
1012
1013
1013
1014
1015
1015
1016
1016
1017
1017
1017
1018
1019
1020
1020
1021
1021
1021
1021
1023
1024
1025
1025
1027
1029
1030
1030
1034
1034
1034
1034
1035
1035
1036
1036
1037
1038
1038
1038
1039
1039
1040
1040
1040
1041
1042
1042
1043
1043
1044
1044
1044
1047
1047
1047
1049
1049
1049
1050
1050
1051
1051
1051
1052
1052
1052
1052
1052
1053
1053
1053
1053
1054
1054
1054
1055
1056
1056
1056
1056
1057
1057
1058
1059
1059
1059
1060
1060
1060
1060
1061
1061
1061
1061
1062
1062
1062
1062
1062
1063
1063
1064
1064
1064
1064
1064
1065
1065
1066
1066
1066
1067
1069
1069
1070
1070
1070
1071
1072
1072
1073
1073
1075
1076
1076
1077
1077
1077
1079
1079
1079
1081
1082
1082
1083
1083
1084
1084
1085
1085
1085
1086
1086
1087
1088
1089
1089
1091
1092
1093
1093
1093
1094
1094
1095
1095
1095
1095
1096
1096
1096
1097
1097
1097
1097
1098
1098
1098
1098
1098
1098
1099
1099
1099
1101
1101
1104
1104
1104
1106
1107
1108
1108
1108
1109
1109
1110
1110
1110
1110
1110
1111
1111
1111
1111
1111
1112
1112
1112
1112
1113
1113
1113
1115
1115
1115
1116
1116
1116
1116
1117
1118
1118
1119
1119
1119
1119
1120
1120
1120
1121
1121
1121
1121
1124
1124
1126
1126
1127
1127
1128
1128
1129
1130
1130
1130
1131
1133
1133
1135
1135
1136
1136
1136
1137
1137
1139
1140
1140
1140
1140
1141
1142
1142
1142
1143
1144
1144
1144
1145
1145
1145
1145
1146
1146
1147
1149
1149
1150
1150
1151
1151
1152
1152
1155
1155
1156
1156
1158
1158
1160
1162
1163
1164
1166
1167
1167
1167
1167
1168
1168
1169
1169
1170
1173
1173
1173
1174
1174
1175
1175
1175
1176
1176
1177
1177
1177
1177
1178
1178
1178
1179
1182
1183
1183
1184
1185
1185
1186
1186
1187
1188
1189
1189
1189
1190
1190
1190
1190
1190
1192
1192
1192
1192
1193
1193
1194
1195
1195
1196
1196
1196
1197
1198
1198
1199
1199
1199
1199
1200
1200
1201
1201
1201
1202
1203
1203
1203
1203
1204
1205
1205
1205
1205
1206
1206
1207
1208
1209
1209
1209
1210
1210
1210
1211
1211
1212
1212
1213
1213
1214
1214
1215
1215
1215
1215
1215
1216
1216
1217
1217
1218
1218
1218
1219
1219
1219
1220
1220
1220
1220
1221
1221
1222
1222
1223
1225
1226
1227
1228
1228
1228
1229
1229
1229
1229
1229
1230
1231
1231
1231
1232
1233
1233
1233
1233
1234
1235
1235
1236
1236
1236
1236
1237
1238
1238
1238
1238
1239
1240
1241
1241
1241
1242
1243
1243
1243
1244
1244
1244
1245
1245
1245
1245
1246
1246
1246
1247
1247
1247
1248
1248
1248
1248
1249
1250
1250
1250
1251
1251
1251
1252
1252
1253
1253
1253
1255
1257
1257
1258
1260
1260
1260
1261
1261
1261
1261
1262
1262
1263
1263
1263
1264
1264
1266
1266
1266
1266
1266
1267
1267
1267
1267
1268
1269
1269
1269
1270
1270
1270
1271
1271
1271
1272
1272
1272
1272
1273
1273
1274
1274
1274
1275
1275
1276
1277
1277
1277
1278
1278
1279
1279
1281
1281
1281
1282
1282
1282
1282
1283
1283
1283
1283
1284
1286
1287
1287
1287
1289
1289
1289
1290
1290
1290
1293
1294
1294
1295
1295
1296
1297
1299
1299
1300
1300
1300
1300
1300
1300
1301
1301
1302
1302
1302
1302
1303
1303
1303
1304
1305
1305
1306
1306
1306
1306
1306
1307
1307
1307
1308
1308
1309
1310
1310
1311
1311
1311
1313
1313
1313
1314
1315
1315
1316
1317
1317
1318
1318
1319
1319
1319
1319
1320
1321
1321
1321
1322
1322
1322
1322
1323
1324
1324
1325
1325
1326
1326
1327
1327
1329
1330
1330
1331
1331
1331
1331
1332
1332
1332
1332
1332
1333
1333
1333
1334
1335
1335
1336
1336
1338
1338
1339
1339
1339
1340
1340
1340
1341
1342
1342
1342
1342
1344
1344
1344
1344
1345
1345
1347
1347
1347
1347
1347
1348
1348
1348
1348
1349
1350
1351
1351
1351
1352
1352
1352
1353
1353
1354
1355
1355
1355
1355
1356
1356
1356
1356
1356
1357
1357
1357
1357
1359
1360
1360
1360
1361
1361
1362
1363
1364
1364
1365
1365
1366
1366
1367
1367
1367
1367
1368
1368
1369
1369
1369
1369
1369
1370
1370
1370
1371
1372
1373
1374
1375
1376
1376
1376
1376
1377
1377
1377
1377
1377
1378
1378
1379
1380
1380
1380
1380
1381
1381
1382
1382
1383
1383
1384
1384
1384
1385
1385
1386
1386
1386
1387
1387
1387
1388
1389
1389
1389
1390
1390
1390
1391
1392
1392
1393
1393
1394
1394
1394
1396
1396
1397
1398
1398
1399
1399
1399
1401
1402
1402
1402
1403
1403
1403
1404
1404
1405
1406
1407
1407
1407
1407
1408
1409
1409
1409
1409
1410
1410
1412
1412
1413
1414
1414
1415
1415
1416
1416
1416
1417
1420
1421
1421
1422
1422
1422
1422
1423
1423
1423
1423
1423
1424
1424
1424
1425
1426
1426
1426
1426
1427
1427
1429
1429
1429
1430
1431
1431
1432
1432
1432
1432
1432
1433
1434
1434
1435
1435
1435
1435
1435
1436
1436
1437
1437
1438
1439
1439
1440
1441
1443
1443
1443
1443
1443
1444
1444
1444
1445
1445
1446
1446
1446
1446
1447
1448
1448
1448
1449
1450
1450
1450
1451
1452
1452
1453
1455
1455
1455
1456
1456
1457
1457
1458
1458
1458
1458
1458
1459
1459
1459
1459
1460
1460
1461
1461
1461
1461
1463
1463
1463
1464
1465
1466
1466
1466
1467
1468
1468
1469
1472
1473
1473
1474
1474
1476
1476
1476
1476
1476
1476
1477
1478
1479
1479
1479
1480
1480
1480
1480
1480
1480
1481
1481
1482
1483
1484
1484
1487
1487
1487
1487
1488
1489
1489
1490
1491
1491
1491
1492
1492
1492
1493
1494
1494
1494
1496
1496
1497
1498
1499
1499
1499
1499
1500
1500
1501
1501
1501
1502
1502
1502
1503
1503
1504
1504
1505
1506
1506
1507
1507
1508
1508
1509
1509
1509
1509
1510
1510
1511
1511
1512
1512
1513
1514
1515
1515
1515
1516
1516
1517
1517
1518
1518
1519
1520
1520
1520
1521
1522
1522
1522
1522
1523
1523
1523
1523
1524
1524
1525
1525
1525
1528
1528
1528
1529
1529
1529
1529
1529
1530
1530
1531
1532
1533
1533
1533
1533
1534
1534
1534
1535
1535
1536
1536
1537
1538
1539
1539
1539
1539
1539
1540
1540
1540
1540
1541
1541
1541
1541
1541
1542
1542
1542
1543
1543
1543
1544
1544
1545
1545
1545
1546
1546
1547
1548
1549
1550
1550
1550
1550
1552
1552
1553
1553
1553
1555
1556
1557
1557
1559
1559
1559
1559
1560
1560
1561
1562
1562
1562
1562
1562
1563
1564
1564
1565
1565
1565
1566
1566
1567
1567
1569
1569
1569
1570
1570
1570
1571
1572
1573
1574
1574
1574
1576
1576
1578
1578
1579
1579
1579
1579
1580
1580
1581
1582
1582
1582
1583
1583
1584
1584
1585
1586
1586
1588
1588
1589
1589
1591
1591
1591
1592
1592
1592
1592
1593
1593
1593
1594
1595
1595
1595
1597
1598
1598
1598
1598
1599
1599
1599
1600
1600
1600
1600
1601
1602
1602
1603
1603
1603
1605
1605
1606
1606
1607
1607
1608
1608
1608
1608
1609
1609
1611
1612
1612
1613
1614
1614
1614
1615
1615
1616
1616
1618
1618
1619
1619
1619
1620
1620
1621
1622
1622
1623
1623
1623
1623
1624
1625
1625
1625
1626
1626
1626
1627
1628
1629
1630
1630
1632
1633
1633
1633
1634
1634
1635
1635
1635
1636
1636
1637
1637
1637
1638
1638
1638
1641
1641
1641
1642
1643
1643
1644
1644
1644
1645
1645
1645
1646
1646
1646
1647
1647
1647
1648
1649
1649
1649
1649
1650
1650
1650
1650
1650
1651
1651
1651
1651
1652
1653
1655
1655
1656
1656
1657
1658
1659
1660
1660
1660
1661
1662
1663
1664
1664
1665
1666
1667
1667
1667
1667
1668
1669
1670
1670
1671
1672
1673
1674
1674
1674
1674
1674
1675
1676
1677
1679
1680
1683
1683
1683
1683
1683
1683
1684
1684
1684
1684
1685
1685
1685
1685
1686
1687
1690
1690
1691
1691
1692
1692
1692
1693
1694
1694
1694
1695
1695
1695
1695
1696
1696
1696
1697
1697
1697
1697
1697
1697
1698
1698
1698
1699
1700
1700
1700
1701
1701
1702
1702
1702
1703
1704
1704
1704
1704
1705
1705
1705
1707
1707
1707
1707
1707
1708
1708
1709
1709
1709
1710
1710
1713
1714
1715
1716
1718
1718
1719
1719
1719
1720
1721
1721
1722
1722
1724
1726
1727
1727
1730
1731
1732
1732
1733
1733
1734
1735
1736
1737
1739
1739
1739
1740
1740
1740
1741
1741
1742
1742
1742
1742
1743
1743
1743
1743
1743
1743
1744
1746
1747
1747
1748
1748
1749
1749
1750
1751
1751
1751
1752
1753
1753
1753
1754
1754
1754
1756
1756
1756
1756
1758
1759
1759
1759
1760
1760
1761
1761
1761
1762
1762
1762
1763
1764
1764
1765
1765
1766
1766
1766
1766
1766
1767
1768
1769
1769
1769
1769
1770
1771
1771
1772
1772
1772
1773
1773
1773
1773
1774
1774
1775
1775
1776
1776
1776
1778
1779
1779
1780
1781
1781
1781
1782
1783
1784
1784
1786
1787
1789
1789
1790
1791
1793
1793
1794
1794
1794
1795
1795
1796
1796
1796
1796
1797
1797
1797
1798
1798
1799
1800
1801
1802
1802
1802
1803
1803
1804
1805
1805
1805
1806
1807
1807
1807
1807
1807
1808
1809
1809
1810
1810
1810
1810
1811
1811
1811
1811
1812
1812
1812
1814
1815
1815
1816
1816
1816
1817
1818
1818
1818
1818
1820
1820
1821
1821
1821
1822
1822
1822
1822
1822
1823
1823
1823
1824
1825
1827
1827
1827
1829
1829
1830
1831
1831
1832
1833
1834
1835
1837
1838
1839
1839
1840
1840
1841
1842
1842
1842
1843
1845
1846
1846
1846
1846
1847
1847
1849
1849
1849
1849
1851
1851
1852
1853
1853
1853
1854
1854
1854
1855
1856
1856
1856
1857
1858
1858
1859
1860
1860
1860
1861
1861
1861
1862
1862
1862
1863
1864
1864
1864
1864
1865
1865
1865
1865
1865
1866
1867
1867
1868
1868
1869
1869
1869
1870
1870
1871
1872
1873
1874
1875
1877
1877
1877
1878
1879
1879
1879
1880
1880
1882
1883
1883
1884
1884
1884
1885
1885
1885
1886
1886
1887
1887
1888
1889
1890
1890
1890
1890
1891
1892
1892
1893
1894
1894
1894
1894
1895
1896
1896
1896
1896
1896
1897
1899
1899
1900
1900
1901
1901
1902
1902
1903
1903
1904
1905
1905
1905
1905
1905
1905
1905
1905
1906
1906
1906
1907
1909
1910
1911
1911
1911
1912
1912
1912
1913
1914
1915
1917
1917
1918
1919
1919
1920
1920
1921
1922
1923
1923
1923
1923
1923
1924
1924
1924
1924
1925
1925
1927
1927
1927
1928
1929
1930
1930
1931
1931
1931
1931
1933
1933
1934
1934
1934
1934
1934
1935
1935
1935
1936
1936
1936
1937
1937
1938
1938
1938
1938
1939
1939
1939
1940
1940
1941
1942
1943
1943
1943
1943
1944
1945
1945
1945
1946
1946
1946
1946
1946
1948
1949
1949
1950
1950
1950
1950
1951
1951
1954
1956
1956
1956
1956
1957
1957
1957
1957
1957
1957
1957
1958
1958
1958
1958
1959
1959
1960
1960
1960
1960
1961
1961
1962
1963
1963
1963
1964
1964
1964
1965
1965
1965
1966
1966
1966
1967
1967
1967
1967
1968
1968
1969
1969
1969
1970
1970
1971
1971
1971
1971
1971
1971
1972
1972
1973
1973
1973
1973
1973
1974
1974
1974
1975
1975
1977
1977
1978
1978
1978
1979
1979
1980
1981
1981
1982
1982
1983
1983
1984
1984
1985
1985
1986
1986
1987
1987
1988
1988
1988
1989
1990
1990
1990
1990
1991
1991
1993
1994
1994
1995
1995
1996
1997
1997
1998
1998
2000
