Primero viene la cantidad (n) de timestamps para ambos, luego n líneas que son un timestamp aproximado cada uno separado por una coma (',') del error, y luego n lineas de las transacciones del sospechoso
4005
96,36
121,39
219,49
501,2
1014,41
1965,23
48,47
97,19
200,38
352,38
784,10
1518,50
40,17
101,36
195,29
391,35
730,3
1556,13
36,10
68,5
118,46
307,36
570,42
1108,43
48,29
58,4
198,40
318,23
718,22
1374,41
66,19
162,9
307,10
624,6
1245,24
66,12
148,21
281,40
505,17
1087,24
65,46
100,3
262,33
442,29
927,9
1860,10
42,41
133,36
228,2
412,44
818,42
1691,33
71,33
134,29
250,44
477,47
1028,14
1947,11
85,27
139,5
307,31
626,4
1217,26
6,2
30,29
108,23
244,27
397,19
789,37
1668,37
7,6
54,50
93,48
239,34
439,34
847,29
1691,20
14,8
43,23
111,23
262,38
508,22
993,44
1951,45
22,21
78,41
114,28
269,8
520,23
1059,7
58,29
87,36
210,25
385,48
802,13
1606,31
12,11
91,9
147,36
339,17
668,26
1273,40
6,5
42,41
49,23
132,33
269,21
584,9
1155,8
53,32
107,16
174,36
402,32
755,11
1581,43
42,20
79,24
172,33
393,14
774,40
1507,23
66,41
131,42
289,19
569,6
1135,11
5,4
101,37
152,8
309,39
595,36
1209,17
43,30
130,10
257,33
512,26
1004,7
1941,31
21,20
39,22
117,29
232,26
456,4
941,39
1881,50
72,29
95,42
245,26
486,33
963,5
1899,29
50,10
76,12
148,36
303,47
595,31
1173,17
85,26
185,21
290,17
562,11
1151,45
30,22
113,6
166,20
388,28
730,13
1444,48
98,9
173,5
289,5
637,28
1246,7
31,30
131,19
194,31
383,38
776,28
1572,13
65,26
126,38
247,26
485,35
1000,41
2000,1999
17,16
94,42
178,20
322,39
706,12
1369,11
20,19
105,9
216,9
386,17
801,33
1574,33
28,5
126,29
240,34
417,16
880,47
1773,9
3,2
104,31
108,38
294,1
547,46
1091,22
3,2
52,1
99,33
214,49
414,36
841,44
1631,25
19,13
117,20
186,42
349,22
676,14
1431,4
52,50
91,28
210,28
354,12
775,22
1575,9
84,24
165,4
266,13
556,31
1073,42
68,24
81,31
232,3
477,31
881,42
1840,41
39,38
122,41
247,37
444,4
924,32
1873,10
27,26
77,21
168,16
323,23
631,17
1313,16
32,31
105,45
211,2
382,9
742,36
1490,48
5,4
77,13
94,26
215,42
450,20
879,15
1759,33
10,6
54,11
131,26
249,9
542,46
1005,25
1934,9
18,17
89,45
148,16
287,30
598,46
1168,34
50,38
113,43
259,4
436,42
921,22
1848,7
75,26
94,47
200,44
445,29
884,5
1756,33
101,42
104,28
272,49
560,7
1061,14
101,35
160,12
296,29
594,25
1172,29
88,29
91,5
264,46
454,12
925,5
1842,36
41,7
43,22
94,34
232,50
484,36
952,10
1857,16
90,4
125,9
294,43
590,43
1191,35
47,29
133,6
223,18
412,4
824,50
1705,12
55,6
145,49
267,1
471,45
1019,27
1958,16
99,35
198,13
391,4
700,42
1420,43
66,19
113,24
279,43
515,42
979,17
1969,1968
72,26
163,42
272,9
598,8
1182,30
39,11
79,16
188,19
387,39
780,35
1492,48
11,10
51,33
81,41
243,21
453,9
890,27
1822,1
29,27
83,21
201,13
323,40
670,14
1400,34
15,14
78,14
164,28
338,3
638,42
1244,45
69,20
103,25
178,3
378,30
815,10
1627,17
3,2
12,11
93,26
171,31
361,34
687,26
1423,16
84,23
165,46
270,37
554,26
1151,31
39,14
68,20
193,18
320,35
667,31
1372,18
98,23
145,44
341,40
681,35
1280,9
98,37
153,5
281,28
602,5
1151,43
37,27
50,3
151,34
289,43
584,8
1205,49
16,15
54,27
162,11
333,17
571,10
1215,37
86,40
146,17
308,21
621,42
1262,25
86,16
170,8
354,50
641,40
1330,6
56,47
86,26
239,37
431,13
899,38
1752,5
80,29
82,6
186,7
411,8
816,13
1648,35
54,8
92,24
206,8
407,47
851,7
1663,2
51,27
90,13
197,38
359,35
702,49
1435,28
10,9
22,21
133,42
254,46
445,35
873,40
1758,25
86,24
136,33
279,48
513,29
1085,41
74,40
97,14
185,48
382,19
757,13
1580,6
59,32
88,44
209,16
425,36
783,9
1609,10
98,44
149,1
344,24
592,34
1227,17
79,48
101,9
223,50
488,3
921,20
1839,40
88,29
183,33
273,16
621,10
1246,48
100,46
176,8
335,32
626,7
1295,40
78,16
163,45
252,1
518,43
1091,38
86,28
139,26
235,25
508,17
1044,29
74,20
118,1
193,48
422,3
829,13
1720,26
88,12
152,42
258,3
573,23
1141,37
14,13
24,23
87,11
217,28
348,1
746,18
1520,34
96,38
143,27
294,12
536,6
1170,28
87,28
139,46
264,9
553,18
1090,42
99,18
157,44
316,35
617,33
1290,44
53,15
135,14
265,18
531,3
1081,31
72,12
163,39
316,41
650,6
1246,17
25,4
123,9
193,29
357,23
744,22
1501,36
64,45
162,26
303,1
591,42
1174,13
82,27
172,3
268,37
544,17
1132,21
90,46
179,34
308,46
661,31
1243,49
14,9
32,31
104,14
152,21
326,40
701,4
1405,29
23,22
91,25
163,49
313,21
655,32
1303,41
79,35
83,50
226,8
469,32
937,4
1880,39
27,7
95,31
196,4
395,25
742,49
1469,25
80,34
151,36
307,4
596,11
1162,22
68,45
89,17
191,34
434,11
792,4
1582,24
29,28
122,9
209,39
422,49
793,39
1652,8
7,6
17,13
32,31
123,44
220,1
500,42
901,2
1833,36
12,3
109,6
213,41
366,2
724,15
1520,1
35,34
114,10
172,13
398,24
820,9
1561,47
22,21
104,41
218,39
430,42
852,17
1631,20
32,2
116,12
179,44
411,50
829,43
1667,22
97,2
124,15
259,31
533,49
1017,46
51,39
124,13
249,7
425,27
887,20
1787,49
34,33
54,38
177,17
296,43
617,3
1190,49
59,35
148,10
272,35
500,40
993,18
1977,1976
4,3
88,48
103,21
198,9
406,15
855,21
1681,50
27,26
29,28
75,8
230,5
381,43
823,28
1654,32
76,45
89,42
247,32
453,49
896,31
1779,49
72,4
148,49
307,1
560,39
1175,27
75,33
77,31
206,36
454,37
864,43
1733,12
36,35
92,18
174,39
314,30
658,40
1329,27
1,0
102,37
174,43
333,41
641,9
1340,29
3,2
36,15
105,41
182,14
394,15
732,5
1523,44
82,31
87,26
198,35
397,23
779,50
1544,46
22,21
84,27
113,8
250,1
508,16
1008,27
1907,33
38,14
83,36
161,26
352,7
635,46
1352,33
10,9
106,41
181,39
378,13
688,47
1401,27
69,43
143,8
268,17
525,44
1029,46
78,43
146,41
296,11
580,3
1163,6
8,7
47,22
74,13
199,36
397,48
755,38
1535,7
37,36
111,49
159,24
384,41
772,28
1479,22
9,8
86,10
136,29
291,11
586,10
1155,34
24,23
39,38
155,7
249,3
490,44
1057,39
45,19
135,1
256,45
524,29
1025,35
1953,39
13,12
16,15
98,43
158,31
286,46
659,17
1281,5
84,5
161,4
280,50
614,28
1230,27
50,34
124,38
261,49
521,29
1056,24
41,2
113,17
225,24
419,17
810,28
1706,48
77,6
95,17
197,6
445,13
907,33
1770,2
94,6
195,9
359,35
674,15
1376,7
68,27
81,21
154,13
343,12
685,49
1348,22
98,32
196,40
300,25
644,32
1325,1
2,1
34,33
37,11
75,2
151,6
317,49
691,11
1314,35
4,3
35,31
74,42
150,21
266,35
584,34
1156,16
45,9
69,43
139,38
316,37
641,25
1281,8
13,12
82,9
153,34
281,25
575,17
1197,6
16,12
62,44
178,26
263,13
603,33
1172,10
44,4
74,5
149,34
299,28
667,20
1291,46
86,33
160,32
343,33
664,23
1311,14
85,8
186,40
341,2
651,36
1271,40
40,11
120,32
197,10
432,43
874,18
1694,28
46,45
113,17
236,16
437,20
866,14
1784,41
81,36
118,3
287,14
550,24
1062,5
7,6
102,36
144,31
310,37
646,24
1212,27
39,4
45,17
151,3
330,31
575,37
1192,6
101,39
195,30
349,32
647,5
1293,46
40,6
89,13
210,13
417,45
819,26
1665,5
79,33
155,3
260,34
558,7
1131,15
33,22
81,12
116,43
240,31
474,8
1015,37
1992,1991
10,9
55,50
164,30
320,49
576,28
1188,27
55,26
88,25
207,25
407,2
806,49
1575,24
1,0
30,2
131,1
193,38
402,7
855,22
1636,33
54,13
90,29
155,22
323,4
670,8
1305,15
57,1
120,16
274,1
493,26
1028,18
1993,1992
49,2
136,20
225,48
430,46
938,20
1857,13
33,21
126,35
220,13
401,24
815,17
1659,16
89,32
92,24
186,38
461,7
926,29
1759,7
40,33
114,6
228,26
483,19
923,6
1861,47
30,10
69,12
195,5
308,5
640,20
1300,36
39,14
59,50
117,16
310,40
554,7
1095,24
27,11
124,40
206,19
424,32
848,47
1697,11
83,9
158,37
294,40
542,38
1173,5
62,29
140,9
216,6
490,50
990,36
1989,1988
52,38
103,20
213,40
467,44
918,6
1801,16
45,18
136,44
210,29
482,17
876,30
1784,26
60,3
116,16
262,27
474,12
971,36
1896,19
38,26
74,48
159,48
308,35
608,17
1281,37
43,42
136,2
195,34
407,20
828,12
1638,7
99,15
126,44
280,4
533,46
1098,37
84,19
181,50
340,25
699,6
1383,18
84,47
168,20
288,16
561,36
1156,10
48,47
69,27
180,24
311,15
625,35
1334,2
62,32
160,31
287,14
524,7
1094,50
84,35
150,14
252,47
539,19
1104,33
96,4
147,8
327,14
580,4
1161,7
36,24
38,25
158,50
322,29
566,36
1142,18
42,22
111,7
241,27
471,21
927,41
1857,12
56,25
70,50
221,32
423,50
778,46
1557,29
10,5
43,33
100,10
191,7
376,4
740,37
1466,50
57,4
104,22
245,34
438,32
881,10
1755,20
100,43
166,17
345,43
645,17
1300,11
64,46
127,7
251,41
448,48
899,16
1841,37
41,4
89,28
152,6
290,41
587,29
1239,16
54,28
60,32
148,19
319,6
643,7
1321,41
68,10
159,31
257,45
510,48
1016,35
35,16
90,45
215,5
349,23
746,48
1508,47
39,3
93,6
166,6
318,43
699,38
1334,25
27,10
106,40
234,49
448,28
870,3
1751,42
35,34
83,15
157,37
314,23
608,2
1295,35
90,3
191,22
342,43
722,49
1363,38
80,17
129,50
239,30
541,50
1005,15
1998,1997
10,9
16,9
118,20
224,18
458,2
847,1
1678,25
97,48
186,11
291,33
613,12
1225,1
59,3
83,15
144,27
312,44
611,45
1268,21
15,14
69,40
146,50
233,4
489,15
970,14
1983,1982
94,5
147,6
314,39
656,7
1260,47
84,8
130,11
222,29
482,38
927,1
1933,37
60,3
138,34
248,22
474,50
1019,38
1925,20
52,9
106,49
182,38
391,38
831,14
1566,21
81,4
103,11
264,7
463,11
1010,50
1999,1998
10,3
92,5
156,45
350,20
643,49
1286,50
78,36
119,10
203,15
421,9
829,3
1651,3
14,10
27,15
141,20
258,34
466,11
916,50
1864,6
46,1
122,26
219,21
484,26
971,25
1888,23
20,14
59,47
119,42
208,39
414,47
848,41
1758,19
3,2
4,3
101,26
143,39
330,44
600,17
1241,31
8,7
68,3
167,36
332,19
599,19
1207,6
48,47
89,49
230,43
433,39
819,27
1697,15
87,41
132,19
255,12
511,38
1052,34
97,13
126,29
248,44
489,48
1005,38
1997,1996
4,3
56,7
111,47
230,11
445,23
861,25
1761,43
92,25
146,43
300,28
639,36
1203,16
59,36
75,22
223,38
429,32
841,34
1649,9
67,9
148,48
260,44
519,44
1080,42
4,3
23,7
59,40
130,7
245,37
486,19
958,37
1986,1985
68,1
92,40
242,7
468,3
893,17
1797,22
32,31
59,49
99,17
211,8
414,7
871,29
1747,15
10,9
50,37
70,41
179,47
397,31
763,2
1533,50
18,10
93,18
176,21
317,27
704,34
1357,37
57,30
146,41
237,22
461,48
984,10
1903,20
60,29
125,27
210,47
494,13
890,27
1782,46
38,26
139,15
245,15
494,5
982,31
1981,8
95,37
168,5
284,34
639,1
1226,15
19,12
94,3
140,12
268,38
543,28
1155,49
11,10
17,16
110,25
194,38
355,33
753,44
1514,13
48,26
114,25
174,18
411,8
848,6
1634,33
50,19
54,40
156,11
288,26
567,16
1216,41
2,1
49,48
88,27
213,38
448,12
886,27
1715,45
20,19
74,45
167,50
293,9
609,7
1166,11
97,45
153,24
309,24
660,45
1247,14
68,40
153,26
301,40
571,12
1100,28
78,21
92,48
212,22
408,6
874,22
1750,10
23,21
33,4
76,45
158,44
312,32
609,19
1251,9
10,9
96,3
206,1
355,4
737,43
1446,10
57,1
115,23
253,12
476,48
951,6
1932,40
34,33
125,42
230,7
486,22
934,27
1839,6
40,34
78,37
127,8
312,47
639,26
1286,9
71,45
79,50
151,33
342,26
709,38
1387,26
11,10
108,27
158,13
323,49
673,47
1357,46
15,14
86,30
196,25
302,31
618,36
1276,25
74,7
161,2
334,45
634,27
1239,17
91,22
127,27
288,10
554,39
1133,40
59,38
90,35
200,25
389,28
835,33
1597,8
16,9
52,34
162,28
264,27
514,26
1026,45
81,27
165,28
249,34
562,7
1083,7
81,13
132,41
300,30
514,37
1044,50
1,0
47,3
144,6
248,8
479,39
982,8
1940,21
35,34
45,44
173,49
315,7
658,34
1241,39
59,42
96,46
241,21
404,6
888,37
1697,24
99,12
197,6
377,31
773,18
1512,50
31,30
43,15
170,32
269,10
522,32
1044,49
19,18
118,8
159,27
304,24
682,28
1311,26
21,13
80,16
175,16
301,15
615,29
1251,48
86,23
126,8
276,39
569,26
1071,12
27,10
39,4
153,10
286,38
567,5
1118,42
27,26
51,17
139,18
243,24
516,39
977,24
1909,22
12,6
110,18
181,6
325,32
721,44
1442,24
38,5
41,27
104,36
217,17
472,13
947,38
1894,37
99,47
150,17
312,26
653,26
1295,39
15,14
36,17
139,3
236,3
462,37
949,7
1852,6
91,22
181,23
314,19
615,20
1228,4
42,16
51,35
161,27
311,36
639,19
1229,14
59,1
150,18
281,13
518,10
1016,3
86,28
177,44
313,4
648,29
1288,36
76,27
155,38
258,27
556,21
1048,3
78,35
123,17
280,20
572,45
1128,35
90,45
188,32
285,12
636,37
1212,35
92,32
183,35
327,6
696,32
1331,49
65,15
80,23
185,28
375,47
755,6
1502,25
48,7
53,49
143,50
304,41
560,2
1117,16
32,2
75,44
137,21
344,1
683,11
1317,13
69,6
72,37
237,20
475,45
902,41
1839,45
22,21
29,21
145,19
278,5
567,49
1047,1
47,35
76,42
191,7
410,19
746,41
1568,41
98,17
100,15
253,10
510,7
1060,45
33,24
41,22
173,36
317,26
598,22
1233,19
10,9
51,18
150,49
264,33
487,26
1007,19
1957,12
9,8
37,35
102,17
228,46
442,2
859,18
1726,22
72,31
107,40
276,46
514,29
983,29
1985,1984
78,5
172,19
287,31
635,33
1187,3
81,41
116,50
267,17
475,48
966,14
1960,7
45,6
53,33
116,22
268,29
524,18
1081,4
49,36
50,49
107,36
306,25
544,9
1063,2
66,15
86,49
213,25
456,29
825,32
1741,26
98,19
169,20
328,19
597,43
1278,47
52,18
118,27
261,47
435,22
960,38
1835,14
54,4
133,49
245,14
440,29
935,9
1823,49
42,30
44,4
144,14
305,28
593,36
1191,5
88,37
125,11
249,21
542,35
1030,14
43,35
92,32
221,14
383,34
753,40
1516,6
23,22
75,14
193,34
383,1
700,29
1408,34
39,13
68,34
175,26
374,17
731,48
1401,47
65,42
99,19
197,23
402,18
827,44
1683,27
48,31
121,17
184,50
357,38
781,44
1591,39
100,29
127,11
259,15
487,25
1041,45
20,7
87,6
134,8
298,20
591,9
1172,39
46,13
147,39
203,31
407,30
851,41
1679,25
62,2
88,33
162,25
404,22
813,7
1546,11
77,10
106,49
262,25
450,5
978,35
1911,21
26,25
63,28
162,40
271,46
533,47
1124,40
72,48
108,37
199,28
396,49
826,10
1636,8
95,15
155,14
284,34
563,45
1148,38
70,29
99,32
220,4
464,37
865,14
1800,24
33,32
43,17
105,15
239,29
474,25
952,50
1869,19
9,8
78,16
167,35
296,21
615,34
1230,50
3,2
55,33
68,11
147,34
338,45
698,34
1368,40
77,39
132,3
212,13
481,19
955,37
1928,27
99,41
143,46
258,41
594,21
1190,43
1,0
88,38
90,13
279,41
515,34
1041,19
101,8
200,13
393,20
724,50
1461,22
15,9
90,34
118,17
258,20
515,9
1065,32
1,0
93,25
97,14
207,16
460,48
863,27
1755,38
90,1
131,3
225,1
473,50
980,46
1962,17
58,1
127,6
219,32
488,23
930,46
1852,4
74,14
135,15
214,50
497,44
993,11
1995,1994
73,25
87,50
174,45
396,16
827,28
1617,44
17,1
116,49
207,43
359,14
779,45
1566,44
5,4
33,5
75,35
129,44
277,43
559,33
1125,39
28,12
58,18
150,33
297,30
629,30
1216,48
71,24
168,25
306,7
621,31
1180,26
52,41
88,10
204,9
361,20
788,46
1580,17
52,18
131,39
206,27
471,10
879,35
1772,50
101,39
185,21
294,34
643,5
1296,27
70,25
107,36
201,30
438,35
873,16
1748,22
67,42
99,24
242,41
496,34
914,47
1825,30
95,27
186,9
337,44
660,6
1279,44
17,16
81,16
158,38
298,3
612,5
1220,37
21,14
120,29
148,2
350,11
711,31
1370,50
57,45
92,20
165,18
388,8
742,5
1490,36
55,40
143,11
214,46
421,29
871,42
1786,4
67,23
110,12
230,3
426,50
839,15
1689,27
34,33
59,1
147,41
296,42
551,32
1104,36
29,28
115,31
191,16
400,50
769,48
1578,46
86,10
153,16
303,22
636,16
1261,12
59,37
88,8
206,21
451,45
805,10
1639,42
32,10
83,6
213,40
427,22
790,34
1641,41
63,9
97,7
182,40
398,28
774,7
1544,39
11,10
91,34
155,27
307,30
640,14
1274,50
9,8
76,50
112,36
217,19
474,5
949,40
1897,23
44,29
46,40
92,48
187,31
464,3
842,20
1742,1
23,22
101,40
153,35
289,16
600,50
1199,31
86,44
137,45
272,25
511,16
1016,2
17,14
45,15
108,48
212,41
480,16
915,49
1783,15
73,2
109,47
251,36
446,14
897,25
1779,5
82,40
122,6
260,8
480,8
961,20
1978,17
71,42
163,24
326,31
582,17
1170,44
4,3
62,36
97,45
237,30
402,11
851,11
1731,47
30,27
118,37
209,8
457,25
879,38
1713,50
3,2
59,23
113,13
260,35
470,1
972,32
1879,45
2,1
35,34
124,31
232,5
477,5
893,23
1829,8
63,37
143,26
237,12
452,26
950,23
1890,36
59,14
63,6
184,27
385,49
738,21
1493,50
35,34
67,15
185,25
312,10
669,27
1368,16
41,8
77,45
200,11
356,10
772,1
1461,10
87,3
134,40
264,47
540,37
1043,24
22,16
70,7
141,26
293,20
572,50
1150,49
70,24
101,29
207,41
404,49
806,28
1668,13
75,15
113,13
212,32
480,46
925,2
1814,45
30,29
82,39
196,32
404,6
755,33
1488,38
98,6
99,41
215,26
501,46
970,47
1941,20
24,9
79,13
149,47
339,31
660,24
1264,3
75,34
81,6
189,2
419,40
829,17
1665,14
32,28
133,11
234,6
460,46
949,46
1829,4
23,22
122,12
149,45
391,2
726,22
1428,21
90,12
127,41
272,35
552,34
1062,13
57,9
142,35
278,30
539,21
1095,4
39,27
99,22
187,34
378,16
780,26
1497,46
56,2
129,27
250,34
524,18
1020,17
1963,1962
80,28
104,13
215,10
412,22
877,28
1730,32
67,9
92,14
199,4
428,29
867,29
1691,14
28,18
98,28
145,42
291,34
653,50
1275,13
49,1
108,31
212,20
445,24
821,38
1731,19
61,35
162,23
268,17
565,7
1124,15
67,31
137,48
229,8
515,18
960,41
1951,49
100,37
131,44
286,45
617,29
1205,39
60,38
122,4
186,18
462,16
836,31
1715,23
10,9
23,13
68,3
120,49
316,5
603,45
1142,12
66,30
134,50
218,7
444,43
876,41
1834,19
89,4
165,48
302,42
608,29
1216,38
31,16
103,35
204,38
405,37
751,17
1555,18
6,5
61,30
161,15
257,13
546,12
1077,45
36,23
122,36
199,49
423,44
872,7
1677,37
69,2
166,17
330,7
581,42
1232,41
37,33
105,3
178,48
410,29
733,44
1525,9
44,43
76,30
193,35
325,23
691,36
1362,41
76,34
117,42
209,13
453,1
907,19
1788,43
25,24
34,7
129,27
216,40
501,16
931,22
1875,23
5,4
20,19
81,26
164,44
368,28
723,41
1370,12
80,35
122,41
211,16
434,17
947,40
1850,44
88,19
182,11
335,29
685,49
1370,44
87,5
165,3
330,41
678,15
1353,39
5,4
29,6
112,42
205,24
450,4
896,27
1776,46
8,7
37,15
78,29
173,23
391,1
749,31
1443,8
80,16
173,36
344,42
682,2
1356,38
39,22
82,14
186,25
334,13
688,10
1402,15
73,26
85,9
212,14
396,16
768,49
1587,5
30,29
119,3
241,40
463,17
887,12
1752,30
43,42
123,40
244,44
474,11
894,37
1792,18
9,8
27,26
118,9
254,13
469,40
967,38
1877,14
64,18
116,29
241,25
481,24
1002,16
1986,1985
94,6
169,10
275,47
540,49
1081,41
31,26
58,9
151,14
336,39
600,18
1261,48
45,20
121,29
266,31
508,49
963,48
1939,3
40,22
94,4
191,48
327,31
668,28
1392,1
8,7
45,37
143,44
207,4
425,24
835,41
1719,44
62,12
122,47
248,2
459,4
960,34
1913,1
77,9
78,46
156,45
316,10
705,48
1418,30
47,35
86,44
199,2
428,23
786,35
1576,2
82,38
92,26
209,26
407,43
791,48
1638,25
33,32
54,45
148,39
257,22
515,9
1085,18
74,14
95,12
233,7
446,25
895,37
1804,8
5,4
60,28
108,11
219,44
404,7
889,44
1719,40
98,16
180,19
344,10
700,12
1391,27
44,12
57,41
111,13
288,50
589,12
1162,29
89,5
105,46
255,28
549,38
1064,40
77,1
171,23
344,13
622,44
1227,11
98,36
181,6
344,29
695,13
1415,42
48,22
97,23
219,6
413,28
796,27
1645,5
56,35
92,12
181,24
414,33
765,48
1517,12
6,5
97,29
151,50
282,16
565,34
1181,19
91,33
190,19
356,39
720,36
1435,43
10,3
103,1
179,26
327,50
633,50
1318,9
36,35
79,11
200,43
375,3
691,24
1418,38
88,21
106,49
275,18
507,9
1036,13
79,48
87,34
249,36
478,10
910,29
1821,12
36,16
82,43
145,44
363,48
666,23
1343,48
90,15
191,43
284,44
614,32
1274,20
91,17
172,33
328,9
624,42
1231,38
43,40
65,42
151,13
325,6
665,50
1252,34
61,21
106,31
206,35
458,37
848,4
1716,5
49,4
127,27
247,30
430,45
942,8
1801,20
97,26
179,4
346,40
655,49
1293,40
4,3
39,38
58,17
165,10
273,49
632,35
1263,24
48,2
139,30
197,50
414,30
826,31
1658,7
25,24
32,21
64,30
178,37
321,27
650,6
1348,27
82,4
93,44
181,29
396,36
814,27
1641,22
86,43
101,25
208,18
493,42
965,11
1857,25
19,18
76,37
164,9
292,36
651,46
1239,10
14,13
25,12
68,1
120,13
240,32
548,41
1061,8
43,42
106,6
202,50
423,31
802,25
1590,23
46,24
52,6
194,31
295,8
592,13
1238,14
76,6
146,4
252,24
537,23
1030,26
4,3
70,20
139,47
224,21
533,29
996,30
1969,21
83,8
144,30
246,7
504,12
1056,34
30,29
49,20
101,18
186,6
390,21
845,7
1684,4
79,21
149,10
285,25
608,18
1122,48
64,43
157,48
242,41
536,32
1099,26
66,32
149,26
304,38
520,33
1095,23
43,30
121,36
182,48
442,50
814,10
1679,19
29,21
99,50
150,30
367,17
650,1
1329,40
53,23
136,25
193,22
475,10
938,29
1864,11
36,35
111,21
218,46
413,27
847,2
1638,15
47,41
129,16
239,29
471,35
942,33
1870,10
59,15
82,34
152,16
343,1
655,50
1386,7
84,15
158,33
276,42
605,22
1147,47
96,30
101,40
237,40
452,13
918,9
1843,19
43,26
118,4
212,16
422,43
821,40
1664,25
58,39
145,28
276,22
566,45
1085,18
27,26
79,3
124,42
322,19
632,47
1244,26
59,32
159,41
281,48
584,30
1163,19
7,6
11,7
61,35
126,25
255,20
514,37
1072,41
37,23
90,16
202,39
394,35
781,47
1604,19
8,7
54,42
97,29
165,23
326,9
681,43
1385,48
14,13
62,44
86,4
197,35
365,31
797,40
1522,9
33,12
129,37
171,4
411,6
808,16
1619,19
98,45
116,33
278,8
516,15
1043,24
30,28
31,5
114,2
176,46
430,38
834,3
1651,46
67,2
105,43
254,14
430,31
889,38
1753,38
77,5
146,20
297,2
607,16
1213,46
36,35
136,41
198,42
397,11
848,31
1677,18
88,7
105,25
259,17
547,32
1044,9
1,0
65,29
142,31
253,17
537,45
1010,28
8,7
93,20
196,15
316,26
699,2
1378,19
34,33
77,1
211,10
401,7
788,45
1552,31
28,27
95,43
209,41
421,13
832,28
1624,26
24,14
108,25
226,12
425,47
797,24
1621,6
26,25
75,11
130,44
289,29
535,20
1098,15
56,47
112,19
242,45
413,32
838,48
1740,44
73,8
149,21
245,29
473,31
1039,18
1947,15
69,31
90,1
228,38
399,24
824,23
1612,5
74,46
174,5
319,46
658,37
1318,3
97,8
101,18
247,24
544,34
1030,16
37,19
42,41
94,33
247,26
446,31
892,27
1796,33
63,42
150,21
263,8
537,19
1040,28
38,31
120,31
244,22
497,16
910,26
1867,15
99,9
178,26
341,22
648,3
1359,23
68,38
86,7
192,33
431,16
874,41
1710,34
87,33
141,4
305,21
588,40
1148,9
45,44
60,9
148,40
278,14
550,21
1145,22
60,50
104,10
245,36
421,21
870,44
1784,20
2,1
96,29
142,11
324,44
584,32
1230,23
43,42
103,2
149,12
367,4
760,30
1427,41
45,24
108,15
196,36
410,36
858,27
1634,18
69,32
138,7
294,35
511,14
1083,2
59,50
110,29
170,24
382,49
769,3
1536,13
79,10
149,15
262,4
509,3
1069,32
23,22
119,21
208,34
420,36
829,38
1622,21
87,20
126,42
290,29
532,21
1072,4
16,15
91,39
160,46
320,22
638,45
1284,9
96,1
125,43
254,50
573,33
1135,45
62,45
122,28
205,8
441,4
885,39
1771,39
57,18
71,11
138,20
289,2
563,47
1179,35
97,21
167,29
323,19
644,24
1232,6
89,8
173,29
279,3
633,1
1179,16
96,49
145,24
323,49
579,27
1207,1
80,50
171,2
344,23
677,24
1328,26
97,35
180,8
306,1
592,30
1253,49
18,8
112,6
142,45
341,31
683,14
1300,20
95,8
139,31
330,37
646,20
1267,30
57,14
103,1
259,1
455,30
942,38
1863,34
32,31
107,18
149,50
357,39
697,20
1344,10
41,15
47,38
148,49
322,23
606,34
1235,8
56,36
113,39
247,21
428,23
868,10
1750,43
23,22
43,4
88,47
158,47
337,17
715,36
1378,44
68,16
141,6
289,18
536,2
1048,35
65,6
80,11
149,21
303,38
636,1
1318,18
96,34
133,38
235,34
469,18
973,43
1947,16
83,2
89,49
203,9
428,16
885,19
1704,46
34,33
43,28
176,30
262,26
584,25
1108,17
42,41
120,28
213,21
466,19
881,46
1810,36
32,31
50,18
138,47
316,13
627,44
1186,18
47,20
129,37
204,46
399,44
799,21
1652,18
98,25
139,10
327,34
599,23
1169,10
43,2
105,22
169,29
347,10
696,4
1446,50
29,28
127,31
246,1
463,50
917,21
1843,8
52,3
57,12
153,35
287,32
618,7
1186,18
29,24
79,2
159,50
360,32
653,1
1321,49
59,44
68,12
139,17
291,38
631,30
1199,34
45,4
103,9
191,47
435,36
835,42
1659,20
63,47
134,29
250,6
496,36
1018,25
1980,1979
47,11
95,40
238,36
424,17
851,11
1735,45
26,8
103,5
212,45
354,32
767,6
1555,40
18,17
75,44
100,31
293,31
494,24
1063,29
63,9
145,40
276,19
549,17
1063,16
13,2
28,6
49,23
176,48
269,22
622,42
1247,46
66,18
114,18
268,38
539,36
1043,38
56,41
88,30
178,20
333,18
674,48
1336,40
6,5
105,17
165,22
377,17
709,33
1392,8
4,3
95,43
127,46
290,13
577,2
1115,17
66,41
95,3
214,20
426,8
881,15
1692,3
51,34
55,18
186,41
348,32
708,50
1392,48
4,3
63,9
161,19
281,11
594,16
1160,12
6,5
53,27
147,10
282,43
489,49
979,49
1958,1957
8,7
59,48
97,26
176,34
417,14
812,43
1576,6
43,42
67,11
142,49
300,23
571,46
1135,33
18,17
119,34
179,30
322,26
666,5
1352,10
24,23
61,37
170,22
313,38
573,3
1218,45
38,37
124,2
258,30
506,50
1021,47
1963,31
80,14
121,10
288,40
533,32
1043,23
54,7
123,38
222,20
486,34
916,7
1871,32
38,37
117,8
255,41
500,34
955,23
1866,26
59,38
132,9
260,25
542,35
1035,34
9,8
24,21
77,38
201,50
336,40
710,23
1368,7
75,2
104,36
181,42
426,1
884,14
1720,7
54,33
101,29
246,49
452,37
912,10
1781,35
50,35
58,38
162,9
284,47
649,7
1283,44
68,8
134,41
269,32
523,36
1084,17
53,26
71,14
220,29
352,26
733,36
1499,14
91,14
164,36
317,47
656,7
1317,25
27,26
86,44
136,1
311,20
643,39
1230,8
62,11
94,50
203,29
441,23
851,36
1721,42
13,12
55,21
75,17
236,27
393,41
831,32
1658,26
57,12
140,28
269,50
485,46
958,27
1974,13
51,50
133,24
250,40
479,46
943,29
1931,12
53,23
99,17
246,10
421,15
826,7
1745,31
17,8
60,2
98,7
183,22
413,33
798,12
1646,21
92,10
154,45
280,17
620,10
1246,42
97,8
158,38
301,14
592,33
1218,39
66,49
140,2
215,23
460,6
909,18
1828,37
98,24
186,47
361,28
681,3
1336,48
58,16
77,1
144,27
322,26
638,9
1254,38
95,8
196,6
386,36
692,23
1412,43
66,42
147,19
250,7
562,1
1069,13
35,4
130,2
206,35
378,50
843,6
1634,12
21,20
84,22
150,36
331,29
590,9
1255,19
25,5
57,49
170,14
320,43
665,12
1301,50
24,7
60,50
180,6
362,14
724,17
1399,50
4,3
92,48
136,22
329,40
631,11
1214,41
47,31
62,10
164,12
336,48
688,44
1319,32
18,2
64,37
158,12
267,6
556,30
1140,22
38,37
73,40
128,47
256,7
502,15
1062,39
65,38
112,15
246,40
512,31
1003,47
1963,3
4,3
69,12
91,22
236,22
429,21
930,16
1840,8
58,13
104,50
205,44
418,49
855,36
1732,35
39,2
65,1
163,20
346,25
695,32
1393,47
68,22
86,34
165,11
329,26
657,4
1383,25
43,42
92,25
162,45
343,48
727,41
1461,18
42,28
81,3
186,4
337,50
710,27
1433,11
83,35
164,40
283,29
594,30
1195,9
71,25
125,21
220,11
465,18
920,19
1836,9
75,5
111,33
225,4
430,25
868,14
1777,31
81,1
137,30
296,27
539,29
1149,41
39,9
64,29
185,37
334,36
675,12
1352,38
5,4
74,37
146,37
232,18
512,46
1051,3
14,13
94,31
174,39
338,3
683,3
1349,13
95,41
123,30
303,12
579,34
1191,10
98,3
140,37
285,21
624,41
1168,6
90,2
115,32
295,18
521,48
1047,1
56,29
60,26
159,41
351,49
708,45
1384,12
36,35
68,36
196,33
379,16
759,15
1503,4
32,31
103,47
168,10
306,7
660,23
1293,19
16,15
100,23
209,15
380,30
735,35
1511,37
63,36
145,21
302,32
528,27
1116,35
86,28
118,7
260,36
491,6
983,28
1998,1997
36,31
84,18
145,34
308,27
652,24
1298,20
19,18
74,26
184,7
303,11
633,36
1297,2
20,7
42,19
149,34
247,21
485,20
958,2
1957,1
76,26
144,34
259,47
542,5
1033,34
96,34
131,40
306,33
537,3
1100,6
5,4
34,30
133,46
200,21
436,39
896,26
1707,26
36,10
57,48
101,5
199,29
435,2
861,5
1720,20
51,4
57,21
145,14
333,43
676,14
1265,3
12,11
70,7
92,39
210,13
399,37
873,1
1727,6
3,2
17,16
74,9
161,45
265,1
544,38
1140,33
45,16
51,24
196,12
299,39
646,31
1300,41
65,11
91,30
222,39
394,29
847,39
1685,25
7,6
51,50
124,6
256,30
472,11
1000,30
1913,9
33,5
60,49
125,32
233,11
503,47
1010,44
1953,7
98,42
167,44
353,22
693,34
1404,6
32,31
120,28
157,50
328,21
712,25
1398,46
95,18
124,48
264,39
502,30
1042,12
47,43
80,46
156,30
357,3
675,20
1388,48
81,22
145,16
246,44
497,40
1020,6
1959,3
40,39
49,18
173,29
351,43
659,25
1298,14
45,10
102,25
166,9
410,25
803,43
1625,48
40,7
124,50
203,18
384,15
791,6
1624,10
19,11
71,44
121,6
227,37
484,22
1022,30
1989,1
13,11
71,42
115,40
207,30
466,35
969,39
1852,45
84,27
145,1
244,38
541,44
1090,17
31,30
84,9
171,35
366,49
689,11
1376,36
61,42
89,25
218,30
468,37
880,49
1779,48
63,41
88,21
190,10
385,29
777,20
1569,34
15,12
39,38
142,45
257,25
495,21
1009,47
1959,30
98,26
172,25
326,23
677,7
1358,11
95,6
132,17
230,44
485,30
960,8
1937,42
74,50
83,34
180,49
401,50
772,25
1552,38
97,30
106,19
235,30
462,18
993,14
1947,37
60,7
145,26
253,35
482,37
941,22
1966,1965
81,46
147,15
281,10
587,14
1113,47
36,1
96,42
151,11
302,36
618,26
1251,2
57,23
120,32
192,50
401,38
856,8
1692,4
79,10
138,23
259,9
488,13
1058,17
32,31
65,50
124,34
272,36
558,27
1072,33
41,40
47,24
111,3
218,41
467,32
958,29
1928,6
97,36
144,15
330,49
643,2
1251,44
62,10
86,21
212,44
410,14
789,2
1595,44
3,2
40,39
59,48
150,34
280,28
578,49
1138,2
46,33
89,39
139,2
362,7
727,34
1457,9
88,12
170,24
291,4
576,22
1192,44
17,13
68,30
159,25
335,14
641,3
1262,32
44,24
139,44
211,36
466,23
884,6
1813,15
2,1
99,16
151,40
289,26
616,27
1164,14
72,22
172,40
305,25
580,30
1156,45
62,18
94,2
174,41
417,46
794,14
1570,45
18,17
94,17
149,29
325,18
674,36
1301,40
29,28
72,5
172,2
366,36
710,38
1439,13
39,38
117,48
218,35
407,2
828,2
1674,49
54,41
76,41
160,15
296,48
604,12
1248,11
87,8
129,27
224,23
528,6
1066,34
31,30
64,11
196,14
375,11
699,21
1372,44
70,14
141,32
307,48
558,31
1107,1
21,20
72,2
169,47
327,7
644,31
1321,44
13,12
78,41
125,11
315,17
611,40
1239,25
48,12
71,12
142,21
321,40
593,34
1212,11
20,19
118,27
163,5
374,34
767,10
1453,7
54,45
94,44
191,23
439,15
848,3
1678,9
41,32
50,47
137,16
256,9
517,13
1021,41
4,3
80,37
105,4
212,11
471,49
972,33
1926,13
87,10
169,22
279,22
629,15
1229,2
58,29
72,16
163,4
381,37
724,34
1477,8
62,35
90,7
242,19
473,24
943,10
1822,44
0
0
0
0
0
0
0
0
0
0
0
0
0
0
0
0
0
0
1
1
1
1
2
2
3
3
3
3
3
3
3
3
4
4
4
4
4
4
5
5
5
5
5
5
6
6
6
6
6
6
6
6
7
7
7
7
7
7
7
7
8
8
8
8
8
8
9
9
9
9
10
10
10
10
10
10
10
11
11
11
11
11
11
11
12
12
12
12
12
12
12
12
13
13
13
13
13
14
14
14
14
15
15
15
15
15
15
15
16
16
16
17
17
17
17
18
18
18
19
19
19
19
19
20
20
20
20
20
20
21
22
22
23
23
23
23
23
23
23
24
24
24
24
25
25
25
25
25
26
26
26
26
26
26
27
27
27
27
27
28
28
28
28
28
29
29
29
29
30
30
30
31
31
32
32
32
32
32
32
32
33
33
33
33
33
33
33
33
34
34
34
34
34
34
34
35
35
36
36
36
36
36
36
36
36
36
36
37
37
37
37
37
37
38
38
38
38
38
39
39
39
39
39
39
40
40
40
41
41
41
41
41
42
42
42
43
43
43
43
43
43
43
43
43
43
44
44
44
44
44
44
45
45
45
45
45
45
46
46
46
46
46
46
46
46
47
47
47
47
47
47
48
48
48
48
48
48
48
48
48
49
49
49
49
49
49
50
50
50
50
51
51
51
51
51
52
52
52
52
52
52
53
53
53
53
53
53
53
53
54
54
54
54
55
55
55
55
55
56
56
56
57
57
57
57
57
57
57
57
57
58
58
58
58
58
58
58
59
59
59
59
59
59
59
59
60
60
60
60
60
60
60
60
61
61
61
61
61
62
62
62
62
62
62
62
62
62
63
63
63
63
63
63
64
64
64
64
64
65
65
65
65
65
66
66
66
66
66
66
66
66
67
67
67
67
67
67
67
67
67
67
67
67
67
68
68
68
68
68
68
68
68
69
69
69
69
69
69
70
70
70
70
70
70
70
70
70
70
71
71
71
71
71
71
71
71
71
72
72
72
72
72
72
73
73
73
73
73
73
73
73
73
74
74
74
74
74
74
74
74
75
75
75
75
75
75
75
76
76
76
76
76
76
76
76
77
77
77
77
77
77
77
77
78
78
78
78
78
78
78
78
78
78
78
79
79
79
79
80
80
80
80
81
81
81
81
81
81
82
82
82
82
82
82
82
83
83
83
83
83
83
83
84
84
84
84
84
84
84
84
84
84
85
85
85
85
85
85
86
86
86
86
86
86
86
86
86
87
87
87
88
88
88
88
88
88
89
89
89
89
89
89
89
89
89
90
90
90
90
90
90
90
90
91
91
91
92
92
92
92
92
92
92
93
93
93
93
93
93
94
94
94
94
94
94
94
94
94
95
95
95
95
95
95
95
95
95
95
96
96
96
96
97
97
97
97
97
97
97
98
98
98
99
99
99
99
99
99
100
100
100
101
101
101
101
101
101
101
101
102
102
102
102
102
102
102
103
103
103
103
103
103
103
103
104
104
104
104
104
104
105
105
105
105
105
105
105
105
105
106
106
106
106
106
106
106
106
107
107
107
107
107
107
107
107
107
108
108
108
109
109
109
109
109
109
110
111
111
111
112
112
112
112
112
112
112
112
113
113
114
114
114
114
114
114
114
114
114
114
115
115
115
116
116
116
116
117
117
117
117
117
117
117
118
118
118
118
118
118
118
119
119
119
119
119
119
119
119
120
120
120
121
121
122
122
122
122
123
123
123
123
123
123
123
123
124
124
125
125
125
126
126
126
126
127
127
127
127
128
128
128
129
129
130
130
130
130
130
131
131
132
132
132
132
132
132
132
132
132
133
133
133
133
133
134
134
134
134
134
135
135
135
135
135
135
136
136
136
137
137
137
137
137
137
138
138
138
139
139
139
139
140
140
140
140
140
141
141
141
141
141
142
142
142
143
143
143
144
144
144
144
144
144
144
145
145
146
146
146
146
147
147
147
148
148
148
149
149
149
149
149
149
149
150
150
150
150
150
151
151
151
151
152
152
152
152
152
153
153
153
153
154
154
154
154
154
155
155
155
155
155
155
156
157
157
157
157
157
158
158
158
158
158
158
158
159
159
160
160
161
161
161
162
162
162
162
162
163
163
163
163
163
164
164
165
165
165
165
166
167
167
167
167
169
169
169
169
169
169
169
170
170
170
170
171
171
171
172
172
172
172
173
173
173
174
174
175
176
176
176
176
176
176
177
177
178
178
178
178
178
179
179
179
179
179
179
179
180
181
181
181
181
182
182
182
182
182
182
182
183
183
183
183
183
184
185
185
186
186
186
186
186
187
187
187
187
187
187
188
188
188
188
189
189
189
190
190
190
190
190
190
191
191
191
191
191
191
191
191
191
191
192
192
192
192
192
192
192
192
192
193
193
193
193
194
194
194
195
195
195
195
196
196
197
197
198
198
199
199
199
199
199
199
200
200
200
201
201
201
201
202
202
203
203
203
204
204
204
204
205
205
205
205
206
206
206
207
207
207
207
208
208
208
208
209
209
209
209
210
210
210
212
212
213
214
214
214
214
214
215
215
216
216
216
216
217
217
217
218
218
218
218
218
219
219
219
220
220
220
221
221
222
222
222
222
223
223
223
223
223
224
224
224
224
225
225
225
226
226
226
226
226
227
227
227
228
230
231
232
232
232
233
233
233
234
234
234
234
235
236
236
238
238
238
238
239
239
239
240
240
240
240
240
241
241
242
242
242
242
243
244
244
244
245
245
246
246
246
246
246
247
248
248
248
249
250
250
250
251
252
252
252
252
253
253
254
255
255
255
255
256
256
256
256
258
258
258
259
260
260
260
260
260
261
261
262
262
262
263
263
263
263
263
264
264
265
265
265
265
266
266
266
266
267
267
267
267
268
269
269
269
269
270
270
270
270
270
271
272
273
273
273
273
273
274
274
274
274
275
275
275
275
275
276
276
276
276
277
277
278
278
278
279
280
280
280
280
281
281
281
282
282
282
282
283
283
283
283
284
284
284
284
285
285
285
286
286
287
287
288
288
288
288
289
289
289
289
290
290
291
291
291
292
292
293
293
293
293
294
294
294
294
295
295
295
296
296
296
296
296
297
297
298
299
299
299
300
300
300
300
301
301
301
301
301
301
302
303
303
304
304
304
305
305
306
307
307
308
308
308
309
309
309
309
310
310
310
311
311
312
312
312
312
312
313
313
313
314
314
315
315
315
315
315
316
316
316
317
317
317
318
318
319
319
319
319
320
320
320
320
321
321
321
322
322
323
323
324
324
324
324
325
326
327
327
327
328
328
329
330
331
332
332
333
333
333
333
334
334
334
335
336
338
338
338
338
339
339
340
341
341
341
341
343
343
344
344
345
345
346
347
347
347
348
349
349
349
349
351
352
353
354
355
355
355
356
356
356
356
357
357
357
357
358
358
358
358
358
358
359
359
359
360
360
361
361
361
362
362
362
363
363
363
364
364
364
365
365
365
366
367
367
367
368
369
372
372
372
373
373
375
376
376
377
378
378
378
379
380
380
381
381
381
383
384
384
385
385
385
385
385
385
386
386
386
387
388
388
388
390
391
391
391
392
392
392
393
393
393
395
395
396
396
397
397
398
399
399
400
400
401
401
402
402
403
403
403
403
403
403
404
404
405
406
406
407
407
408
408
408
409
410
410
411
411
412
412
412
412
413
413
414
414
414
415
415
416
416
417
417
419
419
419
420
421
421
422
422
422
422
423
423
423
424
424
424
426
426
426
427
428
428
429
430
430
430
431
431
431
431
432
432
433
433
434
434
434
435
435
435
435
437
438
439
440
441
441
441
442
443
444
444
445
445
445
445
446
446
447
447
448
448
448
450
450
451
451
451
451
452
453
453
453
454
454
454
454
454
455
456
456
456
457
457
457
457
457
457
458
458
459
460
460
461
462
463
463
463
463
464
464
464
465
465
465
466
466
466
469
469
469
469
469
469
471
471
472
472
472
472
473
474
474
474
475
475
475
475
475
476
477
477
477
477
477
477
478
480
481
481
482
482
482
483
483
484
484
484
484
484
485
486
487
487
488
488
488
488
488
489
489
489
490
490
490
490
492
492
492
493
493
493
494
494
495
496
496
497
497
497
499
499
500
500
500
501
501
501
501
502
502
502
502
502
502
502
503
503
503
503
504
504
504
505
506
507
507
507
507
507
507
507
507
508
508
508
508
510
510
511
513
513
513
514
514
514
514
515
515
515
516
517
518
518
518
519
519
520
521
522
522
522
523
523
523
524
524
526
527
527
528
530
530
530
530
531
531
531
533
535
536
537
537
538
539
539
539
541
542
543
543
543
543
543
543
545
546
546
546
547
548
548
548
548
548
549
551
551
552
552
554
555
555
555
556
557
557
557
558
559
559
559
560
560
560
560
562
563
564
564
564
566
566
566
566
567
568
569
570
570
570
571
573
574
575
575
576
576
577
577
578
578
578
578
578
579
580
580
580
581
581
582
582
582
582
584
585
586
586
587
587
587
588
588
589
589
590
590
590
591
592
592
592
592
594
595
596
596
596
596
597
597
597
597
597
598
598
600
600
601
601
601
601
602
602
602
603
603
603
603
604
604
604
604
605
605
605
606
607
607
607
607
608
608
608
610
611
611
611
611
612
613
613
613
613
614
614
615
615
616
617
617
617
617
617
617
619
620
621
622
622
624
625
626
627
627
627
628
628
629
629
630
630
631
633
634
635
637
638
638
639
639
639
639
640
641
642
643
643
643
643
644
644
645
645
645
646
647
649
649
650
650
651
651
651
651
652
652
653
654
654
655
655
655
656
656
656
657
658
658
659
659
660
660
662
662
663
664
664
664
665
665
666
667
669
669
669
670
672
672
672
672
672
673
673
673
674
675
676
677
678
678
679
680
680
680
681
681
681
681
682
683
683
684
685
685
686
687
687
689
690
691
691
692
693
694
695
695
696
698
699
699
699
699
700
700
700
701
702
702
703
704
704
705
705
707
709
709
710
710
710
711
712
713
713
715
717
717
718
719
721
722
722
723
725
725
726
727
728
729
731
732
732
733
733
734
735
736
737
738
738
739
739
739
740
740
742
742
742
742
742
745
745
746
746
748
748
749
749
750
751
755
755
757
757
757
757
757
760
761
761
761
761
762
762
762
762
763
763
764
766
767
767
767
768
768
768
769
769
770
770
770
771
772
773
773
774
775
775
778
779
780
781
782
782
782
783
783
784
784
785
787
789
789
789
789
789
790
790
790
791
792
793
793
794
796
796
796
798
799
799
800
801
801
802
802
802
804
805
805
805
805
805
806
806
808
809
809
810
810
810
810
810
811
812
812
812
813
815
816
816
816
817
817
818
818
820
820
820
820
821
821
821
821
822
822
823
824
825
826
826
827
827
828
828
828
829
829
832
833
833
834
835
835
837
838
838
839
839
839
841
842
842
843
844
844
845
846
847
847
848
849
850
850
850
850
851
851
852
852
854
854
855
858
858
858
858
859
859
859
861
862
864
864
864
865
865
866
866
867
868
869
869
870
870
871
871
872
872
873
875
876
876
877
879
880
880
880
881
882
883
884
884
885
885
885
885
886
887
888
888
889
889
889
890
890
890
891
891
891
892
894
896
897
897
897
899
900
900
900
900
900
900
904
904
904
905
905
906
906
906
906
907
908
908
908
910
911
911
911
911
913
913
913
914
914
915
915
917
918
920
920
920
920
920
921
923
923
923
924
924
924
926
926
926
926
929
930
930
931
931
931
932
933
934
935
938
938
939
939
940
941
942
942
943
945
946
946
947
949
950
951
951
955
956
956
956
957
957
958
959
959
959
960
960
960
961
961
962
962
963
963
963
963
964
964
966
967
967
967
969
970
972
972
972
972
973
973
974
974
976
976
976
976
977
978
979
979
980
980
980
981
981
981
982
982
982
982
983
983
983
984
985
985
986
987
987
988
989
989
989
990
990
991
991
992
992
993
993
994
995
996
996
997
998
998
1001
1001
1003
1003
1005
1005
1007
1007
1008
1008
1008
1009
1009
1010
1011
1012
1013
1013
1014
1015
1015
1016
1016
1017
1017
1018
1019
1019
1019
1021
1022
1024
1025
1026
1026
1027
1027
1027
1027
1028
1029
1029
1029
1029
1030
1030
1030
1031
1031
1031
1032
1032
1032
1032
1033
1033
1036
1036
1036
1037
1038
1038
1039
1039
1039
1041
1041
1042
1043
1043
1044
1045
1045
1046
1046
1046
1046
1046
1047
1047
1047
1049
1049
1049
1049
1050
1051
1052
1053
1053
1054
1055
1056
1057
1058
1059
1059
1059
1059
1061
1061
1063
1065
1066
1066
1067
1067
1068
1069
1069
1070
1071
1071
1073
1074
1074
1076
1077
1078
1079
1079
1079
1080
1080
1080
1080
1080
1080
1081
1081
1081
1082
1083
1085
1085
1089
1090
1090
1090
1090
1092
1092
1093
1094
1095
1095
1095
1097
1098
1098
1098
1098
1099
1099
1099
1100
1100
1102
1102
1102
1103
1104
1105
1105
1105
1105
1107
1107
1108
1108
1109
1110
1110
1110
1110
1112
1114
1114
1116
1116
1116
1116
1117
1117
1118
1119
1119
1120
1120
1123
1125
1125
1127
1127
1127
1128
1130
1130
1130
1130
1130
1131
1131
1132
1134
1134
1134
1135
1135
1136
1137
1138
1139
1140
1143
1144
1145
1146
1146
1146
1146
1148
1148
1148
1148
1150
1150
1152
1152
1153
1153
1153
1153
1153
1154
1154
1154
1158
1158
1160
1161
1161
1161
1162
1163
1164
1164
1165
1165
1166
1166
1166
1166
1167
1168
1168
1169
1170
1170
1171
1172
1173
1174
1174
1174
1175
1176
1178
1178
1179
1179
1180
1180
1181
1182
1182
1183
1183
1184
1184
1187
1189
1190
1190
1191
1192
1193
1193
1194
1194
1194
1196
1197
1197
1197
1198
1199
1199
1199
1199
1199
1200
1202
1203
1204
1205
1205
1205
1206
1206
1206
1207
1207
1207
1208
1208
1208
1208
1209
1210
1210
1210
1212
1213
1213
1213
1213
1216
1218
1219
1220
1221
1222
1222
1222
1222
1223
1224
1225
1225
1227
1229
1229
1229
1229
1231
1231
1231
1232
1232
1233
1233
1234
1234
1235
1235
1235
1236
1236
1238
1239
1239
1239
1240
1241
1244
1244
1245
1246
1247
1248
1249
1250
1253
1253
1254
1254
1254
1255
1256
1256
1257
1258
1258
1259
1259
1259
1262
1262
1263
1263
1264
1266
1266
1267
1267
1267
1267
1268
1268
1268
1269
1269
1270
1271
1272
1274
1274
1275
1276
1276
1277
1277
1278
1278
1279
1279
1280
1280
1281
1281
1281
1282
1282
1282
1283
1283
1284
1284
1285
1285
1285
1286
1288
1288
1288
1289
1290
1290
1291
1291
1292
1293
1295
1297
1298
1298
1299
1300
1300
1300
1300
1301
1302
1303
1304
1304
1304
1305
1305
1305
1305
1305
1306
1307
1308
1308
1309
1310
1310
1312
1312
1312
1313
1313
1314
1314
1315
1316
1317
1317
1317
1319
1319
1319
1319
1319
1320
1320
1320
1321
1321
1322
1323
1323
1324
1325
1325
1325
1327
1327
1328
1328
1328
1330
1331
1331
1332
1332
1332
1333
1334
1334
1335
1337
1339
1341
1342
1343
1343
1344
1345
1345
1346
1347
1348
1349
1349
1349
1350
1351
1352
1352
1352
1354
1354
1354
1354
1355
1355
1356
1358
1358
1358
1359
1359
1360
1361
1361
1362
1362
1363
1363
1363
1363
1364
1364
1365
1369
1370
1370
1371
1371
1373
1373
1373
1374
1375
1376
1377
1377
1378
1378
1378
1378
1379
1381
1381
1381
1382
1383
1385
1385
1387
1387
1387
1388
1390
1394
1397
1397
1400
1402
1406
1406
1407
1407
1408
1409
1411
1411
1412
1412
1412
1415
1415
1415
1416
1416
1416
1416
1418
1419
1419
1420
1421
1422
1426
1426
1427
1429
1429
1430
1432
1432
1432
1432
1434
1435
1435
1435
1439
1441
1441
1441
1443
1445
1445
1447
1447
1448
1448
1450
1450
1451
1453
1453
1454
1454
1455
1455
1455
1457
1457
1457
1458
1458
1458
1459
1459
1460
1460
1461
1461
1461
1462
1462
1462
1464
1465
1469
1470
1471
1473
1474
1475
1475
1476
1477
1477
1478
1478
1479
1479
1479
1481
1482
1483
1483
1485
1490
1490
1490
1491
1491
1492
1492
1494
1494
1495
1496
1497
1498
1498
1499
1499
1500
1500
1501
1501
1501
1502
1503
1503
1504
1504
1504
1505
1505
1506
1506
1506
1507
1507
1507
1509
1509
1510
1510
1510
1511
1511
1512
1513
1513
1513
1516
1518
1518
1518
1519
1520
1521
1522
1522
1522
1525
1525
1525
1525
1526
1527
1528
1528
1529
1530
1531
1533
1533
1535
1536
1537
1537
1538
1538
1538
1538
1538
1539
1540
1541
1541
1542
1544
1544
1545
1545
1545
1550
1551
1552
1554
1554
1554
1556
1558
1558
1560
1561
1561
1561
1561
1562
1562
1564
1564
1566
1566
1567
1568
1570
1570
1571
1574
1574
1575
1575
1576
1576
1576
1577
1578
1578
1580
1582
1583
1583
1586
1586
1586
1586
1587
1587
1588
1588
1588
1591
1591
1591
1592
1592
1595
1596
1596
1597
1601
1601
1603
1603
1604
1606
1606
1607
1607
1607
1608
1609
1609
1611
1611
1611
1612
1613
1613
1613
1616
1616
1619
1620
1621
1621
1622
1623
1623
1625
1625
1626
1627
1629
1629
1630
1630
1630
1631
1633
1633
1633
1633
1633
1634
1634
1635
1635
1637
1637
1637
1637
1637
1638
1638
1638
1639
1639
1639
1639
1639
1640
1640
1640
1641
1643
1643
1646
1646
1648
1649
1649
1649
1650
1650
1651
1651
1653
1653
1653
1654
1654
1655
1656
1656
1656
1657
1658
1663
1664
1664
1664
1665
1666
1668
1668
1668
1669
1669
1669
1671
1671
1671
1671
1673
1673
1674
1674
1674
1674
1675
1676
1676
1676
1678
1680
1681
1682
1682
1683
1684
1685
1685
1685
1686
1687
1687
1688
1689
1690
1690
1691
1691
1691
1691
1692
1693
1693
1693
1694
1694
1694
1695
1696
1697
1698
1700
1700
1700
1701
1703
1703
1705
1705
1706
1707
1707
1709
1710
1710
1710
1711
1712
1712
1713
1713
1713
1713
1714
1714
1714
1715
1715
1715
1715
1716
1716
1719
1720
1721
1721
1722
1722
1722
1723
1724
1724
1726
1726
1726
1728
1728
1729
1729
1730
1730
1732
1732
1734
1740
1740
1741
1742
1742
1742
1743
1743
1745
1746
1747
1748
1749
1750
1750
1752
1752
1753
1753
1755
1755
1758
1758
1759
1760
1763
1764
1764
1765
1766
1766
1766
1766
1767
1767
1768
1768
1769
1769
1770
1771
1772
1773
1773
1773
1773
1774
1775
1776
1777
1778
1779
1779
1780
1780
1780
1780
1780
1781
1781
1782
1783
1783
1785
1786
1788
1788
1789
1789
1791
1792
1792
1793
1793
1794
1795
1795
1796
1798
1799
1799
1799
1800
1801
1803
1803
1803
1805
1806
1806
1807
1807
1807
1809
1812
1813
1815
1816
1817
1820
1820
1822
1824
1824
1825
1826
1826
1828
1829
1831
1831
1832
1833
1833
1833
1833
1834
1834
1835
1836
1836
1837
1837
1838
1839
1839
1839
1840
1841
1842
1842
1844
1844
1845
1845
1846
1846
1847
1847
1848
1849
1849
1849
1850
1850
1852
1853
1853
1853
1853
1854
1860
1860
1861
1861
1861
1862
1862
1862
1863
1863
1863
1864
1864
1864
1864
1865
1865
1865
1866
1866
1867
1870
1871
1872
1872
1874
1875
1876
1877
1877
1877
1878
1878
1879
1881
1883
1884
1884
1884
1884
1885
1885
1886
1886
1887
1887
1887
1888
1888
1889
1889
1891
1891
1891
1892
1892
1893
1893
1894
1895
1895
1896
1896
1896
1896
1899
1900
1900
1901
1902
1904
1904
1905
1905
1905
1905
1906
1907
1907
1908
1910
1912
1913
1916
1917
1918
1918
1919
1921
1922
1922
1923
1923
1924
1925
1926
1926
1927
1927
1928
1929
1930
1931
1931
1934
1938
1938
1940
1941
1941
1941
1942
1943
1946
1946
1946
1952
1952
1953
1956
1956
1956
1956
1957
1958
1958
1958
1958
1959
1960
1962
1964
1964
1965
1965
1965
1967
1968
1968
1969
1969
1970
1970
1970
1971
1971
1973
1973
1973
1975
1976
1977
1977
1977
1977
1977
1978
1985
1985
1987
1989
1989
1989
1990
1991
1991
1992
1993
1994
1994
1995
1995
1996
1996
1996
1997
1998
1999
1999
2000
2000
2000
2000
3505
