Primero viene la cantidad (n) de timestamps para ambos, luego n líneas que son un timestamp aproximado cada uno separado por una coma (',') del error, y luego n lineas de las transacciones del sospechoso
4005
51,45
132,39
269,16
492,31
1000,26
1961,27
37,13
38,34
85,18
210,36
456,49
917,49
1775,11
49,23
114,1
227,48
442,41
880,36
1749,31
93,4
192,23
333,42
646,24
1341,30
77,6
136,36
217,48
491,7
976,29
1972,1971
69,15
94,1
180,36
427,48
827,45
1651,34
36,17
81,14
193,27
406,25
761,16
1507,2
47,14
83,39
184,22
350,20
676,4
1356,23
73,32
136,50
295,49
565,3
1091,3
98,9
116,50
264,11
522,25
1090,45
21,20
96,30
173,39
351,45
672,35
1318,27
69,37
112,18
189,42
390,44
783,43
1594,10
8,7
49,4
110,36
256,44
484,29
918,49
1900,4
57,43
157,29
259,39
541,50
1109,23
57,42
131,22
199,34
450,27
874,4
1767,41
82,22
102,32
204,10
430,8
833,2
1682,22
96,2
104,17
217,30
502,45
933,24
1885,33
74,34
132,4
262,6
479,39
1035,13
1990,1989
100,31
186,14
326,4
693,30
1313,9
47,35
104,25
198,28
392,13
791,16
1567,19
92,3
183,18
293,29
605,48
1190,17
4,3
83,28
149,45
263,50
584,27
1118,27
80,11
120,8
281,13
582,5
1130,20
96,28
140,44
279,33
570,19
1151,19
48,10
71,40
138,42
266,7
559,30
1117,48
49,4
91,36
181,30
351,40
690,8
1389,12
45,7
99,20
150,35
391,10
712,24
1488,16
2,1
17,16
21,20
137,42
201,33
465,18
924,2
1792,6
57,2
119,44
268,27
462,28
964,45
1937,2
31,30
42,41
77,22
186,21
430,27
824,35
1625,13
58,38
157,31
251,36
478,25
1041,20
1972,5
88,27
160,10
270,7
568,17
1103,21
74,32
79,20
177,24
355,12
755,24
1492,11
9,8
49,22
134,24
208,24
455,40
896,3
1798,10
24,14
88,36
123,21
304,3
620,42
1192,1
73,31
142,42
276,43
569,49
1105,47
5,4
91,10
118,14
270,28
501,13
1079,14
90,41
95,8
199,10
474,31
874,8
1744,26
73,42
125,6
261,17
519,22
1017,48
1915,3
19,15
61,11
175,4
322,26
643,9
1222,35
62,30
83,42
155,33
365,19
680,17
1398,22
11,10
85,10
97,16
229,29
502,47
983,36
1942,45
65,11
109,40
232,42
492,47
989,1
1961,28
3,2
54,34
66,36
132,41
292,28
641,41
1246,16
94,49
141,40
262,29
538,23
1072,45
83,29
163,44
279,32
601,40
1221,47
35,5
129,39
217,30
429,21
855,35
1745,35
14,13
54,50
104,12
210,17
455,5
915,41
1761,5
12,11
107,15
179,36
380,33
764,14
1458,23
16,15
39,1
63,13
162,43
302,3
584,7
1221,22
101,25
148,42
311,10
617,2
1241,27
15,2
20,9
89,49
216,34
368,11
731,40
1522,26
65,12
146,40
287,7
501,35
1073,46
81,48
120,12
253,29
510,16
1062,29
96,33
139,17
322,7
635,25
1252,31
77,7
104,35
268,8
451,50
925,3
1888,10
76,48
134,7
233,23
492,22
1032,23
1950,36
30,29
78,17
138,13
313,15
561,19
1167,22
22,21
27,26
71,25
184,10
347,34
692,50
1417,25
13,12
71,45
146,16
288,33
544,17
1151,14
76,17
96,29
189,27
461,45
890,49
1781,30
99,21
134,24
314,33
615,34
1243,18
35,29
105,14
141,38
377,9
678,28
1371,50
92,35
148,35
251,7
497,14
1081,3
20,17
60,24
105,5
200,10
475,4
869,35
1732,4
13,12
86,9
162,48
297,3
602,43
1167,43
33,32
126,9
173,47
333,13
714,5
1472,11
30,17
54,28
126,38
221,35
443,4
906,42
1784,36
83,44
119,21
206,36
473,19
923,49
1866,21
22,21
37,12
121,11
183,18
432,25
827,9
1722,17
26,25
98,37
215,12
355,46
793,2
1490,37
61,21
160,40
241,1
561,27
1026,42
25,24
48,27
159,44
238,20
531,20
1091,21
94,48
164,50
271,9
564,33
1185,33
60,48
148,36
292,19
575,39
1155,45
25,18
59,18
131,5
290,3
605,38
1154,10
91,44
164,4
336,44
664,35
1288,44
18,17
100,46
119,1
337,13
581,24
1179,5
4,3
11,10
56,39
129,39
256,28
487,2
1033,12
1940,31
81,43
143,3
315,11
609,16
1222,24
23,22
97,28
141,10
360,45
716,48
1376,40
39,24
101,7
146,43
360,41
660,27
1390,12
88,38
166,31
341,10
602,9
1253,11
54,35
126,16
203,50
438,31
887,40
1799,11
4,3
97,17
147,33
345,40
680,15
1307,21
57,7
118,28
242,46
494,14
958,27
1878,5
54,4
119,13
249,38
432,12
941,8
1807,19
96,49
193,19
302,10
664,26
1263,30
17,16
35,34
90,9
217,26
441,32
803,8
1687,40
98,1
148,36
346,4
664,22
1274,35
84,29
99,15
192,29
467,42
931,40
1806,36
51,4
140,13
279,41
560,35
1119,14
25,24
124,10
179,42
336,50
761,21
1483,2
63,46
94,27
173,9
339,14
682,18
1390,40
9,8
95,1
166,6
314,39
585,12
1258,25
71,28
131,27
213,25
498,33
992,44
1953,37
68,14
72,40
185,40
354,16
735,23
1422,20
28,27
57,30
90,33
205,6
456,29
865,26
1707,45
93,26
177,11
332,15
607,13
1277,16
90,15
154,16
312,14
587,2
1151,26
53,27
67,30
164,38
294,23
632,22
1255,7
69,44
78,42
169,5
385,36
710,3
1464,39
40,25
112,33
200,6
392,2
780,35
1531,23
61,2
132,47
220,48
450,49
932,44
1846,9
8,7
76,45
182,21
282,42
623,37
1189,48
59,40
153,34
301,49
523,12
1064,21
55,32
100,12
199,2
433,21
876,8
1746,46
16,1
91,17
163,40
371,50
730,19
1379,45
43,28
45,41
181,48
364,16
648,19
1366,25
57,42
149,23
216,35
440,36
867,21
1797,9
65,31
76,22
191,26
385,14
722,37
1455,7
9,8
46,8
85,37
225,50
366,38
807,47
1617,29
64,15
79,48
226,6
401,47
824,43
1668,8
69,41
82,26
251,41
487,23
990,36
1918,48
78,35
136,20
246,26
473,20
937,37
1911,25
91,46
190,8
310,48
617,46
1293,43
56,17
121,11
274,24
515,9
1004,43
1971,21
70,42
169,40
265,3
507,38
1111,13
87,4
143,47
270,4
590,9
1122,5
97,46
110,3
261,48
536,36
1066,45
54,7
121,11
235,40
412,2
841,18
1674,22
29,5
91,18
208,47
398,25
766,46
1568,23
68,39
78,42
172,25
340,49
677,7
1423,19
54,31
152,1
284,42
559,25
1065,35
19,18
47,5
109,49
177,36
447,13
824,37
1699,13
5,4
60,22
103,8
218,24
439,39
865,17
1764,5
75,19
172,45
264,15
580,15
1128,10
94,41
103,23
209,31
409,2
890,14
1769,9
19,18
82,11
164,19
273,21
599,47
1171,44
10,9
72,34
130,9
275,31
489,29
1061,3
40,39
66,3
181,45
335,42
721,47
1394,34
63,11
161,22
282,8
544,27
1079,11
75,22
161,4
326,23
646,11
1219,2
61,24
127,7
229,46
421,45
930,24
1810,32
69,42
81,20
217,45
459,20
923,2
1774,14
6,5
104,39
201,8
411,19
790,32
1534,10
25,24
69,15
182,50
304,35
637,26
1289,47
11,10
39,30
84,46
142,4
328,3
643,30
1302,12
8,7
39,38
120,31
261,4
476,23
914,32
1919,45
59,37
129,15
252,27
449,22
914,31
1874,46
13,12
91,9
168,9
304,30
663,8
1272,50
60,45
134,11
254,20
522,18
980,37
1965,18
3,2
67,43
106,3
217,12
458,29
950,9
1805,44
72,20
73,47
238,37
407,9
875,8
1677,2
36,20
105,8
215,13
427,49
791,16
1598,36
55,28
63,18
188,19
351,4
691,1
1363,9
41,3
119,17
169,10
380,8
756,24
1549,29
81,25
87,29
253,9
488,9
969,14
1965,34
50,15
109,27
202,22
460,34
908,49
1763,46
53,41
121,48
275,12
491,27
1015,8
1939,37
83,28
122,27
249,18
474,31
954,12
1954,45
31,30
88,26
149,37
354,29
682,37
1358,31
84,7
125,28
238,45
475,33
947,6
1933,7
42,7
84,43
163,37
350,4
680,47
1352,27
99,50
197,36
350,37
732,19
1453,47
10,9
103,22
122,48
317,34
590,39
1157,35
31,5
68,28
188,10
359,46
685,4
1428,30
83,27
128,36
252,46
481,50
1037,1
1991,1990
17,16
65,31
152,1
327,27
589,26
1196,5
49,12
121,1
263,21
529,35
997,31
1982,15
36,11
106,45
243,9
440,28
835,42
1714,27
12,11
96,7
197,46
403,40
798,6
1590,18
37,5
40,2
152,50
315,32
597,42
1201,19
81,24
85,4
224,42
487,22
937,12
1905,21
54,4
113,17
246,48
451,41
890,50
1816,8
2,1
8,3
62,6
98,24
215,3
401,9
821,10
1633,26
101,41
188,14
310,19
649,44
1339,31
87,6
125,33
229,32
516,10
960,49
1980,3
24,23
67,45
133,36
246,41
563,28
1069,39
37,31
112,34
150,36
379,8
740,24
1514,34
32,31
129,22
258,44
432,8
860,45
1748,32
38,17
90,6
211,39
396,35
775,39
1549,5
38,36
103,39
164,28
317,42
637,7
1360,18
49,24
148,12
249,8
454,47
929,27
1876,13
69,14
88,39
213,13
383,25
757,2
1587,16
24,23
54,15
169,22
303,2
636,33
1241,35
90,34
127,36
240,39
468,48
933,31
1896,27
73,49
174,11
250,28
598,23
1102,12
40,16
57,43
130,20
242,6
495,31
1047,31
58,35
67,5
130,46
309,40
600,19
1231,31
40,7
107,10
231,41
447,22
917,45
1747,47
96,7
169,33
274,29
575,35
1124,32
71,20
92,50
214,42
456,17
929,27
1780,5
52,6
118,4
222,21
437,50
862,50
1785,29
75,49
161,40
271,50
512,17
1065,19
5,4
12,9
53,39
135,7
269,14
568,16
1121,49
22,21
30,29
102,23
218,47
404,11
838,46
1636,42
81,10
158,3
278,10
525,31
1075,17
17,16
58,20
165,2
320,21
573,32
1138,50
64,12
103,47
218,44
392,32
842,30
1674,3
52,20
134,19
252,38
503,19
1000,42
1977,23
83,12
111,37
262,10
541,22
1033,39
72,23
118,24
198,48
447,19
885,30
1789,35
81,40
110,5
216,26
463,37
882,2
1821,31
50,3
103,39
169,47
403,38
737,13
1492,39
36,27
127,28
200,38
427,46
818,49
1645,43
96,35
120,28
271,40
491,50
1065,33
19,18
111,45
134,6
319,42
590,16
1251,11
85,14
97,29
195,47
426,34
868,7
1708,19
85,32
113,13
293,20
506,42
1048,17
28,27
84,35
200,19
316,28
631,33
1260,36
58,2
110,49
240,44
464,26
912,1
1832,10
41,37
142,6
256,29
522,2
1061,41
25,24
77,49
126,19
255,13
533,5
1096,6
62,23
154,25
284,16
519,40
1108,40
35,31
84,39
127,18
294,13
550,41
1164,39
15,8
34,15
112,22
249,47
508,20
974,44
1969,8
49,35
116,33
215,41
414,35
892,26
1701,34
89,49
122,36
226,22
535,10
1039,42
39,38
71,21
165,21
306,10
600,1
1208,6
63,49
81,28
173,4
324,50
731,3
1452,11
87,47
102,17
262,24
473,21
1002,10
1946,48
43,42
70,20
213,2
350,1
739,28
1431,13
25,24
119,31
236,33
450,22
923,7
1799,26
42,30
122,4
261,5
451,20
923,44
1882,26
66,8
84,21
166,14
394,13
771,44
1528,37
45,18
73,38
215,47
425,23
849,16
1616,17
34,12
36,35
119,13
258,39
539,43
1043,50
86,38
96,40
248,33
528,28
1001,42
1948,22
61,13
150,31
310,8
622,47
1154,27
3,2
97,39
178,44
341,21
718,19
1410,47
59,44
109,30
253,44
501,46
929,1
1938,34
58,31
72,29
156,23
386,35
705,35
1422,20
30,23
100,9
228,26
372,1
798,27
1553,43
5,4
86,20
148,25
256,36
540,45
1036,49
41,1
64,49
179,49
341,47
665,8
1301,37
11,10
112,40
214,15
421,13
767,30
1526,6
50,11
84,31
233,22
407,46
786,33
1659,12
33,32
68,41
161,49
268,37
531,15
1126,1
69,33
123,42
290,11
490,44
1070,49
27,26
61,4
174,3
301,17
606,12
1242,19
55,8
78,40
202,39
402,15
778,40
1613,2
21,4
93,31
192,20
346,25
685,29
1376,4
99,22
178,22
310,46
685,40
1327,18
48,39
116,6
171,12
372,41
790,39
1559,49
46,27
139,4
258,4
457,3
926,32
1861,7
84,32
174,22
332,12
615,21
1259,7
101,37
180,40
306,31
629,41
1288,26
10,9
12,11
114,41
162,12
333,12
711,1
1381,11
9,3
74,5
97,24
193,14
421,15
868,40
1680,29
26,17
36,15
130,5
235,42
490,11
941,48
1892,22
6,5
7,6
20,15
124,3
235,15
413,34
810,3
1708,15
16,15
92,28
178,37
382,10
706,48
1446,37
14,3
114,44
142,12
304,1
659,6
1310,32
3,2
51,17
63,1
202,46
418,32
838,31
1606,30
53,21
104,31
251,41
423,14
848,35
1761,28
54,12
116,42
245,19
467,10
948,11
1872,20
33,32
63,13
172,10
337,44
674,3
1322,21
35,12
81,3
215,30
383,9
745,16
1538,5
44,18
120,7
200,3
461,20
909,49
1826,37
30,22
69,16
196,44
299,45
619,26
1287,32
16,15
104,18
172,39
298,39
651,3
1312,32
85,4
161,33
293,17
562,8
1172,20
94,49
169,13
266,45
578,43
1207,23
96,12
120,20
268,50
554,4
1094,12
97,12
168,23
337,34
669,1
1316,46
95,42
151,45
249,28
535,33
1092,33
79,29
116,39
217,48
441,12
950,9
1846,9
77,11
121,32
273,40
532,28
1098,37
97,9
171,6
303,25
601,11
1228,36
49,19
73,26
184,10
322,44
715,17
1426,47
82,37
88,12
173,45
441,8
789,20
1659,3
38,37
43,6
102,21
255,30
488,3
956,32
1897,11
39,18
118,12
232,25
422,48
814,21
1639,19
29,28
45,34
167,24
266,45
551,26
1140,1
37,36
128,15
200,15
389,32
807,21
1624,10
59,10
91,40
193,37
437,40
800,28
1640,35
91,21
182,11
358,6
660,42
1337,36
73,13
77,47
217,21
422,29
827,13
1617,7
34,11
71,3
196,42
356,45
681,25
1437,1
41,40
47,44
165,16
318,20
638,45
1288,36
88,1
98,33
214,40
469,22
925,35
1799,2
51,39
102,9
206,1
368,2
741,10
1493,4
20,19
88,22
140,1
326,39
631,17
1233,28
83,3
165,34
313,23
572,28
1213,5
79,7
143,44
237,44
462,23
1004,29
1981,4
30,1
96,1
186,39
387,23
738,22
1443,50
87,9
147,45
284,18
549,38
1127,10
61,16
152,46
291,46
528,37
1109,30
77,17
145,8
263,1
567,34
1092,41
87,12
163,31
268,9
604,37
1201,29
71,38
111,46
188,1
432,28
851,38
1742,34
32,4
63,4
165,10
348,46
663,37
1299,39
76,27
94,35
239,17
463,44
908,35
1786,44
42,27
83,4
137,26
356,18
707,18
1355,34
5,4
9,3
39,18
98,9
219,25
450,39
904,20
1809,1
56,49
66,22
152,28
320,49
672,39
1302,18
47,43
49,37
175,3
278,45
645,5
1205,19
15,14
25,21
134,1
229,32
405,47
838,6
1702,42
32,31
56,30
156,46
252,47
499,29
1034,24
80,16
162,30
311,50
651,27
1243,16
75,46
141,3
228,20
492,8
946,40
1963,10
79,47
127,16
210,34
459,9
881,18
1832,22
73,16
149,47
290,33
528,10
1061,10
6,5
15,9
85,23
188,42
332,3
703,21
1392,34
33,32
75,35
197,38
402,6
794,3
1559,25
78,40
97,41
236,33
454,45
922,48
1819,2
25,24
117,35
237,28
420,33
879,22
1684,36
79,1
117,48
267,1
516,46
1015,50
1987,1986
98,25
103,48
285,17
500,4
996,15
1949,3
13,5
73,27
110,33
241,22
456,25
916,31
1838,16
75,41
87,25
180,34
365,46
789,18
1561,2
67,41
162,46
312,17
625,38
1260,7
82,25
88,39
174,23
367,42
712,30
1512,24
71,9
77,31
197,40
439,31
807,41
1641,7
37,36
138,5
257,32
438,8
891,39
1853,40
56,1
121,47
264,21
454,8
983,13
1966,31
54,27
78,25
163,13
297,50
654,50
1327,15
91,19
175,43
334,47
685,16
1321,19
13,12
114,5
210,9
374,31
712,3
1490,19
51,46
114,38
180,21
421,39
856,47
1705,9
78,21
100,31
190,46
435,45
838,7
1716,17
17,16
107,41
218,20
381,25
801,11
1542,5
37,30
124,39
171,46
374,34
742,35
1454,9
40,39
122,48
165,32
371,49
792,25
1557,45
24,23
26,25
68,29
163,41
288,29
632,46
1271,19
76,38
139,19
252,3
556,7
1029,41
26,4
120,43
243,17
390,28
843,8
1711,22
70,20
82,22
250,37
423,6
905,22
1788,18
91,22
98,39
255,40
454,8
993,39
1957,38
75,29
98,22
218,46
429,44
821,29
1720,15
97,22
179,43
279,31
635,5
1276,21
79,40
119,34
213,45
494,10
957,34
1863,29
76,22
176,44
254,36
516,23
1118,29
94,30
107,12
239,47
444,21
955,38
1840,33
13,12
33,5
71,6
190,39
347,34
689,34
1404,18
32,31
74,36
128,25
258,20
585,4
1087,20
13,12
74,10
100,16
255,22
537,33
1074,25
12,11
45,44
108,31
248,14
488,10
990,37
1983,1
84,15
144,16
230,38
520,25
1007,39
1966,4
20,19
62,12
109,31
272,50
538,13
1046,45
49,33
109,31
167,11
347,43
764,35
1461,14
81,9
101,23
237,5
466,50
886,48
1864,29
23,22
73,10
121,9
244,17
518,14
1074,46
86,47
166,9
343,44
646,34
1271,35
82,15
107,25
218,18
433,3
860,27
1751,31
46,45
93,41
223,27
386,2
818,8
1654,50
88,16
106,3
240,18
501,10
949,35
1917,4
55,14
102,28
258,17
474,50
945,46
1843,41
64,14
137,6
289,13
529,34
1026,4
21,20
93,5
199,47
391,31
799,36
1508,35
92,30
190,35
324,50
619,19
1276,22
16,15
65,17
122,10
254,43
473,29
966,29
1925,32
10,9
102,3
169,14
298,32
597,8
1208,31
1,0
74,15
121,3
238,4
513,1
1027,10
1929,39
71,49
155,39
321,28
608,30
1221,20
13,8
50,14
141,15
246,50
521,33
1043,49
10,9
54,13
142,31
211,27
506,16
1020,2
1956,22
30,10
45,44
128,40
289,34
514,14
1047,37
51,37
142,23
265,7
486,46
1015,40
1974,1973
65,47
162,13
304,31
630,29
1233,21
48,45
118,29
182,33
374,5
761,46
1496,21
101,32
186,18
329,8
651,26
1294,47
14,12
72,11
118,29
237,15
451,36
969,44
1895,16
32,31
68,15
149,25
323,11
615,38
1193,20
73,48
152,40
299,35
538,30
1144,25
62,31
125,10
195,18
482,17
943,28
1887,42
6,5
101,22
204,1
330,20
645,15
1288,28
15,14
29,28
59,26
132,43
320,29
556,50
1196,31
55,45
92,27
174,38
416,43
762,7
1545,33
84,16
160,50
263,12
518,50
1114,1
31,30
49,26
158,11
256,27
537,4
1071,34
3,2
54,45
125,29
260,13
494,10
1004,5
1979,1978
12,11
71,4
112,26
244,6
520,33
1052,6
90,37
129,29
257,24
524,42
1077,44
90,13
175,39
295,3
628,44
1288,9
4,3
45,22
105,45
177,31
373,2
740,1
1484,31
38,24
101,50
239,1
388,33
778,28
1600,45
51,37
78,40
225,50
444,40
868,26
1746,25
40,3
138,41
203,10
423,44
847,16
1721,10
54,12
85,25
240,29
460,47
887,31
1773,32
11,10
99,1
113,34
224,14
502,9
1030,50
1951,39
98,42
160,33
342,44
694,11
1386,45
27,26
70,29
112,6
247,34
501,37
1033,38
1977,1976
40,32
52,23
145,37
289,49
567,2
1176,19
2,1
85,37
129,5
252,27
568,23
1099,16
96,17
131,9
325,14
578,41
1224,47
94,26
105,39
212,27
414,21
865,33
1760,15
67,46
99,22
218,19
448,13
907,19
1793,24
47,41
54,17
161,17
341,38
667,24
1358,43
99,19
116,17
288,41
534,10
1054,31
71,41
90,2
181,28
358,9
774,37
1565,26
25,20
29,13
69,13
168,28
346,8
666,28
1371,47
54,15
59,2
151,41
343,48
673,8
1357,29
64,36
124,24
235,15
445,4
900,39
1833,49
44,43
112,26
157,31
394,36
747,40
1533,39
50,25
69,19
189,11
309,30
660,26
1281,2
42,11
47,26
169,9
320,43
583,20
1173,28
49,22
83,3
152,41
361,44
740,21
1394,41
22,16
42,21
157,22
265,47
547,11
1057,43
94,33
137,11
242,7
517,26
1019,34
28,27
70,46
121,19
237,32
466,47
964,32
1916,38
46,3
119,15
205,14
372,46
781,35
1567,38
101,15
154,44
300,7
627,22
1250,37
29,28
123,18
230,1
383,4
860,9
1629,9
13,2
73,7
155,27
306,49
636,42
1212,48
57,6
129,33
259,48
529,32
987,3
1985,1984
43,4
128,39
185,35
429,45
838,8
1660,45
44,36
83,35
158,14
330,8
617,47
1249,36
29,1
56,31
134,48
317,22
589,8
1219,26
92,35
178,19
361,40
685,22
1411,42
40,29
136,2
275,40
461,35
935,18
1872,19
30,29
77,37
190,17
313,46
637,44
1249,45
101,31
108,29
210,30
486,15
964,18
1889,20
73,49
164,49
274,47
608,29
1192,8
87,38
158,15
318,7
643,39
1252,47
23,22
46,40
110,41
273,13
512,3
1023,25
1936,45
15,14
104,27
205,43
371,14
781,31
1576,1
48,40
102,24
164,1
327,12
736,36
1452,11
18,17
67,43
183,15
345,27
637,46
1341,3
53,39
59,37
204,50
337,2
746,9
1457,24
29,1
123,11
231,16
405,13
872,9
1727,12
48,26
132,46
243,19
484,35
992,35
1932,6
100,14
162,17
357,7
656,16
1297,31
57,46
154,4
305,37
568,29
1179,3
47,15
80,31
153,19
315,45
672,47
1362,1
66,4
72,37
176,1
398,7
777,1
1567,26
38,30
55,8
181,40
283,2
567,11
1176,15
63,24
142,45
254,40
489,11
956,49
1909,38
67,21
82,27
236,18
454,4
884,32
1735,38
40,12
62,26
202,21
317,21
667,30
1295,45
27,3
39,8
100,44
256,43
464,50
933,32
1851,32
45,36
135,31
248,20
469,50
952,39
1877,15
93,34
166,3
279,32
619,48
1230,12
22,21
27,2
95,49
172,46
408,15
781,19
1582,47
93,4
128,28
314,38
564,32
1111,4
21,20
37,26
159,42
306,21
623,16
1226,48
56,10
66,26
189,17
364,21
763,17
1513,23
82,41
159,2
296,47
566,9
1105,20
18,17
103,36
167,48
384,47
720,26
1454,10
49,30
120,49
206,26
438,10
910,9
1781,40
37,22
39,13
126,19
223,24
433,39
886,9
1782,20
55,40
150,50
242,12
476,5
947,41
1915,31
38,22
120,34
247,9
455,27
941,27
1891,41
61,24
149,17
222,3
514,2
994,36
1989,1988
20,19
57,29
102,18
195,14
416,28
870,31
1732,37
76,45
170,28
343,16
672,6
1335,15
85,16
104,47
226,13
491,3
961,17
1956,43
37,36
96,18
176,11
334,45
687,23
1364,2
28,27
64,43
158,13
333,7
664,30
1326,32
8,7
43,5
61,43
198,20
383,4
761,8
1526,29
53,32
143,3
297,2
563,28
1131,24
11,10
19,7
76,8
123,11
248,39
503,37
1009,36
1906,33
71,13
86,46
218,4
457,15
853,46
1748,50
95,3
118,43
284,3
500,12
1034,28
10,9
103,36
130,3
330,45
665,9
1331,13
16,15
28,16
121,1
169,45
391,43
819,32
1548,34
49,22
109,8
200,13
381,30
839,13
1645,3
91,9
176,7
321,16
687,23
1346,40
49,27
117,43
182,44
390,4
838,1
1596,25
43,13
113,14
189,8
363,5
777,46
1563,13
35,23
51,50
187,27
288,34
641,42
1217,47
23,22
44,15
97,40
251,30
512,2
1002,21
1984,1983
53,18
150,22
290,2
537,29
1064,6
14,13
57,20
122,41
216,15
457,18
950,23
1841,21
17,16
36,14
66,21
137,19
276,20
548,17
1123,36
33,12
51,30
130,4
276,42
576,16
1165,16
40,39
79,23
197,37
360,48
767,49
1464,32
86,44
96,19
183,18
426,6
889,16
1710,28
17,16
28,27
107,39
217,27
440,7
871,39
1749,49
45,25
113,14
203,32
460,40
840,7
1712,29
32,31
132,23
249,43
441,14
954,19
1879,43
69,8
116,21
279,37
472,12
985,27
1982,1981
30,29
73,15
129,32
297,16
624,37
1217,34
2,1
53,41
155,11
254,34
548,44
1090,30
50,29
149,39
283,34
546,4
1046,48
34,17
101,3
180,37
394,11
798,47
1538,4
55,43
138,3
198,21
393,26
863,47
1680,6
2,1
8,7
99,24
153,41
304,8
574,50
1187,8
76,26
161,23
338,37
671,40
1320,12
77,4
83,31
256,49
453,13
882,42
1753,32
32,30
133,15
260,39
456,11
923,38
1899,13
69,14
165,15
240,16
569,35
1048,25
96,39
179,10
330,46
667,36
1291,30
32,27
33,26
84,36
194,43
347,21
774,26
1493,32
101,41
200,19
320,28
707,28
1381,9
28,1
44,38
108,47
273,25
533,20
997,30
1995,1994
82,50
89,37
175,6
439,48
858,10
1711,31
60,47
160,42
274,48
589,27
1141,50
47,29
67,10
118,48
268,15
506,31
1072,20
19,18
66,13
87,45
196,25
463,35
861,24
1786,29
38,15
62,24
175,18
288,45
660,4
1324,23
71,29
104,19
240,11
455,19
949,10
1821,28
34,33
134,1
186,13
393,25
790,47
1599,13
66,37
98,38
224,26
411,29
872,38
1715,13
9,8
20,9
107,24
203,48
357,2
777,5
1540,2
62,42
137,8
254,30
506,24
1010,14
1937,30
83,33
100,42
279,6
500,44
1052,42
87,29
144,26
289,26
610,21
1144,26
27,26
93,43
162,45
295,28
645,11
1230,8
1,0
79,39
120,11
255,4
482,24
961,23
1974,8
26,25
81,20
156,44
311,34
664,28
1317,6
101,45
180,33
364,5
741,11
1483,11
34,33
103,39
175,39
386,4
775,40
1476,15
86,50
181,11
304,39
670,13
1282,37
25,24
45,14
108,21
222,38
462,42
950,2
1844,50
53,12
75,50
154,46
308,13
651,3
1331,15
101,43
108,32
257,5
565,29
1090,1
33,16
51,6
161,19
321,37
589,16
1250,12
26,19
83,41
208,49
370,1
706,4
1418,4
32,13
106,29
147,9
310,4
646,16
1243,14
76,24
170,12
283,33
603,39
1217,9
67,37
121,28
193,27
457,24
901,41
1837,42
65,12
111,37
212,13
393,15
804,46
1630,44
75,34
93,12
200,41
425,9
832,25
1685,43
91,35
175,38
345,38
663,3
1374,22
82,12
153,34
238,39
563,6
1117,18
71,10
92,14
237,15
457,47
900,39
1808,29
14,13
28,24
110,4
230,3
468,48
894,9
1783,19
76,45
152,8
263,8
512,36
1041,17
59,37
156,48
308,48
595,19
1219,17
24,7
93,16
178,44
343,4
726,1
1420,39
11,10
112,44
158,14
349,13
643,44
1359,36
80,24
101,11
257,30
513,45
1013,1
1920,44
100,10
117,11
223,38
480,31
999,7
1968,1967
18,5
79,38
111,9
224,45
486,32
977,5
1992,1
41,15
60,48
162,26
313,38
604,30
1202,50
20,19
105,34
215,47
366,27
772,25
1561,13
59,4
157,45
290,32
552,31
1093,41
15,14
100,34
216,50
333,14
714,8
1388,2
30,26
109,14
226,44
449,10
830,7
1674,36
50,46
66,38
177,24
304,19
666,23
1298,43
88,40
136,38
266,15
492,26
990,21
1977,17
28,27
129,25
254,23
453,40
884,5
1752,24
94,21
139,50
251,8
495,31
1029,11
62,12
69,4
197,36
374,40
715,46
1430,42
19,18
120,2
187,14
359,48
768,41
1454,41
29,6
44,43
131,44
296,43
586,19
1106,13
56,7
118,18
230,43
449,11
872,10
1778,16
90,2
140,6
248,23
523,43
1087,23
65,22
96,34
246,11
459,27
943,27
1825,10
26,11
55,26
115,43
266,46
507,2
985,31
1966,1965
46,41
85,5
214,50
353,11
754,21
1491,39
51,2
98,16
200,34
426,43
869,49
1676,49
13,12
53,10
121,16
225,23
445,25
896,43
1793,19
74,40
158,50
263,20
496,12
1012,1
13,12
65,33
158,34
246,33
575,16
1156,27
83,6
130,43
264,41
559,38
1073,9
42,41
71,36
165,35
354,20
636,38
1314,40
78,42
151,50
275,12
570,8
1092,30
79,31
151,3
232,23
541,42
1095,46
88,33
163,18
273,38
561,45
1153,20
48,29
138,28
277,35
561,37
1095,3
43,22
89,45
142,50
360,40
700,47
1382,49
92,5
104,39
241,2
535,14
1021,10
1996,1995
63,2
67,41
219,3
366,13
740,48
1465,8
11,10
46,16
117,4
222,47
441,41
878,10
1781,24
65,35
98,13
167,12
365,19
730,15
1485,46
59,26
99,37
224,46
473,16
858,18
1725,31
14,13
95,27
163,33
350,35
709,50
1392,3
82,43
139,11
260,13
500,33
1063,49
22,21
38,37
146,38
269,13
496,25
992,48
1939,4
92,8
142,42
241,6
545,48
1030,27
32,5
97,44
212,44
349,4
791,27
1558,21
94,22
152,41
252,9
503,19
1058,44
84,29
122,27
248,3
534,16
1042,19
49,28
84,30
164,4
356,10
740,42
1479,35
91,42
125,17
283,18
567,20
1117,19
17,12
91,23
131,7
330,13
637,7
1273,44
64,25
66,10
176,30
357,14
706,25
1400,43
1,0
68,7
134,6
271,14
555,37
1124,12
46,6
130,30
225,36
483,10
931,17
1914,14
56,10
58,36
146,32
361,11
722,1
1371,30
90,43
99,30
222,23
458,3
906,17
1826,25
51,50
74,29
185,21
312,35
695,49
1365,16
40,10
95,19
222,46
395,10
783,28
1549,23
43,40
70,40
152,35
309,21
609,2
1278,33
87,20
132,37
310,44
602,44
1162,48
5,4
99,13
200,13
387,26
699,46
1466,36
6,5
99,4
158,30
344,25
684,50
1350,29
9,7
11,2
83,5
181,24
309,49
627,5
1252,22
100,13
167,15
284,42
576,29
1217,13
18,17
99,18
194,50
338,15
739,30
1466,18
26,25
109,3
143,30
299,9
600,15
1241,33
88,50
113,15
261,26
520,38
1047,31
48,24
112,28
176,31
411,5
840,48
1641,32
1,0
16,10
75,37
116,43
278,33
524,48
1095,45
58,12
89,35
234,23
431,26
838,25
1741,10
33,31
131,38
185,47
376,3
787,28
1567,12
13,12
81,22
142,12
329,31
659,44
1283,26
89,13
137,32
255,11
541,45
1103,26
38,7
63,5
151,48
320,9
624,37
1290,14
96,1
152,47
311,28
574,40
1142,14
68,18
80,8
161,41
394,39
739,31
1479,7
42,7
121,45
186,24
428,44
871,38
1654,20
34,17
117,18
160,26
404,26
781,38
1577,47
44,1
47,40
105,7
228,1
457,28
932,33
1844,40
98,40
163,28
282,30
636,43
1258,42
75,6
170,37
280,50
558,25
1118,38
96,36
180,28
292,19
585,30
1164,47
40,2
114,13
177,22
345,29
677,5
1399,9
2,1
96,49
170,31
341,19
669,27
1298,26
17,6
37,23
142,32
284,17
559,29
1106,18
78,1
173,42
284,46
551,26
1178,23
54,6
132,3
226,40
439,29
856,14
1773,2
52,27
103,25
175,27
417,5
829,4
1635,18
58,36
82,15
186,11
375,40
716,31
1419,40
37,27
129,1
210,44
471,24
888,44
1792,7
92,33
163,38
298,32
572,23
1176,20
38,12
110,44
156,38
346,47
656,4
1325,44
39,38
116,6
201,20
449,45
848,6
1723,15
49,48
69,47
139,34
344,13
606,9
1274,2
92,21
98,34
218,3
467,19
915,30
1838,33
29,28
88,12
149,48
359,39
647,38
1361,17
8,7
10,9
23,10
81,7
210,44
391,17
821,45
1617,14
54,13
152,25
275,20
497,49
1023,50
28,27
37,36
136,15
207,13
433,32
878,6
1810,35
15,14
63,16
81,42
250,14
415,49
860,16
1734,20
41,25
107,27
163,21
320,15
727,12
1403,31
64,4
100,16
165,12
357,15
712,2
1453,38
13,12
41,15
109,38
170,25
353,50
785,7
1509,40
50,17
98,18
164,43
349,29
687,12
1398,48
59,9
90,32
234,34
439,2
891,36
1717,44
73,49
94,8
267,24
444,10
948,38
1844,29
77,41
154,13
283,18
520,39
1126,43
21,20
113,26
210,35
394,29
814,9
1563,4
1,0
99,29
179,44
280,20
629,44
1209,6
41,38
47,28
93,43
262,33
484,29
999,29
1994,1993
90,7
189,50
295,50
652,1
1245,1
47,46
117,35
248,11
416,26
829,18
1733,11
17,11
52,23
130,49
292,14
514,1
1077,15
36,35
84,38
130,2
341,21
653,30
1311,39
3,2
55,40
147,8
290,48
579,2
1118,24
47,33
60,29
149,34
294,39
584,1
1224,44
38,8
108,5
176,20
419,45
749,39
1587,4
2,1
10,9
112,49
193,33
395,13
806,33
1602,48
22,21
36,21
66,32
204,36
398,18
756,33
1492,26
83,34
169,33
344,9
604,9
1258,38
71,6
157,46
233,31
505,5
1000,3
1983,1982
31,5
57,21
171,47
296,18
634,46
1199,38
2,1
29,28
119,43
156,34
390,41
697,42
1470,20
70,35
112,19
203,20
387,15
798,48
1658,25
44,37
92,10
197,21
348,25
779,3
1497,30
63,22
118,25
277,34
465,25
946,28
1914,23
43,1
118,2
173,19
338,25
682,48
1383,15
1,0
43,24
111,13
230,5
424,20
891,41
1789,3
63,15
121,42
228,32
422,9
930,9
1865,16
47,21
52,40
147,19
267,23
525,29
1093,5
46,25
137,26
278,20
548,48
1093,5
10,2
91,19
163,34
340,41
668,45
1340,35
18,12
51,50
124,33
195,3
413,41
883,31
1736,19
97,26
126,4
314,17
630,24
1172,48
78,25
163,50
324,28
641,43
1231,35
71,4
150,9
251,44
541,43
1103,39
84,47
130,38
220,8
507,20
1005,17
1995,2
20,19
80,3
135,33
303,36
547,14
1184,49
15,14
96,3
196,6
344,14
694,3
1361,12
68,43
76,23
162,44
397,6
777,12
1576,27
17,13
71,40
160,42
291,40
548,46
1125,32
49,7
75,47
172,11
359,4
668,1
1375,48
56,42
110,33
208,40
401,49
863,48
1705,40
19,18
111,26
220,28
386,7
810,32
1552,9
82,6
83,41
205,43
449,13
830,1
1678,6
34,26
59,44
144,36
310,43
642,3
1258,11
27,13
40,39
154,42
266,19
531,33
1084,7
61,29
159,5
233,3
527,45
1043,26
52,1
54,10
201,21
381,49
772,12
1546,19
76,12
90,6
245,26
503,39
961,11
1901,4
65,49
136,8
236,5
475,37
1003,38
1905,9
31,20
107,32
208,2
439,10
809,39
1684,50
58,12
72,41
187,12
385,13
782,50
1530,16
62,11
76,10
189,2
362,45
735,37
1478,35
25,19
125,47
182,40
359,23
775,12
1471,16
56,26
62,37
177,11
323,8
630,33
1260,40
35,34
48,11
129,36
246,48
467,42
946,43
1886,37
82,26
137,44
222,20
467,19
926,35
1888,48
24,23
37,28
116,15
195,41
401,1
774,15
1595,15
91,21
128,3
246,31
540,5
1073,48
21,4
61,21
96,30
224,18
422,49
851,30
1691,11
15,14
44,36
133,27
239,28
529,1
1031,9
1978,9
40,35
85,27
168,43
298,24
677,10
1332,40
66,42
126,7
230,25
500,40
963,27
1912,34
1,0
3,2
49,15
90,2
178,24
352,50
710,12
1398,22
65,6
77,7
197,2
363,38
714,8
1455,21
17,14
70,35
93,9
249,42
434,9
964,37
1894,42
11,10
28,1
75,44
121,32
335,46
1
1
1
1
1
1
1
1
1
1
1
1
1
1
1
1
1
1
1
1
1
1
2
2
2
2
2
2
2
2
2
3
3
3
3
3
3
3
3
3
4
4
4
4
4
4
4
4
5
5
5
5
5
5
5
6
6
6
6
6
6
7
7
7
7
7
7
7
8
8
8
8
8
8
8
8
8
9
9
9
9
9
9
9
9
9
9
10
10
10
11
11
11
11
11
11
12
12
12
12
12
12
12
12
12
12
13
13
13
13
14
14
14
14
14
14
14
14
14
14
14
15
15
15
15
16
16
16
16
16
16
16
17
17
17
17
17
17
17
17
17
17
17
17
18
18
18
18
18
19
19
19
19
19
19
19
19
20
20
20
20
20
20
21
21
21
21
21
21
21
21
21
21
21
22
22
22
22
22
22
22
23
23
23
23
23
23
23
23
23
23
23
23
24
24
24
24
24
24
24
24
24
25
25
26
26
26
26
26
26
27
27
27
27
27
27
27
28
28
28
28
28
28
28
29
29
29
29
29
29
29
29
30
30
30
30
30
30
30
30
30
30
30
30
31
31
31
31
31
31
31
31
31
31
31
31
31
31
32
32
32
32
32
32
32
32
33
33
33
33
33
33
33
33
34
34
34
34
34
34
34
34
35
35
35
35
35
35
35
35
35
35
35
35
35
35
36
36
36
36
36
36
36
36
36
36
36
36
37
37
37
37
37
37
37
37
37
37
37
37
37
37
37
38
38
38
38
38
38
38
38
38
38
38
39
39
39
39
39
39
39
39
40
40
40
40
40
40
40
40
41
41
41
41
41
41
41
41
41
41
42
42
42
42
42
42
42
42
42
42
42
42
42
42
42
43
43
43
43
43
43
43
43
43
43
44
44
44
44
44
44
45
45
45
45
45
45
45
45
45
45
46
46
46
46
46
46
46
46
47
47
47
47
47
47
47
47
47
48
48
48
48
48
48
48
48
48
49
49
49
49
49
49
49
49
49
49
49
50
50
50
50
50
50
50
50
50
50
50
50
50
50
50
50
50
50
50
51
51
51
51
51
51
51
52
52
52
52
52
52
52
52
52
52
53
53
53
53
53
53
53
53
53
53
53
54
54
54
54
54
54
54
55
55
55
55
55
55
55
55
55
55
55
56
56
56
56
56
56
56
56
56
56
56
56
56
56
56
56
56
57
57
57
57
57
57
57
57
57
57
57
57
57
58
58
58
58
58
58
59
59
59
59
59
59
59
59
59
59
59
60
60
60
60
60
60
60
60
61
61
61
61
61
61
61
61
61
61
61
61
61
61
61
62
62
62
62
62
62
62
62
62
62
63
63
63
63
63
63
63
63
63
63
63
63
63
63
63
64
64
64
64
64
64
64
64
64
64
64
64
64
64
64
64
64
64
64
64
64
64
65
65
65
65
65
65
65
65
66
66
66
66
66
66
66
66
66
66
67
67
67
67
67
67
67
67
67
67
67
67
68
68
68
68
68
68
68
68
68
68
68
68
68
68
68
68
69
69
69
69
69
69
70
70
70
70
70
70
70
71
71
71
71
71
71
71
71
71
71
71
72
72
72
72
72
73
73
73
73
73
73
73
73
73
73
73
73
73
73
74
74
74
74
74
74
74
74
74
75
75
75
75
75
75
75
75
75
75
76
76
76
76
76
76
76
76
76
76
77
77
77
77
77
77
77
77
77
77
77
78
78
78
78
78
78
78
78
79
79
79
79
79
79
79
79
79
79
79
79
79
79
80
80
80
80
80
80
80
80
80
80
80
80
80
81
81
81
81
81
81
81
81
81
81
81
82
82
82
82
82
82
82
83
83
83
83
83
83
83
83
83
83
83
83
83
84
84
84
84
84
84
84
84
84
85
85
85
85
85
85
85
85
85
85
85
85
85
85
86
86
86
86
86
86
86
86
86
86
86
86
86
86
86
86
86
86
86
86
86
87
87
87
87
87
87
87
87
87
87
87
87
87
87
87
88
88
88
88
88
88
88
88
89
89
89
89
89
89
89
89
89
89
89
89
90
90
90
90
90
90
90
90
90
90
90
90
90
90
91
91
91
91
91
91
91
91
91
91
91
91
91
91
92
92
92
92
92
92
92
92
92
92
93
93
93
93
93
93
93
93
93
93
93
93
93
93
94
94
94
94
94
94
94
94
94
94
94
94
94
95
95
95
95
95
95
95
95
95
95
95
96
96
96
96
96
96
96
96
96
96
96
96
96
97
97
97
97
97
97
97
97
97
97
97
97
98
98
98
98
98
98
98
98
98
98
98
98
98
98
98
98
98
98
99
99
99
99
99
99
99
99
99
99
99
99
99
99
100
100
100
100
100
100
100
100
100
100
100
100
100
100
100
100
101
101
101
101
101
102
102
102
102
102
102
102
103
103
103
103
103
104
104
104
104
104
104
104
104
104
105
105
105
105
105
105
105
105
105
105
106
106
106
106
106
106
106
106
107
107
107
107
107
107
107
107
107
108
108
108
108
108
108
108
108
108
108
109
109
109
109
109
109
109
110
110
110
110
110
110
110
110
111
111
111
111
111
111
111
111
111
111
111
112
112
112
112
112
112
112
112
112
112
112
112
113
113
113
113
113
113
113
113
113
114
114
114
114
114
114
114
114
115
115
115
115
115
115
115
115
115
115
115
115
115
115
115
116
116
116
116
116
116
116
116
116
116
116
116
117
117
117
117
117
117
117
117
117
117
118
118
118
118
118
118
118
119
119
119
119
119
119
120
120
120
120
120
120
120
120
120
120
120
121
121
121
121
121
121
121
121
121
121
122
122
122
122
122
122
122
122
123
123
123
123
123
123
123
123
123
123
124
124
124
124
124
124
124
124
124
125
125
125
125
125
125
125
125
125
126
126
126
126
126
126
127
127
127
127
127
127
128
128
128
128
128
128
129
129
129
129
129
129
129
129
130
130
130
130
130
130
130
130
131
131
131
132
132
132
132
132
132
132
132
133
133
133
133
133
133
133
133
133
133
133
133
134
134
134
134
134
134
134
135
135
135
135
135
135
135
135
135
136
136
136
136
136
136
136
136
137
137
137
137
138
138
138
138
138
138
138
139
139
139
139
139
139
140
140
140
140
140
140
140
141
141
141
141
142
142
142
142
142
142
142
142
142
142
143
143
143
143
143
144
144
144
144
144
144
144
144
144
144
144
144
145
145
145
145
145
145
145
145
146
146
146
146
146
147
147
147
147
147
147
147
148
148
148
148
148
148
148
148
148
148
149
149
149
150
150
150
150
150
151
151
151
151
152
152
152
152
152
152
152
153
153
153
153
153
153
153
153
154
154
154
154
155
155
155
156
156
156
156
156
156
156
156
157
157
157
157
157
157
157
157
157
157
158
158
158
158
158
158
158
158
159
159
159
159
160
160
160
160
161
161
161
162
162
162
162
162
162
162
163
163
163
163
163
163
163
163
163
163
164
164
165
165
165
165
165
165
165
166
166
166
166
166
166
167
167
167
167
167
167
167
167
167
168
168
168
168
168
168
168
168
169
169
169
169
170
170
170
170
170
170
170
170
170
171
171
171
171
171
171
171
171
171
172
172
172
172
172
172
173
173
173
173
173
174
174
174
174
174
174
174
175
175
175
175
175
175
175
176
176
176
176
176
176
176
177
177
177
177
177
177
177
177
178
178
179
179
179
179
179
179
179
180
180
180
180
180
181
181
182
182
182
182
182
182
182
182
182
183
183
183
183
183
184
184
185
185
185
186
186
186
186
187
187
187
187
187
187
188
188
188
188
188
189
189
189
189
189
189
190
190
190
190
190
190
190
190
191
191
191
191
191
191
192
192
192
193
193
193
193
193
194
194
195
195
195
195
195
195
195
195
196
196
196
196
196
197
197
197
197
197
197
197
197
197
198
198
198
198
198
198
199
199
199
199
200
200
200
200
200
201
201
201
201
202
202
203
203
203
204
204
204
204
204
204
205
205
205
206
206
206
207
207
207
207
207
207
207
207
208
208
208
208
208
208
209
209
209
209
209
210
210
210
211
211
211
212
212
212
212
212
212
212
212
213
213
213
213
213
214
214
214
214
214
214
215
215
215
215
216
216
217
217
218
218
218
218
218
218
219
219
219
220
220
220
220
220
220
221
221
221
221
221
221
222
222
222
222
222
222
223
223
223
223
224
224
224
224
225
225
225
225
226
226
226
226
226
226
226
226
227
227
228
228
228
229
230
230
230
230
230
230
230
230
231
231
231
231
232
232
232
233
234
234
234
234
235
235
235
236
236
236
236
236
236
237
237
237
237
237
237
237
238
238
238
239
239
239
239
239
240
240
241
241
241
241
241
241
241
241
241
243
243
243
244
244
244
244
244
244
245
245
245
245
246
246
246
246
247
247
248
248
248
248
248
248
248
248
249
249
249
249
249
249
250
250
250
250
250
250
251
251
251
252
252
253
253
253
253
253
253
253
253
254
254
254
255
255
255
255
255
255
256
256
256
256
256
257
257
257
257
257
257
257
257
258
258
258
258
258
258
258
258
259
259
259
259
260
260
260
260
261
262
262
262
262
262
262
263
263
263
264
264
264
264
264
265
266
266
266
267
267
267
267
267
267
268
268
268
269
269
270
270
270
270
271
271
272
272
272
273
273
273
274
274
274
275
275
275
275
276
276
276
276
276
276
276
276
277
277
277
277
278
278
278
279
279
280
280
280
281
281
281
281
282
282
283
283
283
284
284
285
285
285
285
285
285
286
286
286
287
288
288
288
288
288
288
289
289
289
290
290
291
292
292
292
292
293
294
295
295
295
296
296
296
297
297
297
298
298
298
298
299
299
299
300
300
301
301
302
302
302
302
302
303
303
303
303
303
303
304
304
304
304
304
304
305
305
305
306
306
306
306
307
307
307
307
307
308
309
309
309
309
309
309
310
310
310
311
311
311
312
312
312
312
313
314
314
315
315
315
316
316
316
316
317
318
318
318
319
319
319
319
320
320
321
321
322
322
323
323
323
323
323
324
324
324
325
325
325
325
326
326
326
326
326
326
327
327
327
327
327
327
328
328
329
329
330
330
330
331
333
333
333
333
333
333
333
335
336
336
336
336
336
338
339
339
339
339
339
339
339
339
341
341
341
341
341
342
342
342
342
342
342
343
343
343
344
344
344
344
345
345
345
346
346
347
348
348
348
349
349
349
349
350
350
350
350
350
350
351
352
352
353
353
354
354
354
355
355
355
356
357
357
357
357
358
358
358
359
359
360
360
360
360
361
361
361
361
361
361
362
362
363
363
363
363
364
364
364
366
366
367
367
368
368
369
369
370
370
371
371
371
371
371
372
372
372
373
373
374
375
376
376
376
376
376
376
377
378
379
380
380
381
381
382
382
382
383
383
384
384
384
385
385
385
385
386
386
390
391
391
392
392
392
392
393
393
393
394
394
394
394
395
395
395
396
397
397
397
398
398
398
398
399
399
399
400
401
402
402
402
404
404
404
406
407
407
408
408
410
410
412
412
412
413
413
415
415
417
417
418
418
419
420
420
421
421
421
421
422
422
424
425
426
426
426
426
427
427
427
428
428
429
429
429
430
430
430
431
431
431
432
432
432
432
432
433
433
433
434
436
437
438
438
438
438
438
439
439
439
440
440
440
441
441
441
442
442
442
443
445
445
445
446
446
446
446
447
447
447
447
447
448
448
449
449
450
450
450
451
451
451
451
452
452
452
453
453
453
453
454
454
455
455
455
455
455
458
458
459
459
459
459
459
459
462
463
463
464
464
465
465
465
466
466
466
466
466
467
468
468
468
469
469
469
469
470
470
470
471
471
471
472
472
474
474
474
474
476
476
476
476
477
477
477
477
477
478
478
480
480
481
482
482
482
482
482
482
483
483
483
483
484
485
485
485
486
486
487
487
487
487
487
488
488
489
489
490
490
490
490
491
491
491
492
493
495
495
495
496
496
498
498
498
499
499
499
500
500
500
500
501
502
502
504
504
505
505
506
506
506
506
506
506
506
507
507
508
508
508
509
509
510
510
511
511
512
512
512
513
513
514
514
515
515
516
516
517
518
520
521
521
521
522
523
523
523
523
524
525
526
526
526
526
527
528
529
529
529
529
529
530
531
533
533
534
534
535
535
535
537
537
538
538
540
540
542
542
542
543
544
545
545
545
545
545
546
546
547
548
548
548
549
549
550
551
551
551
552
552
552
553
554
554
554
554
555
555
556
557
557
557
558
558
559
559
559
560
562
563
563
563
564
564
564
566
566
566
568
568
568
568
568
568
568
569
572
572
572
573
574
574
576
577
577
578
579
579
579
579
580
580
582
582
583
583
583
583
584
584
585
585
586
586
586
587
587
588
588
588
590
590
591
591
592
592
593
593
593
593
594
596
597
598
598
599
601
602
604
605
606
606
607
607
607
607
608
608
609
610
610
612
612
613
614
614
615
615
615
615
616
617
617
617
618
619
619
620
621
622
622
622
623
625
626
626
628
629
631
631
634
636
636
637
638
639
641
641
642
642
643
643
643
644
644
644
645
646
647
647
648
648
648
648
649
649
649
650
650
650
651
652
652
653
653
653
654
655
655
656
656
656
658
658
658
659
659
660
660
660
660
661
661
665
666
668
668
668
669
669
670
670
670
671
673
673
674
674
675
675
675
676
677
677
677
677
678
680
680
681
682
683
684
684
685
685
685
686
687
689
689
689
691
691
691
692
692
693
697
698
698
699
700
701
702
703
707
708
710
710
710
710
711
712
712
712
713
713
714
714
715
718
718
719
721
723
725
725
726
727
728
730
730
731
731
731
732
733
734
735
736
736
737
737
738
738
739
739
740
740
743
743
744
744
746
746
747
747
751
752
752
752
752
753
754
754
756
756
757
757
757
758
758
759
759
762
763
763
764
765
766
766
769
770
772
773
773
776
776
779
779
782
782
782
782
783
784
784
784
784
786
788
788
788
788
789
790
791
791
794
794
795
797
799
800
802
803
803
804
805
805
807
807
807
807
808
808
810
813
813
817
818
823
823
824
824
824
825
826
827
827
827
830
830
831
831
833
834
834
835
837
837
837
837
839
839
841
843
844
845
846
846
847
847
848
849
850
851
852
853
853
854
854
855
857
857
858
859
860
860
860
861
861
861
861
864
864
867
867
867
868
868
868
870
871
872
872
873
873
873
876
877
878
878
878
879
879
879
879
880
880
881
881
881
882
883
883
884
885
885
887
887
888
890
891
892
895
895
896
896
898
899
900
901
901
901
902
903
904
907
907
908
908
912
912
914
915
915
917
920
920
921
921
922
922
923
923
923
924
924
924
925
926
926
926
927
928
930
931
932
934
934
935
936
937
937
938
938
939
940
940
941
941
942
942
944
944
944
945
945
946
948
952
952
952
952
953
955
956
957
958
958
959
960
961
963
967
967
968
969
969
969
970
970
971
971
972
972
973
973
974
974
975
975
976
980
981
981
981
984
984
984
984
989
989
990
990
991
993
995
997
998
1000
1001
1004
1005
1006
1006
1007
1007
1008
1008
1010
1011
1012
1012
1013
1013
1014
1014
1016
1016
1018
1019
1020
1021
1021
1025
1027
1027
1028
1029
1030
1031
1032
1033
1033
1034
1034
1034
1036
1036
1037
1038
1038
1039
1040
1042
1048
1048
1050
1050
1051
1053
1053
1053
1053
1053
1054
1054
1055
1058
1060
1060
1060
1060
1062
1063
1063
1064
1065
1066
1067
1067
1069
1070
1070
1072
1072
1074
1074
1074
1077
1078
1080
1080
1082
1084
1084
1085
1085
1085
1088
1089
1090
1091
1091
1092
1093
1093
1094
1096
1098
1098
1098
1098
1099
1100
1101
1101
1102
1102
1103
1104
1105
1105
1105
1108
1108
1108
1113
1114
1114
1116
1116
1116
1116
1119
1120
1121
1121
1122
1123
1125
1126
1126
1127
1127
1127
1133
1133
1134
1134
1134
1136
1136
1136
1140
1140
1140
1141
1141
1144
1145
1146
1150
1152
1154
1156
1158
1159
1161
1165
1169
1170
1173
1173
1175
1177
1178
1179
1180
1181
1182
1182
1184
1184
1191
1192
1192
1192
1193
1196
1197
1198
1198
1199
1200
1200
1202
1203
1203
1205
1205
1205
1208
1208
1209
1210
1217
1217
1218
1219
1219
1219
1219
1225
1226
1227
1231
1231
1233
1233
1235
1236
1236
1238
1241
1241
1244
1245
1246
1248
1249
1249
1250
1251
1251
1251
1251
1251
1253
1253
1253
1256
1257
1257
1258
1258
1258
1259
1261
1261
1263
1264
1265
1266
1270
1270
1270
1273
1273
1273
1276
1276
1278
1278
1279
1279
1280
1281
1281
1284
1284
1287
1289
1289
1290
1292
1292
1292
1294
1298
1300
1303
1305
1306
1308
1311
1313
1313
1314
1315
1317
1318
1318
1318
1320
1320
1320
1321
1324
1324
1328
1329
1330
1331
1332
1333
1335
1335
1336
1337
1339
1342
1343
1343
1344
1346
1348
1351
1358
1359
1360
1360
1362
1363
1364
1364
1369
1372
1373
1373
1373
1375
1375
1377
1378
1380
1382
1383
1383
1385
1385
1385
1386
1389
1389
1389
1390
1392
1392
1393
1399
1400
1403
1405
1406
1408
1408
1409
1410
1410
1410
1414
1416
1419
1421
1424
1427
1430
1430
1431
1432
1434
1435
1437
1440
1441
1441
1450
1451
1452
1453
1456
1458
1458
1459
1460
1461
1465
1465
1471
1472
1472
1474
1475
1475
1475
1476
1480
1480
1480
1481
1481
1482
1483
1484
1485
1485
1489
1490
1496
1496
1496
1497
1504
1507
1507
1509
1509
1511
1525
1527
1527
1529
1531
1532
1535
1535
1535
1537
1538
1539
1539
1540
1545
1545
1551
1553
1556
1556
1556
1557
1561
1562
1562
1563
1563
1563
1565
1572
1572
1572
1573
1575
1577
1578
1580
1582
1582
1586
1588
1588
1589
1589
1590
1590
1597
1598
1601
1602
1607
1614
1615
1620
1620
1621
1623
1623
1624
1630
1632
1632
1635
1635
1639
1645
1645
1646
1646
1653
1655
1659
1661
1665
1666
1669
1669
1669
1669
1672
1673
1676
1676
1678
1685
1693
1695
1695
1697
1698
1700
1702
1702
1703
1704
1705
1707
1707
1716
1716
1716
1717
1718
1718
1722
1722
1723
1724
1727
1728
1728
1730
1731
1731
1733
1733
1734
1737
1737
1737
1738
1741
1743
1745
1747
1752
1752
1754
1758
1760
1760
1764
1765
1767
1767
1768
1769
1770
1772
1772
1773
1774
1776
1777
1780
1782
1784
1785
1785
1788
1789
1789
1790
1793
1794
1795
1795
1797
1797
1797
1798
1800
1800
1801
1801
1805
1808
1810
1811
1811
1813
1817
1817
1822
1823
1825
1825
1827
1831
1832
1838
1839
1840
1843
1844
1847
1848
1849
1851
1853
1856
1856
1859
1860
1861
1861
1863
1864
1865
1866
1868
1871
1871
1873
1873
1873
1878
1880
1881
1883
1884
1885
1887
1890
1891
1891
1895
1896
1896
1902
1902
1903
1904
1908
1908
1908
1913
1915
1917
1917
1918
1918
1918
1921
1923
1925
1926
1926
1927
1929
1932
1933
1934
1935
1936
1937
1937
1941
1941
1941
1942
1944
1950
1951
1953
1953
1955
1957
1961
1964
1966
1966
1969
1973
1975
1977
1977
1977
1978
1978
1980
1980
1980
1982
1983
1988
1991
1991
1993
1996
2103
2694
2714
2774
2780
2970
3073
3649
3904
