Primero viene la cantidad (n) de timestamps para ambos, luego n líneas que son un timestamp aproximado cada uno separado por una coma (',') del error, y luego n lineas de las transacciones del sospechoso
4500
195,169
582,155
1674,243
1368,562
915,752
1382,409
658,386
1050,808
999,996
1063,420
1686,252
930,875
370,363
29,23
467,415
1192,550
1042,456
1460,455
455,234
576,177
906,482
1870,62
1113,694
682,591
1162,758
1155,307
1416,498
1901,74
874,548
1144,713
1085,850
873,516
687,329
1297,676
850,557
1250,707
897,748
807,668
510,478
255,208
875,865
1193,355
1092,401
1595,255
1196,740
1089,380
406,109
1101,826
1317,182
1497,318
421,358
495,390
736,616
825,814
662,586
1050,817
686,487
720,498
1238,432
1006,977
715,430
1286,362
894,780
744,509
976,718
1216,528
964,653
1421,323
989,102
1530,168
1090,861
893,399
1221,694
204,77
1222,528
861,839
1308,335
366,184
1158,835
360,221
151,146
1292,657
1132,767
595,562
1344,247
1206,674
1094,544
386,378
795,710
951,225
1002,859
591,291
1215,408
1507,422
567,92
1012,944
1023,682
355,318
1000,854
1639,302
1722,218
368,364
756,737
335,146
727,727
476,304
787,206
1254,405
1130,409
918,782
1606,330
1054,711
1214,428
696,604
757,448
1672,293
414,303
1732,183
774,635
971,510
963,525
1327,481
507,330
1056,376
1143,367
1193,569
839,750
987,973
1115,475
967,628
1308,195
442,226
1665,44
346,37
707,703
1322,607
877,825
674,441
1020,816
1541,219
1013,703
996,831
1792,187
696,481
447,220
1617,302
1241,341
1022,540
1252,729
878,697
1146,339
1014,794
1166,460
1008,581
854,812
731,387
1035,694
985,869
1006,791
1018,594
1197,301
915,672
595,189
426,258
1045,904
1035,152
1021,774
809,409
971,277
803,568
1507,490
1313,621
1123,817
900,718
604,410
945,443
854,380
1228,763
1251,648
884,533
1404,328
715,74
1537,236
972,514
693,206
432,341
1032,316
782,497
1599,392
493,492
156,109
1321,135
628,398
1548,451
1035,904
1485,334
891,455
1357,280
684,389
558,502
1352,641
1024,544
1060,494
1743,234
995,948
928,747
757,244
824,545
1522,390
928,885
1199,771
1290,668
817,318
1466,334
1189,313
984,184
1641,287
544,463
837,525
144,96
807,587
990,682
1720,215
1271,462
1130,868
467,357
1310,443
368,93
998,416
1276,514
1009,918
847,783
1089,908
1050,38
552,255
460,257
1632,303
317,303
1111,714
565,550
970,82
1140,764
712,201
336,305
716,403
1393,158
567,370
1449,350
847,711
1238,738
900,653
1136,864
888,613
751,507
819,176
827,605
600,486
950,921
1642,175
903,719
939,732
1666,259
1019,709
312,293
1773,201
1810,167
1337,500
1133,667
1126,635
1551,353
677,624
716,639
1517,135
651,327
1205,325
1171,602
1235,563
993,781
727,690
1824,167
485,467
1383,417
1530,428
984,982
955,829
1149,575
992,891
637,496
740,628
1118,233
762,573
1428,143
583,526
906,478
507,500
1846,146
953,836
1023,933
1194,661
1661,213
718,712
1078,237
1776,215
1104,488
711,474
1331,290
1199,581
913,881
1199,598
1796,203
1590,359
355,326
859,653
1191,633
1100,683
718,514
1442,457
524,128
1057,708
1096,845
1369,232
581,512
1039,894
608,427
1267,688
967,927
804,664
755,605
1344,654
720,598
1133,866
855,851
1042,917
724,477
1043,913
619,195
1318,467
781,774
429,334
1190,775
959,882
1141,781
1358,606
1042,678
1271,373
861,790
1849,107
1317,100
1052,855
617,606
473,470
956,562
1603,397
1070,865
1144,795
544,84
1008,886
1477,63
1129,739
706,274
751,744
1417,486
582,581
1074,721
889,362
940,762
713,421
733,396
579,398
1663,194
1047,446
744,372
1519,358
1328,248
1284,131
451,336
692,586
754,742
1388,229
506,425
511,304
1101,778
1146,412
1785,169
1236,718
362,310
855,157
1238,641
728,446
688,468
1201,780
1115,801
1053,523
1359,314
1277,413
489,428
460,331
1288,478
1321,648
942,276
778,684
1290,639
830,827
1789,172
948,498
1275,507
395,329
1243,623
998,588
1139,329
870,842
738,725
899,594
486,372
941,757
1203,788
695,455
882,91
864,581
364,182
598,395
1685,296
392,280
620,527
982,786
1004,906
1480,430
1091,737
304,229
1119,667
1517,375
1013,906
1234,359
1101,823
664,655
1201,332
979,839
930,858
112,69
1511,189
1071,904
1257,682
652,512
1149,528
817,776
1326,216
1165,578
500,310
1000,617
1720,151
1072,621
862,627
1125,603
760,430
1550,325
843,673
1011,869
611,419
1433,477
931,432
1214,456
1180,492
891,757
1106,104
317,275
481,297
1237,750
1017,426
1277,518
1919,50
976,842
842,572
1107,428
766,382
243,244
1661,243
1336,661
1395,387
1012,531
1048,670
1150,699
871,397
1181,755
1232,38
1024,956
1050,122
507,394
1581,384
1719,97
1020,572
1029,814
593,414
892,500
871,789
804,561
1595,197
1105,815
1382,466
450,207
1016,935
904,850
1038,404
562,352
1444,363
1329,213
1529,217
1168,740
329,240
1011,779
376,68
1009,607
878,602
1059,190
1439,379
1108,739
1485,420
1588,194
693,676
979,880
397,338
833,55
1006,119
1038,460
1072,872
1344,420
1637,97
1521,365
767,266
1554,202
1055,612
1239,296
499,351
1193,591
595,477
775,608
1326,296
1314,514
1243,694
326,300
1003,224
976,384
747,653
898,841
618,481
1074,830
1317,554
1563,411
1319,211
1607,286
1112,818
1150,811
702,356
825,817
672,247
1459,436
1653,58
188,104
1239,290
684,348
1059,587
1206,644
434,344
1072,611
768,747
656,188
845,765
1163,161
1019,592
843,653
568,396
291,182
1584,410
460,201
647,466
652,284
679,671
794,673
894,467
843,673
429,284
1188,652
957,869
820,647
1274,505
1380,514
1075,544
1795,119
1119,881
1227,733
534,222
954,391
527,391
998,897
924,910
1105,516
584,71
600,405
455,339
549,182
1699,239
529,336
1048,813
844,836
740,282
851,585
1464,388
615,505
1030,960
895,737
780,656
853,853
1252,728
1115,594
262,245
1073,720
989,921
470,102
1145,555
905,892
1092,667
892,685
1256,391
854,716
1054,486
157,52
925,397
543,298
942,926
1365,286
879,772
405,389
696,644
1003,562
885,866
1284,715
1495,392
1538,98
1589,306
1280,706
926,227
841,839
813,795
1095,742
859,829
903,812
910,811
801,706
1460,378
1441,374
1210,458
1114,411
275,262
832,729
199,177
1333,612
1196,394
248,203
1155,496
1033,961
966,381
1128,711
1268,363
473,255
1119,228
992,936
1802,92
1103,345
1877,67
682,630
1411,339
993,566
567,312
605,367
799,350
890,398
387,266
695,482
1090,856
1065,776
1389,482
1100,819
789,623
587,540
918,730
1182,684
639,256
757,627
884,832
1244,730
708,632
1135,649
785,521
1028,877
1009,957
729,665
1374,581
622,593
850,721
1087,786
1222,560
1057,727
1190,758
994,929
1516,154
672,568
1311,210
1022,941
283,90
655,206
379,178
987,864
845,324
576,428
993,980
1070,735
1048,787
1232,663
888,796
1135,548
904,544
1021,773
951,782
1515,476
819,246
866,815
989,904
1352,332
1302,378
907,802
1102,400
830,679
1150,776
887,654
567,276
1356,451
1260,735
275,271
1500,429
1480,518
103,51
1132,69
1069,456
1745,163
690,557
885,506
374,155
1301,425
514,495
1051,915
888,63
1119,627
1410,496
1005,804
1510,448
1099,815
1212,633
317,229
696,349
848,679
1665,313
597,587
465,337
1407,370
1012,508
894,772
777,579
1400,473
635,171
1030,352
540,448
709,643
819,613
1081,613
947,276
1035,835
1093,538
870,803
1100,312
1478,480
1301,601
707,505
611,478
1320,261
1534,438
1209,606
555,196
627,455
1220,665
707,553
857,478
1764,175
1651,75
1006,490
626,464
869,617
696,529
949,710
1183,611
910,300
950,94
288,278
439,301
1062,751
158,122
893,872
253,250
719,632
1271,281
1146,626
700,699
1458,426
1702,271
1408,333
297,209
901,875
1073,477
383,318
1391,518
991,890
1363,314
1031,720
1228,592
615,395
905,654
1796,31
1425,255
1043,824
987,959
747,724
1234,626
648,496
583,272
739,596
1247,287
438,334
1337,451
1018,777
767,749
941,779
1380,597
1369,590
909,587
1645,316
1385,611
1178,586
715,653
1010,621
692,432
632,555
1007,731
598,267
951,863
851,734
1243,582
991,722
1687,245
1559,328
579,320
1119,868
968,936
22,23
385,348
1452,379
974,319
1007,951
351,231
1107,287
1495,384
1729,195
1037,373
1251,745
139,50
738,576
930,825
1772,164
1537,166
1226,207
1324,401
1576,319
872,775
327,268
436,244
1021,540
1730,156
836,421
1458,396
529,177
1436,522
963,426
1382,579
974,891
1014,849
551,405
901,505
1808,92
1205,720
1065,638
408,251
1137,166
926,200
911,146
1193,691
1141,541
1549,258
881,419
1153,583
1052,724
885,778
527,455
1461,510
1179,674
997,871
946,605
1529,464
1784,149
1712,161
702,302
1031,749
625,388
1041,644
619,547
922,723
1139,522
1144,836
967,893
351,295
860,812
1264,405
1080,274
930,756
802,217
1099,838
1001,719
813,546
934,492
908,762
1202,592
694,195
1368,302
676,307
657,549
877,345
1250,712
1284,543
1933,63
991,214
1480,407
524,505
1857,131
547,462
678,676
1547,245
304,303
1253,540
987,518
903,880
317,194
1140,367
990,575
1028,475
1640,295
1536,208
1087,769
1429,483
1172,708
1249,653
1224,678
1035,752
1046,789
1657,186
1277,675
1174,779
966,861
631,192
398,380
335,177
1119,791
1543,380
442,421
641,594
1035,495
1445,431
534,527
1960,12
372,277
895,682
1236,720
1551,211
465,414
1040,698
1117,809
1327,624
1122,839
1103,800
1670,324
402,160
1602,344
1525,73
1248,732
1015,673
749,241
1176,216
949,934
1127,810
1104,671
725,203
961,891
844,369
654,547
950,817
1193,734
1026,110
1279,701
918,902
1082,840
728,364
1005,961
1218,735
784,502
938,514
1390,477
673,528
162,139
613,573
871,812
323,239
532,511
1044,777
991,916
1455,420
1447,304
781,739
184,138
1340,542
1072,74
1175,694
1125,440
1118,855
1059,624
1013,908
862,584
833,534
966,721
1149,672
1091,518
990,862
1457,484
853,836
1543,293
1049,531
1099,659
1009,606
1529,455
521,371
914,807
167,140
808,743
342,275
209,170
1220,643
1589,232
958,897
1218,556
1139,158
679,674
710,673
1087,542
882,506
888,770
917,704
981,561
1738,245
566,535
495,492
929,644
761,610
1492,465
1075,666
993,789
489,97
1421,508
1269,628
1376,619
1126,750
1766,156
522,307
1129,670
1550,210
1040,334
553,446
899,839
850,801
896,807
1255,627
1526,224
1342,571
444,445
870,710
1365,452
1389,393
1488,276
1102,529
701,348
1138,724
1219,23
1138,572
1064,866
827,642
813,620
704,654
1338,593
1335,556
942,787
726,257
1682,293
672,265
945,661
716,702
622,174
1185,768
836,569
639,615
821,406
1051,882
492,485
858,857
1525,469
655,469
958,633
1046,749
1052,562
1036,532
668,606
1222,581
1405,243
804,770
975,874
451,346
1155,638
899,624
655,603
513,214
771,623
798,789
1890,68
1141,855
629,506
1176,619
492,338
827,679
1092,617
1555,205
1472,175
1437,482
237,42
1460,197
536,102
535,417
1105,879
812,542
870,723
1666,325
333,274
767,643
1034,712
890,497
1050,589
1575,229
560,349
1389,502
1121,174
1074,100
1087,448
839,478
873,465
1216,561
806,174
376,301
867,741
995,737
389,251
818,645
1349,492
1105,525
1140,838
992,902
1087,789
754,510
656,573
844,564
1303,207
1402,157
841,718
572,500
1278,473
970,297
1500,232
1036,964
1003,955
734,447
890,717
886,530
1038,875
697,663
1085,742
1578,211
1211,470
1098,508
522,429
1003,970
873,672
492,430
1540,424
352,297
1471,152
779,597
862,370
846,606
740,635
715,582
1519,69
1583,400
731,699
1108,219
904,517
1106,318
1056,557
1060,623
866,397
316,277
1687,313
1030,938
1156,808
1151,783
1120,768
1206,477
1112,884
1229,417
613,303
940,773
1142,774
826,796
614,405
430,292
1025,852
711,679
1546,411
1037,894
1638,343
817,574
475,234
1061,910
761,714
1218,433
381,375
1801,136
818,815
1113,548
1454,469
604,304
1241,311
1329,280
807,716
1080,240
1472,406
1166,156
1339,288
1482,495
254,72
1627,323
946,635
579,287
1110,562
680,545
1444,510
284,262
275,274
1290,448
989,786
1668,332
900,495
1328,41
1333,660
861,560
1263,512
1010,823
831,693
142,131
826,324
1502,167
445,405
1176,562
1074,919
887,668
747,629
1091,363
510,493
793,292
1292,278
860,767
1680,170
1760,152
859,808
511,370
648,516
841,768
1111,517
1111,288
81,43
1152,279
1096,682
808,645
1420,537
1402,555
855,480
931,673
1492,447
1575,410
960,875
1407,303
951,859
975,779
1336,577
1031,968
1370,576
907,855
822,548
1388,298
949,868
1010,469
993,308
983,903
902,782
386,281
176,122
855,622
964,636
946,426
770,568
637,493
551,357
1111,671
533,258
478,466
1104,861
887,642
933,457
1899,83
373,365
1384,563
110,87
876,854
222,197
455,391
1333,425
1647,304
1663,201
997,959
1291,533
782,513
1819,177
784,628
1014,896
724,631
487,267
1495,332
1217,351
1035,929
1385,575
879,812
876,173
1345,624
1218,124
1503,414
1160,722
1249,750
1244,497
818,805
1259,304
1377,427
908,578
1068,921
1165,804
1113,583
336,162
888,845
498,330
893,831
1159,629
1077,541
1178,491
1762,191
797,462
940,319
1761,138
1192,584
1152,602
1566,216
985,394
886,676
1354,369
1209,686
1242,712
1266,670
1035,771
1083,760
579,570
52,47
901,833
566,486
310,105
1576,304
692,575
1582,364
1354,573
1046,403
1432,153
1308,657
974,275
966,801
1073,854
438,47
1075,364
76,37
758,734
1034,474
216,179
21,18
378,44
865,706
1009,660
1096,817
1221,625
1070,349
1704,172
1443,496
754,528
1378,291
1222,631
1249,716
809,670
860,833
1826,144
532,331
1007,697
1406,577
1186,433
1529,465
817,803
1134,693
1897,98
1366,161
721,656
199,54
977,295
1804,77
909,892
935,749
1324,488
1238,351
913,804
1560,384
1002,854
1234,602
1055,857
914,744
360,199
1325,443
906,761
1491,454
1040,845
1086,723
120,62
752,587
732,618
1593,116
608,434
1426,533
1009,935
1300,619
1018,531
1036,94
1133,424
638,149
744,649
702,311
365,179
1236,699
952,793
719,218
906,253
106,60
688,527
163,122
1129,301
1030,969
1036,343
823,730
975,78
1137,709
748,252
441,359
1060,889
289,262
1160,476
1218,565
1101,463
1351,507
1523,378
1349,564
1792,107
1230,690
1189,573
855,824
1755,221
688,674
216,215
865,299
1485,346
1785,176
590,464
1243,665
300,179
475,440
765,528
1209,741
1420,151
851,705
1658,325
634,510
746,710
508,507
828,740
1008,972
1260,492
1200,534
980,860
1001,452
946,411
1151,462
1168,741
1383,380
996,423
1094,601
338,287
1054,698
509,492
1060,573
1703,282
1692,307
1472,208
1076,665
871,838
918,361
1023,870
1505,350
1624,39
570,565
667,581
1241,177
1364,33
622,278
1059,925
1455,189
1241,470
1315,410
1609,372
1200,800
586,420
1427,430
1262,580
839,668
1194,527
1066,860
1377,155
689,293
903,758
819,278
1198,229
1583,250
929,915
1201,701
591,537
771,730
908,611
713,678
1361,322
1843,7
1182,609
1386,269
997,694
1032,348
743,622
1114,303
692,562
990,334
770,768
665,537
217,155
751,658
1104,506
532,147
1138,650
1009,473
1219,638
986,406
767,610
982,804
1240,556
1009,861
584,304
117,56
1175,786
196,158
1803,175
1399,572
1361,486
1167,786
934,142
929,896
903,324
635,592
557,480
1676,153
837,701
373,207
976,492
980,905
1237,234
1446,60
1021,733
1309,609
1182,598
989,343
1616,338
1132,242
946,587
1083,130
890,343
1811,166
1149,200
1193,728
357,341
1552,240
1275,582
1119,709
1084,337
1317,634
1290,527
1146,815
1159,679
1578,408
1081,639
1016,590
1353,616
1152,208
389,362
941,917
1103,505
1037,804
1077,453
636,291
862,805
890,887
892,484
933,445
707,344
1211,492
565,291
444,260
725,394
840,297
1617,168
1284,673
896,865
298,38
1152,800
1011,640
501,423
1046,886
713,544
903,602
474,32
1074,282
807,634
1106,611
1722,11
325,323
338,281
1180,391
1135,595
841,579
1008,143
1238,723
1151,697
945,880
636,67
177,177
818,282
332,298
1439,549
1267,518
934,369
337,289
944,679
1059,768
1518,235
643,635
1232,721
537,265
1413,400
905,798
1704,31
810,808
1015,947
166,90
889,774
891,322
803,626
1294,97
937,492
910,248
1062,692
721,635
1139,591
1074,428
720,164
828,580
766,615
1507,318
1202,522
1223,591
834,365
682,272
1857,93
1975,20
733,263
1091,633
1167,671
725,419
764,760
1265,715
983,383
860,773
459,432
1199,442
563,288
1070,839
944,910
1278,665
451,113
405,390
1041,720
588,491
1611,303
906,747
430,301
447,432
1237,533
843,508
1143,852
1213,752
1209,615
1023,414
1695,288
1165,317
518,383
1622,170
1009,411
856,810
1100,522
778,727
1153,738
711,302
1143,366
1715,241
1148,597
941,542
483,394
1463,265
1234,398
1241,732
1170,747
1209,761
755,417
1594,182
975,710
1246,478
1585,304
633,558
669,615
202,173
851,622
1366,584
1460,486
1012,821
1263,263
1433,501
1002,610
808,715
1090,777
1067,611
870,815
1422,502
1024,730
1221,272
789,766
978,906
701,424
1113,884
883,166
1661,251
802,515
1349,465
803,363
1133,663
504,472
1417,576
1261,321
504,485
276,214
914,900
1150,470
906,294
953,928
315,311
438,360
825,821
1816,105
706,664
987,886
796,699
1322,247
845,666
1063,781
1067,741
1067,628
1727,262
838,828
854,801
560,355
242,169
949,710
640,252
1217,688
833,400
1396,542
659,487
1490,387
1450,125
834,767
1082,805
775,263
937,644
1219,338
749,600
851,650
812,802
622,181
1713,178
916,767
502,292
1032,538
1714,124
1232,327
688,586
901,780
1456,395
948,623
1178,491
1294,502
764,733
629,315
1358,231
1670,192
791,602
1295,618
1433,413
997,601
1627,219
618,582
1625,274
944,230
1690,286
597,586
1237,593
917,596
603,375
1568,370
818,255
1431,359
849,580
218,128
845,211
787,242
762,503
834,565
1163,771
1466,311
1233,646
1554,262
1009,887
853,852
900,559
992,958
1316,597
1077,916
1313,452
847,504
766,250
965,955
1750,235
1329,507
943,839
1038,937
739,264
1234,706
519,288
863,627
984,628
1208,67
1329,581
1047,714
1359,396
782,705
598,548
1138,804
1448,354
627,627
1099,855
1043,839
523,369
1190,503
815,313
604,461
427,342
1194,332
942,883
405,254
1180,611
1046,545
1135,865
1486,154
1079,732
701,669
341,262
497,414
881,604
1074,856
1059,936
777,528
969,452
1678,294
1016,747
1348,555
968,942
1178,560
1742,120
773,438
55,11
342,29
720,449
583,321
1405,514
1062,785
517,503
527,499
1669,316
693,281
909,404
1123,378
1014,521
664,479
1083,916
930,893
218,129
1037,307
370,86
714,667
1010,829
1052,632
927,661
928,424
844,702
1352,290
915,545
827,329
1036,543
1837,111
441,72
1686,89
1577,414
1044,725
366,356
1521,414
1209,602
1232,759
1110,824
1039,789
412,410
1407,570
997,655
1088,871
985,725
317,287
691,675
631,591
1014,271
546,329
1127,464
1326,511
1582,357
975,460
1306,465
1102,558
1074,733
520,177
1500,308
739,574
866,427
1351,635
1746,225
1250,688
977,803
1203,611
1612,127
831,621
976,887
1919,57
985,727
549,511
1098,531
861,600
1420,541
1411,183
624,359
1117,691
1521,473
954,864
815,381
678,677
1149,784
1731,256
724,332
1539,392
1520,479
1239,156
614,457
892,738
760,688
593,537
870,845
1093,888
1535,255
1586,227
747,345
1391,251
1139,582
1375,597
797,212
956,943
1132,187
579,256
995,851
1484,336
1234,287
441,391
644,563
1744,208
608,368
752,603
1036,598
933,838
953,539
964,496
1564,413
654,462
1083,629
1448,308
450,280
902,802
860,299
726,613
1309,221
714,626
722,211
1323,507
1353,175
1104,511
557,466
1028,580
1132,505
686,607
1484,483
402,247
394,393
891,322
815,465
1023,424
1260,630
1019,648
873,803
1337,583
529,447
629,550
523,448
1373,493
1315,561
1192,787
1735,234
1069,873
967,654
1402,329
742,180
1494,492
1126,482
1111,543
1316,633
1299,699
751,747
309,306
475,396
510,419
1325,565
1506,488
1957,41
809,174
1134,805
721,631
811,659
939,878
549,528
629,287
1729,242
804,125
1184,371
821,206
1477,188
748,661
1418,533
558,498
374,291
1173,477
1104,796
832,596
1317,427
836,543
1360,597
769,762
1462,487
1162,336
1159,832
971,720
1274,710
1437,288
1428,268
853,802
1236,518
1141,290
1750,111
1104,558
803,251
1470,250
689,680
490,433
828,813
1044,549
1273,657
1165,577
1621,173
301,247
558,451
978,555
958,913
1357,455
632,369
963,883
992,384
268,167
1573,347
752,591
1595,120
1036,622
364,179
1162,428
993,486
1733,241
1255,510
1004,880
999,796
1433,202
1130,863
1883,82
1230,529
732,643
1046,375
1211,730
1178,696
1266,338
805,740
1266,697
1080,812
1230,770
950,810
1262,641
813,779
1055,720
1310,566
1278,655
1473,460
1034,757
1124,749
1752,28
949,875
978,707
973,654
981,924
1068,523
842,524
802,744
334,149
936,854
928,481
1428,564
901,828
600,591
884,794
578,129
1608,384
550,543
904,836
292,209
1360,300
1154,690
345,344
1216,524
901,877
749,743
1487,404
600,518
932,903
406,359
627,553
1453,524
1172,709
234,205
1407,482
1402,548
929,100
1953,43
544,536
1022,560
918,855
1160,649
1069,891
1541,420
1593,263
1147,816
408,288
1149,484
788,649
783,644
718,509
939,897
124,79
788,648
301,227
1057,743
1417,385
462,61
1006,437
565,191
599,499
1430,462
879,859
619,555
998,553
766,625
1262,487
876,876
1139,834
1677,295
654,312
1549,375
915,859
920,822
766,391
1104,63
816,744
738,724
1016,960
1040,889
490,442
372,368
1196,722
1431,568
541,499
1070,855
1275,627
670,463
1490,469
920,718
430,341
698,622
1167,796
1257,410
622,547
985,405
1519,317
412,286
1104,788
355,295
520,450
455,408
761,656
1245,551
1170,630
884,456
1387,473
1527,428
1011,847
1387,322
948,637
524,521
1840,132
1475,478
1187,719
1561,282
870,828
1108,892
986,242
339,297
1719,194
997,680
846,769
1184,686
1719,227
1267,727
1229,460
50,21
964,291
100,99
1134,730
1328,664
871,812
677,546
918,776
1308,386
799,726
1157,826
1295,568
136,115
827,763
1366,281
732,613
1159,805
712,675
1349,549
1021,635
1141,620
1083,620
1469,19
273,236
1768,189
1302,34
885,661
1203,794
1051,820
971,885
716,414
814,241
1419,554
1898,15
533,404
1488,239
1248,613
459,230
829,608
774,758
1501,287
1171,732
1295,482
735,368
513,420
1253,469
1006,945
1296,630
995,963
996,639
1174,237
1059,932
920,599
944,832
704,626
782,409
1335,624
559,153
998,512
1036,879
885,762
1311,477
707,283
835,398
905,890
870,641
1303,252
1215,712
1140,273
1030,565
893,491
578,274
1041,620
1104,827
637,575
1259,422
1236,358
792,644
417,196
1062,875
1376,291
1247,677
1261,499
1101,540
646,587
1229,739
1191,448
1109,377
440,419
888,653
361,119
1252,557
1759,147
1050,371
941,938
1185,549
840,747
1043,735
872,132
1178,726
871,625
713,589
973,672
1053,823
1227,264
1103,512
1336,619
745,712
761,663
510,169
478,416
950,628
832,715
834,273
733,591
1497,347
1560,406
769,683
1004,803
668,315
559,176
592,592
440,271
776,656
960,838
1124,496
1230,709
831,280
596,572
559,522
1119,777
1458,425
990,632
1099,687
1320,573
965,835
847,657
833,582
1171,136
1346,648
1120,319
1062,482
880,725
1361,228
1322,669
646,311
1429,185
1445,278
740,579
1083,558
759,252
338,330
1371,619
872,761
841,616
1280,420
963,720
1723,233
1286,549
973,702
1749,246
1210,298
1294,695
1316,647
586,549
1338,553
913,97
682,672
782,616
945,679
971,483
992,309
567,524
832,92
756,392
991,836
517,506
1384,110
991,742
1029,967
1062,379
993,627
1303,683
1512,463
938,539
945,548
1252,496
1616,276
876,541
1163,566
722,323
1387,340
734,712
895,880
912,228
989,507
666,627
1024,277
505,287
742,252
942,537
896,823
972,594
1682,131
1498,465
1136,421
1097,528
925,297
503,443
1704,255
1436,489
1626,190
516,329
1151,572
1745,229
703,197
591,554
818,472
503,254
501,502
1161,620
1239,104
1233,727
253,79
977,584
748,746
832,832
1736,62
1707,27
1604,263
1009,808
1115,655
1464,462
1408,379
867,666
918,680
1693,298
889,734
406,184
484,377
1104,536
1285,293
1842,153
721,469
1786,159
951,607
723,198
427,322
734,412
639,185
1336,562
915,704
1238,761
1051,885
1079,835
1682,55
1343,502
1247,745
1505,287
1167,96
1676,323
384,318
855,664
1393,380
819,243
1053,831
1394,581
1265,340
156,109
812,807
1541,435
1308,297
378,163
366,332
1109,748
1015,978
857,855
712,167
714,712
526,468
438,354
1274,268
1232,433
1209,492
1303,102
1193,793
717,377
1123,834
1349,563
700,568
1078,730
952,839
1139,804
983,913
484,400
959,519
1972,22
1276,499
879,265
1575,347
951,870
1073,924
1098,673
1543,231
1417,550
1084,778
1013,948
1230,664
1272,557
700,643
1012,579
1515,275
385,60
1767,192
1232,474
1231,613
999,495
736,615
452,416
1024,725
755,737
955,189
792,280
1110,885
1427,551
937,436
1409,583
1077,630
1734,82
716,581
1207,531
1016,969
1334,404
778,589
801,658
858,642
289,278
945,249
680,338
1495,220
829,752
554,477
967,297
879,518
419,195
906,377
1098,638
1409,521
789,693
820,791
909,797
811,82
440,319
835,826
1140,779
1146,512
1021,880
193,177
707,674
631,484
812,557
1417,370
1533,449
1423,303
1618,373
349,304
849,443
1243,452
1649,279
722,655
940,406
1304,656
812,688
896,515
630,591
708,147
788,335
1019,796
851,796
979,975
1092,887
934,806
298,222
1190,349
1022,935
481,442
584,248
696,520
979,966
490,367
1110,850
1332,305
116,77
812,454
728,517
766,552
921,686
324,294
1231,461
1413,454
423,219
844,362
532,337
826,651
975,697
996,79
1100,786
1065,854
1083,898
652,417
976,537
1806,176
1005,843
411,327
1473,511
912,816
837,557
573,332
1420,533
974,792
835,788
553,528
1061,908
553,536
632,609
542,449
1277,120
1100,167
934,302
1107,468
910,885
900,713
610,595
636,407
1267,707
1172,787
861,385
1017,592
949,862
629,503
862,820
1482,470
809,289
1064,662
286,130
741,328
581,525
1089,573
1127,745
1737,256
1131,794
963,572
1425,459
1164,703
1130,736
1053,882
1012,854
1108,730
1481,511
734,467
1459,452
584,542
956,884
488,288
880,740
865,576
459,293
1224,608
870,409
1661,257
710,480
716,174
1085,890
959,713
924,551
925,584
1313,381
723,587
715,640
950,818
1594,357
814,481
776,709
1685,235
657,579
1169,771
656,475
1327,626
1587,227
1935,60
1151,724
566,549
934,403
1106,795
1318,226
1346,287
536,84
676,505
1066,863
1148,827
526,459
1257,565
1311,630
776,542
1127,628
616,116
777,372
514,496
818,760
398,381
1003,348
1397,464
1353,378
1189,213
1572,411
1744,256
901,897
854,575
1758,29
827,506
1052,292
513,490
562,540
754,724
745,348
569,425
1639,101
186,123
972,706
1185,785
1018,964
682,648
1460,528
127,127
1329,382
1176,325
954,943
699,660
802,791
1245,693
830,560
647,553
617,375
1082,750
1004,970
934,902
929,729
1042,893
1176,722
1779,110
980,756
1113,700
1381,125
1723,232
537,206
1082,695
957,874
596,216
785,519
849,830
722,186
919,647
993,909
1187,381
1052,779
856,570
406,327
773,577
1100,461
851,264
1098,753
1356,587
301,170
623,101
1884,109
840,777
1239,629
1136,731
961,961
565,303
1304,665
509,158
781,428
1126,73
1487,512
957,694
988,883
1551,332
1073,652
1555,163
885,663
833,777
692,609
1135,452
1133,610
549,367
730,235
891,566
654,546
844,653
717,631
1267,730
1291,505
243,105
1174,397
898,564
1513,480
838,248
1163,199
641,640
1286,151
1209,635
1427,538
734,313
851,852
903,782
901,534
1597,172
279,184
1218,610
1760,200
900,886
556,452
1653,297
277,230
754,638
1301,425
1022,349
970,723
567,390
1098,901
722,427
1348,450
1433,506
353,243
316,245
1625,367
757,719
1230,707
1419,552
353,256
783,317
1060,779
822,647
410,163
801,71
751,533
1214,543
631,514
758,381
872,394
853,370
752,148
805,503
1830,114
794,610
762,117
489,387
1054,702
996,831
1409,191
238,63
919,870
872,812
1248,576
812,423
330,192
524,390
1009,959
1797,18
1182,726
456,456
1273,430
1145,679
1414,558
860,631
1017,352
761,564
379,265
935,929
808,705
978,399
1013,974
999,160
1236,181
1158,437
1623,322
478,399
1431,541
332,184
795,788
643,624
1013,691
1049,864
758,746
1177,654
1478,411
511,493
904,648
727,622
838,591
1576,368
889,762
282,257
1136,524
1875,94
861,709
1248,625
1304,673
1199,563
1203,763
1511,453
1257,658
840,612
1027,261
867,504
791,585
884,869
869,560
650,510
941,896
735,170
300,116
970,931
480,388
1761,203
1374,566
1067,716
1562,162
1123,810
1172,166
928,876
614,452
1144,431
1175,473
890,674
831,669
465,290
1789,181
683,447
1156,801
1081,724
1182,772
997,991
1153,633
1379,505
375,223
420,320
1250,679
878,856
809,781
958,920
1121,674
935,638
649,649
990,625
827,500
1300,431
1672,218
1098,763
1721,213
1040,919
1514,461
391,291
1025,373
1284,106
709,583
756,426
1370,351
918,889
964,756
862,768
1334,662
489,405
1004,660
983,714
1200,548
1307,204
1653,277
880,703
1163,490
813,469
1178,794
916,790
1645,257
1228,227
438,155
1629,336
1778,221
775,644
548,500
551,491
1244,121
1469,399
893,474
1018,801
846,533
713,698
926,425
663,445
1426,459
1409,573
1693,267
941,718
1146,602
647,611
786,652
910,303
437,349
1028,909
1196,413
1207,180
619,392
1387,609
772,557
1297,547
1103,697
1120,644
737,583
1224,657
962,278
883,774
885,593
633,184
1451,513
462,180
634,535
1012,490
1162,813
851,461
1634,337
644,628
643,442
328,233
986,931
1546,264
689,495
213,173
1026,813
1201,615
548,242
1236,399
953,784
827,805
580,293
1030,240
976,388
369,348
891,359
984,766
1084,525
1012,681
1373,327
414,397
742,297
918,402
735,574
862,725
663,553
255,191
1287,663
1170,569
1052,928
1180,808
1283,623
1420,340
1718,280
1207,452
1223,180
1593,220
1411,326
857,232
1677,192
1478,491
1142,671
630,318
1229,390
1397,341
733,685
701,670
1272,342
719,705
1007,964
1432,563
990,434
880,700
432,223
813,330
1149,552
1591,188
818,584
841,618
699,252
1137,836
1006,622
1572,216
761,578
1528,432
924,197
680,620
1097,874
1335,295
735,713
1003,868
1065,515
1424,523
343,281
1878,88
1122,736
995,974
841,829
1045,855
92,64
466,464
1301,671
753,666
644,411
938,664
935,277
1447,553
1780,30
1423,408
1250,416
892,305
681,267
862,783
1452,313
1231,693
1303,426
714,714
1428,296
1000,873
636,573
1664,226
940,744
903,792
1101,493
962,665
830,528
828,260
1546,370
1818,30
239,93
282,249
1393,316
732,612
1742,254
557,318
840,811
1002,998
1002,906
1315,577
962,943
1891,91
355,322
1248,555
1518,324
1405,561
821,134
1306,590
1261,662
1158,325
985,546
1083,839
1625,143
413,338
933,858
977,836
1631,368
1160,682
1295,582
482,361
654,591
592,537
587,561
1087,798
1664,312
977,499
767,729
746,714
423,365
1890,61
745,448
1070,822
1019,191
1320,358
357,111
805,579
1250,604
298,250
1488,354
985,640
1023,927
1715,236
1384,558
1235,522
1593,293
199,129
1022,462
785,670
1307,692
834,345
631,598
1506,440
703,502
1643,222
251,230
1184,803
742,218
1187,627
813,783
960,924
1024,795
852,703
1286,499
1407,564
840,817
1055,933
1422,492
1556,154
1165,659
1548,271
950,759
531,423
898,891
1752,143
1230,703
1231,735
424,151
1149,830
1612,300
864,545
1070,497
1638,322
1496,289
1297,599
1218,680
1436,157
972,417
879,740
1184,674
1585,312
1153,846
1050,314
848,560
881,881
1378,562
959,818
1189,653
872,271
1072,158
624,587
499,480
1054,589
795,762
563,356
1641,339
1085,655
752,481
1343,419
1099,517
1054,709
959,796
1153,809
969,235
1325,618
980,751
954,602
648,524
678,658
872,697
1600,393
827,389
1426,79
387,323
973,650
1050,747
1201,219
1369,339
931,326
1113,494
951,815
838,537
1041,287
799,718
1054,702
1561,376
968,622
910,696
1043,953
912,742
221,162
1355,482
1595,191
1062,814
1879,52
1381,483
1102,796
1261,661
719,715
1124,305
1100,821
919,709
1136,728
1191,712
1480,350
699,550
1100,812
1325,156
1252,298
1431,448
701,571
529,268
856,465
1773,158
989,657
1406,247
1704,235
1560,192
196,128
1180,438
736,685
630,238
582,378
1001,301
648,589
1128,539
1375,513
1648,317
1337,506
941,279
1461,210
960,767
1027,840
1028,821
386,159
1118,740
1606,266
1009,811
754,642
978,714
1441,516
1219,771
1495,478
1795,73
1064,872
1197,568
1498,126
1552,197
484,324
1175,714
643,624
1046,705
1457,395
1587,278
664,451
1394,506
1051,878
284,210
336,281
1039,855
172,140
934,258
1458,321
1065,657
1071,793
1062,724
1502,491
515,458
1206,576
801,801
881,407
873,369
673,212
1278,276
980,934
666,662
1039,365
1542,445
285,275
662,224
459,404
635,351
1351,603
1375,575
946,232
774,397
880,768
965,742
1025,893
824,584
1566,422
944,287
1471,201
1114,874
698,533
924,807
1155,841
1057,822
735,277
1711,88
1303,669
1177,306
1321,266
720,635
1183,783
1525,124
1631,82
806,148
1329,200
1023,505
299,189
1037,587
266,225
1347,146
969,841
1265,338
943,881
1516,380
1110,703
1415,579
959,332
1083,412
776,729
1356,642
795,631
1012,752
1098,832
1045,776
1465,252
1685,120
1004,670
745,679
1227,738
720,695
1594,139
1100,687
817,283
737,588
1663,212
430,343
669,478
1687,101
917,833
964,843
637,231
1265,663
682,618
1777,42
1535,439
754,605
1478,263
1096,839
707,683
917,898
953,339
722,503
1534,329
988,980
882,621
1610,171
1682,261
525,222
1151,434
393,390
409,247
1385,504
991,723
857,710
286,277
822,793
896,787
784,577
201,128
1193,795
999,442
976,433
1137,226
928,92
1042,69
789,427
826,486
1442,535
1246,559
377,327
525,478
839,431
854,824
1317,623
672,636
1217,406
1159,166
832,703
1213,386
465,463
828,639
1601,376
1144,838
1099,863
687,686
812,542
1623,328
866,210
944,886
518,208
950,599
1091,388
946,505
1133,741
1360,407
525,465
721,577
325,269
658,320
635,380
1151,699
1581,309
1653,327
1085,715
1631,310
859,848
1110,764
939,839
974,837
657,573
706,590
968,271
1044,895
704,356
905,352
706,648
1082,906
1618,324
1468,299
895,806
964,783
1258,714
1102,886
889,619
1740,105
1140,824
1005,731
855,290
304,215
1067,522
942,906
720,592
286,247
1054,592
553,546
1379,521
910,749
1438,324
1562,433
679,636
255,239
596,420
672,645
1086,853
943,242
1093,701
1463,323
952,706
1159,835
1453,335
769,105
925,840
878,518
1124,825
682,568
938,868
1648,116
1316,508
1209,286
253,249
1109,681
451,182
829,706
1055,166
637,303
212,124
683,682
508,391
1284,678
558,503
1348,424
786,311
1068,747
761,501
861,754
1214,365
1143,759
1047,654
583,495
781,723
1737,179
1027,318
146,134
1170,354
1787,129
671,500
657,195
626,597
611,518
961,126
1391,489
1035,587
1276,669
470,281
922,768
1017,529
1482,159
974,972
1194,654
897,390
1049,721
1227,566
1455,248
484,351
1218,577
1641,346
624,185
645,545
556,389
502,352
551,533
1191,314
948,932
775,462
1189,308
1035,823
930,804
934,794
1497,488
1364,554
1259,180
685,677
830,682
1014,356
954,616
725,611
734,636
956,880
856,493
550,445
466,447
1042,670
1043,434
1035,864
905,210
1004,888
600,428
581,448
1458,266
1372,626
1018,926
1177,553
902,232
982,516
586,540
971,692
399,231
1247,530
1604,177
785,596
1037,862
1212,772
555,417
769,420
1122,675
990,101
245,227
1139,802
972,772
1033,860
525,186
1211,640
774,333
561,300
335,166
1579,203
1216,626
929,663
1450,150
565,527
1816,166
1330,307
1078,651
1622,320
1059,864
1610,30
981,165
917,466
1473,281
1436,560
1359,506
841,622
761,631
1057,869
836,618
947,890
1138,857
1185,702
1280,687
297,297
638,436
1006,671
998,618
1064,216
1243,718
1420,417
1086,809
1044,632
782,593
1663,157
690,417
455,411
734,712
732,638
1497,380
944,732
915,214
899,215
467,417
768,509
549,366
524,442
1580,374
1447,372
281,151
554,116
1134,309
745,671
566,256
1496,236
1715,281
1081,903
1324,346
325,239
966,807
1155,414
848,802
558,429
288,261
810,731
1181,737
1219,270
1152,150
590,589
1327,638
1225,702
817,619
677,599
456,259
808,331
995,993
907,660
1106,460
1123,860
852,831
991,569
826,512
966,498
962,784
1054,857
551,377
807,795
861,634
740,672
1041,874
893,384
1682,284
487,187
1276,385
1030,513
835,249
1379,423
1125,57
1464,340
787,629
1268,537
554,424
810,420
1870,116
1601,320
802,758
1311,639
954,492
1430,422
668,529
1262,260
1373,609
1557,219
799,692
868,726
1437,526
876,388
1269,469
1256,589
1576,197
1608,246
798,644
964,809
1235,733
1011,771
1059,675
965,909
510,182
767,553
1116,765
583,145
1056,811
1131,424
296,170
1273,715
1718,97
554,498
1194,360
718,666
1102,866
1284,594
1005,289
1198,220
1122,590
1143,368
1293,271
1494,496
1205,676
1306,491
425,282
1178,401
1345,604
881,834
996,995
1201,552
1325,672
825,711
1780,205
1018,623
1078,664
1182,428
1586,325
1179,521
1329,614
459,442
894,868
370,358
1426,549
1350,401
585,568
1694,300
1087,825
892,778
936,856
599,373
1234,238
923,637
1570,128
1224,729
933,237
469,350
66,64
1207,342
1200,349
1268,660
649,267
412,411
518,379
641,297
840,444
1046,549
1255,713
809,654
1099,700
805,498
1221,130
1144,522
1319,585
1220,623
479,349
678,587
1030,873
1156,717
353,308
1334,157
819,770
1044,956
712,572
1043,602
722,632
889,654
729,453
1163,812
1382,562
814,732
1267,724
1531,391
960,844
1505,327
267,195
868,592
1830,160
271,244
1532,415
576,469
1188,616
948,695
226,205
1389,408
1033,917
1117,608
670,670
767,377
948,458
1241,549
998,844
817,685
1149,492
1252,688
1112,888
1454,206
1353,644
977,666
1058,914
855,691
1427,138
1303,457
588,417
970,304
874,493
181,88
683,581
1000,898
1016,151
1120,281
1155,820
496,469
751,559
404,85
885,832
1061,290
890,864
1085,562
450,100
959,574
1097,639
1373,610
1256,130
1335,659
1108,696
1551,402
650,483
795,522
817,505
1575,131
1719,156
1029,452
1687,264
993,905
1187,489
1237,567
1287,704
907,351
411,220
687,270
983,962
1538,382
484,361
1288,622
1272,711
1065,564
1315,465
199,119
314,202
1198,662
1529,174
784,569
944,43
672,642
1271,346
725,634
504,415
547,40
1719,166
1401,537
285,178
1073,923
1851,115
1378,253
1460,405
1228,503
645,458
1110,304
1167,788
1157,790
963,706
1055,790
1568,219
1339,195
431,386
1735,238
1220,687
1226,673
987,266
723,98
1706,42
1190,269
1236,311
1015,953
814,634
1133,686
935,653
1026,730
1366,475
473,115
381,324
1019,794
1249,562
1345,537
1525,165
784,361
473,232
343,140
1056,689
518,494
939,316
587,583
1156,341
948,247
1757,191
1022,637
1759,153
802,636
1170,690
563,454
811,772
770,445
415,363
741,393
1043,576
566,251
1198,505
899,593
830,686
1013,521
1141,705
573,447
1233,496
759,516
782,595
796,456
1561,137
416,120
847,374
1361,236
959,761
1321,434
1247,681
584,367
893,341
1497,448
1481,484
1426,326
824,437
861,611
993,802
1073,355
1966,28
770,574
792,743
1045,758
985,797
1673,307
862,597
754,567
1083,904
1245,613
643,259
1156,644
892,296
870,648
503,187
1319,677
1490,296
1020,466
465,314
773,526
611,192
1105,491
1028,738
219,202
1317,599
1006,596
871,792
1071,287
1402,537
1245,747
1858,110
410,378
975,966
956,776
964,957
898,559
1078,651
533,251
1246,658
336,100
669,350
969,643
1116,762
485,332
1125,448
1343,132
1021,857
1521,260
955,827
1238,758
867,742
1019,549
1229,678
897,366
1156,580
1201,407
193,93
853,595
499,333
396,390
1189,810
923,739
1061,566
1229,424
755,426
478,453
1641,129
1778,208
405,395
1500,451
880,881
654,187
417,315
1093,738
1049,900
1114,174
410,386
1272,219
824,632
992,398
1126,770
1339,321
1060,512
1549,373
668,597
1174,528
1406,351
959,809
925,893
523,436
999,434
1184,623
1197,285
468,366
1482,193
1105,730
1443,491
675,537
851,781
567,432
1199,687
1280,672
1017,975
1277,718
602,581
620,125
764,205
704,527
1474,335
972,928
1851,142
781,728
1146,744
437,156
1145,159
865,575
1192,775
914,866
1222,595
1421,500
204,107
805,130
773,478
887,364
729,425
1555,335
787,482
701,594
849,196
684,673
1330,448
1330,482
1185,457
741,576
1242,675
1099,767
900,80
411,331
1000,974
1100,889
656,605
804,387
544,512
742,737
1847,153
1777,81
979,635
1236,741
1030,678
885,615
46,41
979,839
869,438
1209,787
1292,240
1063,810
1252,677
1024,918
1172,787
964,127
1114,663
956,860
1343,584
577,576
1496,171
327,151
1360,633
957,889
1069,493
1578,408
450,365
896,813
528,172
776,377
1213,739
712,486
795,525
1648,210
1405,365
269,139
987,969
248,249
1386,603
1221,745
611,596
1673,247
766,724
1403,580
798,518
869,682
990,893
508,336
641,439
1268,414
1489,340
1496,455
783,680
1944,54
1289,447
980,903
1523,396
288,276
667,278
1163,341
1212,515
1061,917
1536,171
1214,756
775,681
1271,545
1929,53
404,252
870,779
1161,626
1022,865
1470,406
975,695
907,829
471,443
688,575
906,714
880,586
1350,556
1258,532
1906,91
574,263
417,265
645,615
350,193
1570,264
413,283
953,189
1518,360
1011,981
1172,383
787,178
1530,261
1013,958
1159,344
476,331
624,480
859,836
1138,499
1029,411
763,271
904,586
1487,382
1194,698
1198,285
524,117
849,404
885,248
1146,848
712,708
674,93
863,693
821,502
275,270
757,621
556,272
1435,318
1174,150
434,224
1477,338
1553,385
575,441
1161,622
833,662
1179,418
1120,585
1448,364
1204,615
1206,371
1054,621
996,736
1100,895
1396,559
524,502
1119,544
825,269
1656,215
1901,31
590,109
901,901
800,615
924,497
1431,194
892,714
1024,513
863,678
1602,93
1644,272
905,678
693,43
0
1
1
2
2
2
2
3
3
3
4
4
5
5
5
6
8
8
8
8
8
9
9
10
11
11
11
13
13
13
14
15
16
16
16
16
17
17
17
18
18
19
20
21
21
22
23
25
25
26
28
28
28
28
28
28
28
28
29
29
29
30
30
30
31
31
32
32
32
34
35
35
36
37
39
39
39
39
39
39
40
40
40
40
41
42
43
43
43
43
43
44
46
46
47
47
48
48
48
49
50
50
51
51
52
53
53
54
55
55
56
56
56
56
56
56
58
58
59
60
60
60
60
61
61
62
62
62
63
64
64
64
65
65
65
67
67
68
69
69
70
71
71
71
72
72
72
73
74
74
74
74
75
75
76
77
77
77
79
79
79
82
82
82
83
83
83
84
84
85
85
85
85
85
86
87
87
87
88
88
88
89
89
89
89
89
89
89
93
93
93
94
94
95
96
96
97
97
98
99
99
99
99
99
102
104
105
107
108
108
109
109
109
109
109
109
109
109
109
110
110
111
113
113
114
115
116
117
117
117
118
118
118
118
119
120
120
121
121
122
122
123
123
123
123
123
123
123
123
125
126
126
127
127
127
128
128
128
128
128
129
130
130
130
130
131
133
133
133
135
136
136
136
136
137
137
137
138
138
138
139
139
140
140
140
141
141
142
142
143
143
144
144
145
145
145
145
145
146
146
146
146
147
148
148
148
148
148
148
149
150
150
150
151
151
152
152
152
152
153
153
154
155
156
156
157
157
158
158
159
159
160
160
160
161
162
162
162
163
163
163
164
164
164
164
164
164
164
166
166
168
169
169
169
169
169
170
170
170
171
171
171
171
172
172
173
173
173
174
174
174
175
175
176
177
177
178
178
179
180
180
181
181
181
182
183
183
183
183
184
184
184
185
185
185
187
187
187
188
188
189
189
190
191
191
191
191
192
192
192
192
192
193
193
193
194
194
194
195
195
195
195
196
197
197
198
198
198
198
198
200
201
203
203
203
204
204
205
205
206
206
206
207
207
208
208
208
209
209
210
212
212
212
213
214
216
216
216
216
216
217
217
217
218
218
218
219
219
219
220
220
220
221
221
222
222
223
224
224
225
225
226
227
227
227
228
228
228
229
229
230
230
231
231
232
232
232
232
232
235
235
236
236
237
239
239
239
239
241
241
241
242
243
243
243
244
244
245
246
247
247
248
248
249
249
250
250
250
251
253
253
253
255
255
256
256
256
257
257
257
257
257
258
258
258
259
259
260
260
261
261
261
262
263
263
264
264
264
265
266
266
266
266
267
267
267
269
269
270
270
270
270
270
271
271
271
273
275
275
276
276
276
276
276
277
277
279
279
279
280
280
280
281
281
281
282
282
282
282
282
282
285
285
286
286
286
287
287
287
287
290
290
290
290
290
291
291
291
292
293
294
294
295
295
295
295
295
295
296
296
296
296
296
297
297
298
298
299
299
300
301
301
301
302
302
302
303
303
303
303
304
304
305
305
307
307
308
308
309
309
309
309
310
310
310
311
311
312
312
313
313
313
313
314
314
315
315
316
318
318
318
319
320
321
321
322
323
323
323
323
324
324
324
324
324
324
324
324
325
325
326
326
326
326
326
327
327
328
328
328
328
328
328
329
329
330
330
330
330
330
330
331
332
332
333
333
333
333
336
336
336
336
337
337
337
338
338
339
339
339
340
341
341
342
342
342
343
343
344
344
345
346
348
348
350
350
352
353
353
353
354
354
355
356
356
356
356
356
356
356
357
358
359
359
360
360
360
360
360
361
361
361
361
361
362
362
362
363
363
363
364
364
365
365
366
366
367
368
369
369
370
370
371
371
371
371
372
373
374
375
375
376
376
376
376
376
377
377
378
379
379
379
379
380
380
381
381
384
384
385
385
386
386
386
386
387
387
387
388
389
389
390
390
390
391
392
392
392
393
394
394
394
394
395
395
395
396
397
397
399
400
400
400
400
400
400
400
401
401
402
402
403
404
405
406
406
406
407
407
407
408
408
408
409
409
409
409
410
410
410
411
411
411
411
411
412
413
413
413
413
414
414
414
414
414
415
415
415
416
416
416
418
418
419
420
420
420
421
421
421
421
421
421
422
423
424
424
424
425
426
426
427
430
430
430
431
431
431
432
433
433
433
433
435
436
437
437
438
438
439
439
441
441
441
441
441
442
442
443
443
443
443
444
444
445
445
445
446
447
448
448
448
448
449
451
451
451
451
452
452
453
453
453
454
454
454
454
455
455
455
455
456
457
457
457
458
458
460
461
461
461
461
461
461
462
462
462
462
462
462
463
463
464
464
465
465
465
465
465
465
466
466
467
467
467
468
468
468
469
469
469
470
470
470
470
472
472
472
472
472
473
473
473
475
475
476
477
477
477
478
478
478
479
479
479
480
480
480
481
481
482
482
483
484
484
485
485
486
487
487
487
487
487
488
488
488
488
489
489
489
489
489
490
490
491
492
492
493
494
494
495
495
495
496
497
498
500
500
500
501
501
501
502
504
504
504
505
505
506
506
506
507
508
509
509
509
509
509
509
510
510
510
510
511
512
512
512
512
512
513
513
513
514
514
514
514
514
515
515
516
516
516
516
517
517
518
518
519
519
519
519
519
520
521
522
522
522
522
523
524
524
525
526
526
528
528
529
529
529
531
531
531
532
533
533
533
533
533
534
534
535
535
536
536
536
537
537
537
537
538
538
539
539
539
539
540
542
542
542
542
543
544
544
544
545
545
545
545
546
546
546
547
547
547
547
548
548
548
548
548
550
550
550
550
550
550
551
551
551
551
552
552
552
552
552
553
553
554
554
554
554
555
556
557
557
557
558
558
558
558
559
559
560
560
560
561
561
561
561
564
564
565
565
565
566
566
566
566
567
567
567
567
567
568
570
570
572
572
572
572
573
574
574
574
574
574
574
575
575
575
575
575
575
576
576
576
577
577
578
578
578
579
580
580
581
581
581
582
583
584
584
585
585
586
586
587
587
587
588
588
588
588
588
589
589
589
590
590
590
590
591
591
591
591
592
592
593
593
593
594
594
595
596
596
597
598
598
598
600
601
601
604
606
608
608
609
609
609
610
610
611
611
612
612
612
612
613
613
614
614
614
615
615
615
615
616
617
617
617
617
618
618
619
619
619
619
619
619
620
621
621
621
622
623
623
623
623
624
624
624
624
625
626
627
627
629
629
630
630
631
633
633
634
634
634
635
636
637
637
637
638
638
638
638
639
639
640
641
641
642
642
642
643
643
643
644
645
646
646
647
647
647
647
647
648
649
649
649
649
649
649
650
650
651
651
651
651
651
652
652
652
652
653
653
655
655
655
656
656
656
657
657
657
658
659
660
660
660
661
661
663
663
663
664
664
664
664
665
666
666
666
666
668
668
668
668
669
669
670
670
671
671
671
671
671
672
672
672
672
673
673
674
674
674
676
676
678
678
678
678
679
679
679
679
680
680
681
681
681
682
682
682
683
683
683
683
684
685
685
685
686
686
686
686
687
687
688
688
688
689
689
689
690
690
690
692
692
692
692
694
694
694
694
694
695
695
696
696
697
697
698
699
700
701
701
701
701
702
702
702
703
703
704
704
704
704
705
706
706
707
708
709
709
709
710
710
710
711
711
711
712
712
712
713
713
713
713
713
714
715
715
715
716
716
716
717
717
717
717
718
719
720
720
720
721
721
721
722
722
723
723
723
724
724
725
725
725
726
726
726
727
727
728
728
729
729
732
732
732
732
732
732
732
735
735
735
735
736
737
737
737
737
737
738
738
738
738
738
739
739
739
739
740
741
742
742
743
744
745
745
745
746
746
746
746
747
747
748
749
749
749
751
751
752
753
755
756
757
758
758
758
758
759
759
759
759
760
762
763
763
763
764
764
764
765
766
767
768
768
768
769
770
770
770
771
771
771
771
772
773
773
773
773
773
773
774
774
774
774
774
775
775
776
777
777
777
778
778
778
779
779
779
780
780
780
780
781
781
782
782
782
783
784
784
784
784
785
786
786
787
787
787
787
788
788
790
790
791
791
791
792
792
792
792
792
793
793
793
793
793
794
795
795
795
796
796
796
797
798
798
798
799
800
800
801
801
801
802
802
802
803
804
804
805
805
805
806
806
807
807
807
808
808
809
810
810
811
811
813
813
813
813
814
814
815
816
816
816
817
817
817
817
817
818
819
819
819
819
821
822
822
823
823
823
823
824
824
824
825
825
826
826
828
829
830
831
831
831
832
832
832
833
834
834
834
835
835
835
837
838
838
838
839
839
840
841
841
841
842
842
842
842
843
843
843
844
844
845
845
845
845
846
846
847
847
847
847
848
849
850
850
851
851
851
851
851
852
852
852
853
854
854
854
854
855
856
857
857
857
857
859
859
859
860
860
860
861
862
862
862
862
863
863
864
864
864
865
865
865
866
866
866
866
867
867
867
867
867
867
867
868
868
868
868
869
869
869
870
870
871
871
871
872
872
872
873
873
875
875
875
875
875
875
876
876
876
878
878
879
879
879
879
880
881
881
881
882
882
882
882
882
882
884
884
885
885
886
886
886
886
887
887
887
887
887
887
888
888
888
889
889
890
890
890
890
890
891
891
893
894
894
894
894
894
894
894
895
895
895
895
896
896
896
896
896
897
897
897
898
898
899
899
899
899
899
901
901
901
901
902
902
903
903
903
904
904
905
906
906
906
906
906
907
907
907
907
908
909
909
909
910
910
911
911
912
912
912
912
913
913
914
914
914
915
916
917
917
917
917
918
919
919
919
919
919
920
920
920
921
921
921
921
923
923
923
923
924
924
924
924
925
925
927
927
927
927
927
928
928
930
930
930
931
931
933
934
934
935
935
936
936
936
936
937
937
937
937
937
937
937
940
940
941
942
942
942
942
942
943
946
947
947
947
948
949
950
950
950
951
951
953
954
955
955
955
955
956
956
956
957
957
957
958
958
958
958
958
958
959
959
959
961
962
963
963
963
963
964
964
964
965
965
967
967
967
967
967
968
968
968
968
968
969
970
970
970
970
971
971
972
973
973
974
974
975
976
976
976
977
977
977
978
979
979
980
982
982
983
983
983
983
984
984
984
985
986
987
988
988
988
989
990
992
992
993
994
995
995
996
996
997
998
998
998
998
999
1000
1000
1000
1000
1001
1001
1001
1002
1002
1002
1003
1003
1003
1003
1004
1004
1006
1007
1007
1008
1008
1008
1008
1009
1009
1010
1010
1011
1011
1012
1012
1012
1013
1014
1014
1015
1015
1015
1016
1017
1017
1018
1018
1019
1019
1019
1020
1021
1023
1023
1024
1024
1025
1025
1026
1027
1027
1028
1028
1028
1028
1029
1029
1030
1030
1031
1031
1032
1032
1032
1033
1033
1034
1034
1035
1035
1035
1035
1036
1036
1037
1038
1039
1040
1041
1041
1042
1042
1044
1044
1044
1045
1045
1046
1047
1047
1047
1047
1047
1048
1048
1048
1050
1050
1050
1051
1051
1051
1052
1052
1053
1053
1053
1054
1054
1055
1055
1057
1057
1057
1057
1057
1059
1059
1060
1060
1061
1061
1062
1062
1063
1063
1064
1064
1065
1066
1066
1067
1068
1068
1069
1069
1070
1070
1070
1070
1071
1072
1072
1073
1073
1074
1074
1074
1075
1075
1076
1076
1077
1077
1078
1078
1079
1079
1079
1080
1080
1080
1081
1081
1082
1082
1083
1083
1083
1083
1083
1083
1083
1083
1084
1084
1084
1085
1087
1089
1089
1090
1090
1090
1090
1090
1090
1091
1092
1092
1092
1092
1092
1093
1093
1094
1094
1096
1096
1096
1097
1098
1098
1098
1099
1100
1100
1100
1100
1100
1101
1102
1102
1102
1102
1102
1103
1104
1104
1105
1105
1105
1106
1106
1106
1106
1107
1107
1108
1108
1108
1109
1109
1110
1111
1111
1111
1113
1113
1113
1113
1114
1114
1114
1115
1115
1116
1117
1117
1118
1119
1119
1119
1119
1121
1121
1122
1122
1122
1123
1123
1123
1124
1124
1125
1125
1126
1126
1126
1126
1126
1127
1127
1127
1127
1128
1128
1129
1130
1131
1131
1131
1131
1132
1132
1132
1133
1133
1133
1134
1134
1134
1135
1135
1135
1136
1138
1138
1138
1139
1139
1139
1139
1139
1140
1140
1141
1141
1142
1143
1144
1145
1145
1145
1145
1145
1146
1146
1146
1146
1147
1147
1148
1148
1149
1149
1150
1150
1150
1151
1151
1152
1152
1152
1152
1152
1153
1153
1153
1153
1153
1154
1154
1154
1154
1156
1156
1156
1157
1157
1157
1158
1158
1158
1158
1159
1159
1159
1160
1161
1162
1162
1164
1164
1164
1164
1164
1165
1165
1165
1165
1165
1165
1166
1168
1168
1168
1169
1169
1169
1170
1170
1170
1170
1170
1170
1171
1172
1172
1172
1173
1175
1175
1175
1176
1176
1177
1177
1177
1177
1177
1177
1178
1178
1180
1181
1181
1181
1182
1183
1183
1183
1184
1184
1184
1184
1185
1185
1186
1186
1187
1188
1188
1188
1189
1190
1190
1190
1191
1191
1192
1192
1193
1194
1195
1195
1195
1196
1196
1196
1197
1197
1197
1197
1198
1198
1198
1199
1199
1199
1199
1200
1202
1202
1203
1204
1205
1205
1205
1205
1206
1208
1209
1209
1209
1210
1211
1212
1212
1212
1213
1213
1213
1214
1214
1215
1215
1215
1217
1217
1217
1218
1219
1220
1220
1220
1221
1223
1223
1224
1224
1224
1224
1225
1225
1225
1225
1226
1227
1227
1227
1227
1227
1227
1228
1228
1228
1229
1230
1230
1230
1232
1232
1233
1233
1234
1234
1235
1235
1236
1236
1236
1236
1237
1237
1238
1238
1239
1239
1240
1240
1240
1241
1241
1241
1242
1242
1243
1243
1244
1244
1244
1244
1244
1244
1244
1245
1245
1245
1245
1245
1245
1246
1247
1247
1247
1247
1247
1247
1247
1248
1249
1249
1250
1250
1251
1252
1252
1253
1253
1253
1253
1253
1254
1254
1254
1255
1255
1256
1256
1257
1257
1257
1258
1258
1258
1259
1259
1259
1259
1260
1260
1260
1260
1261
1261
1262
1262
1262
1262
1263
1263
1263
1264
1264
1264
1264
1266
1267
1267
1267
1268
1268
1268
1268
1268
1268
1268
1270
1271
1272
1274
1275
1275
1276
1276
1276
1277
1277
1277
1278
1278
1278
1278
1278
1279
1279
1280
1280
1280
1280
1281
1281
1282
1283
1284
1285
1285
1286
1286
1286
1287
1288
1288
1289
1289
1290
1290
1291
1292
1292
1293
1293
1294
1294
1294
1295
1296
1296
1297
1297
1298
1299
1299
1300
1301
1302
1303
1304
1304
1304
1304
1305
1306
1307
1308
1308
1308
1308
1309
1309
1309
1310
1310
1310
1311
1311
1312
1313
1313
1313
1314
1314
1314
1314
1315
1317
1317
1317
1318
1318
1318
1319
1320
1320
1321
1321
1322
1322
1323
1323
1323
1324
1324
1324
1324
1325
1325
1325
1326
1326
1327
1329
1330
1330
1330
1330
1331
1331
1331
1332
1332
1333
1334
1334
1335
1335
1336
1337
1337
1338
1338
1338
1338
1338
1340
1340
1340
1341
1341
1341
1342
1343
1344
1344
1344
1344
1345
1345
1346
1346
1346
1347
1347
1349
1350
1351
1351
1353
1353
1353
1354
1356
1356
1357
1358
1358
1358
1359
1359
1359
1360
1361
1361
1361
1362
1362
1362
1362
1363
1363
1363
1364
1364
1365
1365
1365
1366
1366
1366
1366
1367
1368
1368
1369
1369
1369
1369
1370
1372
1372
1374
1374
1374
1374
1374
1375
1375
1375
1376
1376
1376
1377
1377
1377
1378
1378
1378
1378
1378
1379
1379
1379
1380
1380
1381
1381
1381
1382
1382
1382
1382
1383
1384
1385
1385
1386
1386
1386
1387
1387
1387
1387
1387
1390
1391
1391
1391
1391
1392
1392
1392
1393
1394
1394
1395
1397
1397
1397
1397
1398
1398
1399
1399
1399
1400
1400
1401
1402
1402
1402
1403
1403
1403
1403
1403
1404
1405
1406
1406
1406
1406
1407
1408
1408
1408
1409
1409
1409
1410
1410
1410
1411
1411
1413
1413
1413
1414
1414
1415
1415
1416
1416
1416
1417
1417
1417
1418
1418
1419
1420
1420
1420
1420
1422
1422
1423
1423
1423
1424
1424
1425
1425
1425
1426
1428
1428
1428
1428
1428
1428
1429
1429
1429
1429
1430
1430
1431
1431
1432
1432
1432
1433
1433
1433
1434
1435
1435
1436
1437
1437
1438
1440
1440
1440
1440
1441
1442
1442
1443
1443
1444
1444
1444
1445
1445
1445
1446
1446
1446
1447
1447
1447
1448
1449
1449
1450
1450
1451
1451
1451
1451
1451
1451
1452
1452
1452
1453
1453
1453
1453
1454
1454
1455
1456
1456
1456
1457
1457
1458
1458
1458
1458
1458
1458
1459
1460
1461
1462
1462
1463
1463
1463
1464
1464
1465
1465
1465
1466
1466
1467
1467
1468
1468
1468
1469
1470
1470
1471
1471
1472
1472
1472
1473
1473
1473
1473
1474
1474
1475
1475
1475
1476
1477
1478
1478
1478
1478
1479
1479
1479
1480
1480
1480
1480
1480
1481
1481
1482
1482
1483
1483
1483
1484
1484
1484
1484
1485
1485
1486
1486
1486
1488
1488
1488
1488
1489
1489
1490
1490
1490
1491
1491
1492
1492
1492
1493
1493
1494
1495
1495
1495
1495
1495
1495
1496
1496
1497
1497
1497
1499
1499
1500
1500
1501
1502
1502
1502
1503
1503
1504
1504
1505
1505
1506
1506
1506
1506
1507
1508
1508
1509
1509
1509
1509
1510
1510
1510
1511
1511
1512
1512
1512
1512
1513
1513
1513
1513
1513
1514
1514
1514
1515
1516
1516
1516
1517
1517
1517
1518
1519
1520
1520
1521
1521
1521
1522
1522
1523
1523
1523
1524
1524
1524
1525
1525
1525
1526
1526
1526
1527
1527
1528
1528
1528
1528
1529
1529
1530
1530
1531
1532
1532
1532
1533
1533
1533
1533
1534
1534
1535
1536
1537
1537
1538
1538
1538
1539
1540
1541
1541
1541
1542
1542
1543
1543
1543
1545
1545
1548
1549
1549
1549
1550
1550
1551
1551
1552
1553
1553
1553
1554
1555
1556
1559
1560
1560
1561
1561
1561
1561
1561
1561
1562
1562
1562
1562
1562
1562
1563
1563
1563
1563
1563
1563
1564
1564
1564
1565
1565
1566
1566
1568
1568
1568
1568
1570
1571
1571
1571
1572
1572
1572
1572
1573
1573
1574
1575
1576
1577
1578
1578
1578
1578
1578
1578
1579
1580
1580
1580
1581
1581
1582
1583
1584
1584
1584
1584
1586
1587
1587
1587
1587
1587
1588
1589
1590
1590
1590
1591
1591
1592
1592
1592
1592
1593
1593
1593
1594
1594
1594
1594
1595
1595
1595
1596
1597
1597
1597
1598
1598
1598
1598
1599
1599
1599
1600
1600
1602
1602
1603
1603
1603
1604
1604
1604
1605
1605
1606
1606
1607
1607
1607
1608
1608
1608
1608
1608
1609
1609
1609
1610
1611
1611
1611
1611
1611
1612
1612
1612
1613
1613
1614
1614
1614
1614
1615
1616
1616
1616
1616
1617
1617
1617
1617
1618
1618
1618
1618
1619
1619
1619
1620
1621
1622
1622
1622
1622
1622
1623
1623
1624
1625
1625
1626
1626
1626
1626
1627
1627
1627
1628
1628
1628
1629
1629
1630
1630
1631
1631
1632
1632
1632
1633
1633
1633
1634
1634
1634
1635
1635
1635
1636
1636
1636
1636
1637
1637
1638
1638
1639
1639
1641
1642
1642
1644
1644
1644
1644
1644
1644
1644
1645
1646
1646
1646
1646
1647
1647
1647
1648
1649
1649
1650
1652
1653
1654
1654
1654
1654
1654
1655
1657
1657
1657
1659
1659
1660
1660
1660
1661
1661
1661
1661
1662
1662
1663
1663
1663
1664
1664
1665
1665
1666
1667
1667
1667
1668
1668
1669
1670
1670
1671
1672
1672
1672
1672
1672
1672
1673
1673
1673
1673
1674
1674
1674
1674
1675
1676
1678
1678
1679
1679
1680
1681
1681
1682
1683
1683
1684
1684
1684
1684
1684
1686
1686
1686
1686
1687
1687
1687
1688
1688
1688
1689
1689
1691
1692
1692
1693
1693
1693
1693
1693
1694
1694
1694
1694
1694
1695
1697
1697
1697
1698
1698
1698
1699
1699
1699
1699
1699
1700
1700
1701
1702
1702
1702
1703
1704
1704
1705
1706
1706
1706
1706
1707
1707
1707
1708
1708
1709
1709
1709
1710
1710
1710
1710
1710
1711
1711
1712
1712
1712
1714
1714
1714
1714
1714
1715
1715
1716
1717
1717
1717
1717
1717
1719
1721
1721
1721
1721
1721
1722
1722
1722
1722
1722
1722
1722
1723
1723
1723
1723
1725
1725
1726
1726
1726
1727
1727
1728
1728
1728
1729
1729
1729
1730
1731
1731
1731
1732
1732
1732
1733
1733
1733
1733
1735
1735
1735
1736
1736
1736
1736
1737
1737
1738
1738
1738
1739
1739
1739
1740
1740
1741
1741
1741
1742
1743
1743
1744
1744
1745
1745
1746
1746
1747
1747
1748
1749
1749
1749
1749
1750
1750
1750
1750
1751
1751
1751
1752
1752
1752
1753
1754
1755
1756
1757
1757
1757
1757
1758
1759
1759
1760
1760
1760
1761
1761
1761
1762
1762
1763
1764
1765
1765
1765
1765
1765
1765
1766
1766
1766
1767
1767
1767
1769
1770
1771
1771
1771
1772
1772
1773
1773
1773
1773
1774
1774
1774
1775
1775
1776
1776
1776
1776
1777
1778
1778
1778
1778
1778
1779
1779
1779
1780
1780
1781
1781
1781
1782
1782
1784
1784
1785
1787
1788
1788
1789
1790
1790
1791
1791
1791
1793
1793
1793
1793
1794
1794
1796
1796
1797
1797
1797
1797
1798
1798
1798
1798
1799
1800
1801
1801
1801
1802
1802
1802
1802
1803
1803
1803
1806
1806
1806
1807
1807
1808
1808
1809
1810
1810
1810
1811
1813
1813
1814
1814
1815
1815
1817
1817
1818
1818
1818
1819
1819
1819
1819
1820
1820
1821
1821
1821
1821
1823
1824
1825
1825
1825
1825
1826
1826
1826
1828
1828
1828
1829
1829
1830
1831
1831
1832
1832
1832
1833
1833
1833
1834
1834
1834
1834
1834
1835
1835
1835
1835
1836
1837
1837
1837
1837
1837
1838
1839
1839
1840
1840
1840
1841
1842
1844
1845
1845
1845
1845
1846
1846
1846
1846
1847
1848
1849
1849
1849
1850
1851
1851
1852
1852
1853
1853
1854
1854
1854
1854
1855
1855
1855
1856
1857
1859
1860
1860
1860
1861
1861
1861
1862
1862
1863
1863
1864
1864
1865
1866
1866
1866
1867
1868
1868
1869
1870
1871
1872
1873
1873
1873
1873
1873
1874
1874
1874
1875
1875
1876
1877
1878
1879
1879
1880
1880
1881
1881
1882
1883
1883
1883
1883
1884
1884
1884
1885
1885
1885
1885
1885
1885
1886
1886
1887
1887
1888
1889
1890
1890
1890
1891
1891
1892
1892
1893
1894
1894
1894
1894
1895
1895
1896
1896
1896
1896
1897
1898
1898
1899
1900
1900
1901
1901
1901
1902
1902
1903
1903
1903
1904
1904
1905
1905
1905
1905
1906
1906
1906
1907
1907
1907
1907
1908
1909
1909
1910
1910
1911
1911
1911
1912
1912
1912
1913
1913
1914
1914
1914
1914
1914
1915
1915
1915
1915
1915
1915
1916
1916
1916
1917
1917
1917
1918
1918
1918
1919
1919
1919
1920
1921
1922
1922
1922
1922
1923
1923
1924
1925
1925
1928
1928
1928
1929
1930
1930
1931
1932
1933
1934
1934
1934
1935
1936
1936
1940
1941
1941
1941
1941
1942
1944
1944
1944
1944
1944
1944
1944
1945
1945
1945
1946
1946
1946
1946
1947
1947
1947
1947
1948
1950
1950
1950
1952
1953
1953
1955
1958
1958
1959
1959
1959
1960
1960
1960
1960
1960
1960
1961
1961
1962
1962
1962
1962
1962
1963
1963
1964
1965
1965
1965
1965
1965
1966
1967
1967
1967
1967
1968
1969
1969
1969
1970
1971
1972
1972
1972
1972
1974
1974
1975
1975
1976
1977
1977
1977
1977
1978
1980
1981
1982
1982
1982
1982
1982
1983
1983
1984
1984
1984
1984
1985
1985
1988
1988
1988
1988
1988
1988
1989
1991
1991
1992
1992
1992
1992
1993
1993
1994
1994
1994
1995
1997
1997
1997
1998
1998
1998
1999
1999
2000
2000
