Primero viene la cantidad (n) de timestamps para ambos, luego n líneas que son un timestamp aproximado cada uno separado por una coma (',') del error, y luego n lineas de las transacciones del sospechoso
4505
4,3
98,30
163,29
335,30
683,21
1292,26
38,2
90,41
203,36
337,47
684,11
1405,36
12,11
77,11
167,26
266,16
544,30
1089,11
81,4
146,50
291,24
585,13
1148,19
46,20
129,44
264,37
530,5
1012,8
1982,1981
75,12
85,24
230,12
429,26
883,21
1730,30
93,5
184,40
318,2
675,39
1305,4
55,49
148,32
297,3
540,10
1079,2
32,31
37,36
75,19
240,42
427,28
843,16
1700,31
75,29
157,17
273,26
542,17
1107,20
55,9
150,35
219,48
517,34
1008,32
1943,17
63,8
152,11
232,45
463,49
987,13
1925,12
98,24
101,29
258,45
518,1
1017,5
1980,1979
95,25
172,13
346,28
702,49
1336,44
48,6
103,6
243,2
399,24
861,48
1703,18
80,26
181,35
322,33
602,38
1189,6
56,43
147,40
278,5
508,7
1044,12
52,4
70,35
156,35
326,4
689,44
1376,27
43,28
85,42
224,31
366,44
753,30
1531,19
25,16
96,7
167,35
381,37
679,20
1384,10
47,45
74,3
192,29
323,41
663,3
1307,28
51,49
56,49
143,16
339,40
607,31
1278,34
39,15
94,40
194,44
337,22
704,25
1443,33
24,23
102,44
148,30
361,15
685,19
1369,7
4,3
24,4
109,43
143,33
281,45
621,37
1264,35
46,45
111,19
229,41
451,24
904,33
1833,15
33,27
99,6
227,35
394,15
819,43
1643,3
26,25
46,13
148,50
312,33
607,11
1193,20
8,7
97,37
203,21
352,21
692,36
1393,43
7,6
19,18
113,1
232,21
397,27
854,29
1659,48
53,11
110,32
234,32
407,2
858,5
1688,39
95,38
183,7
354,20
641,29
1292,25
74,1
112,21
254,39
539,11
1056,43
29,6
57,8
148,21
325,25
596,19
1244,10
34,25
122,24
207,17
409,8
826,42
1599,35
6,5
44,23
147,16
242,44
527,22
1056,28
46,32
90,20
182,11
385,30
786,17
1534,42
53,19
149,27
231,22
491,43
1021,33
1992,1991
38,37
115,8
236,22
413,16
849,35
1679,6
22,21
92,32
212,6
329,23
722,19
1471,8
75,8
164,45
292,44
628,33
1217,19
26,25
108,8
196,33
409,25
748,7
1549,22
65,16
127,50
235,13
519,11
953,42
1903,28
64,25
108,15
247,10
468,1
938,6
1866,46
27,25
90,45
201,11
345,34
675,40
1373,12
80,48
89,37
204,14
449,31
827,35
1692,42
41,30
79,43
189,3
407,47
728,25
1515,37
74,48
167,36
260,46
583,6
1123,32
69,1
151,30
283,33
587,22
1129,7
43,9
82,6
221,10
359,28
748,12
1478,32
31,30
50,2
172,7
287,26
634,30
1192,47
3,2
57,37
97,29
181,21
425,35
815,2
1580,11
68,22
167,10
240,20
478,15
1019,38
1991,1990
25,24
100,49
130,29
333,31
604,10
1290,15
8,7
51,9
132,25
192,23
450,18
890,48
1767,42
16,15
79,42
167,42
282,26
639,21
1280,3
97,1
188,11
297,47
603,18
1201,33
23,22
124,34
239,12
427,45
890,41
1778,48
91,15
120,11
269,5
579,19
1124,16
55,40
149,10
243,47
515,46
1001,38
1910,25
47,6
73,21
204,50
351,4
737,8
1492,32
45,41
105,3
187,9
420,6
834,2
1620,24
31,2
61,22
150,14
339,32
675,25
1265,19
29,15
124,24
242,33
428,1
901,33
1739,38
47,46
62,45
179,21
304,2
641,18
1253,3
31,30
58,5
140,29
242,12
536,18
1029,13
32,9
46,9
147,33
275,39
549,44
1069,37
87,26
91,45
209,23
438,24
921,6
1823,1
32,31
53,49
166,21
263,26
576,28
1191,46
55,28
61,32
167,4
288,17
613,46
1204,30
94,5
124,39
283,26
571,41
1113,10
14,13
80,20
103,3
241,3
518,11
1015,5
1978,1977
34,12
98,38
232,46
418,8
843,27
1665,25
61,47
90,48
210,29
365,45
773,8
1535,9
17,16
95,26
172,1
327,38
685,21
1357,44
97,39
163,33
283,4
604,38
1224,15
47,22
129,44
214,49
461,48
868,11
1766,32
49,17
73,18
204,48
406,24
768,19
1518,44
69,24
169,22
280,44
529,6
1055,36
59,18
135,12
288,18
555,28
1115,43
86,27
182,30
365,50
636,17
1346,23
84,46
145,28
299,23
620,27
1160,20
83,46
144,25
306,35
619,49
1227,35
64,10
82,8
235,5
476,12
920,31
1792,31
14,13
60,1
90,48
182,30
400,33
797,50
1589,44
92,40
120,20
224,11
535,3
1050,32
18,17
76,30
96,29
216,14
477,49
902,49
1862,45
42,10
142,24
211,6
397,31
837,28
1638,22
41,40
88,47
223,11
414,48
859,16
1664,20
97,23
167,48
311,23
633,44
1251,25
99,41
119,45
309,37
606,31
1157,26
96,41
108,49
286,10
501,49
1071,4
68,15
90,38
192,45
421,2
831,32
1693,25
37,22
115,3
182,43
397,25
802,24
1575,3
89,8
151,14
323,6
605,1
1227,33
18,17
113,28
176,2
364,3
686,17
1437,50
3,2
15,14
31,28
100,24
174,29
345,13
733,24
1410,25
37,36
124,30
247,12
509,25
935,45
1902,32
100,6
187,16
310,12
656,8
1290,36
39,38
95,11
234,37
370,28
764,12
1566,46
49,9
116,45
182,42
446,37
853,22
1662,47
27,2
63,49
117,33
215,29
444,38
912,46
1844,3
18,17
112,12
179,35
321,47
648,37
1363,47
65,18
80,21
246,13
415,1
873,27
1689,49
24,23
120,6
167,11
395,33
745,6
1545,11
101,4
132,2
254,20
568,3
1128,39
18,2
118,36
174,15
365,34
741,44
1421,38
84,43
161,45
247,22
558,33
1127,50
31,30
109,38
174,12
409,20
819,15
1570,41
75,20
132,47
241,13
525,30
1055,16
81,2
166,10
336,15
589,37
1248,17
13,12
87,48
146,16
332,24
654,28
1262,46
81,26
124,32
283,21
524,47
1059,24
22,21
99,18
200,9
388,22
752,46
1524,41
59,42
99,27
190,18
367,16
814,11
1606,21
73,44
173,23
247,29
548,6
1107,34
4,3
35,14
74,38
187,2
303,49
661,16
1351,26
56,32
93,8
158,6
342,48
717,47
1393,5
41,40
117,29
249,42
476,40
932,47
1903,30
2,1
82,10
153,25
334,31
589,44
1237,26
79,30
155,30
318,30
641,40
1236,48
9,8
22,21
61,33
107,7
247,21
519,39
1021,10
1926,46
71,3
159,2
273,1
596,40
1112,48
95,27
193,3
314,29
640,8
1284,16
2,1
28,12
90,45
203,15
421,45
840,17
1585,31
14,13
67,19
144,45
318,24
621,20
1251,42
56,10
144,48
276,27
509,18
1011,49
1994,1993
79,14
147,6
263,26
512,49
1019,28
60,44
77,20
188,7
339,5
738,13
1465,25
70,11
124,27
218,4
481,6
932,16
1871,24
50,3
114,36
201,26
419,29
852,15
1700,19
94,28
160,48
289,42
632,5
1228,40
41,40
130,27
255,41
513,37
982,48
1987,1986
71,33
161,7
316,38
624,11
1236,4
71,6
97,28
222,20
412,42
890,14
1699,36
55,14
151,46
229,49
499,1
973,12
1990,3
63,7
113,35
210,34
457,13
847,42
1713,44
68,2
120,46
240,8
513,6
1021,11
1971,1970
37,4
78,48
175,27
354,39
699,41
1346,39
6,5
51,29
86,21
224,21
375,9
785,35
1537,33
9,8
81,16
139,4
290,26
556,25
1134,16
98,26
134,44
320,26
593,50
1239,15
12,11
74,47
109,30
256,12
535,31
1053,48
77,44
84,11
260,25
473,33
976,24
1957,36
41,5
112,16
214,50
452,5
851,4
1710,26
10,9
15,9
88,48
175,40
302,5
669,46
1317,48
1,0
29,24
47,17
175,48
288,6
566,12
1162,41
21,20
106,15
206,49
354,24
711,26
1463,25
87,6
114,50
239,21
487,19
972,35
1909,2
79,4
158,47
278,37
575,41
1158,1
37,22
119,20
162,18
323,22
676,22
1385,16
18,5
47,14
128,25
278,41
509,33
997,39
1905,28
78,23
129,46
259,21
481,44
966,2
1914,7
13,12
97,6
192,19
336,16
719,14
1404,2
96,2
140,37
306,11
636,35
1262,39
100,28
113,2
291,43
573,15
1141,41
11,10
88,41
118,39
224,9
487,13
988,3
1917,17
15,14
87,29
103,2
288,14
501,49
1042,2
65,24
117,25
194,42
436,41
864,48
1777,30
13,12
81,16
161,5
347,27
624,44
1307,9
24,23
89,8
211,14
330,25
706,35
1362,24
26,25
63,26
148,45
278,25
534,3
1136,30
20,19
89,38
192,28
388,12
731,26
1457,10
44,23
85,16
219,40
429,25
827,36
1606,15
90,34
138,4
245,11
479,18
970,17
1975,1974
86,50
137,29
257,17
570,48
1075,43
84,35
179,38
339,33
686,7
1338,6
51,38
151,45
238,13
442,39
981,26
1909,34
42,24
102,45
194,4
437,16
854,8
1730,16
101,13
153,42
258,3
555,15
1138,19
44,4
95,8
164,4
391,38
724,10
1481,43
27,9
96,32
179,9
338,24
644,17
1321,22
35,34
85,42
210,13
425,1
776,36
1570,6
6,5
86,41
121,21
267,49
551,45
1097,28
13,12
108,31
123,9
284,26
591,4
1197,26
66,3
137,2
278,47
534,14
1097,2
18,6
44,7
90,13
242,39
468,26
889,23
1765,25
68,7
143,14
276,46
586,42
1145,34
68,8
99,37
186,40
375,31
776,13
1573,39
61,30
83,48
198,2
439,12
829,32
1660,32
13,12
38,37
148,2
245,20
484,47
966,27
1939,44
4,3
55,25
83,34
203,25
436,34
790,14
1579,50
21,20
86,46
208,13
379,33
752,9
1462,11
44,26
87,4
141,5
319,8
639,14
1300,50
59,17
130,49
214,15
454,4
892,12
1768,38
6,5
103,25
180,47
357,26
682,4
1423,9
19,18
119,39
188,1
382,21
725,14
1493,37
53,48
56,42
113,18
259,8
498,45
1011,29
1966,30
95,37
148,38
329,50
586,20
1217,7
89,21
139,3
232,1
487,18
1046,2
1941,46
29,28
100,47
208,38
393,4
753,22
1496,44
46,38
50,47
167,43
266,9
538,20
1126,21
61,43
78,5
144,37
325,13
623,37
1317,35
13,12
102,26
132,25
317,30
664,7
1303,5
97,42
106,35
250,2
514,9
989,35
1914,39
72,4
133,43
206,42
482,19
906,50
1861,11
5,4
99,50
172,34
355,16
675,29
1359,16
81,45
172,38
261,10
530,46
1100,45
96,41
184,20
381,50
690,40
1375,50
45,34
114,14
258,31
458,33
929,22
1893,35
89,22
169,24
354,11
647,16
1325,40
51,23
83,22
193,19
406,45
790,33
1561,38
46,17
57,5
200,39
327,5
672,30
1402,38
23,22
77,44
104,34
298,39
527,39
1099,14
61,40
153,33
279,17
545,31
1120,4
94,5
117,8
265,17
543,26
1105,37
53,3
91,36
179,36
421,12
753,21
1531,48
66,48
165,38
321,4
583,3
1176,12
22,10
113,3
210,44
364,29
719,35
1506,9
101,45
165,19
276,5
571,20
1185,9
73,21
131,42
265,25
492,45
983,39
1928,34
97,31
156,27
307,12
586,10
1154,46
20,1
93,12
172,31
363,16
670,40
1340,32
51,7
97,25
176,47
398,22
797,29
1620,47
37,36
91,34
134,26
318,14
653,15
1252,33
17,16
107,7
171,14
392,44
689,9
1471,37
27,12
53,33
177,26
262,45
545,6
1135,37
69,26
96,42
203,29
375,31
838,24
1670,41
78,22
103,6
235,4
460,17
977,50
1917,10
50,21
138,4
239,41
503,13
1015,24
1943,40
69,10
102,12
172,12
363,17
794,12
1514,28
96,11
104,8
282,16
498,6
1040,37
19,2
45,29
117,6
198,45
466,4
853,42
1740,43
22,21
117,42
239,25
478,31
882,2
1808,40
41,16
88,20
133,10
333,35
627,7
1252,27
12,11
35,7
122,27
236,1
431,28
878,8
1793,21
62,3
80,34
147,11
356,5
648,41
1356,27
46,45
50,15
147,20
267,36
575,10
1163,42
96,39
144,18
302,17
551,1
1105,50
16,2
91,25
129,21
269,34
606,6
1203,5
49,48
139,27
241,11
475,35
973,9
1911,47
67,36
138,30
272,42
482,44
1043,39
15,14
69,15
118,44
247,48
462,48
1011,36
1952,32
83,42
106,12
271,28
500,33
970,33
1991,1990
74,28
159,27
272,24
518,27
1075,22
101,1
140,11
250,1
585,47
1131,41
40,24
104,12
171,38
402,32
786,25
1558,10
41,35
116,3
225,7
479,39
952,17
1836,14
13,7
51,27
84,26
227,5
405,6
846,13
1704,12
44,17
141,25
245,10
462,30
909,15
1892,50
30,29
124,39
221,20
419,45
796,18
1614,44
54,39
146,24
288,41
543,6
1069,10
26,25
63,27
92,7
240,33
482,48
964,24
1922,33
83,44
181,12
361,49
676,46
1365,46
26,25
116,34
236,46
449,30
879,4
1792,46
43,5
80,42
210,38
383,32
743,17
1464,14
29,28
45,13
144,11
240,49
502,34
1056,37
90,42
123,4
302,19
598,24
1160,22
33,32
119,4
252,33
408,23
905,48
1791,3
95,8
185,40
286,19
599,46
1201,19
77,29
112,14
281,42
502,18
994,10
1925,17
61,2
117,11
243,1
442,18
927,45
1834,40
64,37
83,27
199,18
447,43
847,50
1643,48
59,48
98,23
239,47
478,20
936,10
1847,23
98,33
187,2
347,23
682,2
1397,14
67,8
86,35
227,43
433,20
865,19
1767,16
7,6
81,44
100,14
261,47
458,8
998,11
1989,1988
75,5
128,20
251,27
456,8
979,35
1913,48
73,8
155,2
266,24
503,26
1044,3
44,43
111,11
167,38
379,43
759,37
1526,28
31,30
128,48
207,24
459,30
911,15
1748,41
64,40
126,5
278,27
529,25
1062,41
88,5
92,20
216,22
438,24
855,45
1783,1
68,5
81,24
226,44
423,9
868,12
1709,16
96,16
166,38
361,9
712,22
1432,4
11,10
49,44
73,17
216,30
405,2
772,41
1609,23
76,8
80,8
196,37
373,19
802,37
1589,48
23,22
59,6
152,44
249,6
519,42
1027,27
68,9
139,39
289,39
502,25
1032,16
20,19
62,12
147,28
242,22
561,3
1038,43
13,12
87,32
148,45
322,34
621,44
1225,48
34,25
94,44
197,29
355,5
733,42
1507,23
62,42
120,45
241,20
458,32
945,41
1926,41
37,36
40,21
83,4
176,36
403,7
825,4
1589,24
8,7
34,4
137,7
274,8
512,2
984,38
1977,8
69,18
109,35
192,31
434,29
877,13
1767,8
11,10
99,14
147,18
296,20
586,28
1193,7
43,33
96,38
239,37
440,22
859,6
1754,8
91,13
109,43
270,1
530,7
1008,48
8,7
66,27
115,7
209,26
447,30
891,29
1791,31
63,18
86,6
235,20
414,14
846,17
1648,32
2,1
81,49
87,45
176,14
425,27
834,23
1639,45
46,45
133,28
219,49
400,28
894,47
1744,3
7,6
31,30
121,25
188,41
377,7
753,3
1522,24
78,28
131,20
287,29
545,50
1050,25
36,35
103,20
235,14
394,26
818,48
1604,9
28,18
40,2
85,14
230,49
410,11
851,30
1696,11
29,28
35,25
142,45
283,24
583,30
1121,6
33,29
94,32
152,47
343,20
629,21
1317,33
40,11
86,15
225,7
422,17
775,10
1641,32
62,4
162,9
265,8
566,31
1153,19
84,16
148,1
332,24
620,20
1252,26
29,4
69,7
104,40
232,6
499,34
1016,8
1938,3
101,14
129,3
255,17
547,21
1052,48
25,15
48,45
79,47
249,32
417,43
849,3
1687,16
89,22
172,22
308,8
625,4
1273,2
84,26
170,29
344,50
655,37
1272,27
52,13
145,1
220,29
459,12
919,50
1798,46
82,13
179,17
344,34
611,38
1295,35
30,24
126,1
222,27
465,33
939,47
1791,35
10,9
44,27
153,12
291,30
555,26
1108,26
56,8
122,11
220,46
471,25
957,7
1908,2
44,26
57,35
163,41
349,20
645,23
1351,14
85,8
112,9
221,4
469,8
888,50
1798,16
66,50
164,30
300,29
596,9
1173,28
28,27
58,27
139,41
247,36
514,26
988,36
1924,47
100,23
199,17
389,20
788,12
1492,1
73,38
114,46
242,16
439,19
965,42
1933,14
7,6
39,19
64,10
182,2
371,48
701,6
1376,21
29,14
69,39
157,7
294,22
650,40
1299,47
101,13
178,40
315,27
643,32
1329,45
70,44
156,7
266,40
506,26
1091,38
79,16
118,26
267,23
499,18
1023,31
1966,1965
61,2
155,9
268,10
507,26
1084,19
86,20
100,22
280,47
541,41
1047,13
86,20
150,17
286,32
539,43
1080,24
49,34
96,32
212,43
428,16
786,34
1671,32
44,43
122,6
253,25
493,13
998,28
1944,45
76,46
168,23
256,41
523,14
1057,11
38,18
92,36
140,33
371,46
729,45
1430,38
61,4
161,19
309,1
606,15
1215,6
58,14
134,17
204,19
445,33
940,18
1865,32
6,5
59,18
146,48
215,23
478,44
926,45
1893,24
1,0
3,2
82,20
180,39
353,37
697,12
1368,45
33,9
129,30
184,20
391,42
822,50
1640,17
30,29
89,23
209,1
363,41
758,21
1464,12
12,11
106,35
153,1
360,49
685,9
1369,19
28,27
77,27
123,48
306,13
537,46
1158,43
63,22
114,30
233,20
501,44
947,22
1942,12
99,40
184,5
362,16
728,14
1465,46
83,43
125,2
286,9
573,14
1069,13
27,23
64,19
186,32
333,47
645,35
1356,11
79,49
137,1
261,20
546,8
1108,20
27,5
116,11
189,49
364,28
706,10
1458,41
74,8
135,48
284,32
526,11
1039,24
57,39
95,47
231,16
392,23
793,26
1573,45
42,17
72,8
138,5
347,15
657,2
1342,2
14,13
59,45
119,34
233,4
428,6
865,12
1765,35
94,17
150,7
257,50
548,19
1067,23
42,17
117,13
223,36
406,21
876,27
1741,12
96,43
141,27
307,36
583,20
1198,12
72,19
108,31
235,21
430,31
901,28
1842,12
51,33
150,37
258,21
520,16
1051,2
24,13
35,34
79,7
165,17
340,44
682,26
1397,21
62,21
101,31
182,21
422,11
811,22
1672,49
49,48
66,2
199,36
377,33
784,20
1565,6
90,12
104,14
285,5
517,45
1080,17
99,1
148,8
307,39
604,23
1257,32
21,16
22,7
138,48
253,50
449,46
914,28
1883,26
24,23
99,2
186,41
324,27
692,4
1330,24
90,4
166,15
326,20
647,40
1265,21
27,26
42,29
150,40
222,37
476,34
1001,34
1982,8
76,9
102,33
235,33
443,18
903,2
1798,36
29,21
38,37
71,19
238,48
385,3
819,2
1598,44
45,32
130,23
251,38
521,29
1038,36
1946,17
34,33
102,43
219,38
368,50
728,43
1490,25
8,7
66,30
100,1
214,49
399,17
814,32
1604,49
46,31
139,1
212,40
418,22
821,36
1692,37
44,33
145,37
244,6
457,12
896,23
1869,1
58,38
146,36
263,4
503,2
1069,20
18,9
59,33
176,7
332,26
644,25
1281,33
64,45
94,37
245,48
454,16
938,49
1868,21
74,43
115,4
208,7
484,36
934,33
1874,17
51,23
95,39
181,17
394,7
799,50
1555,23
33,32
111,30
192,18
364,35
756,9
1509,6
2,1
62,39
154,39
271,41
549,6
1138,31
92,2
181,38
316,7
599,19
1274,6
74,1
147,4
250,11
495,44
976,3
1991,9
97,9
105,46
253,28
506,21
1021,23
1933,22
36,35
87,50
138,48
342,20
646,32
1274,9
59,40
143,48
222,38
439,17
938,37
1901,32
50,42
121,47
181,23
429,42
821,49
1623,50
17,16
111,33
216,20
410,23
834,23
1636,28
17,16
36,35
153,15
301,3
531,42
1064,17
50,44
100,41
167,7
391,23
770,5
1534,1
31,30
110,49
241,3
390,19
833,35
1666,47
30,21
60,45
147,7
297,10
575,43
1154,44
29,10
82,49
184,33
331,9
725,4
1438,26
81,5
162,14
303,25
605,8
1153,16
34,15
61,7
189,35
359,12
656,30
1397,44
4,3
69,5
163,13
331,25
666,7
1266,6
86,49
164,33
329,13
632,18
1289,10
10,9
43,2
140,2
278,34
525,49
1063,9
7,6
86,33
113,30
242,22
487,13
954,7
1908,13
58,30
68,47
170,22
386,43
763,36
1536,13
92,2
189,29
334,7
682,23
1299,48
86,47
148,28
325,44
627,29
1204,49
53,32
128,34
247,49
468,10
953,20
1898,19
24,10
68,38
184,1
321,33
682,11
1318,12
69,31
91,22
228,35
469,13
878,31
1833,35
17,16
109,26
143,23
343,25
693,50
1322,9
25,2
116,33
164,7
405,1
712,14
1478,10
2,1
91,24
170,4
281,47
578,47
1145,48
63,40
121,5
211,7
435,47
850,49
1717,14
41,35
126,30
241,47
474,29
903,26
1832,44
83,13
145,12
323,42
559,34
1111,44
49,25
78,14
207,48
427,31
856,39
1670,35
22,21
31,30
70,20
201,24
417,30
743,27
1518,3
40,39
82,16
172,1
387,24
685,14
1423,43
71,37
152,12
275,45
520,44
1031,24
58,48
93,49
236,50
449,27
890,13
1794,12
56,9
90,49
227,11
422,21
843,38
1712,22
31,23
36,35
131,16
292,2
495,10
1031,42
40,20
103,19
168,2
369,28
724,4
1458,14
66,36
101,41
211,16
472,40
883,42
1824,39
91,33
131,47
280,28
528,5
1123,30
62,35
129,10
226,22
459,26
968,8
1933,44
35,10
129,11
248,29
430,2
861,40
1729,47
24,15
26,11
101,1
198,2
429,35
807,14
1660,46
91,19
107,5
284,34
579,41
1102,9
77,43
116,47
264,47
558,8
1091,24
11,10
38,3
87,14
159,22
331,49
695,43
1332,28
91,49
185,38
314,25
638,26
1309,48
99,43
103,26
280,39
503,46
1071,37
49,46
66,12
213,22
343,33
687,39
1401,46
16,15
62,15
92,27
182,15
441,7
829,50
1702,33
26,25
39,38
163,48
321,31
617,23
1199,13
99,1
117,33
219,24
503,20
950,31
1947,12
74,48
137,42
237,14
473,22
963,28
1914,4
92,34
133,43
276,40
514,30
1025,37
39,2
122,47
189,12
421,33
790,1
1595,38
9,8
89,32
135,32
298,28
603,31
1198,40
15,14
47,46
97,48
198,39
437,31
879,28
1706,19
20,14
26,25
88,4
231,34
376,49
835,13
1662,26
29,28
97,39
212,36
405,44
820,4
1589,37
93,48
173,37
314,3
654,31
1265,15
85,28
90,35
220,21
402,9
886,19
1698,3
93,21
135,14
261,6
544,48
1071,23
87,45
90,4
190,4
453,14
881,1
1751,20
88,46
160,28
293,47
589,22
1142,41
68,27
151,21
300,35
575,31
1173,45
90,27
190,19
296,7
632,16
1287,47
18,17
74,16
118,31
261,15
542,43
1040,11
12,11
102,15
174,34
352,25
662,41
1322,10
61,32
137,28
220,17
432,34
853,10
1734,48
98,28
134,24
317,25
618,49
1203,5
25,10
58,50
151,8
303,32
625,48
1205,21
20,19
47,5
94,39
196,38
362,18
750,12
1499,39
61,6
71,36
223,13
448,50
823,21
1692,39
33,32
110,3
159,50
395,39
768,36
1469,25
58,35
127,18
259,12
516,38
1038,15
1976,1975
42,41
117,37
191,48
380,40
828,37
1597,16
34,31
89,49
124,43
305,40
626,6
1274,17
88,35
100,23
250,4
441,43
947,40
1905,32
86,15
114,30
226,36
457,23
979,38
1931,17
63,31
112,36
249,23
509,46
996,47
1926,42
58,34
109,36
173,22
398,20
776,25
1598,1
96,5
165,10
355,8
630,21
1307,8
19,18
61,38
119,12
268,45
550,39
1024,29
88,31
105,41
233,37
508,50
989,8
1952,46
83,37
173,27
291,28
583,40
1203,11
1,0
69,8
151,10
301,22
587,23
1189,45
84,24
97,13
260,33
474,46
962,11
1918,24
50,22
96,11
161,10
321,6
655,17
1339,11
86,33
164,23
346,27
650,9
1321,14
94,49
188,5
379,17
684,22
1368,32
66,18
149,47
306,11
597,18
1184,39
80,3
146,28
245,43
568,28
1059,46
6,5
19,16
33,29
89,25
155,24
392,25
758,2
1538,44
88,13
133,4
248,33
536,42
1041,39
12,11
107,38
203,47
346,45
729,32
1480,12
35,18
88,34
198,1
394,11
756,28
1548,25
80,14
127,23
261,34
492,42
1001,49
1932,17
86,4
174,3
299,5
614,6
1185,37
98,37
143,10
315,7
581,11
1166,50
53,19
103,8
207,39
442,5
845,30
1730,28
69,10
102,42
182,13
425,36
805,9
1634,32
4,3
97,14
145,16
269,45
590,37
1112,2
12,11
41,40
82,15
182,10
324,32
723,29
1464,45
37,9
115,40
197,9
419,12
834,16
1607,34
14,13
75,28
103,46
251,32
464,11
935,37
1929,12
46,1
61,49
116,48
229,25
469,12
1006,11
1983,5
22,21
121,12
151,28
307,33
680,11
1376,38
67,33
158,19
228,8
468,30
927,24
1865,13
5,4
73,3
92,1
216,35
467,29
890,22
1760,41
33,32
83,25
143,4
325,4
665,42
1291,46
48,41
56,35
124,48
268,20
594,41
1141,12
1,0
39,9
123,27
259,44
429,14
929,19
1870,35
16,15
70,35
151,32
276,24
514,30
1045,35
69,12
89,43
253,45
467,32
912,50
1877,45
11,10
27,26
42,1
81,12
176,35
345,16
716,1
1421,50
51,2
67,24
165,46
374,3
722,23
1416,18
80,40
97,24
216,43
457,29
855,10
1793,16
13,12
114,6
141,23
289,4
582,35
1217,10
16,7
42,1
72,13
224,27
406,29
831,45
1683,45
26,25
97,24
141,11
319,25
590,48
1251,36
3,2
44,15
60,10
181,3
387,48
753,43
1482,25
81,41
181,6
278,44
631,48
1216,31
65,27
97,31
219,14
440,19
903,3
1743,13
1,0
27,26
84,4
194,50
370,1
749,14
1465,49
71,8
84,38
252,10
496,28
955,50
1933,20
91,26
141,15
235,21
479,13
1028,16
1991,1990
62,43
160,14
231,5
548,5
1033,2
74,11
81,12
232,32
467,27
877,42
1755,30
41,40
110,17
216,33
457,23
873,23
1789,15
38,37
60,6
133,22
255,38
574,39
1141,34
58,21
84,44
175,46
361,28
695,15
1382,41
91,23
187,49
296,4
641,11
1255,37
75,35
139,12
237,45
545,11
1087,19
18,17
116,13
168,40
315,10
671,35
1345,37
94,2
171,25
308,49
649,30
1257,20
3,2
102,1
191,21
336,36
689,37
1354,30
97,4
138,30
250,15
506,30
1049,28
24,6
53,49
86,11
191,22
445,41
836,2
1669,10
91,7
150,11
323,16
645,28
1250,4
42,41
101,19
213,50
367,50
802,5
1603,41
68,35
77,40
148,26
337,24
644,30
1299,25
19,18
102,19
185,42
316,13
715,37
1367,35
3,2
78,47
169,37
299,14
622,40
1208,31
79,6
172,10
319,48
644,24
1250,16
33,30
132,21
260,11
512,8
990,13
1975,1974
39,20
75,20
189,14
395,20
751,17
1479,33
65,22
164,36
325,20
653,20
1275,47
50,1
95,24
220,37
377,3
799,34
1639,18
23,22
61,35
96,8
201,33
429,50
822,13
1717,5
67,28
94,38
210,49
419,49
838,30
1701,13
83,45
122,40
234,8
455,33
958,21
1870,47
67,14
83,1
229,29
441,15
831,28
1663,39
79,5
141,46
272,49
556,34
1091,19
3,2
61,15
145,26
247,18
557,33
1046,9
70,17
84,5
164,28
382,42
729,45
1454,50
5,4
99,40
142,23
336,1
587,10
1264,21
39,5
86,34
163,39
308,42
630,12
1259,23
27,17
84,32
131,10
296,30
562,31
1140,38
91,24
190,26
371,10
744,31
1461,20
39,23
90,4
188,41
402,49
778,49
1545,46
78,6
155,26
280,26
564,32
1150,28
89,19
120,47
221,41
451,17
893,12
1811,34
6,2
102,8
155,15
317,26
646,42
1291,45
59,20
124,45
248,18
461,41
950,23
1930,46
9,8
69,39
133,7
295,47
581,22
1102,14
5,4
11,10
27,26
72,10
149,13
333,19
662,42
1306,6
71,36
77,40
187,15
436,12
826,28
1600,22
64,12
110,22
226,9
443,26
857,9
1765,40
34,4
78,16
133,22
266,26
537,29
1104,17
44,12
123,22
174,29
357,42
793,23
1583,20
91,15
104,36
278,9
558,44
1131,36
61,48
159,8
266,1
556,14
1077,7
12,11
79,5
161,17
261,44
611,20
1207,8
99,30
146,34
305,23
611,45
1180,2
38,37
120,30
248,16
459,45
952,17
1847,17
89,29
144,20
244,10
554,27
1121,30
3,2
74,41
152,50
265,9
520,22
1077,33
48,12
71,3
148,2
304,18
581,5
1244,43
64,20
67,37
160,29
385,39
729,44
1447,5
49,33
61,36
154,5
351,32
629,35
1297,14
32,8
126,44
208,24
393,44
774,6
1563,7
35,26
48,1
136,45
306,44
536,12
1161,4
70,37
162,18
245,10
574,19
1092,21
34,33
121,40
211,23
447,12
815,40
1704,50
30,29
124,2
202,20
390,34
835,50
1680,2
74,7
126,43
299,29
530,20
1120,38
84,3
169,7
344,4
607,7
1295,37
52,37
123,45
188,23
413,25
870,23
1669,3
33,9
50,27
155,27
327,31
614,45
1242,29
37,36
114,9
162,38
398,23
727,45
1478,21
20,19
85,49
134,10
256,17
500,21
1042,8
85,44
185,4
347,21
652,47
1362,43
65,1
131,47
259,34
540,19
1050,13
13,12
83,13
192,29
323,41
661,23
1316,28
14,13
40,27
153,24
288,26
574,8
1091,43
9,8
69,44
163,10
298,42
634,48
1215,29
84,36
102,27
212,37
432,36
902,41
1733,5
73,18
149,37
238,28
550,14
1054,1
28,16
111,44
224,17
364,33
734,40
1479,1
78,43
88,11
206,12
458,25
911,9
1768,46
66,40
87,29
187,40
352,33
757,9
1452,35
69,49
144,16
241,28
538,42
1074,9
16,15
79,6
146,5
313,27
565,46
1132,26
35,6
109,32
171,27
389,38
739,7
1542,13
37,30
47,17
140,15
225,5
480,35
1023,43
1982,1981
47,45
48,3
140,29
254,45
505,45
1029,2
100,41
201,37
384,28
737,34
1506,33
69,24
155,11
233,38
523,40
986,30
1910,34
51,44
83,31
159,1
300,18
635,17
1256,34
32,31
127,43
205,16
385,35
773,39
1590,5
10,8
70,36
171,42
286,37
550,35
1116,37
101,30
170,18
300,22
649,30
1265,12
57,48
155,42
296,17
592,25
1169,26
39,35
110,40
161,30
411,3
730,46
1521,13
31,30
67,2
120,10
306,43
573,49
1106,16
41,37
127,36
246,3
510,8
954,10
1929,2
90,33
95,10
204,33
392,43
804,36
1599,24
14,13
81,12
124,11
265,37
527,20
1034,37
69,30
136,17
296,45
507,49
1043,41
84,30
157,49
303,39
583,34
1169,42
43,34
93,26
223,49
396,33
806,28
1578,29
40,18
123,9
259,39
508,16
933,48
1880,48
5,4
53,28
78,27
191,39
366,32
705,49
1498,8
98,34
142,31
340,44
671,1
1301,37
71,3
131,19
258,1
466,42
973,29
1980,1979
53,18
130,49
250,42
517,4
1003,44
1989,5
70,9
84,15
171,24
385,18
801,16
1605,39
32,25
44,32
89,47
216,21
427,36
877,47
1701,29
34,33
55,35
91,1
219,48
430,48
863,19
1792,27
50,34
147,2
202,25
406,26
904,31
1809,19
32,28
67,20
129,46
229,12
517,37
1061,34
58,46
153,47
218,7
484,38
1010,45
1967,27
18,17
54,48
107,4
224,32
471,39
930,50
1886,20
23,21
58,12
121,27
263,14
478,13
1021,50
1977,7
69,22
140,10
214,35
443,4
965,19
1920,3
44,4
46,45
174,50
309,27
655,38
1273,18
10,9
107,22
133,2
319,31
601,5
1265,17
41,24
107,34
189,17
412,36
843,15
1662,10
57,24
140,5
227,41
485,20
942,49
1853,14
72,41
86,27
222,18
445,3
876,19
1741,46
50,5
54,41
182,47
386,17
710,27
1424,12
54,16
91,17
193,30
411,45
750,37
1556,35
9,8
41,38
80,50
213,41
441,15
873,25
1697,25
74,21
145,37
235,38
541,19
1059,10
17,16
44,19
148,15
290,44
596,24
1150,12
76,15
97,50
272,18
542,41
1024,27
15,14
115,2
162,28
294,34
621,19
1210,13
45,40
77,11
134,43
309,37
624,20
1247,35
14,13
51,42
138,31
293,7
499,36
1031,17
59,41
72,15
194,8
371,50
767,41
1531,5
48,3
135,5
281,8
561,25
1069,40
90,3
110,35
271,11
554,8
1072,11
33,32
102,1
202,4
401,49
800,50
1612,4
15,14
86,46
103,43
300,18
514,31
1109,24
52,1
102,39
167,23
354,13
736,38
1459,39
13,12
25,11
93,23
198,25
351,1
741,8
1452,5
94,49
183,49
366,37
674,16
1381,39
50,48
60,15
159,8
333,31
668,9
1367,28
82,34
137,25
250,14
549,12
1118,11
27,26
58,37
125,15
297,14
583,28
1147,14
91,2
157,10
316,9
631,45
1202,49
44,20
140,35
285,23
484,30
997,37
1973,1972
46,34
127,11
244,16
446,48
959,2
1883,20
77,44
114,38
260,2
515,30
1014,44
1937,1
83,12
130,40
276,46
583,11
1173,44
26,5
55,11
95,4
275,5
455,21
936,30
1921,20
75,18
134,33
298,46
556,37
1071,28
79,17
159,11
303,1
585,10
1177,15
87,6
106,21
251,32
481,19
980,9
1980,1979
34,33
112,11
233,38
422,24
888,32
1705,45
74,46
107,44
238,44
466,9
932,22
1845,8
69,33
87,33
194,39
367,27
758,45
1495,47
84,38
117,1
202,48
461,7
894,18
1851,18
70,39
166,41
289,44
571,32
1138,1
85,33
162,43
276,7
589,41
1116,50
15,14
116,50
157,34
359,29
713,6
1416,15
29,5
54,12
157,46
258,35
579,22
1177,5
66,15
164,26
258,5
507,21
1027,18
99,28
110,11
213,3
490,41
954,17
1952,17
52,21
86,1
220,19
443,39
855,17
1676,30
28,27
107,24
156,23
385,4
683,26
1383,5
100,39
118,3
303,35
607,5
1220,26
12,6
53,12
103,30
171,25
406,25
812,36
1586,7
84,23
117,9
215,37
458,38
909,3
1872,33
29,28
61,8
162,13
317,37
608,50
1185,10
21,16
36,35
88,4
172,7
360,15
738,48
1466,16
83,34
96,20
275,24
520,50
1009,43
1918,24
53,13
133,4
201,14
468,41
952,33
1883,27
51,14
62,18
139,35
328,45
666,29
1280,13
88,27
127,50
231,12
448,22
896,43
1810,29
17,16
79,21
197,6
372,9
686,16
1352,12
11,1
94,26
132,30
311,34
604,32
1177,15
20,9
108,28
221,9
408,34
795,13
1579,7
28,2
66,44
164,17
354,7
689,20
1365,19
28,27
39,38
95,31
262,41
481,4
995,18
1951,38
48,2
145,22
265,14
466,1
989,47
1984,1
23,22
66,29
92,10
240,1
510,31
1032,16
1966,32
93,13
112,34
303,34
556,15
1104,19
52,26
89,49
183,35
335,14
674,32
1388,23
78,17
82,35
226,23
390,18
845,1
1642,36
33,28
82,44
141,9
261,3
526,22
1105,42
100,24
110,14
233,6
538,7
1021,37
36,2
42,10
169,49
271,35
599,26
1166,18
37,22
54,25
189,11
354,26
668,36
1309,32
57,16
102,17
218,13
451,39
884,9
1761,35
79,27
105,40
195,23
408,46
806,4
1641,17
65,2
73,41
201,48
382,22
805,27
1597,38
59,46
137,12
197,40
483,14
977,16
1911,4
6,5
30,29
60,44
181,45
336,44
693,16
1344,27
93,15
185,38
310,39
645,32
1272,11
30,29
69,38
142,7
276,36
587,4
1202,11
92,12
152,17
282,46
544,5
1096,22
29,26
79,24
189,20
375,44
714,41
1458,4
7,6
46,23
123,28
189,44
422,45
882,8
1728,47
54,21
76,45
157,6
293,3
680,8
1265,50
85,12
103,19
288,13
500,15
1047,42
6,4
62,15
94,5
210,44
460,18
884,13
1772,15
60,11
157,33
264,14
525,28
1090,46
3,2
66,33
81,28
164,24
381,46
704,14
1468,10
83,26
136,31
286,9
555,21
1080,49
90,17
92,30
280,41
554,19
1105,35
81,16
178,23
272,32
628,50
1203,15
82,11
85,41
198,19
386,20
807,26
1608,44
82,21
85,11
233,2
417,11
882,26
1706,13
86,38
117,30
264,8
524,19
1040,10
76,7
142,10
272,37
576,16
1086,30
95,19
133,49
297,44
612,9
1194,50
86,9
123,27
291,46
504,13
1089,13
69,27
163,10
246,39
513,22
1055,33
53,4
147,24
207,36
489,50
967,25
1871,44
79,35
102,40
266,44
452,26
943,22
1921,27
2,1
80,42
141,49
252,33
515,32
1025,9
53,33
107,36
247,36
506,40
972,42
1939,8
69,10
144,20
286,21
563,34
1154,34
38,25
91,32
177,4
387,12
751,46
1534,42
29,21
34,4
159,17
300,38
556,24
1132,39
82,24
138,12
245,9
520,9
1042,35
89,46
169,9
263,50
604,18
1203,47
67,15
138,41
245,11
544,50
1045,15
58,49
115,17
215,19
400,6
805,17
1691,18
82,33
114,41
254,5
536,4
992,33
1955,2
49,48
98,20
158,22
392,20
702,37
1439,34
59,16
77,42
229,13
406,39
849,13
1632,21
50,36
106,35
205,33
388,30
753,47
1532,29
32,18
55,14
173,36
280,47
598,27
1195,44
97,41
191,45
311,25
685,3
1321,48
96,48
155,18
297,45
635,36
1272,32
58,34
133,46
224,38
463,1
906,39
1855,34
75,49
139,11
218,6
520,19
994,10
1999,1998
100,44
139,6
245,29
555,10
1054,24
9,8
15,4
123,4
166,5
408,36
775,28
1520,8
10,8
32,31
51,20
120,11
306,18
536,23
1079,45
57,29
142,10
200,50
417,37
909,4
1756,19
32,31
120,49
220,17
381,20
766,46
1594,10
64,18
66,3
147,23
352,1
654,29
1346,49
17,16
61,43
142,39
267,33
519,33
1068,48
61,28
104,43
241,4
497,15
981,46
1977,1976
17,3
70,27
181,31
366,5
671,8
1391,41
57,30
84,1
176,27
355,20
718,18
1420,42
19,18
110,44
147,39
309,29
598,29
1220,10
13,2
102,32
129,1
306,44
649,14
1258,4
24,16
32,31
131,25
234,41
475,39
983,45
1972,1971
56,47
84,27
236,12
466,1
851,2
1760,14
34,14
84,46
170,27
303,28
642,13
1257,13
27,7
75,34
106,34
276,42
578,45
1156,4
45,9
93,44
175,5
342,23
736,30
1457,18
51,40
99,40
162,25
401,39
750,45
1549,27
15,14
76,14
153,50
270,40
537,45
1097,17
1,0
55,36
133,39
269,22
485,18
959,48
1921,2
99,18
172,7
341,18
651,28
1340,25
44,32
56,22
159,2
318,8
601,29
1246,9
97,7
196,41
332,32
651,11
1339,36
47,12
54,15
153,2
259,46
598,35
1166,28
56,17
117,30
195,41
456,16
829,8
1680,4
91,12
141,39
298,46
563,41
1141,9
56,31
107,32
252,38
491,21
990,38
1927,49
59,7
75,42
135,13
319,33
644,19
1305,15
71,37
145,17
224,13
453,11
921,45
1851,36
48,10
99,42
246,13
481,17
888,50
1774,32
15,6
54,19
168,50
271,26
539,38
1120,36
94,25
105,18
200,34
481,46
905,30
1883,33
64,19
96,43
244,49
430,44
873,42
1747,24
96,43
109,44
277,41
528,35
1017,26
85,8
182,25
310,43
637,9
1246,20
32,6
61,43
127,40
253,15
488,7
1052,17
23,22
110,31
137,49
363,10
700,15
1359,6
83,23
184,41
287,35
606,17
1253,17
37,13
79,8
158,45
359,16
641,34
1323,29
66,2
123,38
239,3
441,32
937,48
1894,25
10,9
57,44
72,40
157,15
332,39
640,47
1366,6
95,15
165,5
283,15
615,40
1210,29
50,33
78,24
178,37
403,7
747,21
1509,28
88,28
187,40
370,4
720,11
1367,3
75,8
92,3
239,21
437,36
922,47
1854,45
35,34
114,32
230,31
434,29
853,20
1713,45
97,28
125,38
293,8
539,6
1126,15
32,8
34,33
124,34
244,43
483,35
952,6
1968,15
91,17
105,46
233,49
512,6
1010,9
1966,8
82,6
89,23
227,46
462,41
910,10
1814,44
86,47
177,24
290,29
615,10
1261,12
77,10
137,45
237,7
548,42
1009,24
58,44
146,44
225,10
454,6
896,17
1827,11
94,47
136,48
297,16
1
1
1
1
1
1
1
1
1
1
1
1
1
2
2
2
2
2
2
2
2
2
2
2
2
3
3
3
3
3
3
3
3
3
3
3
4
4
4
4
4
4
4
4
4
4
4
4
4
4
4
4
5
5
5
5
5
5
5
5
5
5
5
6
6
6
6
6
6
7
7
7
7
7
7
7
7
7
7
7
7
7
7
7
8
8
8
8
8
8
9
9
9
9
9
10
10
10
10
10
10
10
10
10
10
11
11
11
11
11
11
11
11
11
11
11
11
11
11
11
12
12
12
12
12
12
12
12
13
13
13
13
13
13
13
14
14
14
14
14
14
14
14
14
14
14
14
14
14
14
15
15
15
15
15
15
15
16
16
16
16
16
16
16
16
17
17
17
17
17
17
17
17
18
18
18
18
18
18
18
18
18
19
19
19
19
19
19
19
19
20
20
20
20
20
20
20
20
20
20
20
21
21
21
21
21
21
21
21
22
22
22
22
22
22
22
23
23
23
23
23
23
23
24
24
24
24
24
24
24
25
25
25
25
25
25
25
25
25
26
26
26
26
26
26
26
27
27
27
27
27
28
28
28
28
28
28
28
28
28
28
28
28
29
29
29
29
29
29
29
30
30
30
30
30
30
30
30
30
31
31
31
31
31
31
31
31
31
31
32
32
32
32
32
32
32
33
33
33
33
33
33
33
33
33
34
34
34
34
34
34
34
35
35
35
35
35
35
36
36
36
36
36
36
36
37
37
37
37
37
37
37
37
38
38
38
38
38
38
38
38
38
38
38
38
38
38
38
38
38
39
39
39
39
39
39
39
39
40
40
40
40
40
41
41
41
41
41
41
41
41
41
41
41
41
42
42
42
42
42
42
42
42
42
42
43
43
43
43
43
43
43
44
44
44
44
44
44
44
44
44
44
44
44
44
45
45
45
45
45
45
45
45
46
46
46
46
46
46
46
46
46
46
46
46
46
46
47
47
47
47
47
47
47
47
47
47
47
47
47
48
48
48
48
48
48
48
48
48
48
49
49
49
49
49
49
50
50
50
50
50
50
50
50
50
50
50
50
51
51
51
51
51
51
51
51
51
51
52
52
52
52
52
52
52
52
52
52
52
52
52
52
53
53
53
53
53
53
53
53
53
53
53
53
53
54
54
54
54
54
54
54
54
54
55
55
55
55
55
55
55
55
55
55
55
55
55
55
56
56
56
56
56
56
56
56
56
56
56
56
56
57
57
57
57
57
57
57
57
57
57
57
58
58
58
58
58
58
58
58
58
58
58
58
58
58
58
59
59
59
59
59
59
59
59
59
59
59
59
60
60
60
60
60
60
60
60
60
60
60
60
60
61
61
61
61
61
61
61
61
61
61
61
61
61
61
61
61
61
61
61
62
62
62
62
62
62
62
62
62
62
62
62
62
62
63
63
63
63
63
63
63
63
63
63
63
63
63
63
63
63
63
63
63
64
64
64
64
64
64
64
64
64
64
64
65
65
65
65
65
65
65
65
65
65
65
66
66
66
66
66
66
66
66
66
66
66
66
66
66
67
67
67
67
67
67
67
67
67
67
67
67
67
68
68
68
68
68
68
68
68
68
68
69
69
69
69
69
69
69
69
69
69
69
69
70
70
70
70
70
70
70
70
70
70
70
70
70
70
70
70
70
71
71
71
71
71
71
71
71
71
71
72
72
72
72
72
72
72
72
72
72
72
72
72
72
73
73
73
73
73
73
73
73
73
73
73
73
73
73
73
74
74
74
74
74
74
74
74
74
74
74
74
74
74
74
74
75
75
75
75
75
75
75
75
75
75
75
75
75
75
75
75
76
76
76
76
76
76
76
76
76
76
76
77
77
77
77
77
77
77
77
77
77
78
78
78
78
78
78
78
78
78
78
79
79
79
79
79
79
79
79
79
79
79
79
79
79
79
79
79
79
79
79
80
80
80
80
80
80
80
80
80
80
80
80
80
80
80
80
81
81
81
81
81
81
81
81
81
81
81
81
81
81
82
82
82
82
82
82
82
82
82
82
82
82
82
82
82
82
82
82
82
82
83
83
83
83
83
83
83
83
83
84
84
84
84
84
84
84
84
84
84
84
84
84
84
84
84
85
85
85
85
85
85
85
85
85
85
85
85
85
85
85
85
85
85
86
86
86
86
86
86
86
86
86
86
86
86
86
87
87
87
87
87
87
87
87
87
88
88
88
88
88
88
88
88
88
88
88
88
89
89
89
89
89
89
89
90
90
90
90
90
90
90
90
90
90
90
90
90
90
90
90
90
90
90
90
90
90
90
90
90
91
91
91
91
91
91
91
91
91
91
91
91
91
91
91
91
91
91
91
91
92
92
92
92
92
92
92
92
92
92
92
92
92
92
92
93
93
93
93
93
93
94
94
94
94
94
94
94
94
94
94
94
94
94
94
94
95
95
95
95
95
95
95
95
95
95
95
95
95
95
95
95
95
95
96
96
96
96
96
96
96
96
96
97
97
97
97
97
97
97
97
97
97
97
98
98
98
98
98
98
98
98
98
98
99
99
99
99
99
99
99
99
99
100
100
100
100
100
100
100
100
100
100
100
101
101
101
101
101
101
101
101
101
101
101
101
101
101
102
102
102
102
102
102
102
102
102
102
103
103
103
103
103
103
103
103
103
103
103
103
103
103
104
104
104
104
104
104
104
104
105
105
105
105
105
105
105
105
105
105
106
106
106
106
106
106
106
106
106
106
106
106
106
107
107
107
107
107
107
107
108
108
108
108
108
109
109
109
109
110
110
110
110
110
110
110
110
110
111
111
111
111
111
111
111
111
111
111
112
112
112
112
112
112
112
112
112
112
112
112
112
113
113
113
113
113
113
113
113
113
113
113
113
113
113
113
114
114
114
114
114
114
114
114
115
115
115
115
115
115
115
115
115
115
115
115
115
115
115
116
116
116
116
116
116
116
116
116
117
117
117
117
117
117
117
117
117
117
117
117
117
118
118
118
118
118
118
118
118
118
118
118
119
119
119
119
119
119
119
119
119
119
119
119
119
119
119
119
120
120
120
120
120
120
120
120
120
121
121
121
121
121
121
121
121
121
121
121
122
122
122
122
122
122
122
123
123
123
123
123
123
123
124
124
124
124
124
124
124
124
124
124
124
124
125
125
125
125
125
125
125
125
125
125
126
126
126
126
127
127
127
127
128
128
128
128
128
128
128
128
128
129
129
129
129
129
129
129
130
130
130
130
130
130
130
130
131
131
131
131
132
132
132
132
132
132
132
132
132
132
132
132
132
133
133
133
133
133
133
133
133
133
134
134
134
134
134
134
134
134
134
134
135
135
135
135
135
135
135
135
136
136
136
136
136
136
136
136
136
137
137
137
137
137
138
138
138
138
138
138
138
138
138
138
138
138
138
138
138
138
138
139
139
139
139
139
139
139
139
139
139
139
140
140
140
140
140
140
141
141
141
141
141
141
141
141
141
142
142
142
142
142
142
142
142
142
142
142
143
143
143
144
144
144
144
144
145
145
145
145
145
146
146
146
146
147
147
147
147
147
147
148
148
148
148
148
148
148
149
149
149
149
149
149
149
149
149
149
149
150
150
150
150
150
150
150
150
150
151
151
151
151
151
151
151
151
151
152
152
152
152
152
152
152
152
153
153
153
153
153
153
153
153
153
153
153
154
154
154
154
154
154
155
155
155
155
155
155
155
155
155
156
156
156
156
156
156
156
157
157
157
157
157
157
157
158
158
158
158
158
158
158
158
158
159
159
159
159
159
159
159
160
160
160
160
160
160
160
160
161
161
161
161
161
161
161
161
162
162
162
162
162
162
162
162
162
162
162
163
163
163
163
163
163
163
164
164
164
164
165
165
165
165
165
165
166
166
166
166
166
166
167
167
167
167
167
167
167
168
168
168
168
168
168
168
168
168
168
168
169
169
169
169
169
169
170
170
170
170
170
170
170
170
170
171
171
171
171
171
171
171
171
171
171
172
172
172
172
173
173
173
173
173
173
174
174
174
174
174
174
174
174
174
174
174
174
174
175
175
175
175
175
175
175
176
176
176
176
177
177
177
177
177
177
177
177
177
177
177
177
178
178
178
178
178
178
179
179
179
179
179
179
180
180
180
180
180
180
181
181
181
182
182
183
183
183
183
183
183
184
184
184
184
184
184
184
184
184
185
185
185
185
185
186
186
186
186
186
186
187
187
187
187
187
187
187
188
188
188
189
189
189
189
189
190
190
190
190
190
190
191
191
191
191
191
191
191
191
191
192
192
193
193
193
193
193
194
194
194
194
195
195
195
195
196
196
196
196
196
196
197
197
197
197
198
198
198
198
198
198
199
199
199
199
199
199
199
200
200
200
201
201
201
201
201
201
201
202
202
202
203
203
203
204
204
204
204
204
204
204
204
204
205
205
206
206
206
206
206
206
206
206
206
206
206
207
207
208
208
208
208
209
209
209
209
209
209
210
210
211
211
211
211
211
211
212
212
213
213
213
214
214
215
215
215
215
216
216
216
216
216
216
217
217
217
217
217
217
217
218
218
218
218
218
218
218
218
218
219
219
219
220
220
220
220
220
221
221
221
221
221
222
222
222
222
222
223
223
223
223
223
223
224
224
224
224
224
224
224
225
225
225
225
226
226
226
226
227
227
227
227
227
227
228
228
228
228
229
229
229
230
230
230
230
230
231
231
231
231
231
232
232
232
232
233
233
233
234
234
234
235
235
235
235
235
235
235
235
235
235
235
236
236
236
236
236
236
236
236
237
237
237
237
237
237
237
237
238
238
238
238
238
238
239
239
239
239
240
240
240
240
240
240
241
241
241
241
242
242
242
242
242
243
243
243
243
243
243
243
243
243
244
244
244
244
244
245
245
245
245
246
246
247
247
247
247
248
248
248
248
249
249
249
249
249
249
250
250
250
250
250
251
251
251
251
251
252
252
252
253
254
254
254
255
255
255
255
255
255
256
256
256
256
256
256
256
256
256
257
257
257
258
258
258
258
258
258
259
259
259
259
259
259
259
260
260
260
260
260
261
261
261
261
261
261
262
262
262
262
262
262
262
262
262
263
263
263
263
263
263
263
264
264
264
265
265
266
266
266
267
267
267
268
268
268
268
268
268
269
269
269
269
269
269
269
269
270
270
270
270
270
271
271
271
272
272
272
272
273
273
273
274
274
274
274
274
275
275
275
275
276
276
276
276
276
276
276
277
277
277
277
278
278
279
279
279
279
279
279
279
280
280
280
282
282
282
282
282
282
283
283
283
283
283
284
284
285
285
285
285
285
286
286
287
287
287
287
287
287
287
288
288
288
288
289
289
289
289
291
291
292
292
292
292
292
292
292
293
293
293
293
293
293
294
294
294
294
295
295
295
295
295
295
296
296
297
297
297
298
298
298
298
298
299
299
299
299
299
299
299
299
300
300
300
301
301
302
302
302
302
302
302
303
303
304
304
304
304
304
305
305
305
305
305
305
307
307
307
307
308
308
308
308
308
308
309
309
309
310
310
310
311
311
311
311
311
311
312
312
312
313
313
313
313
313
313
314
314
314
314
315
315
315
315
316
317
317
317
317
317
317
317
318
318
318
318
319
319
319
320
320
320
321
321
321
322
322
322
322
323
323
323
323
323
323
324
324
324
324
324
325
325
325
325
326
326
327
327
328
328
328
329
330
330
330
330
330
331
331
332
332
332
332
334
335
336
336
336
336
336
336
337
337
337
337
339
339
340
340
340
340
341
342
344
344
344
345
346
346
346
346
346
347
347
347
347
347
347
347
347
348
349
349
349
350
350
350
351
352
352
352
352
352
353
353
353
353
354
354
354
354
354
355
356
356
357
357
358
358
358
358
358
359
359
361
361
362
363
363
363
364
364
364
364
365
365
365
366
366
366
366
367
367
368
368
369
369
370
370
371
371
372
372
372
373
373
373
374
374
374
375
375
375
376
376
376
376
377
377
377
378
378
378
379
380
380
380
380
380
380
380
380
380
381
381
382
383
384
384
384
384
384
385
385
385
385
385
385
385
386
387
387
388
388
389
389
390
390
390
390
391
391
391
392
392
393
394
394
395
395
396
396
396
397
397
397
398
398
399
399
399
400
400
401
401
401
401
402
402
403
403
403
404
404
404
405
405
405
405
405
406
406
406
407
407
408
408
408
409
410
410
410
411
411
412
412
412
413
414
415
416
416
416
416
417
417
417
417
417
418
418
418
419
419
419
419
420
421
421
422
422
422
422
422
423
423
424
424
425
425
425
427
427
428
429
430
430
430
431
431
432
433
433
433
433
433
434
434
434
435
435
436
436
436
436
436
436
437
437
437
437
439
440
440
440
441
441
443
443
443
444
444
444
445
445
446
447
447
447
447
447
448
448
448
448
449
449
449
450
450
451
451
452
452
452
454
454
454
454
454
455
455
455
456
456
456
456
456
457
457
457
457
458
459
459
459
459
459
459
459
460
460
461
461
461
462
462
462
462
463
464
464
464
465
465
465
465
466
466
466
466
467
467
468
468
468
469
470
470
470
471
471
471
471
471
471
472
473
473
474
475
476
477
477
478
478
479
480
480
480
480
480
481
481
481
482
483
483
484
484
484
485
485
485
485
486
487
488
488
489
489
490
492
492
493
493
493
494
494
494
494
495
495
495
496
496
496
496
497
497
498
499
499
499
500
500
500
500
500
500
500
501
502
502
502
502
502
502
503
504
504
506
506
506
506
506
506
508
508
509
509
509
510
510
511
512
513
513
514
514
514
514
515
516
516
517
518
519
520
520
521
522
522
523
523
524
524
525
525
525
525
526
526
526
526
527
527
527
527
527
528
530
530
530
530
531
532
532
532
533
533
533
533
534
534
535
535
535
535
536
536
537
537
537
537
537
537
538
538
538
539
539
539
539
539
540
541
541
543
543
543
543
544
544
544
544
545
546
546
547
547
547
547
548
548
548
549
549
549
549
550
550
551
553
553
553
553
553
553
553
554
554
555
556
556
556
557
558
558
559
559
560
560
560
561
561
561
561
562
562
563
563
563
564
564
565
566
566
566
567
567
568
568
568
568
569
569
570
570
572
572
572
573
573
573
574
574
574
575
576
576
576
578
578
580
581
581
581
582
583
583
583
585
585
585
586
586
587
587
589
589
590
590
590
591
591
592
593
594
594
594
595
595
597
598
598
599
599
599
600
600
601
602
603
603
603
603
604
604
605
605
605
606
606
607
607
607
608
608
609
609
610
610
610
610
610
611
611
612
612
612
612
613
613
614
614
614
614
614
615
615
615
616
616
618
619
619
619
621
621
622
622
623
624
624
624
625
626
628
628
629
629
630
630
631
632
632
632
633
633
634
634
634
635
635
635
635
636
637
638
639
639
640
640
640
642
642
643
643
643
643
645
645
645
646
647
647
647
648
648
648
650
650
651
651
652
655
655
656
656
657
658
658
659
659
659
659
659
660
661
662
664
666
666
667
667
669
669
669
670
670
674
675
676
676
676
677
678
678
679
679
679
680
682
683
683
683
684
684
685
685
685
686
686
686
687
687
688
690
691
691
691
692
693
693
693
695
695
695
695
698
699
699
699
699
700
700
700
701
701
701
704
705
705
706
707
707
708
709
709
711
713
714
714
714
715
716
716
716
719
722
722
722
722
723
724
724
724
726
726
726
727
728
728
731
731
733
734
734
735
735
736
737
738
739
740
741
741
742
742
742
743
743
745
746
746
746
746
747
749
749
749
750
754
756
757
758
759
759
760
761
762
763
763
765
765
766
767
769
770
770
770
770
771
772
772
773
774
774
778
779
782
783
783
783
783
784
786
787
789
789
790
793
793
794
795
796
797
799
799
800
800
801
801
802
802
804
804
804
806
807
808
808
809
810
811
812
813
814
814
815
817
818
818
819
819
820
823
823
826
826
826
827
828
828
830
830
831
831
831
831
832
832
832
833
834
834
834
834
834
836
836
838
838
838
838
838
840
840
841
842
844
845
845
846
846
849
849
849
850
852
852
852
852
853
853
854
856
856
857
857
858
859
861
861
861
862
863
864
865
868
869
869
869
870
870
871
871
873
873
874
875
876
877
877
879
880
881
881
882
882
882
882
883
884
884
885
885
887
888
888
891
892
892
893
894
897
898
898
898
899
899
899
900
901
901
902
903
903
904
904
904
905
905
906
908
909
911
912
914
915
915
915
917
918
919
919
922
923
924
925
928
934
934
935
935
935
936
936
937
937
938
939
939
940
940
940
941
942
944
944
946
946
946
946
947
948
948
948
949
950
951
952
952
952
952
952
952
953
954
954
954
955
955
956
958
959
959
961
962
963
965
967
967
968
968
968
969
970
972
973
974
975
976
977
978
979
981
983
985
988
988
988
991
991
993
995
996
997
997
997
998
998
1001
1001
1002
1003
1003
1004
1005
1007
1007
1009
1009
1009
1009
1011
1012
1012
1012
1013
1013
1013
1014
1015
1015
1016
1016
1017
1019
1020
1021
1022
1022
1022
1023
1023
1023
1024
1024
1026
1026
1027
1027
1027
1027
1027
1028
1029
1030
1030
1032
1032
1034
1034
1034
1035
1035
1036
1037
1038
1038
1039
1039
1039
1040
1041
1042
1042
1042
1043
1044
1044
1044
1045
1046
1046
1048
1048
1048
1051
1052
1053
1053
1053
1054
1054
1055
1056
1057
1057
1058
1059
1060
1060
1061
1061
1062
1062
1063
1063
1065
1065
1067
1067
1068
1070
1070
1072
1073
1075
1075
1075
1077
1080
1080
1080
1080
1082
1083
1083
1084
1086
1086
1086
1090
1090
1090
1091
1092
1095
1095
1096
1096
1097
1097
1097
1099
1099
1099
1100
1100
1102
1103
1103
1105
1107
1107
1107
1108
1110
1110
1110
1111
1111
1112
1114
1115
1116
1116
1119
1119
1120
1120
1121
1121
1122
1122
1122
1123
1124
1125
1127
1130
1134
1135
1136
1136
1137
1138
1139
1140
1140
1140
1141
1142
1142
1142
1145
1146
1146
1147
1149
1149
1149
1150
1150
1150
1151
1155
1156
1156
1157
1158
1159
1159
1160
1160
1162
1162
1163
1163
1165
1171
1172
1172
1172
1173
1173
1174
1179
1179
1179
1180
1182
1184
1186
1186
1187
1188
1189
1189
1190
1191
1191
1192
1192
1193
1194
1194
1197
1198
1199
1203
1204
1205
1205
1207
1209
1209
1209
1210
1211
1212
1212
1212
1213
1213
1213
1213
1214
1216
1217
1222
1224
1225
1226
1227
1228
1229
1230
1231
1233
1233
1235
1235
1237
1238
1238
1240
1240
1241
1246
1247
1247
1249
1250
1250
1250
1250
1251
1252
1253
1255
1255
1256
1256
1257
1259
1262
1262
1262
1263
1264
1265
1266
1267
1268
1270
1271
1272
1272
1273
1273
1275
1276
1277
1278
1278
1280
1280
1282
1284
1284
1285
1286
1288
1289
1289
1290
1291
1291
1293
1294
1295
1297
1299
1299
1300
1301
1304
1305
1307
1308
1308
1310
1311
1312
1313
1313
1315
1322
1322
1323
1324
1324
1326
1328
1329
1330
1331
1331
1332
1333
1339
1339
1340
1341
1342
1344
1345
1346
1347
1347
1347
1349
1352
1354
1357
1358
1360
1361
1362
1362
1362
1363
1363
1363
1364
1365
1365
1365
1366
1367
1369
1369
1370
1370
1376
1378
1379
1382
1382
1383
1383
1383
1386
1386
1386
1388
1389
1393
1394
1395
1395
1395
1395
1396
1400
1405
1409
1412
1412
1414
1417
1418
1428
1428
1434
1435
1440
1442
1443
1444
1447
1449
1450
1450
1451
1451
1452
1453
1454
1454
1455
1455
1456
1457
1460
1460
1461
1461
1461
1461
1463
1463
1464
1467
1467
1470
1470
1471
1472
1473
1474
1475
1479
1479
1486
1490
1490
1492
1498
1503
1509
1510
1511
1512
1513
1514
1515
1517
1517
1519
1520
1520
1520
1521
1524
1525
1530
1532
1532
1533
1537
1541
1542
1542
1542
1543
1545
1546
1547
1548
1549
1552
1552
1552
1554
1555
1556
1558
1560
1568
1569
1572
1572
1574
1575
1576
1577
1578
1578
1583
1583
1587
1589
1590
1592
1592
1595
1595
1595
1598
1598
1599
1599
1600
1600
1601
1601
1603
1604
1605
1606
1607
1610
1611
1613
1618
1619
1624
1628
1630
1631
1634
1634
1636
1636
1639
1641
1641
1642
1644
1645
1647
1648
1650
1651
1652
1655
1655
1658
1658
1663
1663
1664
1664
1665
1668
1668
1669
1670
1673
1675
1676
1677
1678
1678
1679
1680
1681
1682
1682
1684
1685
1692
1695
1696
1698
1699
1699
1699
1699
1700
1703
1703
1703
1703
1704
1705
1707
1707
1710
1710
1711
1712
1716
1717
1719
1726
1729
1733
1736
1737
1737
1738
1738
1741
1743
1745
1747
1748
1749
1751
1751
1757
1757
1758
1759
1761
1762
1762
1764
1766
1768
1769
1772
1774
1775
1775
1780
1783
1787
1787
1787
1789
1789
1792
1794
1794
1796
1799
1800
1802
1803
1804
1808
1810
1818
1821
1822
1822
1822
1824
1828
1833
1838
1840
1840
1842
1843
1844
1844
1845
1847
1851
1851
1851
1853
1854
1858
1860
1862
1865
1866
1866
1867
1867
1869
1870
1871
1874
1874
1875
1877
1878
1880
1882
1884
1886
1888
1889
1890
1893
1898
1899
1899
1901
1902
1903
1904
1907
1909
1909
1910
1910
1913
1913
1914
1914
1914
1916
1917
1918
1918
1919
1921
1921
1922
1923
1925
1925
1926
1927
1927
1928
1928
1929
1931
1931
1932
1932
1933
1937
1938
1938
1940
1941
1941
1942
1943
1943
1944
1948
1950
1950
1953
1954
1954
1956
1956
1957
1958
1964
1964
1965
1974
1978
1979
1981
1982
1983
1985
1986
1988
1988
1988
1989
1992
2128
2253
2435
2674
2789
2943
3008
3451
3468
3530
3815
3959
