Primero viene la cantidad (n) de timestamps para ambos, luego n líneas que son un timestamp aproximado cada uno separado por una coma (',') del error, y luego n lineas de las transacciones del sospechoso
4505
92,14
107,30
228,44
446,14
895,40
1779,11
57,12
92,44
220,11
466,46
850,6
1709,24
76,6
130,49
209,49
423,20
857,42
1710,16
14,12
99,26
176,3
375,4
754,39
1430,38
55,4
58,26
132,26
320,24
649,38
1237,31
53,28
133,42
202,19
434,20
886,10
1735,44
49,30
149,24
286,29
500,24
1056,26
81,47
113,41
257,4
469,11
939,27
1876,25
16,15
70,28
105,44
247,14
515,40
1023,26
1901,29
5,4
82,24
180,37
309,5
585,25
1258,14
96,22
124,27
250,6
483,43
1050,2
92,20
106,46
237,43
454,26
959,32
1923,5
69,48
152,13
320,22
560,17
1196,5
19,18
98,29
173,44
327,30
691,11
1357,24
23,22
88,13
204,25
366,50
741,4
1512,35
19,18
20,19
46,45
179,37
286,43
627,25
1190,28
56,46
97,17
212,15
415,46
845,18
1676,40
47,39
117,17
177,48
411,31
800,33
1625,47
39,29
103,33
164,40
341,26
720,50
1437,4
56,30
157,40
271,10
513,34
1056,12
69,12
78,5
170,2
325,37
715,43
1452,14
77,6
143,34
272,6
575,34
1100,49
82,23
165,18
257,44
601,23
1115,24
44,18
87,8
206,26
420,42
832,5
1625,8
13,4
53,10
85,49
234,4
459,24
859,8
1789,46
56,4
137,40
292,32
566,12
1060,30
18,17
107,48
136,3
281,34
563,24
1142,33
84,27
88,12
185,29
409,23
843,46
1709,39
7,6
45,6
102,19
228,7
410,36
802,34
1615,35
72,24
77,34
154,50
375,39
692,3
1398,46
1,0
53,32
139,20
237,38
528,13
962,23
1960,35
94,24
104,1
298,41
576,44
1141,48
12,11
68,34
159,34
339,34
628,9
1244,44
33,15
36,11
72,22
171,18
408,37
771,41
1572,15
66,50
109,33
271,26
547,42
1051,30
85,42
111,19
207,23
476,6
902,3
1868,25
82,46
108,27
277,50
554,9
1051,30
29,6
130,38
200,45
365,34
766,28
1541,25
100,15
168,9
329,41
650,18
1263,7
98,15
141,50
291,41
598,45
1146,19
95,37
119,36
263,25
551,10
1068,14
46,6
49,42
126,9
299,10
573,11
1184,36
63,28
97,49
215,33
468,25
909,29
1824,11
77,9
173,25
337,5
593,31
1217,21
38,29
48,11
129,37
231,11
524,46
1005,40
1994,1993
17,16
33,32
114,33
222,24
453,10
906,26
1748,28
86,37
179,31
327,15
691,5
1338,29
60,49
153,37
296,30
555,38
1110,15
78,33
111,50
276,13
565,29
1044,3
61,42
70,22
214,41
384,15
824,9
1580,15
22,1
75,41
172,18
316,50
686,46
1338,44
93,36
155,32
297,42
621,22
1237,41
63,16
136,15
225,50
520,11
977,5
1923,23
88,28
93,15
189,42
436,16
875,12
1682,16
90,19
141,9
282,33
555,30
1124,45
5,4
99,42
114,36
283,7
504,27
1012,47
37,3
96,40
169,41
322,18
699,19
1353,6
90,16
146,14
324,17
572,2
1164,25
17,16
86,31
119,31
227,48
505,2
1019,5
1984,9
28,27
41,40
119,3
279,36
500,12
1065,21
64,15
149,42
270,22
549,39
1092,10
56,38
94,41
167,7
345,32
682,40
1346,6
75,3
129,32
260,37
485,46
1041,19
1990,1989
84,16
101,34
197,29
386,18
778,14
1616,2
37,5
89,46
150,2
278,7
597,40
1196,27
27,14
58,29
95,36
281,1
547,30
1033,35
74,35
84,26
240,49
445,19
912,43
1808,26
40,39
101,5
168,32
397,25
790,37
1564,29
5,4
26,25
80,39
162,6
331,8
612,3
1227,23
56,46
126,3
194,15
450,8
900,16
1805,24
85,33
179,23
284,30
593,39
1202,14
92,13
104,27
248,10
523,41
1052,7
67,7
79,46
164,49
370,14
712,13
1397,33
95,39
195,26
356,18
656,33
1382,46
48,47
54,11
146,28
309,13
573,40
1227,44
21,20
31,30
120,21
266,34
446,43
891,34
1836,26
95,22
119,2
256,41
533,2
1048,27
23,14
67,39
162,24
314,34
614,1
1265,49
45,10
73,40
209,44
361,38
706,4
1459,28
36,35
97,7
210,13
398,14
804,3
1601,15
22,7
106,13
216,35
373,30
732,49
1464,42
73,30
153,11
279,7
552,48
1108,7
39,25
128,10
214,15
440,17
863,21
1766,45
7,6
9,2
95,2
114,9
303,37
629,5
1207,38
19,18
84,50
192,1
311,22
609,5
1310,38
38,34
84,22
212,14
364,29
768,33
1484,28
18,17
117,36
230,37
446,28
846,40
1734,29
60,45
108,9
186,19
385,2
827,1
1640,38
42,5
52,34
189,3
295,6
647,6
1298,43
39,35
91,14
192,8
386,35
755,28
1533,28
27,7
64,33
139,32
250,20
524,6
1066,13
44,32
68,31
209,31
346,49
752,44
1454,9
48,47
74,20
153,3
356,1
706,4
1340,15
66,35
85,28
224,46
445,8
827,41
1721,44
67,16
94,25
169,26
417,39
764,41
1577,45
66,6
155,25
238,16
522,23
1054,12
86,42
115,40
295,8
542,22
1077,23
52,22
127,7
237,46
474,9
946,32
1861,45
44,4
138,43
207,2
443,48
929,41
1836,16
52,28
111,47
206,8
414,47
828,44
1655,17
17,7
75,34
183,4
291,32
570,12
1156,31
67,16
75,49
154,31
397,8
753,11
1452,24
68,26
124,20
228,24
442,43
935,29
1875,26
65,18
122,39
267,1
525,21
983,24
1940,4
14,13
29,28
106,24
151,34
308,6
692,44
1369,7
4,3
45,28
55,19
113,17
239,18
501,40
969,28
1946,44
46,28
79,43
190,48
349,5
687,38
1390,26
82,46
180,35
268,42
577,41
1163,46
27,26
113,13
217,36
444,11
821,31
1680,40
10,9
96,11
117,23
254,37
566,46
1122,15
13,12
66,1
91,38
213,4
440,16
880,11
1752,26
57,35
119,36
224,16
476,7
913,27
1832,14
92,31
184,49
277,48
606,13
1188,49
46,4
75,42
212,43
391,18
754,16
1568,30
24,23
124,49
190,22
355,41
710,40
1450,27
94,9
178,35
344,24
643,8
1266,3
54,11
67,26
193,5
326,48
714,1
1407,48
24,17
48,38
141,44
254,3
543,24
1074,23
31,5
97,45
177,27
393,46
751,10
1497,22
100,37
122,16
309,46
552,31
1135,2
10,9
82,16
181,1
353,6
634,33
1264,26
47,44
55,33
135,47
278,20
594,21
1140,45
51,41
54,35
110,3
296,40
568,50
1145,32
53,28
129,48
217,21
447,46
911,39
1837,42
70,42
165,8
270,22
521,46
1069,24
42,30
47,1
184,34
303,40
667,35
1264,44
65,3
122,10
221,36
412,7
858,23
1759,50
64,31
142,13
208,46
500,26
936,9
1949,22
70,20
121,25
203,26
470,49
909,44
1820,6
2,1
58,11
66,47
189,22
322,46
709,10
1390,42
40,26
119,26
228,19
421,46
863,44
1722,29
14,1
67,39
119,47
226,36
527,10
994,17
1962,30
50,15
53,33
151,24
295,6
575,49
1127,21
9,8
23,6
92,11
188,34
345,20
716,35
1439,22
19,18
84,19
178,49
285,46
602,24
1260,1
2,1
51,30
154,24
219,6
487,21
924,29
1896,44
9,8
31,15
98,20
206,38
365,36
738,2
1520,13
53,1
141,36
285,28
512,48
1015,30
7,6
32,8
107,49
240,31
393,9
849,43
1688,5
29,28
112,24
196,34
385,9
792,40
1586,30
6,5
89,37
163,44
359,47
645,29
1339,13
7,6
60,11
168,21
248,5
503,26
994,27
1945,18
90,6
148,20
330,41
593,12
1166,26
57,16
71,35
136,42
307,48
622,17
1293,49
63,39
146,34
288,15
578,19
1140,1
62,37
125,23
256,34
527,9
1045,7
53,35
132,41
252,39
468,22
1000,40
1920,47
101,41
146,8
257,33
525,22
1120,13
94,28
168,17
263,19
602,21
1207,44
52,40
116,22
217,5
391,15
865,4
1722,25
47,42
98,19
244,23
445,43
911,49
1775,13
8,6
83,46
155,42
301,33
631,18
1237,32
69,24
134,17
232,25
502,16
947,12
1977,1976
13,10
56,27
97,14
247,34
468,49
888,8
1782,48
86,37
87,22
224,39
413,5
832,30
1742,39
71,2
104,29
225,20
469,29
890,37
1773,26
14,13
17,16
50,11
116,29
288,6
548,22
1038,47
35,22
126,39
226,17
399,32
873,46
1677,4
37,36
48,41
123,42
230,38
525,15
1036,31
1908,36
30,29
85,35
161,32
337,4
714,45
1403,50
78,43
154,22
304,23
626,40
1167,14
52,36
120,21
189,35
389,8
793,46
1607,17
18,17
98,11
134,35
328,2
601,21
1246,6
64,17
156,30
266,5
502,12
1007,44
2000,1999
54,47
94,13
226,18
386,23
779,27
1593,28
19,18
84,13
192,50
369,18
762,46
1512,10
82,40
126,25
213,36
432,14
952,48
1823,29
24,23
83,26
167,7
309,11
680,50
1282,11
87,43
164,4
297,15
562,41
1181,5
64,5
81,6
149,14
367,32
733,7
1452,9
80,35
118,28
227,11
478,22
931,4
1835,48
26,25
93,13
178,36
392,30
773,31
1538,40
56,20
105,29
238,32
421,18
834,38
1669,50
51,50
148,23
212,22
508,1
930,37
1868,1
22,21
94,9
124,15
243,7
574,2
1065,27
17,16
38,37
80,50
200,36
404,26
782,17
1587,23
27,10
124,31
190,42
417,29
833,23
1629,38
73,10
132,24
267,39
521,10
1077,9
61,31
76,33
224,46
428,25
877,14
1703,42
18,17
21,13
72,31
178,5
389,40
728,25
1416,34
32,8
121,43
209,27
394,30
800,37
1605,16
22,10
73,18
151,27
276,7
562,2
1116,6
57,27
95,41
239,25
441,5
919,38
1779,14
86,35
187,20
321,3
643,22
1261,45
83,25
148,46
294,45
584,35
1210,47
30,29
34,15
133,32
261,25
489,5
1024,30
1900,48
10,9
81,23
188,47
329,26
709,2
1384,34
36,35
134,3
225,45
489,41
951,39
1926,33
32,31
105,21
234,14
430,31
846,23
1685,47
29,13
56,7
145,47
259,34
512,43
1080,30
38,2
138,1
234,43
461,49
919,36
1871,28
72,4
136,41
309,7
610,46
1170,43
85,30
165,32
323,38
670,14
1334,44
73,44
91,48
177,11
415,44
827,5
1595,47
74,21
88,31
173,50
341,50
753,20
1476,8
85,8
132,4
307,19
528,7
1063,2
32,24
50,20
123,5
283,14
537,18
1101,5
21,20
109,1
184,25
395,42
731,22
1534,8
80,2
92,39
205,13
411,14
876,40
1694,37
100,39
126,18
265,47
543,42
1122,48
8,7
28,27
113,48
223,30
409,34
827,24
1690,50
101,48
172,16
317,4
617,41
1278,42
29,8
52,33
153,47
322,44
623,18
1254,15
51,19
54,26
149,19
320,15
645,41
1271,29
91,22
95,37
259,12
452,32
941,48
1917,19
37,36
114,35
193,38
427,50
827,47
1691,1
10,9
66,2
101,25
243,36
433,20
880,46
1736,19
88,46
92,22
250,36
517,7
1032,22
1983,13
38,37
131,24
191,2
402,22
763,10
1588,22
97,19
180,3
343,39
693,32
1375,30
53,46
75,10
188,6
383,23
798,38
1500,39
12,11
106,40
202,28
370,28
694,11
1396,18
57,19
156,15
272,43
500,47
1069,9
58,21
112,17
198,50
377,12
773,21
1531,33
84,23
132,18
251,7
559,13
1073,23
46,40
131,32
249,27
473,48
944,21
1856,19
28,27
85,30
150,19
299,15
629,20
1228,11
68,46
143,27
241,23
464,33
928,10
1907,30
75,12
80,14
224,31
478,4
934,33
1809,41
51,26
122,6
253,27
434,36
948,9
1862,4
77,35
125,16
204,6
427,24
889,1
1814,21
78,30
123,40
212,42
476,7
898,22
1797,45
98,31
124,5
248,3
501,50
994,30
1987,1986
61,34
152,34
279,44
576,34
1169,10
74,47
131,49
291,50
553,7
1118,3
29,1
32,29
139,27
300,44
556,17
1108,22
62,14
79,47
180,28
416,49
825,40
1577,14
101,40
146,32
299,17
613,36
1237,44
76,14
133,21
279,29
580,11
1112,46
94,22
98,43
241,42
497,48
1012,49
1983,1982
38,1
114,39
200,24
357,38
777,44
1566,34
71,33
119,16
227,4
445,4
928,18
1800,39
48,28
124,34
214,4
483,42
948,39
1911,42
18,17
30,1
105,33
238,20
489,33
896,1
1803,33
40,26
44,23
146,26
285,5
558,21
1120,3
33,5
60,5
171,46
322,33
601,37
1285,28
40,39
118,22
235,36
461,22
902,47
1819,41
38,37
45,2
112,22
288,33
523,25
1092,7
100,47
155,12
310,27
632,33
1205,40
99,47
176,16
291,36
619,44
1226,32
48,44
93,12
147,5
321,15
649,47
1307,23
37,36
99,40
228,49
464,2
832,48
1711,9
41,17
81,24
205,25
388,30
740,44
1528,6
22,21
32,22
85,18
157,3
391,24
740,28
1463,34
56,8
64,36
203,43
340,13
732,48
1412,38
17,16
63,27
168,39
282,20
544,15
1093,32
7,6
62,32
103,48
219,26
440,31
835,17
1721,31
2,1
62,36
73,29
230,34
457,23
923,36
1757,37
63,41
163,4
248,5
567,33
1096,22
18,9
113,25
182,40
317,33
669,10
1340,44
51,45
78,4
130,13
274,30
608,20
1227,39
101,10
135,6
286,41
591,19
1129,32
30,14
91,32
220,22
418,25
783,41
1616,50
85,13
142,15
251,9
498,36
1046,15
39,34
56,24
163,7
296,49
558,1
1203,25
39,38
76,22
155,49
280,38
581,44
1207,17
94,34
180,24
300,1
650,8
1321,41
69,15
79,1
172,11
376,1
767,50
1469,21
12,11
34,33
87,39
220,13
430,10
845,6
1642,3
99,15
148,31
296,4
589,7
1226,42
52,6
153,49
299,48
569,43
1168,24
63,44
128,39
213,37
470,34
918,20
1849,7
51,38
116,4
196,49
389,21
767,36
1600,21
94,22
102,4
259,13
546,8
1051,23
67,47
129,20
258,7
456,15
943,10
1900,17
2,1
82,49
174,16
349,28
663,3
1283,42
49,14
111,18
222,9
474,9
910,10
1813,1
27,25
65,9
114,2
218,34
487,1
987,29
1942,35
51,44
66,23
174,46
392,19
770,44
1465,45
17,16
114,4
177,44
324,12
722,47
1418,2
27,26
36,21
104,13
248,31
486,40
910,42
1909,38
27,26
30,17
128,16
256,35
483,25
931,36
1923,17
98,39
182,40
360,39
696,6
1427,48
78,25
166,47
319,49
611,34
1265,16
56,20
141,33
273,26
506,15
1055,3
20,6
31,4
94,18
168,1
373,27
758,46
1512,24
19,18
97,21
135,32
285,7
556,40
1167,41
31,30
76,27
155,7
329,30
644,18
1251,40
58,7
123,18
268,21
502,35
1027,6
1923,25
96,27
97,4
221,1
503,29
990,48
1940,48
80,30
151,21
262,12
563,34
1065,8
85,49
178,31
317,23
614,29
1265,22
2,1
83,4
116,36
218,26
440,17
881,6
1766,1
85,24
172,45
340,11
677,2
1298,39
83,35
171,13
294,18
628,44
1201,20
77,28
92,48
184,1
354,13
802,16
1528,11
24,23
84,19
181,48
372,4
689,3
1374,40
9,8
105,42
147,18
324,37
632,18
1279,46
2,1
32,29
120,36
243,23
482,8
940,15
1877,23
41,10
66,49
143,48
284,18
543,8
1172,18
71,25
162,35
308,40
621,21
1163,41
37,36
129,26
202,13
444,46
912,18
1737,26
100,17
183,26
284,43
650,4
1219,10
39,38
110,28
239,4
408,43
870,21
1742,31
64,37
151,14
260,40
558,32
1082,26
40,39
72,15
149,25
317,21
668,10
1325,14
25,24
95,37
169,49
364,39
714,32
1428,3
21,17
116,44
160,2
384,34
735,48
1422,38
14,13
29,19
140,44
191,26
395,25
802,22
1607,38
75,2
153,16
307,33
574,15
1192,13
10,9
62,19
162,13
270,13
569,32
1120,39
76,37
166,16
322,45
599,38
1184,36
47,19
75,33
174,2
340,9
712,14
1409,35
76,35
111,23
275,9
499,50
1010,7
1992,1991
53,19
148,35
257,5
487,46
1038,26
1900,12
79,3
175,1
352,19
633,32
1321,40
100,1
181,13
358,37
641,1
1336,44
49,31
127,28
234,47
423,39
861,38
1696,17
85,26
103,12
241,4
486,18
985,38
1902,49
63,49
130,35
206,15
485,4
901,34
1790,42
64,20
106,10
201,21
416,46
886,3
1753,39
10,7
83,47
112,32
300,40
520,30
1047,27
75,47
102,48
198,20
377,11
804,20
1570,47
11,10
67,3
157,38
246,21
553,8
1076,43
87,1
161,44
316,7
640,38
1223,24
49,24
121,30
247,16
497,28
954,49
1881,43
23,22
42,41
121,2
283,31
547,10
1021,18
23,22
61,1
159,29
329,42
598,39
1195,1
94,40
156,16
293,29
617,20
1240,26
57,39
144,13
274,5
509,45
1071,45
63,6
89,11
250,21
432,46
877,8
1741,12
92,49
118,29
255,9
479,17
1010,47
1937,18
66,14
149,12
316,38
546,49
1164,18
81,4
146,50
237,1
523,6
997,46
1998,1997
86,44
141,5
278,20
509,19
1102,37
39,10
99,30
216,26
451,35
833,1
1643,6
26,25
50,32
153,29
316,10
630,22
1215,27
66,20
158,25
235,26
523,36
1016,40
1973,12
74,42
118,40
217,9
446,45
914,46
1816,26
79,41
81,31
184,26
367,43
712,32
1495,32
87,5
161,3
267,2
528,36
1058,13
78,20
170,36
253,50
549,1
1054,24
45,7
76,3
164,40
343,2
643,12
1343,49
43,10
140,48
266,47
522,4
980,25
1951,33
93,3
157,33
324,16
579,21
1184,22
87,4
184,9
370,23
712,34
1404,43
25,24
85,21
171,9
294,35
583,34
1237,21
61,46
71,15
138,34
291,22
597,40
1245,30
80,29
144,31
253,4
513,23
1009,45
1959,19
43,32
59,33
187,48
321,13
628,2
1282,2
37,29
93,4
227,48
443,45
885,24
1702,16
56,23
87,3
222,7
409,40
783,21
1575,5
97,34
105,35
233,15
524,37
1006,39
1991,1990
2,1
100,21
146,44
316,28
586,36
1228,26
36,5
96,11
219,16
402,8
757,32
1610,40
28,27
34,30
111,31
178,28
381,47
799,32
1538,1
67,36
105,14
240,45
462,26
966,11
1862,48
68,24
81,50
179,20
415,34
823,32
1575,16
86,39
132,9
268,22
491,7
1040,6
101,5
147,45
346,4
638,5
1241,7
75,30
143,6
249,47
489,3
996,38
1972,19
68,33
82,31
162,40
325,32
715,18
1383,27
33,28
127,18
230,38
462,42
937,42
1807,18
28,9
74,24
115,21
304,23
610,37
1164,17
34,33
84,37
201,29
387,15
737,20
1463,40
17,16
97,23
165,50
371,6
651,28
1339,20
96,21
173,23
369,29
660,27
1358,38
20,19
121,44
195,40
422,48
789,46
1619,42
43,42
55,49
124,28
272,47
527,48
1064,16
81,11
119,39
215,38
416,49
921,2
1788,5
45,4
92,50
238,9
384,6
801,9
1661,11
6,5
80,11
91,1
259,31
467,31
968,43
1875,47
12,11
23,22
120,50
176,3
413,32
804,8
1633,45
17,16
53,2
78,30
155,12
326,41
729,31
1421,48
8,7
18,13
110,13
177,48
371,8
697,37
1410,33
62,6
160,49
236,38
465,42
930,28
1896,48
96,25
145,46
294,40
596,20
1222,9
96,24
145,47
256,36
549,9
1065,38
66,9
115,45
230,11
442,10
856,31
1736,35
34,16
87,11
132,36
266,8
597,32
1201,41
50,16
149,28
212,40
442,16
910,27
1846,49
79,35
152,13
309,28
618,13
1223,33
23,19
68,21
169,8
320,23
636,14
1300,23
36,9
100,42
166,19
344,49
712,25
1383,43
96,37
197,42
327,41
623,20
1253,38
82,26
83,41
257,3
496,14
937,27
1866,42
45,35
116,4
242,11
455,39
893,48
1816,18
44,4
71,12
167,31
321,23
610,40
1302,7
22,21
69,49
152,44
259,12
507,41
1012,38
60,29
118,29
276,17
501,2
968,15
1977,1976
95,32
166,37
276,6
544,37
1096,22
65,22
153,44
248,40
540,37
1097,34
43,4
134,17
198,29
380,9
837,30
1620,49
95,32
154,23
279,4
546,26
1117,41
26,25
61,19
89,24
252,46
494,49
1011,43
1948,42
43,34
106,49
218,33
400,2
855,25
1722,34
49,46
142,27
248,22
523,23
1006,36
1991,1990
90,14
137,14
264,14
525,44
1030,49
82,24
162,44
309,2
613,14
1256,14
27,26
119,6
214,15
399,8
823,35
1638,5
29,28
110,6
210,32
385,30
750,6
1514,25
73,3
129,41
243,10
468,22
1001,27
1997,3
75,5
92,48
247,30
494,45
928,35
1859,10
61,19
83,48
211,23
377,35
738,39
1550,11
67,4
114,21
183,2
374,3
822,32
1575,12
37,9
59,1
163,20
351,7
645,41
1335,1
83,8
139,17
255,25
561,14
1102,7
26,25
77,18
132,35
308,17
625,11
1199,43
95,25
164,33
286,4
579,22
1180,34
74,31
83,40
162,41
362,22
709,33
1470,11
66,11
94,45
207,18
380,44
812,33
1647,35
91,36
127,40
224,22
454,32
919,43
1861,3
1,0
43,42
92,31
170,19
378,34
735,17
1458,44
50,23
118,49
245,5
496,9
982,45
1922,35
39,20
97,11
159,46
311,38
621,50
1308,32
56,15
110,40
209,44
460,32
865,47
1774,25
66,32
112,50
213,14
400,27
817,3
1622,40
42,40
97,50
206,27
391,14
826,31
1595,23
6,5
7,6
69,2
151,28
242,48
476,45
1015,3
1926,9
31,21
70,44
157,42
358,47
694,16
1395,38
58,46
61,12
178,14
368,4
711,34
1407,20
87,18
97,2
282,43
558,13
1122,19
46,5
97,11
181,36
421,12
828,2
1607,50
39,10
64,1
165,20
294,10
582,46
1157,8
60,15
127,50
213,24
446,47
874,3
1768,8
32,9
50,45
180,22
279,37
567,35
1156,26
91,28
169,25
282,15
545,4
1178,8
73,17
158,32
240,34
538,22
1019,37
32,31
118,47
195,33
434,30
792,7
1572,45
41,18
91,38
179,44
344,37
698,43
1413,47
35,10
72,23
150,4
270,36
591,10
1176,6
6,5
82,43
115,29
244,6
508,34
1022,22
1980,5
1,0
24,20
67,26
178,1
320,35
655,36
1251,22
86,50
184,34
315,38
587,21
1195,3
85,4
127,5
306,40
525,37
1063,26
63,8
76,16
231,46
412,14
847,46
1662,10
101,48
199,35
356,21
693,36
1352,42
82,18
166,8
292,39
589,38
1148,8
77,34
82,34
171,45
374,18
743,15
1455,43
31,16
42,32
137,27
249,11
494,20
1007,2
1999,1998
92,33
171,3
356,38
636,26
1334,50
5,4
7,6
110,6
207,46
390,4
797,1
1572,8
22,21
104,14
171,2
369,8
689,14
1450,18
65,23
91,35
228,24
396,17
811,31
1675,37
79,14
147,29
327,5
581,9
1203,26
85,37
183,46
307,45
580,43
1187,12
101,32
163,7
275,25
586,22
1140,32
44,30
138,10
246,28
450,32
940,32
1850,35
1,0
96,22
143,28
275,39
587,18
1183,30
4,3
66,33
75,1
183,27
418,22
805,23
1641,3
39,17
75,39
202,44
337,48
711,44
1387,48
90,42
92,15
245,40
434,21
875,21
1820,15
23,16
60,29
129,7
266,2
544,24
1104,8
11,10
65,21
105,4
269,30
529,5
1066,44
39,38
58,29
164,5
281,7
621,19
1238,31
13,12
69,41
104,15
201,43
478,26
942,29
1860,9
91,47
178,22
324,48
619,1
1244,32
70,12
157,37
264,28
566,41
1157,5
39,15
64,18
162,42
284,50
647,14
1274,24
6,5
32,3
89,29
218,3
355,6
769,19
1522,35
30,13
112,16
186,7
404,21
764,7
1510,18
2,1
62,31
112,8
245,5
458,25
913,30
1888,28
7,6
40,2
101,36
180,1
386,12
771,23
1557,36
65,29
166,33
273,34
543,10
1141,46
46,25
83,27
177,23
344,32
702,35
1393,11
35,34
113,4
227,10
414,14
800,24
1667,45
48,10
111,24
246,46
501,2
979,30
1908,2
30,15
45,27
99,28
226,12
469,22
965,15
1881,5
35,34
82,9
204,41
355,43
744,12
1422,24
63,34
154,22
315,2
603,24
1224,1
1,0
63,42
139,17
206,41
501,42
984,8
1967,18
24,23
107,42
228,50
377,29
792,1
1629,46
4,3
48,16
131,37
214,44
416,31
825,24
1715,41
59,13
153,18
303,28
577,4
1170,24
66,1
166,18
330,26
565,14
1148,49
57,18
89,17
222,11
422,17
891,47
1765,45
24,20
28,27
109,3
245,31
446,14
874,48
1762,10
53,35
127,45
212,50
492,26
919,30
1878,4
91,18
92,2
188,33
446,40
838,2
1738,39
54,12
139,25
283,46
565,35
1085,2
17,16
76,47
188,25
382,30
686,22
1432,26
30,29
52,25
181,18
276,22
625,1
1167,44
66,31
160,16
290,39
527,45
1080,37
89,1
110,45
235,33
487,47
1010,22
1900,8
43,17
109,20
202,49
425,42
783,17
1571,47
44,43
120,50
211,26
473,12
921,38
1862,45
98,7
143,50
247,16
559,12
1081,40
20,17
57,15
133,27
237,3
462,18
963,8
1934,6
91,32
179,13
298,32
621,14
1227,39
96,44
174,22
332,32
696,49
1332,22
33,30
45,6
137,38
250,28
548,18
1025,39
55,31
112,47
205,27
419,38
884,50
1723,45
77,38
145,1
240,33
496,48
978,34
1978,12
42,13
96,45
194,49
432,12
836,49
1636,15
92,15
139,30
290,27
614,13
1215,16
51,38
108,5
165,38
397,19
770,41
1581,38
50,18
131,29
236,48
514,28
938,48
1888,36
52,32
149,2
290,35
492,22
1019,7
92,25
162,2
280,32
556,30
1149,30
41,5
77,5
214,46
336,18
679,8
1370,19
89,22
107,3
268,37
530,33
1044,30
65,20
155,8
303,23
578,37
1167,5
91,24
108,47
284,39
521,42
1005,9
21,20
46,30
83,6
187,5
419,7
847,20
1676,28
52,24
89,28
173,5
415,9
750,26
1524,38
95,30
168,11
316,9
642,22
1224,26
35,8
77,17
165,22
303,35
668,22
1313,29
14,13
72,25
180,2
323,22
649,50
1293,31
22,21
87,22
153,36
342,39
645,6
1274,3
47,8
114,48
173,4
424,44
815,3
1641,6
28,8
69,38
139,1
311,34
577,28
1182,7
87,37
132,19
240,27
485,32
973,31
1955,6
85,18
111,20
249,42
481,8
931,42
1949,6
11,10
37,12
108,49
165,1
373,3
783,36
1478,4
88,20
130,2
301,8
528,16
1109,3
6,5
62,47
79,20
148,24
320,32
687,10
1333,49
40,17
83,1
195,3
414,44
826,26
1582,25
10,9
34,21
84,14
183,29
404,50
803,15
1520,3
13,1
49,20
88,25
174,11
386,32
715,18
1456,7
63,25
158,50
260,9
532,20
1015,27
12,11
24,23
77,47
130,18
297,4
587,26
1148,43
42,6
81,29
169,39
393,31
751,27
1525,15
87,27
163,49
330,10
667,27
1319,45
7,6
10,9
53,41
96,7
230,5
436,36
876,20
1743,4
25,24
50,3
79,18
247,9
463,10
933,25
1884,32
10,9
91,39
104,1
278,8
557,27
1133,35
33,23
89,31
187,22
321,6
642,31
1305,27
80,28
122,26
239,16
496,22
972,36
1931,11
77,20
95,35
196,21
379,22
774,1
1600,44
29,18
32,1
147,6
223,35
479,15
974,45
1969,18
28,27
33,24
133,39
255,27
509,13
994,39
1976,1975
49,34
64,10
151,15
292,9
563,12
1121,21
92,41
115,50
210,40
440,48
862,15
1798,43
25,24
40,39
133,21
283,8
489,15
1021,18
1925,20
12,11
44,26
115,17
225,14
474,11
897,49
1816,35
45,44
82,15
176,39
337,22
697,34
1404,8
76,48
172,12
340,3
689,46
1323,31
53,20
67,40
153,22
364,50
736,14
1413,3
14,13
56,30
71,20
178,6
393,34
719,1
1435,30
17,2
63,44
156,10
268,44
547,1
1134,10
76,16
141,3
235,33
482,15
976,37
1974,1973
61,26
101,2
204,45
418,20
877,17
1695,11
99,21
183,21
364,38
713,6
1388,25
19,10
116,47
209,22
443,11
864,19
1667,4
55,21
56,13
194,42
381,46
708,12
1460,45
11,10
78,18
115,12
243,18
508,6
1047,34
23,22
107,31
185,5
339,22
684,47
1367,25
100,33
121,20
273,24
510,4
1102,13
77,50
113,33
239,28
474,16
909,22
1837,20
39,33
53,34
146,24
335,45
628,9
1291,38
87,44
104,46
291,6
509,18
996,47
1998,1997
14,13
32,31
89,9
190,32
330,6
718,17
1390,27
34,33
65,14
196,11
389,11
773,40
1474,1
100,38
104,8
288,30
576,1
1132,20
10,9
43,21
145,37
240,15
467,7
953,18
1890,37
56,23
59,12
210,32
365,37
734,13
1463,8
27,26
90,20
174,13
305,12
640,26
1327,24
101,14
129,3
234,31
536,14
1012,41
2,1
102,5
174,48
345,37
705,30
1385,7
28,27
64,31
182,9
287,6
628,1
1208,40
16,15
53,14
93,30
206,3
387,19
849,41
1689,45
50,13
87,21
219,17
376,1
736,46
1491,2
55,35
94,10
192,34
371,40
757,45
1570,45
37,19
77,14
195,12
400,23
791,8
1595,40
73,34
75,34
240,28
394,3
785,33
1610,9
45,43
118,4
235,19
435,21
848,43
1690,18
45,29
137,15
238,22
504,39
1001,45
1967,3
93,36
192,33
310,21
690,12
1345,23
66,32
103,10
217,22
418,33
863,43
1732,48
7,6
97,45
182,38
331,26
701,18
1335,33
78,44
167,38
273,4
613,27
1155,47
77,28
124,44
222,36
481,35
906,10
1895,16
97,42
108,36
293,31
575,5
1165,30
65,36
121,14
199,19
481,45
965,29
1930,43
25,8
122,5
165,32
333,46
674,29
1354,20
1,0
51,13
146,18
211,19
496,3
946,47
1888,8
94,30
191,1
289,45
592,46
1257,32
86,44
107,35
207,16
501,29
919,23
1842,11
90,32
104,47
224,26
498,16
933,11
1898,26
87,49
163,5
324,17
623,42
1271,50
46,45
106,20
154,1
340,44
661,6
1333,43
89,20
90,45
199,2
390,10
816,14
1633,31
60,17
102,14
221,33
387,40
780,26
1630,28
91,17
128,9
281,17
544,37
1104,27
50,15
111,50
190,7
430,20
808,35
1690,34
85,42
176,15
330,37
615,34
1292,26
49,17
136,12
210,10
425,11
861,16
1709,23
14,13
104,34
193,8
393,9
764,12
1485,49
37,21
116,37
209,34
424,12
794,14
1662,17
10,9
87,37
109,42
296,22
589,33
1180,22
48,22
52,43
144,47
276,11
601,7
1189,25
23,22
79,17
193,23
387,32
735,40
1464,30
66,38
163,11
307,1
624,40
1257,35
38,5
111,30
227,39
465,21
936,3
1799,4
47,35
83,45
133,39
352,36
687,21
1328,27
45,44
112,41
172,40
390,39
812,1
1591,21
27,26
48,42
86,47
213,31
444,41
885,24
1725,43
24,23
118,13
150,2
371,1
710,25
1457,18
2,1
49,42
140,8
242,1
447,39
970,21
1920,34
18,17
64,24
154,45
259,14
520,14
1069,25
86,17
123,34
252,18
510,18
1040,22
55,50
139,39
242,4
456,2
985,5
1919,37
44,5
51,50
158,29
280,43
627,31
1188,10
37,36
51,3
164,29
313,1
584,43
1247,35
69,17
107,19
212,34
472,46
867,27
1813,17
71,3
91,31
244,32
505,49
1007,10
1967,1966
36,35
109,26
146,4
377,36
748,35
1435,46
27,16
38,37
110,22
191,25
429,39
823,42
1673,19
9,8
92,46
187,40
293,13
653,37
1256,36
80,14
111,33
271,24
493,39
973,40
1999,1998
93,31
157,21
330,37
615,41
1263,1
46,30
77,31
141,10
280,2
621,26
1262,45
97,19
141,25
329,2
604,20
1260,34
96,23
147,25
269,27
585,39
1125,42
90,41
104,30
201,48
483,44
942,17
1903,30
46,28
77,23
164,2
292,44
668,32
1284,24
20,19
84,11
169,30
349,20
693,7
1382,46
56,24
73,25
132,7
338,4
684,49
1305,19
87,11
97,49
209,30
394,43
883,28
1709,50
30,21
109,2
172,10
332,17
717,44
1413,23
42,10
78,35
180,7
388,32
735,7
1473,42
67,13
148,37
293,32
526,19
1076,5
5,4
71,20
131,24
302,6
564,33
1099,30
82,43
96,29
254,6
439,47
960,33
1877,9
58,16
79,4
235,45
383,39
802,30
1656,8
52,43
153,31
255,11
534,36
1005,3
1981,1980
82,18
85,44
250,33
444,31
922,11
1841,10
91,40
191,13
365,28
705,16
1364,9
44,23
123,11
176,37
359,9
783,48
1562,50
93,30
159,1
325,27
602,48
1202,3
7,3
95,49
124,15
249,21
573,39
1109,25
81,49
148,37
302,29
532,23
1155,6
35,22
94,2
153,42
346,49
630,17
1283,50
100,2
188,11
370,34
724,3
1465,5
60,15
77,43
164,13
321,26
678,29
1370,47
60,38
100,4
206,47
400,11
841,17
1623,36
58,17
131,3
210,32
450,39
866,27
1774,28
74,3
119,3
201,43
397,20
793,17
1666,16
91,10
187,42
279,15
614,17
1234,39
47,30
148,1
290,40
568,49
1143,13
31,30
116,40
195,14
358,50
726,8
1492,36
75,32
161,28
313,24
597,39
1181,12
66,23
68,3
232,33
407,3
821,30
1647,27
3,2
56,4
115,10
263,1
533,42
1039,7
99,12
123,46
322,36
588,30
1223,36
84,14
156,24
265,24
597,3
1189,7
94,18
185,39
362,24
711,13
1354,30
22,21
75,31
197,2
319,2
688,18
1329,19
73,1
126,36
200,19
495,15
948,5
1855,20
98,29
109,27
240,37
548,14
1042,1
35,27
116,29
195,12
414,40
791,20
1565,2
2,1
77,9
171,13
331,33
618,45
1294,45
45,44
56,34
147,5
253,36
529,20
1084,15
43,42
53,3
124,15
312,9
604,17
1167,38
32,31
64,36
102,50
267,50
523,30
1007,37
1943,44
91,11
99,8
276,26
547,11
1078,15
91,5
147,10
266,50
536,38
1043,7
12,11
103,28
123,9
239,48
570,31
1057,23
45,25
137,39
205,27
457,45
883,12
1823,14
41,40
48,20
137,34
290,1
559,31
1079,8
88,30
167,12
318,40
657,28
1235,17
69,22
72,3
153,20
369,25
757,50
1482,1
97,31
184,49
360,35
642,25
1305,10
98,16
151,14
331,39
608,39
1194,49
17,16
80,44
116,23
215,11
475,24
989,2
1974,15
62,16
97,48
182,44
407,21
786,48
1591,9
18,17
70,50
167,22
281,10
599,45
1182,14
87,5
111,33
276,47
481,32
1041,13
1915,32
73,5
162,49
261,1
508,22
1094,37
10,9
108,3
202,16
398,25
755,9
1564,7
95,29
169,29
336,2
605,6
1292,4
17,16
44,35
120,26
272,47
549,12
1022,19
93,27
192,6
361,33
735,23
1430,22
86,36
144,19
300,23
557,39
1154,41
49,21
86,9
175,35
367,25
725,33
1414,50
38,37
126,5
206,39
432,39
834,10
1695,15
37,18
130,47
256,43
509,47
1011,8
1956,1955
16,3
41,12
84,21
155,17
355,45
729,21
1442,16
95,46
176,17
276,6
600,21
1235,9
10,9
49,3
133,29
284,11
523,16
1049,27
72,35
163,20
306,46
596,21
1155,24
24,23
113,11
182,35
394,32
800,34
1533,11
42,35
127,13
175,22
425,1
859,7
1674,48
68,37
90,2
248,6
449,25
922,11
1782,32
58,41
126,29
228,13
443,23
859,5
1779,48
62,15
114,39
225,3
487,14
950,12
1853,22
86,30
111,28
295,28
593,5
1154,45
37,23
40,39
143,14
283,44
595,14
1184,42
67,2
133,6
224,24
511,16
954,18
1892,40
60,23
155,38
220,48
531,36
1036,10
23,22
85,15
180,1
326,28
670,17
1367,19
47,12
74,17
182,37
315,48
694,34
1349,45
39,32
60,12
129,19
264,13
527,7
1030,19
4,3
83,4
101,37
269,14
468,23
984,9
1961,1960
14,13
42,22
68,41
177,11
358,25
757,5
1511,25
99,50
116,13
268,26
537,47
1041,47
34,11
126,39
174,48
388,2
797,47
1523,28
16,15
106,10
215,13
378,22
722,40
1495,40
12,7
96,41
167,48
277,38
615,12
1216,7
39,36
40,17
132,17
235,43
518,18
1042,3
61,39
81,34
189,28
410,16
743,35
1545,49
11,10
63,29
111,16
262,6
502,40
983,5
1968,1967
78,16
170,37
258,37
598,38
1106,15
2,1
88,34
165,21
296,6
595,8
1152,48
96,2
188,2
322,18
667,27
1371,32
46,11
58,40
122,10
317,17
630,44
1243,8
23,22
55,50
109,44
194,9
395,9
860,13
1678,2
6,5
32,31
72,17
163,40
345,33
658,32
1306,37
72,27
101,21
246,4
440,24
886,50
1765,29
95,44
97,30
228,8
458,45
908,29
1810,48
66,27
106,12
261,35
455,30
956,12
1939,28
23,22
82,33
132,16
248,31
560,50
1100,27
88,20
143,50
278,49
578,3
1111,33
36,35
132,15
262,17
439,12
955,37
1830,25
52,35
99,37
206,36
422,5
878,50
1664,10
23,22
69,14
170,42
275,5
577,33
1214,3
54,32
65,16
149,18
297,40
615,13
1258,5
44,26
59,43
111,32
263,39
496,6
1020,30
1963,1962
90,37
168,49
324,24
632,39
1253,26
82,37
150,26
266,35
586,33
1136,33
64,7
100,21
229,30
453,36
852,4
1733,2
23,9
76,17
170,9
284,6
619,27
1229,34
35,5
85,7
153,19
334,49
664,29
1298,1
88,2
132,6
265,27
584,35
1077,36
39,14
118,50
190,6
424,6
824,34
1651,34
81,32
92,47
234,11
501,9
964,42
1917,3
28,27
75,10
198,48
361,33
720,23
1417,29
42,11
43,42
97,31
220,30
436,37
902,43
1760,47
98,47
166,49
355,40
672,35
1304,47
81,47
84,37
170,24
367,1
761,28
1478,26
1,0
75,4
177,36
261,33
515,33
1118,9
11,8
49,19
159,49
269,21
548,7
1134,50
53,28
95,1
179,25
351,2
714,1
1428,28
55,11
85,17
177,1
345,40
719,3
1404,12
71,10
119,1
206,5
431,17
857,44
1760,5
29,28
100,14
188,43
355,35
673,10
1419,33
66,1
152,41
297,40
570,35
1166,1
31,30
105,47
150,50
369,36
689,3
1359,13
70,43
139,39
249,37
489,1
1042,12
1966,1965
69,4
82,8
250,31
456,33
958,27
1902,24
33,4
54,29
89,21
252,29
458,21
958,8
1914,1
96,35
171,32
324,10
611,48
1204,12
91,12
116,47
297,8
566,42
1122,6
60,45
145,19
282,19
534,8
1061,17
18,10
86,17
194,18
362,9
715,15
1420,37
81,38
181,1
284,47
603,5
1249,4
5,4
69,10
88,24
223,31
483,18
877,39
1768,21
1,0
43,15
127,50
216,8
423,46
877,26
1751,45
50,6
79,49
219,24
420,40
862,35
1648,8
9,8
52,35
122,31
241,19
465,28
965,32
1869,24
12,11
68,30
158,25
277,36
595,3
1166,48
50,46
141,13
225,6
488,39
932,46
1902,12
74,26
93,37
252,38
458,47
977,23
1870,27
6,5
26,25
53,22
127,28
300,34
579,47
1122,18
31,30
115,38
188,16
429,22
808,47
1639,28
8,7
85,13
94,24
262,7
458,34
971,24
1909,44
92,1
136,32
292,46
619,34
1199,25
96,23
135,48
325,36
612,21
1169,11
18,17
113,17
166,37
396,14
768,4
1517,16
11,2
102,50
169,1
359,49
661,50
1389,14
32,31
112,8
186,41
379,7
726,42
1489,32
30,28
120,16
215,25
435,38
822,33
1685,21
90,42
99,41
217,42
505,7
948,50
1861,4
98,22
155,36
304,23
625,38
1273,24
72,20
157,50
287,45
523,22
1075,29
86,8
116,18
208,16
481,13
904,16
1828,47
60,23
67,24
214,46
384,3
730,47
1520,26
93,15
142,43
289,41
564,11
1163,24
62,6
89,10
247,33
483,49
932,44
1911,43
55,16
156,17
306,24
574,48
1183,12
74,43
93,1
245,11
455,46
910,27
1861,5
12,11
90,2
116,45
279,23
544,27
1077,14
11,10
45,2
148,4
268,36
491,37
999,5
1982,1981
67,26
90,36
191,39
431,1
872,15
1703,40
42,41
140,25
214,19
467,23
933,49
1800,50
95,39
119,18
311,12
608,11
1167,30
21,3
0
0
0
0
0
0
0
0
0
0
1
1
1
1
1
1
1
1
1
1
2
2
2
2
2
3
3
3
3
3
3
3
3
3
3
3
4
4
4
4
4
4
4
4
4
5
5
5
5
5
5
6
6
6
7
7
7
7
7
7
8
8
8
9
9
9
9
9
10
10
10
10
10
10
11
11
11
11
11
11
11
12
12
12
12
12
12
12
13
13
13
13
14
14
14
14
14
14
14
15
15
15
15
16
16
16
16
16
16
16
17
17
18
18
18
18
18
19
19
19
19
19
19
20
20
20
20
21
21
21
21
21
22
22
22
22
22
22
22
22
23
23
23
23
23
23
23
23
24
24
24
24
24
24
25
26
26
26
26
27
27
27
27
27
28
28
28
28
28
29
29
29
29
29
29
29
29
29
29
30
30
30
30
30
31
31
31
31
31
32
32
32
32
33
33
33
33
33
33
33
33
33
34
34
34
34
34
34
34
34
34
35
35
35
35
35
35
36
36
36
36
36
36
36
36
36
36
36
36
37
37
37
37
38
38
38
38
38
38
38
38
38
38
39
39
39
39
39
39
39
39
39
39
39
39
39
40
40
40
40
40
40
40
40
41
41
41
41
41
41
41
41
42
42
42
42
42
43
43
43
44
44
44
44
44
44
44
45
45
45
45
45
45
46
46
46
46
46
46
46
47
47
47
47
47
47
47
47
47
48
48
48
49
49
49
49
49
49
49
50
50
50
50
50
50
50
51
51
51
51
51
51
52
52
52
53
53
53
53
53
53
53
53
53
53
53
54
54
54
54
54
54
54
54
54
55
55
55
55
55
55
55
55
56
56
56
56
56
56
56
57
57
57
57
57
58
58
58
58
58
59
59
59
59
59
59
59
59
60
61
61
61
61
61
61
61
61
62
62
62
62
63
63
63
63
63
63
63
64
64
64
64
64
64
64
64
64
64
64
65
65
65
65
65
65
66
66
66
66
66
66
66
66
67
67
67
67
67
67
67
67
67
68
68
68
68
68
68
68
68
68
68
69
69
69
69
69
69
69
69
69
69
70
70
70
70
70
71
71
71
71
71
72
72
72
72
72
72
72
72
72
72
72
72
72
73
73
73
73
73
73
73
73
73
74
74
74
74
74
74
74
74
75
75
75
75
75
75
75
75
76
76
76
76
76
77
77
77
77
77
77
77
77
77
77
77
77
77
78
78
79
79
79
79
79
79
79
79
79
79
79
79
79
79
79
80
80
80
80
80
80
80
81
81
81
81
81
81
81
81
81
81
82
82
82
82
82
82
82
83
83
83
84
84
84
84
84
84
84
84
84
85
85
85
85
85
86
86
86
86
86
86
86
86
87
87
87
87
87
87
87
87
87
88
88
88
88
88
88
88
89
89
89
89
90
90
90
90
91
91
91
91
91
91
91
91
92
92
92
92
92
92
92
92
92
92
92
93
93
93
93
93
93
93
94
94
94
94
94
94
94
94
95
95
95
95
95
95
95
96
96
96
96
96
96
96
96
96
97
97
97
97
97
97
97
98
98
98
98
98
98
98
98
99
99
99
99
99
99
99
100
100
100
100
100
100
100
100
100
100
101
101
101
101
101
101
102
102
102
102
102
102
102
103
103
103
103
103
103
103
103
103
103
104
104
104
104
105
105
105
105
106
106
106
106
106
107
107
107
107
107
107
107
107
108
108
108
108
108
108
108
108
109
109
109
109
109
109
109
109
110
110
110
110
110
110
111
111
111
111
111
111
111
111
112
112
112
112
112
112
112
112
113
113
113
113
113
113
113
114
114
114
114
114
115
115
115
115
116
116
116
116
117
117
117
117
117
118
118
118
118
118
119
119
119
119
119
119
119
120
120
120
120
120
120
121
121
121
121
121
121
121
121
121
121
121
121
121
122
122
123
123
123
124
124
124
124
124
124
125
125
125
125
125
125
126
126
126
126
126
127
127
127
127
127
127
128
128
128
128
129
129
129
129
129
129
129
130
130
130
130
131
131
131
132
132
132
132
132
132
133
133
133
133
134
134
134
134
134
134
135
135
135
136
136
136
136
137
137
137
137
137
138
138
138
138
139
139
139
139
139
139
139
139
139
140
140
141
141
142
142
142
142
143
143
143
143
143
143
143
143
144
144
145
145
145
145
145
145
146
146
146
147
147
147
148
148
148
149
149
149
149
149
150
150
150
150
151
151
151
151
152
152
152
153
153
153
154
154
154
155
155
155
155
155
155
156
156
156
156
156
157
157
157
158
158
158
158
158
158
159
159
159
159
159
160
160
160
160
160
160
161
161
161
161
161
161
162
162
162
162
162
162
162
162
163
163
163
163
163
163
163
164
164
164
164
164
164
164
164
164
164
164
164
164
164
165
165
165
165
166
166
167
167
167
167
167
167
167
167
168
168
168
168
168
168
168
169
169
169
169
169
170
170
170
170
170
170
170
171
171
172
172
172
172
172
172
173
173
173
173
173
173
174
174
174
175
176
176
176
176
176
176
177
177
178
178
178
178
179
179
179
179
179
180
180
180
180
181
181
181
181
181
181
182
182
182
182
182
182
182
183
183
183
184
184
184
185
185
185
185
185
185
186
186
186
187
187
187
187
187
188
188
188
188
188
189
189
189
189
190
190
190
190
190
191
191
191
191
191
191
192
192
192
192
192
192
192
192
193
193
193
194
194
194
195
195
195
196
196
196
198
198
198
198
199
199
199
199
200
200
200
200
200
201
201
201
201
203
203
204
204
204
204
206
206
206
207
207
207
207
207
208
208
208
208
208
209
209
209
209
209
210
210
210
210
211
211
212
212
212
212
212
212
212
213
213
213
213
213
214
215
215
215
216
216
216
216
216
217
217
217
217
217
218
218
218
219
219
219
220
220
220
220
221
221
221
221
222
222
222
222
222
223
223
223
223
223
223
223
224
224
224
225
225
225
225
226
226
226
227
227
227
228
228
228
228
228
229
229
229
229
229
230
230
230
230
231
231
232
232
232
232
233
234
234
234
234
235
235
235
236
236
236
236
236
237
237
237
238
238
238
238
239
239
240
240
240
241
241
241
241
242
242
242
242
242
242
242
243
244
244
245
245
245
246
246
246
246
246
247
247
247
247
247
248
248
248
248
248
249
249
249
249
249
250
250
250
250
250
250
251
251
251
252
252
252
252
253
253
253
255
255
255
255
255
255
255
256
256
256
256
256
256
256
256
256
257
257
258
259
260
260
260
260
262
262
264
264
264
264
265
265
265
266
266
267
267
267
267
267
268
268
268
268
268
268
268
269
269
270
270
270
270
271
271
271
272
272
272
272
273
273
273
273
274
274
274
274
274
275
275
275
275
275
275
275
276
276
277
277
277
278
278
279
279
281
281
281
281
281
282
282
282
282
283
283
283
284
284
284
284
285
285
285
285
285
286
286
287
287
287
287
287
287
288
288
289
290
290
291
291
292
292
293
293
293
294
294
294
294
294
294
294
295
295
295
295
295
295
295
296
296
296
296
296
297
297
297
297
298
298
298
299
299
299
299
300
300
300
300
300
301
301
302
302
302
302
302
303
304
304
304
304
306
306
306
307
307
307
307
308
308
308
309
310
310
311
312
312
313
313
313
313
314
314
315
316
316
316
317
317
317
317
317
318
318
318
319
319
320
320
320
320
321
321
322
322
322
322
323
323
323
323
324
324
325
325
325
326
326
327
327
327
328
329
330
331
331
331
332
333
333
334
334
335
335
335
335
336
336
336
336
337
338
338
338
340
341
342
343
343
344
345
345
345
345
346
346
346
347
347
348
349
349
349
350
350
350
350
351
352
353
353
354
355
355
355
356
356
356
357
357
358
358
358
358
358
359
359
359
359
360
360
360
362
364
364
364
365
366
366
366
366
367
367
368
368
369
369
370
370
371
372
372
372
372
373
373
373
375
375
375
376
376
377
377
377
377
380
381
381
381
382
382
382
382
383
383
383
384
384
385
385
386
386
387
388
388
388
389
390
390
391
391
391
391
391
392
392
393
393
394
394
394
394
395
396
397
398
398
399
400
400
401
401
402
402
403
403
404
404
405
406
406
406
407
407
407
407
407
409
410
411
411
412
413
413
413
413
413
414
415
415
415
416
416
416
416
417
417
417
417
418
418
418
418
419
419
420
420
420
420
420
421
421
422
422
423
423
423
423
423
423
424
424
425
425
425
425
426
427
427
427
428
428
428
431
431
432
432
432
432
432
432
432
433
433
434
435
435
436
438
439
439
440
441
442
442
442
442
443
443
444
444
444
445
445
445
445
445
445
446
446
446
446
446
447
447
447
448
448
448
449
450
450
451
451
451
452
452
453
453
453
454
454
455
455
455
455
456
456
456
456
457
457
457
457
457
457
458
458
458
458
459
459
460
460
461
462
462
462
462
462
463
463
463
464
465
465
465
466
467
467
468
469
469
470
470
470
470
470
470
470
471
471
471
471
471
471
472
472
474
474
475
475
476
476
476
476
477
477
477
477
479
479
479
479
479
480
480
481
482
482
482
482
483
483
483
484
484
486
487
487
488
489
489
490
490
491
491
493
493
494
494
494
494
495
495
496
498
499
499
499
499
499
500
500
501
502
503
504
505
506
506
507
507
507
507
507
508
508
508
510
510
510
510
510
512
512
512
512
514
514
514
514
514
516
516
517
518
518
518
518
519
519
519
520
520
521
522
522
523
523
523
523
524
524
524
525
525
526
526
526
527
528
528
528
530
530
531
531
531
532
533
533
533
534
534
534
534
535
535
535
536
536
536
536
537
538
538
538
539
540
540
541
541
543
543
543
544
544
544
545
545
545
545
546
546
546
547
547
547
547
548
548
548
548
548
548
549
550
553
554
554
555
555
555
556
556
557
557
557
558
558
559
559
560
560
560
560
561
561
561
562
562
562
562
563
563
563
564
565
566
566
567
567
567
569
569
570
571
571
571
573
573
573
573
575
575
576
576
577
578
578
578
579
579
579
579
579
581
581
582
583
583
583
583
583
583
584
585
585
586
586
587
589
589
589
590
590
591
591
591
592
593
595
595
596
596
596
597
597
597
598
598
598
598
598
599
599
599
599
600
600
601
604
604
605
605
605
606
607
608
608
608
609
609
609
610
611
611
612
613
613
613
613
615
615
615
616
616
617
617
618
619
619
619
619
619
620
620
621
621
621
621
622
622
622
623
624
625
625
626
627
627
628
629
629
629
629
630
631
631
632
632
632
632
633
634
635
635
635
636
636
639
639
639
639
639
639
640
640
640
640
641
642
642
642
642
642
644
644
644
645
645
646
647
650
650
651
651
651
651
651
651
652
652
652
655
655
655
655
656
656
656
656
656
658
659
661
661
661
663
663
663
663
663
664
664
664
664
665
666
666
666
666
667
667
667
668
669
670
670
671
671
672
673
673
673
673
674
675
675
675
676
676
678
678
679
680
681
683
684
684
685
685
685
685
686
686
687
687
687
688
688
688
688
689
691
691
692
692
695
695
697
697
698
698
698
699
700
700
701
701
702
702
702
703
703
704
704
705
705
705
708
708
708
709
710
710
710
710
711
711
712
712
712
712
712
713
713
714
715
716
716
716
716
717
717
717
719
720
721
722
722
722
723
725
725
725
726
726
727
727
728
729
729
729
730
730
730
732
732
734
734
734
734
736
736
737
737
738
738
739
739
739
740
741
741
742
742
742
742
743
743
744
745
745
747
747
748
748
749
749
750
751
751
751
751
752
753
754
754
755
755
756
756
756
756
757
758
759
760
760
762
762
763
764
764
764
765
765
765
765
766
766
767
768
768
768
768
769
769
770
770
771
773
773
773
776
776
777
777
778
778
778
779
781
781
781
782
782
782
783
783
783
785
785
785
787
788
788
790
790
790
790
790
790
790
791
791
792
792
792
792
792
793
794
795
795
796
796
796
796
796
797
797
797
797
798
798
798
799
800
800
800
801
804
804
804
805
805
805
806
806
806
808
809
809
809
809
810
810
810
811
812
812
812
812
812
813
814
814
814
815
816
816
817
817
817
818
820
821
822
822
822
823
824
824
824
824
824
825
825
827
827
829
830
830
831
832
835
835
835
835
836
836
836
837
837
837
837
837
838
838
839
840
841
841
843
843
843
843
844
845
845
846
848
848
849
849
849
849
849
850
850
850
850
850
851
851
852
852
852
852
853
853
853
854
854
854
854
855
856
856
856
856
857
857
857
858
859
859
859
860
861
861
861
862
862
863
863
865
867
867
869
870
870
870
871
871
872
872
872
875
875
876
876
876
877
878
879
879
880
880
881
881
882
882
882
882
882
883
884
884
884
884
884
884
885
886
886
888
888
888
888
888
889
890
891
891
891
892
895
895
895
896
897
897
898
899
899
900
901
901
902
902
903
906
907
907
907
908
910
910
911
911
911
911
912
912
912
912
913
914
915
915
916
916
917
917
917
918
918
918
919
920
920
922
922
922
923
923
923
924
924
924
925
927
929
933
933
934
935
936
937
940
940
941
941
943
945
945
945
946
946
946
946
947
947
947
947
947
948
949
950
950
950
950
950
951
952
953
954
954
954
954
955
955
955
955
955
955
956
958
958
960
960
961
961
962
962
962
962
962
963
963
964
965
965
966
966
967
968
969
969
969
970
971
971
972
972
972
973
974
974
974
975
976
976
976
977
977
977
977
977
977
977
979
981
982
982
983
984
984
984
985
985
985
986
986
986
988
989
989
990
991
991
993
993
993
994
994
994
994
996
997
997
998
998
998
999
999
1000
1000
1001
1002
1002
1003
1003
1003
1003
1004
1004
1005
1005
1005
1006
1007
1007
1007
1007
1008
1008
1009
1010
1010
1010
1011
1011
1011
1011
1012
1012
1013
1013
1013
1015
1016
1016
1017
1019
1019
1019
1020
1020
1021
1022
1022
1022
1023
1023
1023
1024
1025
1025
1026
1027
1032
1032
1032
1034
1035
1035
1035
1035
1036
1036
1036
1037
1038
1038
1038
1038
1039
1039
1040
1040
1040
1040
1040
1040
1041
1041
1041
1041
1042
1042
1043
1044
1044
1044
1045
1045
1045
1046
1046
1046
1046
1047
1047
1047
1049
1049
1049
1049
1051
1051
1051
1053
1054
1055
1055
1056
1056
1056
1057
1058
1058
1058
1061
1062
1062
1063
1065
1066
1066
1066
1067
1068
1068
1069
1069
1070
1071
1072
1072
1074
1075
1075
1075
1076
1077
1077
1078
1078
1078
1078
1079
1080
1080
1080
1080
1080
1080
1083
1083
1086
1087
1087
1089
1089
1090
1090
1091
1092
1093
1095
1095
1095
1096
1097
1097
1098
1099
1100
1100
1101
1102
1102
1102
1104
1105
1108
1109
1109
1109
1110
1110
1110
1111
1111
1112
1113
1113
1114
1114
1115
1115
1115
1115
1116
1117
1117
1117
1118
1118
1118
1119
1119
1119
1120
1120
1120
1120
1121
1121
1123
1124
1124
1125
1126
1126
1127
1127
1127
1128
1128
1132
1133
1133
1133
1133
1134
1134
1134
1135
1135
1139
1140
1140
1140
1141
1142
1143
1146
1146
1146
1147
1147
1148
1148
1148
1149
1149
1150
1150
1151
1151
1152
1153
1154
1154
1155
1155
1156
1156
1156
1158
1159
1159
1160
1160
1160
1160
1162
1163
1163
1164
1164
1164
1166
1167
1167
1168
1168
1168
1169
1170
1170
1173
1174
1175
1176
1176
1177
1177
1178
1180
1181
1181
1182
1182
1183
1184
1184
1185
1185
1186
1189
1189
1189
1191
1191
1192
1192
1193
1193
1194
1196
1197
1197
1198
1198
1199
1199
1200
1200
1202
1202
1202
1202
1203
1204
1204
1204
1205
1206
1207
1208
1209
1209
1211
1212
1212
1212
1213
1213
1214
1214
1214
1215
1215
1216
1217
1217
1217
1220
1220
1220
1222
1223
1223
1224
1224
1224
1225
1225
1225
1225
1226
1226
1226
1227
1228
1229
1229
1230
1232
1232
1232
1233
1233
1234
1234
1235
1236
1236
1237
1239
1240
1241
1242
1242
1244
1244
1245
1245
1246
1246
1247
1247
1249
1251
1252
1252
1252
1253
1253
1254
1254
1254
1254
1254
1254
1255
1255
1255
1255
1255
1256
1256
1256
1256
1258
1258
1260
1261
1261
1262
1262
1263
1264
1265
1265
1265
1266
1266
1266
1267
1267
1267
1267
1267
1269
1270
1270
1270
1270
1270
1271
1271
1271
1271
1272
1272
1272
1273
1274
1275
1275
1276
1276
1276
1277
1277
1277
1277
1278
1279
1280
1281
1282
1282
1283
1284
1284
1285
1285
1285
1286
1287
1288
1289
1294
1294
1295
1296
1297
1298
1298
1298
1298
1299
1299
1300
1302
1302
1302
1302
1303
1304
1304
1306
1307
1308
1308
1308
1309
1310
1311
1311
1312
1312
1312
1313
1314
1314
1315
1316
1316
1317
1317
1318
1318
1319
1319
1320
1320
1320
1321
1322
1323
1324
1325
1325
1326
1326
1327
1327
1328
1328
1328
1329
1329
1329
1329
1331
1331
1332
1332
1332
1333
1333
1334
1334
1335
1335
1336
1337
1339
1340
1340
1342
1342
1342
1343
1343
1343
1344
1344
1347
1347
1349
1350
1354
1354
1355
1357
1357
1358
1358
1358
1358
1359
1360
1361
1361
1361
1362
1362
1362
1362
1363
1364
1364
1364
1366
1366
1367
1368
1368
1368
1369
1369
1370
1370
1371
1374
1374
1375
1375
1375
1376
1376
1377
1378
1382
1382
1382
1382
1383
1386
1387
1387
1387
1389
1389
1391
1392
1393
1393
1393
1394
1394
1396
1396
1397
1397
1398
1399
1399
1400
1400
1402
1402
1403
1403
1404
1404
1406
1406
1406
1407
1409
1409
1409
1411
1413
1414
1414
1414
1415
1415
1418
1420
1421
1422
1422
1422
1422
1422
1422
1423
1423
1423
1424
1426
1426
1426
1427
1427
1428
1428
1429
1430
1430
1431
1431
1433
1433
1434
1435
1435
1436
1436
1437
1438
1438
1439
1439
1440
1442
1444
1445
1446
1448
1449
1449
1449
1452
1453
1453
1454
1454
1455
1456
1458
1461
1461
1461
1463
1464
1464
1465
1467
1467
1467
1468
1469
1470
1471
1472
1473
1473
1474
1475
1475
1476
1476
1477
1477
1477
1477
1477
1478
1478
1478
1478
1479
1479
1482
1482
1482
1482
1486
1486
1487
1487
1488
1488
1488
1488
1493
1493
1494
1494
1494
1495
1495
1496
1497
1498
1498
1499
1500
1501
1501
1504
1505
1505
1505
1508
1509
1509
1510
1511
1511
1511
1512
1512
1514
1514
1515
1516
1519
1520
1520
1520
1522
1522
1523
1523
1523
1524
1525
1525
1525
1525
1525
1526
1528
1528
1529
1530
1530
1530
1533
1534
1535
1536
1537
1537
1538
1538
1538
1539
1539
1542
1542
1543
1543
1544
1544
1545
1546
1546
1546
1547
1548
1550
1550
1550
1550
1551
1553
1554
1554
1555
1555
1556
1556
1557
1558
1559
1561
1563
1563
1563
1563
1564
1564
1565
1565
1565
1566
1566
1566
1567
1567
1568
1569
1569
1569
1570
1571
1573
1574
1574
1574
1575
1575
1576
1577
1577
1577
1578
1579
1579
1580
1580
1580
1580
1581
1583
1586
1587
1587
1588
1588
1589
1590
1590
1591
1591
1591
1592
1592
1593
1593
1595
1596
1597
1599
1599
1600
1603
1603
1605
1605
1605
1606
1607
1608
1608
1608
1609
1609
1610
1610
1611
1611
1611
1612
1615
1615
1616
1618
1618
1619
1619
1620
1620
1620
1620
1623
1624
1627
1627
1628
1629
1629
1630
1630
1631
1631
1631
1632
1632
1633
1634
1634
1637
1637
1638
1638
1638
1638
1638
1639
1639
1640
1640
1640
1641
1641
1642
1642
1643
1643
1643
1643
1643
1644
1644
1645
1646
1648
1648
1648
1649
1649
1650
1650
1651
1652
1652
1653
1653
1654
1654
1656
1659
1661
1662
1662
1662
1663
1663
1663
1663
1664
1664
1664
1665
1665
1666
1667
1667
1668
1668
1668
1670
1670
1671
1671
1672
1672
1673
1673
1673
1675
1676
1676
1676
1678
1678
1678
1678
1682
1683
1685
1686
1686
1687
1687
1688
1692
1693
1694
1694
1695
1696
1697
1698
1699
1699
1700
1700
1701
1702
1702
1703
1703
1704
1705
1705
1706
1707
1707
1708
1708
1710
1710
1711
1711
1716
1717
1718
1718
1718
1720
1721
1722
1723
1723
1724
1727
1727
1728
1728
1729
1729
1731
1732
1732
1733
1733
1734
1734
1734
1734
1735
1736
1736
1737
1737
1738
1738
1738
1740
1740
1740
1741
1742
1743
1744
1745
1746
1750
1750
1750
1750
1751
1752
1754
1755
1756
1758
1758
1759
1760
1761
1761
1761
1762
1762
1763
1763
1763
1764
1765
1765
1765
1766
1766
1766
1767
1767
1769
1770
1771
1771
1772
1772
1774
1774
1775
1777
1777
1779
1780
1780
1782
1782
1782
1783
1786
1786
1787
1788
1788
1789
1790
1790
1791
1791
1791
1792
1792
1792
1792
1793
1794
1794
1794
1796
1797
1797
1797
1797
1800
1802
1802
1803
1804
1805
1805
1805
1806
1806
1807
1807
1807
1810
1810
1810
1811
1811
1811
1812
1812
1813
1814
1816
1816
1816
1816
1819
1819
1820
1820
1820
1821
1821
1821
1821
1822
1822
1823
1824
1824
1824
1825
1825
1827
1827
1827
1828
1829
1829
1829
1829
1830
1831
1832
1832
1835
1835
1835
1835
1836
1837
1837
1837
1837
1837
1837
1838
1838
1838
1839
1839
1840
1842
1843
1843
1844
1845
1845
1845
1846
1847
1847
1847
1848
1848
1848
1849
1849
1849
1850
1850
1851
1851
1851
1852
1852
1852
1852
1853
1853
1853
1854
1854
1855
1855
1856
1856
1856
1857
1857
1858
1858
1858
1859
1859
1859
1861
1861
1862
1862
1863
1863
1864
1865
1865
1865
1866
1866
1868
1869
1869
1870
1871
1874
1874
1875
1877
1878
1878
1880
1880
1881
1881
1881
1881
1883
1884
1884
1885
1886
1887
1887
1888
1888
1889
1890
1891
1891
1892
1893
1894
1894
1897
1898
1899
1900
1900
1900
1900
1900
1901
1902
1902
1903
1903
1904
1907
1908
1910
1910
1911
1913
1914
1915
1915
1915
1917
1918
1919
1919
1920
1920
1920
1921
1921
1922
1923
1923
1923
1923
1925
1925
1925
1926
1927
1928
1928
1928
1929
1930
1931
1931
1931
1932
1932
1933
1934
1934
1936
1936
1937
1937
1937
1937
1937
1938
1938
1938
1939
1939
1942
1942
1943
1943
1943
1943
1943
1944
1944
1944
1944
1947
1948
1949
1951
1951
1952
1952
1952
1952
1952
1954
1956
1956
1959
1959
1959
1959
1960
1960
1961
1961
1961
1965
1966
1966
1966
1966
1966
1968
1968
1968
1968
1969
1970
1971
1972
1973
1976
1976
1977
1978
1979
1980
1982
1982
1982
1982
1983
1984
1985
1985
1985
1985
1985
1985
1986
1986
1986
1988
1988
1988
1989
1989
1989
1989
1989
1989
1991
1992
1992
1993
1994
1994
1995
1995
1995
1996
1996
1996
1996
1997
1997
1998
1998
1998
2124
2766
2894
3649
3673
3924
