Primero viene la cantidad (n) de timestamps para ambos, luego n líneas que son un timestamp aproximado cada uno separado por una coma (',') del error, y luego n lineas de las transacciones del sospechoso
500
1128,563
993,939
637,226
781,497
1211,496
1726,269
669,412
659,593
1006,946
552,360
946,538
1390,147
1861,119
501,476
1364,101
1321,612
1185,297
783,249
1312,386
401,232
745,649
444,407
724,553
612,251
1099,732
1033,752
768,549
1157,780
573,415
1206,593
1133,828
1423,263
886,603
1255,473
1328,667
1371,443
996,645
1060,276
1152,824
1182,290
748,445
876,380
1101,734
1293,347
772,441
1084,915
1934,65
868,758
1440,64
1173,766
766,657
637,525
556,252
1071,626
1325,417
576,472
1530,369
1264,294
1705,175
1740,215
1648,263
1587,395
1532,275
1538,454
947,397
1281,486
1112,884
749,704
210,167
849,617
1233,292
555,534
1309,667
620,491
1654,148
947,169
1207,699
535,451
721,226
1142,414
847,810
989,190
180,63
1239,328
1212,374
1024,954
460,454
415,316
470,283
1067,443
531,506
741,589
280,276
1288,394
1008,913
1803,106
515,451
1056,925
812,624
1284,663
1317,471
824,639
1257,370
1153,265
683,551
458,320
704,445
730,675
1656,312
1204,465
1045,942
1232,639
1095,886
1299,649
1209,165
582,526
1262,721
990,622
1227,722
799,753
995,934
998,665
938,724
1366,297
1496,460
789,788
838,755
1147,809
1149,766
844,577
1379,503
921,619
508,404
674,610
754,739
1082,385
1296,382
1805,97
799,159
1126,577
1121,865
708,501
1229,500
107,103
1115,662
745,354
614,600
1062,435
995,769
792,784
555,408
1324,660
1165,186
1599,391
737,419
1132,686
978,968
944,807
1093,900
872,809
1773,225
1061,690
1251,564
888,563
1917,72
1039,254
845,775
502,317
1296,579
628,605
1243,579
1239,619
856,796
1360,608
1132,745
1018,356
1546,281
149,63
1081,793
852,439
1049,804
447,236
463,314
1616,311
1078,736
337,336
1660,272
1361,456
1337,319
972,855
1485,279
975,248
821,452
733,661
1105,750
933,461
622,603
269,229
955,878
1035,787
1542,296
1317,467
906,138
285,206
904,826
1051,479
653,523
1938,35
987,985
1769,226
461,193
992,924
925,834
1197,165
951,637
788,456
807,759
652,507
1155,659
645,535
847,469
1074,751
1028,567
1015,656
1437,534
1151,823
1023,900
1010,870
1814,42
1086,689
1214,624
772,246
1401,439
1047,913
930,403
1376,545
1195,546
1469,201
569,318
1052,851
924,792
764,729
1059,918
514,462
1090,832
687,376
848,440
795,767
499,370
481,214
1322,333
810,743
633,606
446,378
1187,395
1234,756
1322,614
1100,658
1175,731
675,586
1210,768
1421,348
916,565
228,224
1034,617
1444,112
999,613
873,686
1046,665
753,750
1170,769
940,853
984,892
314,130
1142,815
1260,473
618,315
762,432
1247,565
576,393
825,178
923,355
1208,578
1636,361
469,372
524,395
1399,553
969,856
1022,968
1075,373
974,352
1204,701
599,384
1009,646
716,624
1089,824
1075,879
1596,349
489,382
1066,680
1269,639
1646,45
542,508
1200,759
1094,756
1121,589
1074,767
1167,810
705,448
1053,876
327,310
1141,826
1047,866
920,874
1110,338
1035,711
556,435
1385,357
1402,598
364,34
1042,318
1191,232
791,291
992,270
1040,744
921,701
587,215
726,587
82,79
578,431
331,151
884,689
953,919
1089,658
1323,658
1112,534
1090,575
1241,463
1028,668
673,568
1007,317
1406,534
808,734
830,607
603,384
1131,855
1146,731
1170,485
784,436
1485,442
1431,554
1260,656
1210,363
1090,905
667,588
459,201
1405,311
1442,508
1205,158
1233,631
959,658
893,633
1353,211
949,752
1211,788
856,751
505,428
1818,114
1099,628
1363,311
736,177
493,349
1530,197
976,355
1119,786
1220,707
1667,246
755,677
759,310
1143,299
730,483
1485,481
1679,227
641,561
1541,298
422,218
1340,609
491,313
845,315
1306,379
1229,460
1017,722
939,780
1308,466
539,439
637,569
867,540
1172,789
1287,662
677,243
469,84
991,887
460,227
1119,568
530,293
899,271
1372,428
534,535
1195,661
1116,880
932,108
587,523
657,341
1227,399
583,506
79,49
432,323
701,545
1065,234
643,222
1282,324
966,568
1366,628
1006,868
1363,564
756,229
1194,775
1469,440
1427,483
1140,558
1209,513
160,45
1646,181
408,195
329,314
786,395
1354,302
1280,384
1346,504
952,642
834,826
1369,626
862,598
755,291
375,372
666,465
761,660
743,673
1188,808
308,240
1099,797
1266,370
1016,286
840,445
743,510
1105,596
1138,535
661,144
159,158
894,544
938,937
201,144
1631,259
1538,366
1786,177
409,259
1361,614
816,618
911,559
733,596
1353,370
447,331
1166,632
1020,873
1475,408
1048,899
871,669
571,332
848,822
903,617
1118,875
1486,431
982,730
729,314
1224,663
1150,464
713,374
603,599
1090,788
955,721
950,354
1000,611
493,133
938,399
966,649
1083,317
1015,723
728,403
711,350
1428,377
4
4
5
6
10
11
12
14
24
36
43
58
58
59
67
69
75
81
87
101
101
101
102
111
114
117
117
120
128
132
133
137
143
144
153
156
161
188
193
194
195
199
201
207
215
219
220
227
231
239
241
241
245
247
254
262
268
274
275
278
279
281
283
292
297
300
300
306
319
322
322
331
335
347
351
358
361
364
367
374
382
392
393
394
397
400
408
411
412
413
417
418
423
427
428
431
432
433
445
446
450
450
457
458
463
464
466
479
482
490
499
500
502
504
505
509
509
518
523
523
526
537
559
559
559
564
564
566
568
576
581
583
585
586
587
587
588
594
604
608
611
620
629
630
639
647
649
650
660
661
664
677
678
680
680
681
690
696
698
698
710
713
715
716
718
724
724
725
725
730
731
733
735
738
740
741
741
741
742
747
747
749
753
758
758
761
770
772
775
779
781
786
793
805
812
817
824
827
837
840
841
847
852
853
853
858
864
867
877
878
881
887
889
890
893
896
904
906
906
907
910
917
918
920
922
922
925
928
931
934
936
941
944
946
949
955
961
983
989
1001
1007
1013
1015
1016
1017
1020
1022
1025
1033
1034
1039
1040
1041
1051
1052
1052
1053
1063
1064
1072
1078
1078
1079
1083
1084
1094
1103
1108
1110
1112
1114
1116
1117
1118
1121
1123
1128
1130
1135
1135
1137
1138
1146
1149
1151
1151
1154
1159
1165
1166
1176
1178
1178
1194
1199
1206
1209
1210
1212
1215
1224
1224
1224
1226
1233
1242
1242
1243
1246
1247
1247
1258
1263
1263
1266
1273
1275
1285
1287
1294
1294
1296
1312
1316
1318
1323
1329
1340
1344
1345
1355
1356
1358
1361
1362
1364
1369
1374
1376
1380
1383
1385
1386
1391
1391
1395
1404
1406
1414
1418
1420
1424
1427
1437
1437
1440
1443
1447
1452
1452
1467
1467
1472
1477
1481
1483
1485
1491
1494
1495
1498
1499
1500
1504
1507
1507
1509
1509
1512
1512
1515
1516
1521
1528
1529
1534
1538
1538
1538
1542
1544
1545
1547
1551
1551
1551
1552
1558
1565
1567
1569
1577
1582
1590
1592
1596
1596
1598
1603
1606
1606
1607
1610
1619
1629
1637
1638
1639
1643
1643
1648
1661
1664
1665
1673
1678
1695
1697
1699
1700
1700
1701
1704
1711
1714
1721
1728
1733
1733
1736
1740
1745
1747
1755
1761
1766
1774
1776
1780
1786
1790
1793
1798
1799
1800
1802
1803
1804
1808
1815
1815
1826
1826
1828
1833
1836
1851
1855
1856
1859
1862
1863
1863
1863
1868
1885
1893
1895
1897
1903
1906
1918
1918
1920
1922
1923
1930
1931
1967
1970
1970
1977
1981
1984
1986
1986
1990
1990
1992
1998
