Primero viene la cantidad (n) de timestamps para ambos, luego n líneas que son un timestamp aproximado cada uno separado por una coma (',') del error, y luego n lineas de las transacciones del sospechoso
5000
1009,867
802,541
1289,692
1026,914
580,182
1156,450
924,201
971,544
1069,547
1526,472
1083,632
852,759
1430,294
870,756
1222,499
1014,818
917,759
1510,459
1021,764
1302,690
569,394
625,254
710,559
976,304
1230,572
1249,277
998,873
940,728
1416,452
1405,521
1187,477
1362,270
1199,681
738,648
745,655
804,382
1184,536
984,701
604,518
1463,113
356,341
806,409
1043,943
1149,583
598,323
1631,285
1445,457
685,485
484,256
1430,149
1597,393
556,278
510,230
569,418
1246,200
1080,718
1361,414
1183,694
1001,456
828,735
1441,428
1232,548
1718,263
789,380
1051,824
1080,888
1076,580
1376,536
809,807
1083,367
484,427
743,743
1385,400
456,114
919,498
1081,796
1053,756
1247,588
913,271
144,144
1920,61
1363,580
1045,910
1089,407
284,281
1637,314
613,589
1131,749
1020,955
384,307
571,572
1714,165
1327,489
1181,626
1083,468
1078,851
1100,866
1045,841
818,777
583,579
516,451
1305,581
1148,112
1102,840
1427,545
1539,373
1092,431
626,616
550,515
1019,768
763,551
1013,599
916,481
741,679
710,486
819,659
422,397
192,98
1022,972
699,396
1272,618
920,676
1627,262
1677,289
980,678
1042,410
1279,590
865,572
129,122
1384,477
442,425
1004,746
1059,895
1094,666
354,350
872,188
495,329
1387,595
824,214
919,872
789,785
933,823
733,531
846,506
1074,732
441,392
1898,102
927,238
176,84
1453,473
901,479
479,211
1459,533
405,299
1012,819
1293,688
1047,223
671,528
763,588
1100,800
820,729
1659,336
723,635
1151,627
1748,218
1293,645
1614,298
1619,349
444,372
932,406
1185,355
1323,525
731,393
1807,126
1331,449
633,158
717,594
863,583
406,399
847,735
352,312
842,479
1040,960
111,44
1093,532
945,737
1078,724
817,672
441,309
943,663
1145,551
484,406
1102,332
1028,484
498,475
879,307
1061,724
778,706
1167,589
868,196
941,896
1530,432
1286,712
1149,760
1056,575
963,625
439,384
1174,684
1175,279
1237,513
1409,447
1083,696
1200,750
473,268
1131,867
615,403
963,709
1466,437
1375,604
1404,395
341,257
1018,667
1416,564
456,161
734,601
1462,177
1369,389
1041,945
940,938
1158,169
587,153
1039,668
1410,580
443,337
1282,362
1156,842
619,567
238,159
1140,330
754,390
895,802
1217,726
638,410
1263,660
892,587
1166,497
1027,841
767,602
1223,588
1613,151
994,921
506,262
1007,959
763,659
1567,393
1441,356
1752,232
1166,286
1185,626
1392,558
1230,701
822,682
1754,129
1123,485
807,778
1154,139
1091,609
1133,633
372,357
1253,481
940,773
968,770
963,163
1123,622
120,102
921,828
1011,632
720,718
916,756
509,168
1243,140
1273,456
896,282
1141,829
1456,296
485,280
993,956
1112,614
1323,354
930,580
1207,702
930,797
1124,743
1588,409
769,741
981,895
1526,419
982,695
793,719
1509,450
1355,544
810,413
1162,555
822,800
963,711
914,882
1364,257
1397,353
276,275
853,523
1352,538
340,194
365,266
998,868
487,341
1439,292
682,186
98,83
922,726
1268,682
608,505
1343,237
1272,662
1280,462
934,559
979,928
1272,714
1184,804
1239,603
119,100
300,289
1052,674
1444,374
1380,497
1167,519
1048,873
1034,938
1058,883
181,149
1271,685
540,505
573,482
587,576
665,636
1001,809
156,153
527,476
110,89
1045,897
896,445
523,407
856,481
245,38
1095,740
1241,406
1366,75
1001,598
1001,777
1277,492
1177,642
583,432
649,597
1383,201
523,471
584,515
973,900
1069,734
840,544
754,749
1167,757
1331,145
858,676
1871,90
526,361
1092,761
960,739
1469,79
668,651
725,643
1509,302
1289,684
854,810
877,761
1366,369
1042,538
1023,330
1455,379
1384,567
1596,148
888,846
950,832
736,596
1250,561
1167,687
1585,357
1159,388
1002,743
670,419
425,286
769,724
1183,500
909,722
1823,123
432,168
1324,573
867,298
953,299
706,614
696,453
866,806
1100,548
1152,805
1185,771
987,743
1474,456
714,180
1048,925
828,322
979,349
526,425
991,796
786,324
775,557
852,852
980,218
1255,656
969,879
633,598
827,776
459,443
463,244
766,695
1468,374
1003,829
1512,423
1228,348
1512,468
1362,615
1241,426
657,360
1515,421
1434,215
441,410
1008,879
1006,982
360,285
872,595
1146,151
1028,491
1662,82
927,342
1340,539
1452,123
769,636
888,823
1478,337
737,623
465,407
1515,396
771,321
826,815
1103,767
1063,355
466,269
1044,888
1112,871
711,573
1115,869
978,408
1009,643
1376,189
889,852
1068,340
1224,618
767,150
463,424
814,680
510,263
1001,336
1363,442
891,574
721,450
1193,739
884,771
836,773
372,368
342,320
953,677
1191,383
1437,455
1519,319
1549,389
1267,565
967,603
926,546
1369,529
1005,624
1158,827
1074,761
228,129
806,759
520,461
437,284
953,817
1281,492
746,664
1098,723
767,743
855,768
1457,464
381,150
490,308
847,622
337,304
1413,557
917,749
552,442
782,390
752,653
1151,845
849,573
871,258
1520,260
1043,740
1029,118
849,698
1149,840
1517,476
1003,574
1324,603
622,109
1089,894
978,511
1441,418
1084,428
1189,789
1433,332
1218,594
925,917
1329,661
1389,449
758,479
1602,368
1069,414
759,634
543,417
1849,148
1011,728
787,485
1363,523
1443,546
726,356
400,290
611,507
1087,416
1262,417
926,381
1164,664
1410,444
734,727
1466,526
706,628
925,480
1365,616
653,425
1622,325
1641,210
817,620
1340,361
493,196
798,748
832,756
1549,205
1515,469
1055,624
1285,427
973,581
201,147
509,312
1758,126
821,752
579,117
971,465
885,228
868,806
1011,952
1028,425
1007,762
772,626
471,402
694,594
1226,545
1520,415
1192,469
1545,266
1805,187
1201,687
585,488
1373,622
1123,660
870,670
1017,654
942,376
995,921
836,666
1056,877
1395,277
582,69
1151,93
384,255
934,789
1394,381
904,904
1678,175
474,471
1576,279
1126,505
884,208
570,422
696,356
1204,286
1479,218
1355,617
613,595
626,518
1265,674
1613,284
1502,497
1066,334
1185,661
1437,431
1003,933
535,386
1295,526
896,662
1014,669
1050,655
648,383
1152,441
863,354
1104,602
1185,563
1015,171
874,769
1098,839
623,329
879,663
230,218
988,974
915,630
1669,318
1440,311
1170,497
1060,164
253,244
965,942
940,785
1087,397
1237,566
833,757
1240,264
1265,696
846,806
682,673
540,392
968,892
195,115
1457,419
339,197
1035,627
779,252
575,537
754,198
1791,19
1010,956
688,438
1265,170
1117,744
724,566
1167,255
602,264
439,332
886,849
1442,402
965,755
1218,485
682,315
1157,766
289,251
429,423
988,727
1737,130
676,347
767,517
1196,637
1331,206
547,435
660,585
505,218
997,909
1452,417
226,216
211,208
1022,787
1025,44
883,862
1889,80
367,335
628,577
761,296
704,551
1180,737
775,700
730,234
826,748
1088,620
1583,365
1004,507
1447,488
1751,233
303,206
951,949
799,742
1061,876
1272,272
197,149
697,603
1157,290
754,673
952,797
480,441
935,863
1380,367
1295,475
1216,609
501,437
997,416
840,545
814,798
1377,253
553,442
672,594
584,568
323,227
1203,784
842,659
711,177
910,606
1384,517
1651,128
1084,504
464,227
635,260
748,213
401,277
1312,644
1273,142
511,137
823,762
882,664
1155,396
758,754
904,610
1028,674
1429,508
222,196
709,656
865,524
928,919
720,720
934,724
1068,870
1110,567
433,328
1149,846
546,464
607,558
1338,639
992,812
856,684
1180,794
775,394
1669,289
591,277
1370,534
1056,862
870,788
1368,379
1084,812
1402,237
889,757
1089,664
1498,477
133,32
392,278
1582,320
1841,145
1029,747
983,830
1427,561
941,322
1551,310
153,145
758,565
1160,321
1293,654
1555,438
435,288
145,130
616,169
1003,492
1037,561
301,274
255,247
1736,29
316,308
863,240
1055,540
1321,427
928,346
1133,818
651,553
947,512
1051,717
1768,210
729,519
1235,45
1023,958
1049,948
1482,459
243,184
581,363
1079,684
731,707
1031,920
834,614
713,559
1021,879
962,955
257,131
1488,423
1568,235
914,618
1458,525
1018,918
1653,205
310,214
203,185
670,249
956,648
1399,492
1186,684
891,670
757,319
1020,633
975,751
808,217
585,565
963,805
1055,543
787,759
673,546
1122,529
966,856
693,230
1212,218
1120,356
1425,545
719,198
1375,428
138,49
1326,552
1304,572
997,560
1136,346
1084,110
1102,79
1860,97
930,916
1270,430
967,114
1575,403
1207,592
327,214
763,759
894,481
534,224
516,333
954,910
856,659
1683,255
972,757
1164,463
1278,215
1234,296
1417,453
1161,473
1075,647
1432,507
1194,796
144,110
1143,519
1016,982
1062,864
1126,788
970,648
299,200
1620,318
1024,718
1108,872
981,325
584,576
1177,548
773,528
857,719
651,591
354,354
1191,658
1236,224
1084,371
1848,63
568,481
812,326
941,927
860,675
827,671
1598,386
1259,711
996,690
1418,535
305,238
891,670
799,790
1434,421
809,609
1068,570
352,338
1255,687
924,642
1104,515
1354,549
1078,862
899,703
1742,232
1499,157
605,512
1858,134
1864,116
1213,343
1115,578
1061,661
1131,632
832,811
783,639
883,875
946,518
127,22
1070,900
270,265
1296,608
1052,574
460,310
1488,511
807,233
1216,362
882,644
1021,631
298,146
787,787
1063,850
1443,201
916,910
1228,211
1569,308
1893,101
1167,672
1402,262
1688,270
1016,659
775,485
1053,737
1039,765
1525,371
628,254
1106,657
792,745
568,398
434,410
616,524
1414,511
1038,629
565,116
966,838
1052,745
996,552
921,454
913,547
1127,207
780,350
974,961
1505,364
370,14
937,520
854,638
354,341
1071,65
591,551
812,730
768,596
1220,754
835,830
520,373
1237,754
1253,741
1468,506
977,558
1250,464
1049,680
968,346
1086,841
300,202
1098,653
880,817
977,751
471,400
808,344
1292,415
1743,102
1505,479
994,904
1187,419
595,404
656,652
973,870
808,600
1065,625
619,329
1055,311
753,623
284,201
981,820
1337,569
506,359
1094,740
863,166
971,815
580,205
488,187
272,215
938,436
659,451
913,318
935,894
1146,798
933,913
1501,268
1578,270
729,666
180,164
1774,178
1744,236
1630,330
723,703
796,528
677,426
1737,217
967,837
1367,408
1253,335
1163,521
1324,652
754,564
1101,722
791,722
699,575
781,241
860,583
734,427
633,519
334,297
879,140
426,226
786,639
649,267
1440,427
741,616
1302,574
979,889
956,423
1477,516
396,388
1562,236
667,92
218,132
882,413
1139,632
800,793
1241,422
1177,580
1379,235
779,213
544,321
640,406
133,28
695,587
1000,382
1018,717
836,373
607,352
678,572
821,578
767,757
1556,294
1382,442
919,585
1092,572
614,586
753,735
1141,447
1466,495
1429,486
1216,714
425,378
1946,53
637,573
672,538
1089,689
1844,125
763,668
758,525
951,798
1030,418
470,416
1397,438
664,493
446,174
835,661
1388,537
965,738
1341,422
860,662
1355,390
305,167
1034,769
981,251
688,84
1057,573
1063,927
1669,192
977,638
1634,302
1366,350
1503,463
1577,323
680,617
900,875
522,453
1046,770
382,329
993,122
1242,370
764,543
1280,465
972,137
954,657
699,689
423,343
1461,143
547,520
954,642
1416,331
1160,132
1163,498
1349,587
580,526
786,783
1327,668
947,219
441,399
710,694
1413,579
627,610
1664,239
872,492
943,746
1742,245
1276,495
649,496
870,664
918,839
1131,830
1073,592
1304,486
1290,112
579,565
1252,590
1017,191
750,240
983,271
1201,528
236,179
1414,435
1434,447
1115,728
716,581
1709,290
887,858
181,133
1267,331
578,544
1260,505
1273,510
1457,261
1493,464
1245,583
579,548
551,310
914,86
1749,194
1103,797
1877,101
896,758
1403,293
973,735
844,463
855,438
1365,567
298,118
918,802
706,680
1018,435
765,684
1690,252
709,653
608,594
411,324
437,132
752,683
645,394
1154,297
880,880
1217,293
774,643
466,366
1241,359
1582,341
1356,577
551,343
723,511
1364,610
968,930
1492,451
799,749
1212,606
740,347
1003,852
1158,430
918,864
716,436
1132,275
914,206
843,478
1527,412
1148,521
1104,818
1147,799
366,170
1537,419
794,593
1123,577
1661,104
765,556
1113,694
1265,543
847,394
1004,664
694,671
1008,722
1111,742
1478,365
367,361
928,894
830,515
915,850
1148,356
543,115
1442,506
1579,419
988,184
1079,459
1016,900
1540,58
949,897
1517,378
789,571
1230,731
1716,161
1325,603
1523,454
1672,49
320,120
1291,694
835,659
789,577
1153,396
1078,405
343,325
678,66
1179,639
870,772
1207,685
1452,518
796,580
1120,623
944,611
1256,386
905,869
1676,178
744,409
615,444
838,813
1355,514
280,247
337,323
735,697
85,79
609,570
934,757
1295,605
1186,536
999,515
1249,638
952,924
1577,187
1155,244
1544,332
803,469
1013,83
875,327
1046,169
265,153
842,312
741,229
1020,854
892,889
1214,767
968,462
456,322
222,138
1073,619
187,181
1389,410
1572,395
539,275
705,680
292,232
1222,568
880,872
1034,640
1037,467
641,485
1233,723
793,634
1207,511
1208,413
680,438
757,367
1126,713
445,386
462,312
780,493
1144,642
312,276
1277,194
958,827
697,688
429,275
890,819
925,915
340,295
1059,431
923,753
1872,49
1067,906
737,532
1003,741
1444,520
1205,795
1119,808
1491,396
581,341
1021,526
1163,737
1229,517
1010,932
863,507
499,46
1496,435
1061,835
532,158
982,684
1337,644
1101,426
1622,315
1238,441
873,846
134,125
550,74
546,219
1157,614
1411,413
1009,869
596,268
1034,559
1042,93
869,801
534,157
965,792
161,155
496,448
447,280
1175,371
1172,796
1229,674
1137,850
1361,384
556,544
1307,422
1171,663
503,331
873,602
1435,427
1351,602
1198,469
670,592
1197,586
1283,571
1082,647
1142,695
322,186
367,327
742,526
1090,883
1859,141
1512,292
966,770
890,674
353,276
1394,543
1209,464
1647,324
283,201
747,211
919,869
382,308
1263,478
1052,899
834,797
655,550
828,371
806,749
1423,354
1059,666
1129,134
1152,679
859,856
1772,194
1443,545
1381,269
706,619
942,835
768,461
1013,847
1886,110
618,527
937,418
329,206
533,456
1119,639
747,623
1170,785
1258,658
1669,218
904,745
1451,37
1526,452
962,955
674,611
782,346
1409,572
384,378
1690,293
942,752
702,621
1029,903
885,730
1137,817
1145,501
1445,452
1346,509
1102,715
1579,254
1626,371
436,390
1274,209
432,390
1479,318
927,609
1109,357
752,356
859,418
1026,723
1176,162
502,355
1450,113
1274,530
1051,822
1323,449
831,518
951,677
866,525
1000,777
718,403
1372,531
914,848
762,403
618,619
1744,207
687,556
1548,341
1354,218
952,495
408,286
1369,224
1330,549
978,633
821,172
1336,338
1056,857
766,723
611,303
684,622
1160,480
1647,156
1002,408
940,182
935,413
894,220
850,346
1128,652
1203,690
1240,368
1356,534
840,391
1180,536
1122,339
1877,121
775,709
1844,55
837,817
1148,791
454,269
1039,809
1253,699
958,868
897,283
231,25
652,651
1659,304
832,711
1102,751
1123,768
1056,936
1480,445
866,492
681,451
1001,943
906,767
1143,375
996,977
636,545
886,868
841,562
1017,959
1130,411
1364,499
789,620
879,597
1180,602
1098,754
1169,675
461,310
1109,770
1359,332
1347,627
1166,201
1058,549
823,398
1485,498
908,592
537,457
702,577
294,237
1046,161
698,549
1259,348
1662,91
890,551
1110,440
268,253
981,589
249,180
870,119
1084,357
1071,163
1374,275
1025,800
986,958
936,358
1017,448
1191,319
1302,546
841,778
1410,204
1299,686
900,491
1593,245
231,162
922,578
1092,811
881,412
537,194
1690,103
1257,184
1162,816
988,784
1537,287
655,298
694,632
480,428
1529,245
1538,186
1008,460
803,665
411,167
856,822
934,360
1263,717
1248,691
1285,571
1023,823
682,668
1225,645
463,433
905,877
858,369
1465,522
1161,483
739,673
1065,510
1254,325
1481,484
858,636
686,475
1098,676
1153,550
1432,505
1687,288
1566,332
653,651
652,572
990,462
760,667
1623,300
1371,453
286,225
1044,679
463,445
767,615
896,689
979,967
856,613
871,694
965,963
1687,69
1306,449
428,247
559,543
1121,839
870,846
690,549
1344,248
597,544
1213,681
803,725
1061,631
870,857
760,487
357,227
1003,506
1269,547
693,317
832,698
1407,487
687,367
637,586
1311,620
852,832
1760,175
1810,190
278,272
938,935
1245,743
1613,358
1860,132
1480,212
885,879
757,576
698,678
1053,743
956,568
1081,326
445,160
1609,237
1513,371
1501,444
1594,297
1177,784
286,59
1276,332
1009,969
608,485
994,849
960,737
608,544
1396,381
1594,330
1374,377
1713,168
1348,451
787,576
521,448
849,749
1652,329
777,413
1486,462
1484,298
769,679
1645,346
1193,684
863,393
1320,611
438,389
644,506
844,32
864,766
980,334
989,286
1701,186
502,448
768,591
876,602
852,706
1832,155
1432,488
1374,545
1026,955
1584,279
717,696
1034,468
1088,814
1025,971
955,634
637,449
1467,369
977,663
820,625
1158,820
1054,752
606,421
979,668
779,688
643,522
1677,123
496,409
1265,558
346,224
1888,80
346,186
500,423
790,712
223,209
1604,316
1142,708
1284,498
1241,759
555,307
1523,402
717,282
1456,544
1358,329
694,323
633,268
1552,287
1029,367
996,642
938,733
319,253
681,548
1209,276
749,742
1067,774
978,928
1398,373
1403,244
366,350
694,420
1148,789
1445,454
1105,709
1096,565
946,639
447,335
1081,365
882,738
1515,413
771,179
908,899
979,627
1108,839
409,345
1417,455
1220,608
468,181
1047,666
1367,361
1676,324
497,264
1139,687
1297,687
1132,830
1027,817
543,160
892,695
1201,99
1267,598
841,21
355,162
810,676
1049,863
405,257
1057,904
208,27
1018,741
1116,807
1098,846
960,407
711,388
900,475
1013,606
1083,916
827,579
1079,822
1423,286
943,764
864,129
1712,273
854,555
590,328
1345,369
939,231
1085,784
1302,432
1127,707
778,660
917,62
539,126
1336,656
1422,554
313,313
1228,207
937,504
1341,596
1192,765
1557,45
942,795
1311,680
998,873
779,618
1306,693
1196,439
596,567
1136,745
989,435
896,838
1235,613
1531,213
957,838
560,539
914,509
972,14
1270,621
1096,718
519,145
1328,653
534,463
832,702
1187,286
955,830
253,253
523,491
947,533
1173,692
1087,336
855,732
1589,377
1793,171
858,328
1483,394
702,616
1020,619
862,499
962,289
1351,616
1358,576
714,679
776,632
1323,457
958,911
1231,656
1625,317
740,252
1042,952
796,790
1449,328
1314,563
510,414
710,368
1485,259
844,716
1151,712
994,989
777,409
1356,172
71,34
270,200
1019,527
182,153
1032,906
902,522
1838,37
1105,795
486,486
484,328
994,950
1178,678
1137,698
916,914
1408,188
918,811
1086,501
1165,681
993,782
1270,558
1542,400
1452,337
1178,691
290,242
904,210
845,716
1123,401
833,131
1288,345
637,381
779,694
1075,706
1372,513
1062,435
653,445
810,783
1344,606
969,957
461,323
978,960
994,732
112,21
239,199
924,841
1245,684
1426,510
1244,432
786,668
1157,825
1325,245
1635,341
777,733
854,585
1168,186
1645,283
1200,625
1796,178
116,87
238,178
179,158
883,865
1750,199
977,744
485,284
1018,891
1923,61
1635,327
1401,252
618,590
1216,573
766,198
1575,376
1301,610
1514,470
1012,972
1158,824
588,494
440,358
1452,359
1952,35
1036,749
1586,262
729,561
1503,343
899,723
1035,789
1449,546
927,480
568,405
153,153
591,504
690,545
1607,301
1386,566
1026,838
1040,807
1151,565
588,509
1554,107
1556,428
1472,526
1230,761
311,294
1209,531
715,82
1854,28
897,638
953,901
1108,750
1342,279
601,436
1101,766
1263,384
1455,328
1121,551
763,135
216,211
1720,208
1295,546
424,212
969,927
717,709
1190,521
1284,571
1792,200
198,173
582,485
1184,788
957,491
744,483
931,280
403,319
549,532
441,155
1321,621
967,961
677,387
582,356
483,292
588,575
948,518
830,362
1580,384
598,569
1310,680
1013,306
1291,638
1143,706
1675,324
592,572
330,50
517,352
637,621
1556,419
796,358
960,684
905,570
1623,185
1372,425
1239,757
1744,198
424,259
317,289
1235,525
1074,584
598,561
1286,708
1698,67
1000,599
937,736
1362,476
1099,686
780,779
1695,227
1631,295
590,362
137,103
840,766
1218,764
1163,808
1040,687
933,901
963,367
1072,696
1165,486
1432,568
1651,286
1442,113
1195,768
574,463
801,795
1360,639
1344,538
1441,466
1090,714
663,437
930,531
1056,902
278,261
566,473
805,360
962,755
649,604
1410,584
1068,898
1133,767
1399,215
1165,341
351,202
563,521
577,527
1103,621
1183,717
1380,269
703,410
1394,524
1098,641
751,751
546,482
847,510
1059,740
1055,942
1031,908
1213,670
637,143
1079,277
1513,327
904,687
1222,752
654,552
474,261
1406,171
1280,407
917,876
1341,335
959,874
994,870
684,560
1051,937
1195,776
967,419
1383,599
1139,218
1110,277
768,734
886,793
1349,312
1311,571
707,579
920,368
1445,459
966,510
505,487
1440,135
1466,267
255,157
409,240
251,251
961,668
1047,822
444,276
884,662
1497,493
1272,545
1262,486
1413,504
1697,283
365,201
1362,145
1376,548
170,129
746,731
1176,505
698,652
678,565
1102,719
887,645
1469,71
976,531
358,80
1162,820
1072,711
1525,450
1776,162
724,653
1579,318
1505,262
299,293
1478,390
1214,753
799,332
1184,327
960,429
1069,833
1068,410
1170,367
565,431
1011,555
373,356
859,740
1643,143
1078,884
1303,696
412,193
1187,514
689,434
1006,792
1223,755
1397,595
1340,510
1514,262
888,854
1879,97
1115,847
330,317
996,779
681,462
814,684
1118,562
431,197
630,215
767,715
1032,942
336,301
682,672
1836,121
531,230
721,706
1042,875
1181,561
345,233
1021,864
798,263
814,657
1099,553
1039,811
763,528
669,374
818,802
726,92
772,554
196,161
831,585
360,190
987,680
1256,480
96,75
804,761
1012,629
1060,439
1677,287
1026,867
522,382
1408,487
798,724
1079,648
833,833
1590,408
1071,281
1536,437
892,680
329,153
1469,214
1173,478
1357,471
895,857
1004,994
971,602
1134,747
1093,822
1094,85
1319,669
1106,812
894,421
1592,7
1039,955
147,83
956,298
1164,700
1545,278
838,620
1724,32
212,193
914,514
870,800
843,365
393,225
1001,809
1525,469
1193,647
793,594
498,412
1913,31
279,216
899,814
870,795
209,118
918,736
291,174
1034,419
236,121
766,238
1215,735
771,496
1648,305
757,313
1162,256
1027,904
924,855
1019,588
1060,636
691,650
711,548
1162,689
1280,505
686,685
753,484
1104,416
1062,541
1841,153
636,373
1334,493
831,757
871,856
1405,546
804,491
1247,751
1336,588
1226,729
1074,606
1578,67
855,545
474,439
585,475
511,319
492,486
412,391
802,435
929,187
433,431
1394,360
644,460
960,821
1676,215
1670,304
1027,718
1090,893
1139,418
1546,444
593,459
1053,11
891,888
1079,892
1514,106
363,222
655,562
1486,89
878,829
681,515
1101,865
1017,390
523,22
1094,893
1501,225
1125,666
1123,795
475,230
932,434
1568,290
1006,973
1224,700
948,576
338,259
1061,454
646,390
772,437
1079,279
1099,891
963,878
1311,593
1313,591
806,721
1262,394
850,814
1084,574
1713,231
980,817
837,748
1445,333
461,452
1005,268
161,112
1117,287
564,564
1448,471
1642,281
1142,644
708,704
980,957
507,342
1273,575
1344,569
974,657
930,797
1419,543
1018,795
641,573
980,977
880,226
845,318
880,806
1005,995
608,65
423,363
1625,307
403,352
181,178
896,704
1288,666
877,817
888,866
928,895
595,490
1310,635
245,213
1432,297
856,665
849,846
1004,903
1053,282
1717,245
788,359
228,202
1226,725
1179,414
1134,232
1267,470
277,141
941,614
805,760
186,133
1061,618
687,205
1162,330
892,526
1230,337
833,522
655,566
1148,485
1304,672
864,457
807,718
587,558
956,682
1069,580
1012,945
1217,273
1427,153
951,828
719,685
1252,522
706,210
337,310
450,376
1071,582
1166,797
680,260
939,819
420,398
1278,302
708,158
1804,192
477,413
735,615
1223,342
1267,286
1137,332
1025,936
1149,712
1595,404
642,491
662,196
991,961
671,339
1009,960
746,654
1399,477
1461,167
1318,520
1632,164
855,479
1091,800
1321,578
913,637
662,165
514,98
1659,123
1078,805
1126,871
688,496
932,747
1061,799
1279,321
1751,151
1816,105
1030,469
1045,493
297,255
869,451
1551,370
597,451
1019,573
944,726
1327,642
240,89
809,805
1165,510
925,129
432,361
973,955
568,458
976,943
1057,321
1240,632
1244,384
1209,699
1711,178
761,731
725,331
1012,461
1473,190
954,945
944,257
1425,575
1318,589
1555,396
552,425
1108,695
369,281
870,802
942,377
398,264
475,355
1375,405
1018,946
1020,967
1489,454
744,475
1012,335
1630,315
636,490
878,873
862,722
1057,786
1060,934
657,263
1373,579
1010,767
624,589
1358,462
1162,504
1406,484
1248,562
1250,382
523,491
1295,367
1137,387
818,731
692,627
955,934
1782,198
1507,433
1043,486
502,332
1066,923
737,720
873,548
1264,633
742,711
1358,642
1371,316
949,833
796,240
1069,684
595,584
1008,880
1627,354
1105,857
583,542
1153,728
941,748
1058,767
149,105
245,230
1508,432
1237,544
1839,78
827,781
1044,700
429,427
1429,367
469,446
932,447
801,305
1005,940
538,524
759,506
1513,374
559,406
1873,94
1198,253
624,480
1332,533
1846,149
1611,378
1078,805
1680,37
1428,383
580,199
283,276
1329,657
1095,531
1975,17
839,525
1073,188
757,634
1077,865
710,665
1480,482
1418,515
1062,523
1896,95
347,330
800,613
1649,226
634,535
1511,350
792,671
1028,846
944,659
509,248
1307,295
1024,909
855,383
585,524
730,685
990,775
862,360
1273,342
189,17
1648,349
849,806
1005,943
1127,738
698,563
166,111
1543,242
679,590
1480,234
1151,713
1022,491
1797,186
1316,373
1205,678
754,713
591,377
217,175
539,439
459,287
1024,968
1264,516
890,871
750,216
433,282
646,500
1887,72
742,624
811,785
815,688
714,639
635,447
1300,496
733,634
976,721
1341,265
1670,91
567,549
635,580
1097,642
1252,354
1844,132
1266,684
1084,701
1028,523
1065,747
1272,424
1309,547
1127,834
609,516
593,577
1198,631
940,726
1367,123
832,689
842,623
516,360
1369,523
1933,25
603,353
933,578
1737,259
1217,612
227,90
698,308
672,542
663,416
865,343
273,158
1137,173
292,254
711,707
1712,118
1106,885
1360,612
1656,288
529,308
1591,279
676,651
579,295
359,352
1061,384
1347,330
1005,705
745,341
1306,685
818,487
833,210
792,672
1414,580
1182,781
815,678
1567,228
1404,376
1116,659
683,563
1169,817
742,369
1321,666
832,663
822,491
1287,285
705,692
959,409
358,81
432,352
1007,899
810,375
997,818
1455,399
681,535
550,396
381,212
1411,573
1139,426
395,355
608,599
874,330
480,465
1059,654
1126,640
870,828
282,147
1188,197
835,326
271,265
782,483
183,142
317,300
1018,855
968,952
1104,785
1159,769
370,231
1168,711
206,132
1837,140
1206,782
463,427
1801,50
529,530
812,802
920,901
967,502
351,318
720,508
841,787
1586,395
1277,689
574,283
1392,85
1118,850
962,410
1071,277
621,84
1001,194
1125,668
1590,382
1416,474
1734,198
1196,637
1691,278
557,554
1320,625
1179,452
1501,289
1682,265
937,156
560,485
1575,267
767,734
665,650
954,671
1358,339
879,789
313,159
652,233
678,645
1028,879
973,902
854,442
1368,562
832,739
1238,635
965,390
1181,698
740,690
1346,507
357,230
657,654
371,281
1017,597
729,729
1006,759
1256,641
1129,641
414,329
1533,194
1275,70
453,186
990,75
1467,486
839,673
1325,652
225,206
714,670
1760,237
1416,521
1392,336
887,766
1284,662
1809,184
1535,361
257,172
895,458
976,949
1204,727
30,20
1415,392
1071,792
1304,649
502,81
1159,708
811,554
323,254
902,509
819,716
712,489
877,536
971,967
997,269
1431,297
1563,416
580,123
1080,645
1063,852
1209,721
1216,725
1030,484
838,155
796,502
982,624
555,505
1230,674
574,522
625,287
946,828
1073,909
1119,593
770,545
738,292
860,479
1130,309
1560,385
1125,813
1186,782
1029,617
401,315
1209,526
1158,766
1427,537
726,169
1013,980
1156,321
1238,732
1663,185
1477,360
943,653
327,196
819,642
928,425
169,108
661,282
415,279
663,554
451,197
800,288
1118,803
983,314
1010,883
1117,776
489,423
1209,308
796,599
415,161
1038,781
1431,546
740,339
360,336
928,591
472,374
1111,643
1105,807
1719,118
929,178
1026,609
306,151
1171,717
657,340
1172,715
1583,290
789,679
918,604
1512,166
1746,152
1643,264
1203,360
768,667
1232,766
1041,917
999,921
638,631
693,645
1000,879
1233,584
1205,383
959,693
954,821
1020,191
956,416
757,733
1278,583
703,463
1724,112
1589,240
328,228
1194,321
1007,872
592,451
685,567
794,270
1581,313
426,400
206,134
1394,567
934,855
1377,426
1330,511
1010,781
1732,149
737,603
1693,254
1519,368
1379,278
1230,756
914,376
1061,782
972,587
1395,493
848,567
839,382
364,353
991,968
987,548
505,493
964,749
1576,362
628,269
990,868
1203,334
862,154
969,258
1064,801
928,406
1831,142
1331,371
1009,891
854,586
1486,420
794,640
1252,594
914,237
531,127
689,554
907,744
698,363
1662,329
669,280
1700,188
1126,600
801,618
1179,454
897,743
919,908
1000,979
404,350
1351,414
800,669
1075,276
1086,411
1530,404
365,172
786,284
1038,619
1840,124
971,403
1094,430
718,583
612,117
1045,786
984,764
1146,560
1055,886
1063,675
969,515
1003,247
1992,8
382,195
970,275
625,232
988,981
850,785
1292,540
1349,319
275,156
773,681
689,690
1291,326
1262,533
849,594
838,228
871,631
1042,285
1720,253
1263,184
1547,440
1784,135
666,590
306,198
996,411
1051,556
1560,100
267,191
1025,897
1297,221
1390,323
1533,315
1120,706
683,633
1856,127
1396,559
957,596
579,569
588,498
1708,271
614,503
893,657
1347,620
255,211
561,553
712,225
668,636
608,414
774,334
1414,501
1618,152
242,240
1161,328
1291,594
1346,115
458,326
1507,137
1470,448
1336,455
222,116
1091,821
689,679
752,740
1520,449
1704,282
1055,844
422,225
745,713
745,554
733,661
700,92
943,829
891,831
962,729
825,653
813,701
1010,306
1017,401
931,683
871,350
700,383
1268,598
920,770
1025,761
964,771
1074,918
1045,613
1249,492
1099,838
1723,101
713,690
664,499
999,987
1066,766
1393,606
751,642
1409,555
883,668
1033,815
746,675
1783,149
980,367
895,434
950,594
1057,542
329,269
1231,574
720,683
1543,115
601,386
1509,265
1193,698
1142,694
953,886
1533,298
1290,457
644,635
972,692
884,704
1523,430
950,209
1080,581
1523,404
1001,820
416,100
972,959
556,536
748,703
638,629
1381,325
553,506
32,28
1086,649
567,501
997,741
880,881
561,437
1366,632
1686,212
1042,895
1401,548
889,725
809,618
798,436
1843,74
1285,570
578,492
1548,113
1572,251
989,942
1476,415
1069,489
1010,156
1087,748
647,590
1170,707
415,391
1594,386
1108,163
1536,423
980,799
851,446
568,419
1595,344
515,346
880,467
707,691
795,619
622,428
245,170
794,708
936,687
1226,676
1133,843
703,264
602,464
1493,173
1317,327
1453,375
698,669
1076,864
1052,677
792,525
1306,431
998,713
1036,530
566,565
1071,580
1448,320
1257,653
457,457
984,144
1343,385
831,598
610,174
1510,172
850,549
979,699
1320,370
776,483
1548,358
932,699
1481,238
1434,360
1092,542
1603,248
987,842
841,395
1104,813
956,886
974,556
1184,776
713,631
358,194
299,289
814,740
1092,662
1608,337
1313,577
1100,870
770,649
816,787
1489,476
401,232
802,435
596,313
1297,665
865,617
844,589
1558,360
882,750
1201,477
922,877
802,724
335,322
272,147
624,254
279,75
264,254
331,180
878,692
797,765
575,562
376,368
1455,446
815,175
1056,886
529,441
1077,880
783,375
943,838
835,776
908,540
1204,719
634,215
897,872
839,679
604,173
1212,751
1484,397
986,637
1154,300
166,119
1378,569
855,587
1221,282
1210,539
384,176
741,696
584,416
642,635
978,769
1209,625
873,61
1028,274
337,163
1029,545
727,454
1079,142
1190,574
861,742
486,94
743,597
744,416
1061,936
684,388
1691,259
1188,636
1249,350
1794,179
93,70
858,367
1124,834
1024,117
912,437
899,525
644,618
884,827
1090,694
1624,304
816,568
1109,513
724,709
1181,683
1259,367
747,747
433,144
337,231
1387,561
694,658
205,151
827,441
617,577
1625,241
1177,729
956,924
1134,728
733,631
1103,773
927,800
1223,611
355,345
1071,927
606,354
463,441
943,751
1235,454
252,77
1161,614
1094,608
1879,100
796,572
1258,360
948,597
916,679
785,683
150,148
1356,465
1549,450
1623,321
1151,540
1186,342
1337,487
461,402
1185,547
615,569
794,723
666,414
490,247
831,437
1632,245
1109,722
733,419
1210,787
1001,834
770,615
877,585
1007,907
1363,532
519,185
1052,840
1001,158
108,102
1202,598
992,213
1194,676
1329,457
1020,763
1078,894
1050,884
354,64
1059,813
833,427
854,405
923,516
551,425
900,725
1219,608
1363,516
1237,637
931,870
1407,547
1725,89
1075,691
1016,788
819,774
747,683
1038,736
633,304
1375,342
1029,704
957,773
1127,799
177,86
732,539
992,861
842,732
241,235
539,372
857,644
1947,49
1259,366
1172,456
890,795
627,105
1311,567
1353,599
781,136
1583,196
740,311
494,390
881,611
1358,584
546,490
801,555
67,38
1473,496
918,425
1353,613
1098,252
1249,700
584,460
1460,321
1169,728
1039,914
793,591
1391,326
1100,782
1843,30
1151,137
801,438
458,293
608,384
1319,436
716,228
946,88
1087,702
1494,96
1238,511
300,301
1588,285
741,577
1539,324
1331,181
275,219
949,507
993,879
496,192
1221,716
789,724
1565,433
988,719
469,398
1587,127
1056,621
1100,233
897,503
1184,537
1465,526
629,624
1597,193
1125,387
1334,642
856,608
1394,537
936,598
812,372
1461,258
1281,467
1106,575
444,437
942,348
993,993
901,622
1289,695
1624,244
1433,561
1382,361
1262,471
1059,390
1000,371
1449,525
903,754
292,267
1180,363
769,157
748,354
1595,267
1181,524
536,363
939,867
999,326
1415,531
1509,103
1190,350
1174,441
795,667
825,206
518,440
756,214
802,412
886,620
1125,696
842,159
1203,780
442,183
834,754
641,571
499,280
1244,295
1225,713
1693,206
690,670
1088,887
761,517
1019,825
1127,304
500,268
913,437
430,349
1167,401
601,180
488,454
837,569
1227,702
829,697
958,857
272,122
1440,501
1340,409
822,631
1059,941
1444,318
480,478
939,649
1272,388
1207,706
1442,440
797,518
1436,304
1366,592
1183,764
1042,227
1215,471
1118,602
1015,952
108,55
846,621
781,587
896,832
1216,704
869,611
1431,553
1005,959
1091,897
686,473
1758,81
1223,610
1791,94
1068,369
786,450
1807,37
986,796
702,559
1453,431
1406,538
1071,447
1511,338
1180,722
751,712
891,740
859,503
773,520
1398,233
597,236
489,395
1077,877
609,523
767,634
1002,510
1362,416
848,273
1806,186
994,819
1283,516
1590,261
396,276
1159,773
1594,251
1666,116
946,458
1000,546
1462,143
1191,710
967,447
275,150
1010,915
1316,438
953,581
963,854
1572,424
635,611
485,282
1394,229
1191,479
848,769
1122,848
878,572
237,46
1582,412
923,712
1270,730
1083,755
847,615
740,671
1387,525
850,681
1014,745
630,282
737,578
280,280
1373,217
357,318
750,576
1317,462
663,509
571,79
1438,406
1162,814
1105,888
1043,621
1407,211
875,751
1344,589
1378,480
1533,347
1011,709
956,824
1020,534
1219,224
670,526
1741,100
1377,247
822,197
736,631
720,328
796,513
1360,557
1043,714
333,272
236,215
553,184
1193,425
1464,160
1304,541
1559,374
812,777
886,684
1010,423
987,292
1841,133
47,29
823,231
1129,837
1083,870
1172,641
1274,669
1195,603
1675,321
933,787
1391,547
1351,422
1596,222
942,681
824,818
1147,279
767,468
1563,361
971,316
881,800
430,275
1243,458
1311,643
231,225
1080,702
671,645
1498,201
742,538
1317,454
614,235
717,269
1070,778
987,621
548,254
572,565
878,752
992,737
715,456
1236,475
733,596
1096,778
1171,589
1036,905
1497,460
1811,122
527,524
985,928
372,311
1323,406
1181,439
768,423
1377,395
586,363
1315,650
983,379
947,695
813,65
508,466
1562,320
1300,529
935,487
588,273
1197,514
719,670
611,413
700,638
839,829
1103,685
832,796
660,198
886,560
903,790
1066,286
467,396
354,279
659,454
1190,659
1028,858
813,644
870,565
1055,936
346,240
852,625
1051,577
469,325
824,671
1000,314
609,326
726,667
1128,746
591,125
1571,147
982,846
1154,826
861,407
1412,392
754,731
1201,642
1097,126
452,310
904,192
805,695
928,155
581,281
900,816
717,390
715,701
1635,270
541,200
513,491
907,722
750,690
1123,722
743,510
1020,661
1096,836
1451,237
817,557
1764,218
1369,426
1070,423
1353,293
945,801
282,147
580,574
1124,488
1601,79
1520,306
1440,415
845,712
1089,573
1334,312
1830,144
1031,811
373,258
883,821
1578,415
1089,744
1085,592
923,262
1065,395
1331,254
930,898
979,506
964,947
1859,115
992,950
775,675
1427,559
1058,418
359,177
984,803
347,226
705,442
643,629
1474,485
1625,141
1154,762
694,567
705,221
1449,423
699,543
1280,323
957,323
979,637
1259,490
743,330
1028,529
572,313
1020,349
1046,834
1189,709
894,578
955,933
705,609
772,588
936,104
1431,539
1519,437
955,943
1325,378
1130,746
1611,74
1031,625
1834,158
432,395
1563,367
1187,546
290,79
411,308
1022,865
1377,225
1361,569
944,893
1706,260
879,142
812,684
460,448
559,497
651,296
1229,649
1694,301
952,632
1075,853
1195,572
1072,791
1330,294
1596,254
113,40
1462,350
1867,133
570,332
1313,177
1153,755
1105,852
907,885
1312,681
1499,130
1055,902
940,251
1231,715
1505,393
1121,742
1174,631
445,350
1097,262
1283,458
1293,457
819,757
534,467
745,635
386,106
1250,653
1008,638
840,618
1583,371
902,622
499,278
861,656
904,827
1354,558
566,463
536,194
668,570
714,107
748,605
1218,409
488,352
1068,526
975,158
1421,574
953,434
563,511
836,826
645,547
1635,254
1367,579
1131,380
996,377
1392,376
879,838
914,883
1616,326
1103,748
627,516
819,734
636,332
959,172
1527,470
1074,152
1031,600
1377,388
230,145
1746,219
1279,580
840,828
832,579
211,159
1147,720
1430,326
1726,271
947,671
1833,167
1281,505
1060,376
982,822
1151,836
236,225
704,433
300,88
1264,488
1093,516
635,88
1150,342
984,866
696,510
772,687
833,638
1261,670
895,687
496,460
575,331
823,719
1407,430
1326,655
911,699
935,923
403,275
1674,73
1433,497
910,820
1222,416
137,47
1399,312
994,881
1450,217
646,258
478,478
792,204
1395,579
1194,792
997,700
1384,509
649,620
1139,835
1181,816
976,474
1263,352
1017,818
585,555
778,388
903,640
1440,439
1224,648
1001,620
593,575
1935,43
608,528
1184,275
1350,438
1706,207
522,314
564,403
1427,308
975,457
1057,610
1109,485
1247,218
913,617
1120,846
280,167
1207,499
1471,499
1063,720
190,76
1438,236
648,634
769,679
1198,552
564,498
1642,320
705,554
930,575
943,790
1707,293
1301,458
717,707
1077,756
781,138
472,412
1513,251
636,607
1405,588
324,277
831,476
1291,223
1598,283
1910,45
1054,919
969,420
1010,875
1204,491
1927,59
1057,875
1512,279
1053,441
669,620
1595,145
1064,809
478,260
1437,551
530,518
1477,431
1332,555
956,500
1328,579
1295,337
399,106
669,496
1795,155
1072,599
356,243
1220,276
1117,882
994,800
970,809
974,960
837,592
1044,688
987,301
372,219
563,407
1419,524
1434,456
1800,164
172,137
1330,40
693,629
288,163
1009,304
1726,237
448,393
1582,366
1067,480
774,515
254,241
1129,825
952,366
461,303
1208,756
1306,132
1026,674
1367,501
736,541
1961,34
1298,141
1330,485
601,529
1508,407
1435,349
250,242
1378,507
777,289
1481,517
1004,858
1192,484
942,504
1095,613
1182,793
1072,817
1560,416
976,976
1064,914
305,269
834,192
980,371
1331,341
1138,814
1293,360
1211,684
401,150
1113,755
630,508
559,505
1013,964
563,313
1000,832
498,401
1877,47
1382,566
255,227
1205,575
1530,378
535,471
439,387
1695,300
1010,873
1309,209
308,305
42,36
1029,777
916,504
986,903
1129,618
1115,384
1466,55
1293,591
1675,259
929,793
1338,112
995,485
1027,810
1477,371
1096,769
1452,152
1350,51
1280,680
706,507
1358,219
422,114
731,489
697,675
1044,535
819,656
1069,907
113,82
1359,591
1302,447
869,241
1332,661
1189,807
926,793
111,22
1012,695
1399,357
246,120
482,482
1386,565
979,793
258,247
1838,114
758,638
1253,699
930,596
1025,310
1162,142
1395,216
619,539
908,270
1634,323
1181,627
1053,850
953,933
1283,671
546,455
1361,572
1041,444
1644,215
1011,699
1011,455
484,472
1063,190
1248,737
1488,352
773,648
1065,894
873,804
560,39
1577,119
941,788
1554,355
835,818
1421,577
811,645
681,652
649,180
515,341
988,344
708,639
1157,755
1095,811
1001,810
1713,233
1002,915
1359,482
554,314
420,419
1811,72
678,674
607,301
452,247
842,137
1558,280
1028,858
827,483
1173,278
1406,590
1193,511
621,517
1266,653
822,668
315,260
1124,815
790,725
914,564
1567,198
556,396
766,658
842,552
1041,835
1082,916
1054,613
1038,908
1333,632
163,159
1684,164
1061,894
357,222
865,478
1011,117
1456,505
129,104
1212,622
841,657
985,701
1697,233
1689,252
406,387
1463,420
1538,104
180,95
1004,862
248,200
1064,424
1520,392
921,287
337,185
759,367
1229,714
1422,128
695,364
1134,859
1630,107
1340,637
638,621
1232,564
776,775
1165,769
486,239
1407,285
819,325
360,361
980,815
913,755
637,630
1086,579
1630,274
1032,500
670,386
853,672
586,466
863,587
1332,610
1664,281
222,184
1423,521
1111,813
1129,493
1225,598
1422,398
939,258
1139,773
1049,940
724,629
1293,429
986,900
975,588
1331,606
701,431
678,575
1021,702
1281,648
1490,509
1283,610
1005,822
974,563
1195,690
310,242
1117,565
891,557
1521,476
556,494
1072,488
1388,472
197,189
475,427
1251,643
867,645
194,168
1069,685
226,78
670,498
919,906
1391,229
244,206
939,578
786,666
1583,304
325,256
294,276
351,219
520,513
1366,484
1240,639
669,533
1264,630
1064,526
1319,543
313,183
1041,434
841,444
592,482
1134,682
927,787
1139,447
1157,699
1131,583
1691,293
988,857
1169,432
959,868
1255,708
725,704
1399,584
1154,483
982,978
1154,824
846,827
635,589
436,82
935,761
1474,421
439,154
1517,434
1081,350
1395,455
1005,522
847,788
1206,536
718,586
1495,356
1655,336
1732,244
1513,433
436,368
632,389
633,552
837,528
876,566
1299,534
1828,156
1564,431
797,520
655,473
1132,860
1080,342
644,251
1015,370
933,880
1044,430
462,234
1038,317
1136,850
1468,387
892,624
513,390
1561,436
850,716
935,902
1344,574
259,208
1061,877
1036,415
1150,302
1599,337
1066,865
1016,866
856,358
514,257
1308,345
599,504
1219,773
857,746
742,663
703,475
409,250
414,249
376,115
595,66
1128,867
1060,767
1187,700
1387,529
1474,414
608,559
937,840
1522,296
1135,843
650,354
668,627
1917,83
474,375
808,312
986,763
1189,507
1054,205
1340,352
1095,477
1597,255
1547,409
1272,468
1598,152
828,783
855,791
919,768
1026,906
890,612
1060,600
795,386
771,700
687,541
1072,378
1041,217
1559,273
1260,567
1137,702
894,728
298,131
509,403
956,375
1169,822
1059,799
882,842
605,555
610,532
807,747
654,348
1305,632
1018,649
1223,717
672,469
1001,974
491,53
891,504
457,399
300,301
908,626
1734,260
634,406
1113,880
1026,540
1315,596
670,529
1371,397
1037,910
445,440
191,158
1067,643
1164,758
1193,621
947,615
751,514
1521,327
464,397
1098,639
876,854
1044,830
746,742
483,465
657,492
415,264
1170,687
1529,298
1021,915
1559,153
1027,183
1311,441
1004,547
225,206
789,764
636,268
777,746
684,372
1416,569
1157,750
612,289
670,620
905,564
1114,703
1388,432
766,709
1125,504
1016,730
1209,438
792,627
1029,733
391,364
855,727
1316,374
807,451
1183,747
931,930
261,102
1339,507
1009,922
1202,674
321,214
1098,735
1755,237
975,972
337,329
1366,507
955,651
1148,359
541,113
932,302
1182,705
1210,335
1399,547
591,511
1135,799
1226,354
386,345
768,186
655,509
932,745
654,69
1371,373
1118,786
1395,400
831,758
1177,501
990,923
581,497
1219,739
1680,240
1297,679
902,900
1153,496
1430,444
1284,515
722,405
377,324
1062,648
925,519
966,638
835,628
664,620
1352,489
975,195
1504,159
1110,743
544,542
1192,687
1189,309
1491,285
1093,752
761,265
540,308
1534,402
662,213
750,509
772,498
1139,765
1042,145
394,221
937,144
1128,856
1189,780
894,781
1029,804
783,577
1243,723
752,688
1063,811
919,548
451,166
998,890
311,246
1777,92
1121,708
734,681
724,248
738,259
544,497
1175,558
256,243
866,315
653,542
776,636
1339,558
1237,231
1106,757
1138,739
1217,265
967,399
471,166
1065,894
1628,363
600,458
654,445
87,62
878,645
872,870
1559,386
1441,204
910,616
1027,530
1205,665
890,840
1537,259
881,89
1265,21
1171,776
1032,476
1450,521
840,580
815,79
1168,738
1036,622
1079,399
842,557
716,310
874,360
1176,748
1583,411
1336,576
1459,339
923,725
1042,920
1288,677
738,734
869,630
488,284
1033,668
357,182
956,875
975,945
668,502
995,530
1424,479
838,501
1038,885
730,449
489,275
395,174
765,633
991,925
1161,297
615,426
1227,700
1619,48
1486,443
547,532
585,310
571,506
761,642
1138,548
1510,106
993,925
823,453
1008,354
1077,671
633,144
1717,95
1107,830
959,902
660,648
694,632
132,123
1511,450
1269,432
1625,193
1655,341
1017,974
217,58
1116,553
1105,776
852,282
1152,821
356,354
736,680
1023,730
1137,310
680,663
478,327
249,187
1570,397
625,564
560,143
572,95
760,452
317,38
1401,583
1136,765
505,395
1031,242
1172,648
1429,321
1316,542
914,263
1409,238
1104,218
742,337
1248,727
400,336
1319,586
1025,861
411,83
1026,432
1525,229
587,413
252,98
1011,586
1102,353
724,487
974,645
1273,697
1275,646
841,688
1728,81
546,264
700,186
616,268
698,590
465,459
1524,154
1278,595
623,587
1127,765
1379,478
1081,880
1122,760
817,788
1402,460
1047,911
1353,542
1997,2
1000,510
480,460
1361,611
608,471
898,866
1525,377
1312,688
923,497
1409,499
110,93
226,198
1121,852
134,116
286,240
646,541
845,755
870,476
1220,469
803,619
823,544
1783,192
816,722
952,821
1268,641
864,663
1327,334
1465,320
1750,216
520,447
1397,602
730,714
642,436
1354,354
1153,600
901,97
1477,470
1539,388
554,484
1071,383
1389,455
821,814
1546,412
1418,410
1623,245
881,863
862,656
727,719
928,575
313,62
1205,794
1026,899
1226,753
898,855
1155,784
1520,438
1317,545
1334,321
1076,516
1290,276
1790,116
741,662
591,447
770,444
85,77
1433,493
441,207
1053,706
901,109
710,671
1029,490
1014,914
251,225
1352,529
1173,686
992,131
1118,72
748,644
736,623
1382,407
989,408
1280,323
796,772
1645,336
1036,622
844,697
833,398
684,683
1173,512
1099,832
1139,393
1081,470
1133,780
127,102
1773,105
1148,531
821,413
825,319
956,833
722,567
332,276
1143,736
765,416
812,790
1296,354
602,461
1600,350
869,753
1563,430
1539,225
919,507
827,785
1088,905
1043,944
833,793
0
0
1
1
1
1
3
4
4
4
5
5
6
6
7
7
7
7
8
9
9
9
10
10
10
10
11
11
11
12
12
12
13
13
13
13
14
15
15
15
15
16
16
16
16
16
17
17
17
17
18
18
19
20
20
20
20
21
21
21
21
22
23
23
23
23
25
25
25
25
26
27
28
28
28
29
29
30
30
31
32
32
32
32
32
33
33
33
33
33
33
34
35
35
35
36
36
37
38
38
38
39
40
40
40
40
40
41
41
41
42
42
42
42
44
45
45
45
45
46
47
48
48
49
49
50
50
50
52
52
53
53
53
53
54
54
54
55
55
56
56
57
57
57
57
57
58
58
59
60
60
61
63
63
64
65
65
65
65
66
66
67
67
67
68
68
69
69
69
70
70
70
70
71
72
72
73
73
73
74
75
76
76
76
76
77
77
79
79
80
81
81
81
82
82
82
82
83
83
83
83
83
84
84
85
85
85
85
86
86
86
86
86
86
86
86
87
88
88
88
89
89
89
89
90
90
91
91
91
91
91
91
92
92
93
94
95
95
95
95
96
96
96
96
97
98
98
99
99
100
100
100
100
101
101
101
101
104
104
104
105
105
105
105
105
106
107
107
107
107
107
107
108
109
109
109
109
110
110
110
110
111
112
112
112
112
113
113
114
115
115
115
115
115
116
116
116
116
116
117
117
118
118
118
119
119
119
121
121
121
121
122
122
122
122
122
122
123
123
124
124
124
124
125
125
125
126
126
126
126
126
126
127
128
129
129
129
129
130
130
130
130
130
131
132
132
132
132
133
133
133
134
134
135
135
136
136
137
137
137
137
137
138
138
138
138
139
139
139
140
140
140
140
140
141
141
143
143
143
144
144
144
145
147
147
148
149
149
150
151
151
151
152
152
152
152
153
153
153
153
153
153
154
155
156
157
157
157
158
159
159
159
160
160
160
160
161
162
162
162
163
163
163
163
163
163
164
164
164
165
165
166
166
166
166
167
167
168
168
168
168
169
169
169
169
169
170
171
172
172
174
174
174
174
175
176
176
176
176
177
177
177
178
178
178
178
179
179
180
182
182
183
183
184
185
185
185
185
185
185
187
187
187
189
190
190
190
191
191
191
192
192
193
193
193
193
194
194
194
194
194
194
195
196
196
196
196
196
197
197
198
198
198
198
198
199
200
201
201
201
201
202
202
202
203
203
204
204
204
205
205
206
206
207
207
207
207
208
208
208
208
208
209
209
209
210
210
210
211
211
211
212
212
212
212
213
214
214
214
215
215
215
215
215
215
215
216
217
217
217
217
218
218
218
219
220
220
220
220
220
220
221
221
221
221
222
222
222
223
224
224
224
226
226
227
227
227
227
228
228
228
228
229
229
229
229
230
230
231
231
231
231
232
232
232
233
233
233
234
234
234
234
234
234
234
235
235
235
235
237
238
239
239
239
239
240
241
241
242
242
242
242
244
244
244
244
244
245
245
245
245
245
246
247
247
248
248
249
249
249
251
251
252
253
253
253
253
253
254
254
256
256
257
257
257
257
257
258
258
258
258
259
259
260
260
261
261
261
261
261
261
261
263
263
264
264
266
267
267
267
267
268
269
270
270
270
271
271
272
272
272
273
273
273
273
274
274
274
275
275
276
276
276
276
277
277
277
278
278
278
278
278
279
279
279
280
280
280
280
280
280
280
280
281
281
281
281
281
281
282
282
282
282
282
284
284
284
284
285
285
285
285
286
286
287
287
287
287
287
287
288
289
290
290
291
291
291
291
292
292
292
292
293
294
294
294
295
295
295
296
296
296
297
297
297
297
298
298
298
299
300
300
300
300
301
301
301
302
302
302
302
302
302
302
302
302
303
303
303
303
304
304
304
305
305
305
305
306
306
306
306
306
307
307
308
309
309
310
310
311
311
312
312
312
312
313
313
313
313
314
315
315
316
317
318
318
321
321
322
322
322
322
323
323
323
323
324
325
325
326
326
327
329
329
329
330
330
331
331
331
331
332
332
332
333
333
334
334
335
336
336
337
338
338
338
338
339
341
341
341
343
343
343
344
344
344
345
346
346
346
347
347
347
348
348
349
349
350
350
350
350
351
351
352
352
352
352
353
354
354
354
354
355
355
355
355
355
356
356
356
357
358
359
359
359
359
359
359
360
361
362
363
363
364
365
365
365
365
366
366
366
366
366
367
367
367
368
369
369
369
370
370
370
370
370
370
370
370
371
371
371
372
372
373
373
373
373
373
374
374
374
374
375
375
375
375
375
376
376
376
377
377
378
379
379
379
379
379
380
381
382
382
382
382
384
384
384
385
386
387
387
387
388
388
388
389
390
390
390
390
391
391
391
392
392
392
393
393
394
395
395
395
396
396
396
396
397
398
398
399
399
400
400
400
401
401
401
401
401
402
402
403
403
405
405
405
405
406
406
407
407
407
407
407
407
409
409
409
410
410
410
411
411
412
412
412
412
413
413
413
414
414
414
416
416
417
417
417
417
418
418
418
419
419
419
419
419
420
421
422
422
422
422
423
423
424
424
425
425
425
425
425
426
426
426
427
427
428
428
428
428
428
428
429
429
430
430
430
430
430
431
431
432
432
432
432
433
433
433
433
433
434
435
436
436
436
438
438
439
439
439
440
440
440
441
441
441
442
442
442
442
442
442
442
442
443
443
443
444
446
446
446
447
447
448
448
448
449
449
449
449
450
451
451
451
451
451
451
452
452
452
453
454
454
454
454
454
454
455
456
457
458
458
458
459
459
459
459
460
462
462
462
463
463
464
464
465
465
466
466
467
467
467
467
468
468
469
469
470
470
470
471
471
471
471
471
472
473
473
474
476
476
476
477
477
477
477
477
478
478
479
479
480
480
481
481
481
482
482
483
483
484
484
485
486
486
487
487
487
487
489
489
490
490
490
490
491
491
492
492
493
494
494
495
495
495
496
496
496
496
497
497
498
498
499
499
499
499
500
500
500
500
500
500
502
503
503
503
504
504
504
504
505
505
505
505
505
506
507
507
508
508
508
509
509
510
510
510
512
512
512
512
513
513
513
514
514
514
515
516
517
518
518
518
518
519
519
519
519
520
520
520
520
520
520
521
521
521
522
522
522
522
523
523
523
523
524
524
524
524
525
525
526
526
526
527
527
529
530
530
530
530
530
531
532
533
534
534
535
535
535
536
536
536
536
536
537
537
538
539
539
539
539
540
540
540
540
541
541
541
541
541
542
542
542
542
542
543
544
545
545
545
545
545
547
547
548
548
548
549
550
550
550
550
551
551
551
553
553
554
554
554
554
555
555
557
557
557
557
558
559
559
559
559
560
560
561
561
561
561
561
562
563
563
564
564
564
564
564
565
566
566
566
566
567
567
567
567
568
568
569
569
569
569
571
571
571
572
572
573
573
573
573
573
574
575
576
577
577
577
578
579
579
580
580
581
581
581
582
582
583
584
584
586
586
586
586
587
588
589
590
590
590
591
591
593
594
594
594
595
595
595
595
595
596
596
596
596
597
598
598
600
600
601
601
601
602
602
602
602
603
604
604
604
605
605
606
607
607
607
607
609
609
609
609
610
610
610
610
610
611
611
611
612
612
612
612
612
613
613
613
613
614
614
614
615
615
615
615
616
616
616
617
617
617
618
619
619
619
619
620
620
621
622
622
623
623
624
624
624
625
626
626
626
627
627
627
629
629
629
630
631
631
631
631
631
631
632
632
632
634
635
636
636
636
637
637
637
637
637
638
638
638
638
638
639
639
639
640
640
641
642
642
642
643
643
644
645
646
648
648
649
649
649
650
651
651
651
652
653
653
654
655
655
655
657
657
657
657
657
657
657
659
659
659
660
660
660
661
662
662
662
663
664
665
666
667
667
669
669
669
669
670
671
671
671
671
672
673
674
674
674
674
674
674
674
675
675
676
676
677
678
678
678
678
678
679
679
680
680
680
680
681
681
682
682
682
682
683
683
683
684
684
684
685
685
685
685
686
687
689
689
689
689
690
690
690
691
691
692
693
693
693
693
693
693
694
694
695
695
695
696
696
696
697
698
698
698
699
700
701
701
701
701
702
702
703
703
704
704
704
705
705
705
705
705
705
706
706
707
708
709
709
710
710
710
710
710
712
712
713
714
715
715
716
716
717
717
717
717
717
718
719
719
720
721
721
721
721
722
722
723
723
723
723
724
724
724
725
725
726
726
726
726
726
727
728
729
730
730
731
731
731
731
732
732
733
733
733
733
734
735
735
735
736
736
736
737
737
739
740
740
740
743
743
743
743
744
744
745
745
745
745
746
746
746
746
747
747
748
749
750
750
751
751
751
751
751
752
752
753
753
753
753
753
753
753
753
754
754
754
755
755
755
756
756
756
756
756
757
757
757
757
757
758
759
759
759
760
761
761
762
762
762
763
763
763
764
765
765
767
767
767
768
768
768
768
769
770
770
771
771
771
771
771
773
774
775
775
775
775
775
775
776
776
776
776
777
777
777
777
777
778
779
779
779
780
780
780
780
780
781
781
781
782
782
782
782
782
782
782
783
783
783
783
783
784
785
786
786
787
787
787
787
787
787
788
789
789
790
791
792
792
794
794
795
795
796
796
796
797
797
797
797
797
798
798
799
799
800
800
800
801
801
801
803
803
804
804
804
804
804
804
805
806
806
807
808
808
808
809
809
810
810
810
810
811
811
812
813
813
813
813
813
814
814
815
816
816
816
816
816
817
817
818
819
819
820
820
820
820
820
820
821
821
822
822
823
824
824
824
825
826
826
827
827
827
828
828
829
830
831
831
831
833
833
833
833
833
834
834
834
835
835
836
836
836
837
837
837
838
838
838
838
838
839
839
839
839
840
840
840
842
842
844
844
844
844
845
845
846
847
848
848
849
850
850
850
850
850
852
852
853
853
854
855
855
855
855
855
856
856
857
858
858
858
858
859
859
859
860
860
860
861
862
863
864
864
864
864
865
865
865
866
867
868
868
868
870
872
872
873
873
874
875
875
876
876
876
876
877
877
880
881
881
881
881
882
882
882
883
884
885
885
886
886
886
886
887
888
888
888
888
889
889
889
889
889
890
890
891
892
893
894
895
895
895
896
897
897
897
897
898
898
899
899
899
899
899
900
900
900
900
901
902
902
902
902
902
902
903
903
903
903
904
904
905
905
905
905
905
906
906
906
907
907
907
908
908
908
909
910
911
911
911
911
911
911
911
911
912
912
912
912
912
912
913
914
914
914
916
916
916
916
918
919
919
919
919
920
920
920
921
921
921
921
922
922
922
922
922
923
923
924
924
924
924
925
925
926
926
926
927
927
927
927
928
928
928
928
929
929
929
929
930
930
930
932
932
933
933
933
934
934
934
934
935
935
935
935
935
936
936
936
937
937
938
938
939
939
940
940
940
941
942
942
942
942
943
943
944
944
944
944
945
945
946
946
946
946
946
947
947
947
947
947
948
948
948
949
949
950
951
951
951
951
951
952
953
953
953
953
954
955
956
957
957
957
957
958
958
958
959
959
959
960
960
960
960
961
962
962
962
963
963
963
963
964
964
964
966
966
966
967
967
967
968
968
969
970
970
970
971
972
973
974
975
975
975
976
976
977
977
977
978
978
978
978
979
979
980
980
981
981
981
981
983
984
984
985
985
985
987
987
987
988
988
989
989
989
990
990
990
990
991
992
992
992
993
993
993
994
994
994
994
994
994
994
996
997
997
997
997
998
998
998
999
1000
1001
1001
1001
1002
1003
1003
1005
1006
1006
1006
1006
1007
1007
1008
1008
1008
1009
1009
1009
1009
1010
1010
1010
1010
1011
1011
1011
1011
1012
1012
1013
1013
1013
1014
1014
1015
1015
1016
1016
1017
1017
1017
1017
1018
1018
1018
1019
1019
1019
1020
1020
1020
1020
1020
1021
1022
1022
1023
1024
1024
1024
1024
1024
1025
1025
1026
1026
1027
1027
1027
1028
1029
1029
1029
1030
1030
1030
1031
1032
1032
1032
1032
1032
1032
1032
1033
1033
1033
1033
1033
1034
1034
1035
1035
1036
1037
1037
1038
1039
1039
1041
1041
1042
1043
1043
1044
1044
1044
1044
1044
1046
1046
1046
1047
1047
1047
1047
1047
1048
1048
1048
1048
1049
1049
1050
1050
1050
1051
1051
1051
1052
1052
1052
1053
1053
1054
1054
1054
1055
1055
1055
1055
1055
1056
1056
1057
1057
1057
1057
1057
1058
1058
1058
1059
1059
1060
1060
1060
1061
1061
1062
1062
1062
1062
1062
1062
1063
1063
1064
1064
1064
1065
1065
1065
1066
1066
1067
1067
1067
1067
1067
1068
1068
1069
1070
1070
1070
1070
1070
1071
1072
1072
1073
1075
1075
1075
1075
1076
1076
1076
1077
1078
1078
1078
1079
1079
1079
1080
1081
1081
1081
1083
1084
1084
1086
1087
1087
1087
1088
1088
1088
1088
1089
1089
1089
1090
1090
1090
1091
1091
1091
1091
1093
1093
1093
1093
1094
1094
1095
1095
1095
1096
1096
1096
1096
1096
1097
1097
1098
1098
1098
1098
1099
1099
1099
1100
1100
1100
1101
1101
1101
1102
1102
1102
1103
1103
1104
1105
1105
1106
1106
1107
1107
1107
1107
1107
1107
1108
1108
1109
1110
1110
1110
1111
1112
1113
1113
1114
1114
1114
1115
1115
1116
1117
1117
1118
1118
1118
1118
1119
1119
1119
1119
1120
1120
1120
1120
1121
1121
1122
1122
1122
1122
1124
1124
1124
1125
1125
1125
1126
1127
1127
1127
1127
1128
1128
1128
1128
1129
1129
1129
1129
1129
1130
1130
1130
1131
1131
1131
1132
1133
1133
1133
1133
1133
1134
1134
1135
1135
1136
1136
1136
1136
1137
1137
1138
1138
1138
1139
1140
1140
1140
1140
1141
1141
1142
1142
1142
1143
1144
1144
1145
1145
1145
1146
1146
1146
1146
1147
1148
1149
1149
1149
1150
1150
1151
1151
1152
1152
1152
1153
1154
1154
1154
1154
1155
1155
1156
1156
1157
1157
1157
1159
1159
1160
1160
1160
1160
1161
1161
1161
1161
1161
1162
1162
1163
1163
1164
1164
1164
1164
1165
1165
1165
1165
1166
1166
1166
1166
1166
1166
1166
1167
1168
1168
1169
1170
1170
1171
1172
1172
1172
1173
1173
1174
1175
1175
1176
1176
1177
1177
1178
1178
1178
1180
1180
1180
1181
1181
1181
1182
1182
1182
1182
1183
1184
1184
1185
1186
1186
1187
1187
1188
1188
1188
1189
1191
1191
1192
1192
1192
1193
1193
1193
1193
1194
1195
1195
1196
1196
1196
1196
1197
1197
1198
1198
1198
1199
1199
1199
1200
1200
1200
1201
1203
1203
1204
1204
1204
1204
1205
1205
1205
1205
1206
1208
1208
1208
1208
1208
1208
1209
1210
1210
1210
1212
1213
1214
1215
1215
1217
1217
1218
1218
1219
1219
1220
1220
1221
1221
1223
1223
1224
1224
1224
1224
1224
1225
1225
1225
1226
1226
1226
1226
1227
1228
1228
1228
1228
1229
1230
1230
1230
1231
1231
1232
1232
1232
1232
1233
1234
1234
1235
1237
1237
1237
1238
1238
1238
1239
1240
1240
1242
1242
1242
1242
1242
1243
1244
1244
1244
1244
1245
1245
1245
1245
1245
1245
1246
1246
1247
1247
1248
1248
1249
1249
1249
1250
1251
1251
1251
1251
1251
1251
1251
1251
1252
1252
1252
1252
1253
1254
1255
1255
1255
1256
1256
1257
1258
1259
1259
1259
1259
1259
1260
1261
1262
1262
1262
1262
1262
1262
1263
1263
1263
1264
1264
1265
1265
1266
1267
1267
1268
1269
1269
1269
1270
1270
1270
1270
1270
1271
1271
1271
1271
1273
1273
1274
1274
1274
1275
1275
1275
1276
1276
1277
1277
1277
1277
1278
1279
1280
1280
1280
1281
1281
1281
1281
1281
1282
1282
1282
1284
1285
1285
1286
1286
1286
1286
1287
1287
1287
1287
1287
1287
1288
1288
1288
1288
1289
1290
1290
1291
1291
1291
1291
1291
1291
1292
1293
1293
1294
1294
1294
1295
1295
1295
1296
1296
1297
1297
1298
1298
1299
1299
1299
1299
1299
1300
1300
1301
1301
1302
1302
1303
1303
1303
1304
1304
1304
1304
1305
1305
1305
1305
1305
1305
1306
1306
1306
1306
1307
1307
1307
1308
1309
1309
1309
1310
1310
1311
1311
1312
1312
1312
1313
1313
1313
1313
1313
1314
1315
1315
1315
1316
1316
1317
1317
1317
1317
1318
1319
1319
1319
1320
1320
1320
1320
1320
1320
1321
1321
1321
1322
1322
1323
1324
1325
1325
1325
1326
1326
1326
1326
1327
1327
1328
1328
1328
1328
1328
1329
1329
1330
1331
1331
1331
1332
1332
1332
1332
1333
1333
1333
1334
1335
1335
1336
1337
1338
1338
1338
1338
1338
1339
1339
1339
1340
1340
1340
1341
1341
1342
1343
1343
1344
1344
1344
1345
1346
1346
1346
1347
1347
1347
1348
1348
1348
1350
1350
1351
1351
1351
1351
1352
1353
1355
1356
1356
1356
1356
1357
1358
1358
1359
1360
1360
1361
1362
1362
1362
1362
1363
1363
1363
1363
1364
1364
1364
1365
1365
1365
1366
1366
1366
1366
1366
1367
1368
1368
1369
1369
1370
1370
1371
1371
1371
1372
1372
1373
1373
1374
1374
1374
1375
1375
1377
1377
1377
1378
1378
1379
1379
1380
1380
1381
1381
1382
1382
1382
1384
1385
1386
1386
1386
1387
1387
1387
1388
1389
1389
1389
1391
1391
1391
1391
1391
1391
1392
1392
1392
1393
1393
1394
1394
1395
1395
1395
1395
1396
1397
1398
1398
1398
1398
1399
1400
1400
1400
1401
1402
1402
1402
1403
1403
1403
1404
1404
1405
1406
1406
1406
1407
1407
1407
1407
1408
1408
1408
1409
1409
1410
1410
1410
1410
1411
1411
1411
1411
1411
1411
1412
1412
1413
1413
1413
1414
1414
1414
1414
1414
1414
1415
1415
1415
1415
1416
1416
1416
1416
1417
1417
1419
1419
1419
1419
1419
1419
1419
1420
1420
1421
1421
1421
1422
1423
1423
1424
1424
1424
1425
1425
1426
1426
1426
1427
1428
1428
1428
1428
1429
1430
1431
1431
1431
1431
1432
1432
1433
1433
1433
1433
1434
1434
1434
1435
1435
1435
1436
1436
1437
1437
1437
1437
1437
1438
1438
1438
1438
1438
1439
1439
1439
1440
1440
1440
1440
1440
1441
1441
1442
1442
1442
1442
1442
1442
1442
1443
1444
1444
1445
1446
1447
1447
1448
1448
1448
1448
1449
1449
1449
1449
1450
1450
1451
1452
1452
1452
1452
1453
1453
1453
1453
1454
1455
1455
1456
1456
1457
1457
1459
1459
1459
1459
1459
1460
1460
1460
1461
1461
1461
1462
1463
1463
1463
1464
1464
1464
1464
1464
1464
1464
1467
1468
1468
1468
1468
1468
1468
1469
1469
1469
1469
1470
1470
1471
1471
1471
1471
1472
1473
1473
1474
1475
1476
1476
1476
1476
1477
1478
1479
1480
1480
1480
1481
1482
1482
1483
1484
1484
1484
1486
1487
1487
1487
1487
1488
1488
1488
1488
1489
1489
1490
1491
1492
1493
1493
1494
1494
1495
1497
1497
1498
1498
1498
1499
1499
1499
1500
1500
1501
1501
1501
1501
1501
1501
1502
1503
1503
1503
1503
1503
1504
1506
1507
1507
1509
1509
1509
1510
1510
1512
1512
1513
1513
1513
1513
1514
1514
1514
1514
1516
1516
1516
1517
1518
1518
1518
1518
1518
1519
1520
1520
1520
1520
1520
1520
1520
1520
1521
1521
1521
1521
1521
1521
1521
1522
1522
1522
1522
1523
1523
1524
1524
1525
1526
1528
1528
1528
1529
1529
1530
1531
1531
1531
1531
1531
1531
1532
1532
1532
1533
1534
1534
1534
1534
1534
1535
1535
1535
1536
1537
1537
1537
1538
1538
1538
1538
1539
1539
1539
1540
1540
1541
1541
1542
1542
1543
1544
1544
1545
1545
1545
1546
1546
1547
1547
1547
1547
1547
1548
1549
1549
1549
1550
1551
1551
1551
1551
1551
1552
1552
1553
1553
1554
1554
1554
1554
1555
1555
1555
1556
1556
1557
1558
1558
1559
1559
1559
1559
1559
1559
1559
1559
1559
1560
1560
1560
1561
1561
1562
1562
1562
1563
1563
1564
1564
1564
1565
1565
1565
1565
1565
1566
1566
1566
1567
1567
1567
1567
1567
1568
1568
1569
1569
1570
1570
1570
1571
1571
1572
1572
1572
1573
1574
1575
1575
1576
1576
1576
1576
1576
1576
1577
1577
1577
1578
1578
1578
1578
1579
1579
1580
1580
1580
1581
1581
1581
1582
1582
1583
1583
1584
1584
1584
1585
1586
1586
1588
1588
1588
1589
1590
1590
1591
1591
1591
1591
1591
1591
1591
1591
1592
1592
1593
1593
1594
1594
1595
1595
1596
1596
1596
1596
1596
1597
1597
1597
1598
1598
1599
1599
1600
1600
1601
1601
1602
1602
1602
1602
1603
1604
1604
1604
1605
1605
1606
1606
1606
1606
1608
1608
1608
1609
1609
1610
1610
1610
1611
1611
1612
1612
1613
1613
1613
1614
1615
1615
1616
1616
1616
1616
1617
1618
1618
1618
1618
1619
1619
1620
1620
1621
1622
1622
1622
1623
1623
1623
1623
1623
1623
1623
1624
1624
1624
1625
1625
1625
1625
1625
1626
1626
1626
1626
1627
1628
1629
1630
1630
1632
1632
1633
1633
1633
1634
1635
1637
1637
1637
1638
1638
1639
1639
1639
1639
1640
1640
1640
1641
1641
1641
1642
1642
1644
1644
1644
1645
1645
1645
1646
1646
1647
1647
1647
1647
1648
1650
1650
1650
1650
1651
1651
1651
1651
1652
1652
1653
1653
1654
1654
1654
1654
1655
1655
1656
1656
1658
1658
1659
1659
1659
1659
1659
1660
1660
1660
1661
1661
1661
1662
1662
1662
1662
1663
1663
1664
1665
1665
1666
1666
1667
1667
1667
1667
1667
1668
1668
1668
1668
1669
1669
1670
1671
1671
1671
1672
1672
1672
1672
1672
1672
1673
1673
1673
1674
1674
1674
1674
1675
1675
1675
1676
1677
1678
1678
1678
1678
1679
1680
1680
1680
1680
1680
1682
1682
1682
1683
1683
1684
1684
1684
1684
1685
1685
1686
1686
1687
1687
1687
1688
1689
1689
1690
1690
1690
1690
1691
1691
1692
1692
1692
1692
1693
1694
1694
1694
1695
1695
1695
1696
1696
1696
1697
1698
1698
1699
1699
1699
1699
1700
1700
1700
1700
1701
1701
1702
1703
1703
1704
1704
1704
1705
1705
1705
1705
1705
1706
1707
1707
1708
1708
1708
1708
1708
1708
1709
1710
1710
1710
1711
1712
1713
1713
1714
1715
1715
1715
1715
1716
1716
1716
1717
1717
1718
1719
1719
1719
1719
1719
1720
1720
1720
1720
1721
1721
1721
1721
1721
1722
1722
1722
1723
1723
1723
1724
1724
1725
1725
1725
1725
1726
1726
1726
1727
1728
1728
1728
1729
1729
1729
1729
1730
1730
1730
1731
1731
1732
1732
1733
1733
1733
1734
1734
1734
1736
1736
1737
1737
1737
1737
1737
1739
1739
1740
1740
1740
1741
1741
1742
1742
1743
1743
1743
1744
1745
1745
1745
1746
1746
1746
1746
1747
1748
1748
1748
1748
1748
1749
1749
1749
1750
1750
1750
1751
1751
1752
1752
1753
1754
1754
1755
1755
1755
1755
1756
1757
1758
1758
1758
1758
1758
1759
1759
1759
1760
1761
1761
1762
1762
1762
1762
1763
1763
1763
1764
1764
1764
1764
1765
1765
1765
1765
1766
1766
1766
1766
1767
1767
1767
1767
1768
1768
1768
1768
1768
1770
1771
1771
1771
1771
1772
1773
1773
1774
1774
1775
1776
1776
1776
1777
1778
1778
1779
1779
1779
1780
1780
1780
1782
1782
1782
1783
1784
1784
1784
1784
1785
1785
1786
1786
1787
1787
1787
1788
1788
1789
1789
1789
1790
1791
1791
1792
1792
1793
1793
1793
1794
1794
1794
1795
1795
1795
1796
1796
1796
1797
1799
1799
1799
1800
1800
1800
1800
1800
1801
1803
1803
1803
1803
1803
1804
1804
1804
1805
1805
1805
1806
1806
1807
1807
1807
1807
1808
1810
1811
1812
1812
1812
1813
1814
1815
1815
1815
1816
1816
1817
1817
1817
1817
1818
1819
1819
1819
1819
1820
1820
1821
1822
1823
1823
1823
1824
1825
1825
1825
1826
1826
1827
1829
1830
1830
1831
1831
1832
1833
1834
1834
1834
1837
1837
1838
1838
1838
1838
1838
1839
1839
1839
1839
1839
1840
1841
1841
1841
1841
1842
1842
1843
1844
1844
1845
1845
1845
1846
1846
1846
1847
1847
1848
1848
1848
1849
1850
1850
1850
1850
1850
1851
1851
1851
1851
1853
1853
1853
1854
1855
1855
1855
1856
1856
1856
1857
1859
1859
1859
1859
1859
1859
1860
1860
1861
1861
1862
1863
1863
1863
1864
1864
1864
1866
1866
1866
1867
1867
1867
1867
1867
1867
1868
1868
1868
1868
1868
1868
1869
1870
1870
1871
1872
1872
1873
1873
1873
1875
1875
1875
1875
1876
1877
1878
1878
1879
1879
1880
1880
1880
1880
1880
1881
1881
1881
1883
1883
1884
1884
1884
1885
1885
1885
1885
1885
1885
1886
1886
1886
1886
1887
1887
1887
1887
1887
1887
1887
1888
1888
1889
1889
1889
1889
1889
1890
1890
1890
1890
1891
1891
1891
1891
1891
1892
1892
1892
1893
1894
1894
1894
1895
1895
1895
1896
1897
1897
1898
1898
1899
1899
1899
1900
1901
1901
1901
1901
1902
1903
1903
1903
1904
1905
1905
1905
1905
1908
1908
1909
1909
1909
1910
1910
1910
1910
1910
1910
1911
1912
1912
1912
1913
1913
1913
1913
1914
1914
1914
1915
1915
1915
1915
1915
1916
1916
1917
1918
1918
1918
1918
1919
1919
1919
1919
1921
1921
1922
1922
1923
1923
1923
1924
1924
1925
1925
1925
1925
1926
1926
1927
1927
1928
1928
1929
1929
1929
1929
1929
1930
1930
1930
1930
1930
1931
1931
1931
1932
1932
1932
1932
1933
1934
1934
1934
1934
1935
1935
1935
1935
1935
1936
1936
1936
1937
1937
1937
1937
1938
1938
1938
1939
1940
1940
1940
1940
1941
1941
1941
1942
1943
1943
1943
1944
1944
1944
1945
1945
1946
1946
1946
1946
1947
1947
1948
1949
1950
1951
1952
1952
1952
1952
1953
1953
1953
1953
1954
1954
1956
1956
1956
1958
1959
1960
1960
1960
1962
1963
1964
1964
1965
1965
1965
1967
1967
1967
1967
1968
1969
1970
1971
1971
1971
1972
1972
1972
1972
1973
1973
1973
1973
1973
1974
1974
1976
1976
1976
1976
1977
1977
1977
1977
1978
1979
1979
1980
1980
1981
1981
1982
1982
1982
1984
1984
1984
1984
1984
1984
1984
1985
1985
1985
1985
1986
1987
1988
1988
1988
1989
1989
1989
1990
1991
1991
1991
1991
1992
1992
1992
1993
1993
1993
1994
1994
1995
1995
1996
1996
1996
1996
1996
1998
1999
1999
1999
1999
2000
2000
