Primero viene la cantidad (n) de timestamps para ambos, luego n líneas que son un timestamp aproximado cada uno separado por una coma (',') del error, y luego n lineas de las transacciones del sospechoso
5005
49,36
120,37
248,41
420,39
913,8
1812,34
71,46
97,14
223,26
480,3
922,32
1810,23
71,43
145,9
225,5
478,39
947,10
1965,2
32,31
97,10
184,15
406,35
743,31
1560,38
92,4
127,38
236,6
544,3
1066,38
83,13
87,8
186,34
396,18
787,45
1578,1
70,19
108,40
231,23
462,16
921,33
1867,39
1,0
64,35
108,49
188,22
429,7
818,36
1676,40
2,1
68,3
84,34
184,9
406,13
828,10
1618,35
97,17
178,33
359,45
671,22
1362,24
100,14
115,25
249,46
527,23
1039,15
92,41
120,35
279,19
538,36
1102,41
59,50
60,13
132,29
279,27
605,12
1226,14
85,31
136,41
270,32
523,41
1048,43
70,34
110,12
247,40
518,16
1010,1
1900,19
32,23
68,15
102,16
233,44
438,5
905,29
1844,29
52,50
82,14
138,46
286,25
633,27
1239,41
2,1
93,21
114,5
247,41
549,49
1066,37
73,22
150,22
243,14
549,24
1100,39
34,33
53,22
167,17
271,20
584,1
1205,2
40,10
136,35
275,36
520,33
1003,31
1979,1
8,7
16,15
116,12
176,39
372,4
715,13
1492,24
50,49
149,10
224,45
485,9
928,8
1877,12
4,3
14,11
111,45
224,2
405,19
777,1
1568,11
62,6
115,49
245,20
480,12
903,32
1882,12
43,37
124,31
250,21
429,30
916,42
1795,28
5,4
62,26
97,28
232,10
426,28
830,3
1679,44
43,41
77,47
200,11
378,22
703,16
1466,38
72,47
120,30
262,5
482,40
940,15
1961,24
33,4
116,19
232,47
480,33
862,38
1798,9
85,15
170,39
335,44
631,40
1232,36
70,13
140,29
227,6
522,18
1002,12
1971,25
22,21
76,4
183,5
370,47
749,37
1497,16
54,6
113,33
169,19
373,12
716,33
1496,43
93,39
134,6
327,7
582,2
1207,17
88,38
150,18
337,21
646,5
1227,7
42,41
134,15
201,31
427,49
875,39
1758,9
38,37
133,32
191,49
379,17
764,6
1577,8
6,5
65,15
145,39
290,45
607,31
1138,2
24,12
63,28
123,35
212,13
463,4
928,23
1840,25
22,21
49,31
130,35
298,35
554,39
1098,20
53,44
150,49
273,46
534,23
1091,29
55,8
120,38
242,27
428,28
895,22
1769,1
99,46
137,17
314,1
559,26
1152,25
59,45
110,6
242,28
446,8
906,49
1834,37
100,38
185,2
335,1
648,4
1308,14
74,35
137,17
212,11
470,46
894,22
1816,5
20,8
64,47
125,45
269,45
524,46
1060,43
24,9
91,13
178,10
350,17
657,42
1380,45
63,13
72,45
213,38
366,37
743,12
1545,21
61,17
70,28
195,45
365,17
713,13
1430,1
30,27
88,6
164,22
336,7
669,33
1300,33
10,3
22,8
103,1
213,2
380,16
764,36
1522,35
29,1
36,35
74,42
159,41
377,15
681,11
1434,32
98,35
191,45
327,38
621,13
1258,21
1,0
36,17
107,46
199,18
444,42
839,15
1716,2
27,6
57,50
163,35
296,43
643,14
1206,43
70,20
118,22
250,24
510,23
1001,33
1979,14
94,39
128,20
256,2
565,29
1091,5
15,4
90,36
187,49
355,24
735,5
1400,4
57,30
103,49
207,43
382,17
802,25
1555,2
13,12
32,31
84,37
142,33
364,17
684,6
1329,28
90,42
165,39
323,30
636,12
1269,26
5,4
66,30
163,38
316,19
554,48
1197,9
66,16
131,43
235,29
533,26
1010,26
1960,29
45,4
57,15
154,36
291,26
586,40
1196,46
48,47
71,13
155,34
350,41
723,6
1442,44
78,10
156,28
335,39
653,21
1297,21
70,6
140,2
271,36
515,42
1066,8
56,18
84,28
196,37
367,39
774,36
1558,49
78,36
142,33
278,17
503,16
1011,10
3,2
95,16
103,27
292,25
551,19
1090,25
55,23
139,22
219,13
502,25
961,37
1888,37
20,17
86,39
200,3
335,2
647,10
1336,37
14,13
49,19
100,37
192,24
455,3
904,20
1765,26
71,13
135,5
232,39
478,14
1002,11
1949,18
86,37
161,34
296,25
546,49
1116,50
22,21
46,14
132,9
295,46
506,11
1098,12
62,45
95,17
163,22
412,47
799,20
1629,11
10,9
15,14
104,15
180,9
373,20
744,43
1493,28
58,26
150,7
272,4
564,33
1089,22
18,16
107,2
212,18
382,24
762,16
1489,12
56,9
92,35
188,20
382,1
747,25
1531,31
31,30
80,36
180,6
343,25
724,49
1443,38
21,20
118,39
235,12
393,40
845,38
1663,31
99,10
174,44
346,26
681,15
1383,44
57,19
120,43
216,16
448,34
845,30
1783,23
69,47
149,33
289,35
545,6
1053,20
48,6
71,46
166,25
347,1
695,16
1374,30
87,37
150,16
245,1
577,50
1135,30
22,21
53,11
101,47
239,43
435,39
944,16
1853,21
73,32
149,50
260,6
532,7
1023,9
101,13
185,13
292,22
646,33
1245,27
9,8
93,24
178,1
330,14
656,16
1355,26
99,2
149,47
283,2
550,5
1165,42
40,31
138,32
193,22
439,46
888,15
1753,4
73,31
90,47
186,41
382,43
813,37
1618,46
81,23
176,46
352,46
692,18
1342,25
50,42
96,17
216,32
391,20
797,17
1590,7
46,2
93,42
220,1
363,38
811,20
1538,28
13,12
96,26
157,44
354,19
674,13
1387,2
47,46
80,40
192,17
377,35
785,9
1524,45
72,44
123,41
263,20
544,43
1061,37
1,0
74,5
80,12
215,12
455,50
874,36
1782,38
98,49
110,22
305,36
595,33
1172,10
1,0
81,44
112,31
223,23
495,23
1012,47
1989,1988
73,12
149,24
243,49
497,17
1062,22
89,32
134,18
231,41
463,46
1003,40
1947,20
39,38
114,35
170,4
391,25
775,4
1556,24
101,47
116,29
285,7
542,33
1127,11
75,6
120,19
200,17
479,40
960,29
1883,11
43,34
133,37
264,12
483,17
968,3
1903,2
50,49
115,5
207,17
375,47
797,46
1594,5
32,4
114,10
177,1
392,39
745,34
1471,2
69,18
118,22
228,20
440,15
870,28
1820,7
65,19
69,15
158,34
321,14
630,10
1297,17
56,49
138,10
229,45
520,13
1012,39
1967,13
56,20
136,37
213,33
481,33
903,30
1864,39
48,6
95,12
153,29
326,20
651,35
1322,47
14,13
25,24
106,15
187,22
419,48
754,19
1592,15
100,15
180,1
287,43
616,48
1281,49
21,12
50,20
84,31
209,19
389,20
841,5
1654,42
37,36
70,28
202,34
392,27
754,50
1533,9
94,25
120,14
304,14
583,1
1185,10
40,15
76,9
119,2
309,32
594,37
1166,19
22,12
120,28
179,34
405,12
777,36
1510,46
80,12
105,21
203,1
472,25
889,18
1787,33
9,8
28,22
101,30
238,4
418,41
866,30
1676,23
97,31
108,44
296,40
570,23
1163,16
42,41
51,15
153,10
296,50
580,31
1143,3
54,27
124,44
250,15
501,7
952,4
1887,44
97,45
163,42
269,34
602,6
1228,10
1,0
11,10
60,18
149,9
263,28
537,32
1112,18
71,47
103,3
210,39
387,4
817,11
1669,9
16,15
20,19
78,5
201,25
388,7
727,2
1433,1
11,10
109,37
164,32
377,26
714,35
1409,35
6,5
39,38
104,6
159,43
405,32
774,18
1501,6
70,13
146,38
228,29
461,10
959,36
1958,16
6,5
76,32
148,49
244,28
558,26
1106,16
38,29
69,31
119,14
315,22
581,34
1200,39
40,25
85,44
138,9
363,36
702,30
1384,17
94,44
190,28
322,42
681,10
1374,45
34,4
54,2
112,20
276,6
521,13
1088,26
98,12
157,14
298,30
585,32
1214,4
101,33
162,37
295,33
657,42
1307,24
72,8
164,25
302,25
544,33
1164,6
20,19
111,27
136,21
337,49
694,7
1314,34
7,2
16,4
117,16
146,33
338,22
718,13
1406,24
53,31
105,45
186,34
427,35
866,35
1647,25
38,7
55,17
118,44
276,43
537,34
1063,42
63,49
118,21
263,41
456,11
902,25
1855,28
61,15
62,35
143,44
299,24
658,40
1242,1
59,18
95,35
196,28
352,48
735,39
1499,48
75,16
171,28
332,7
614,2
1195,29
86,40
142,7
314,47
630,7
1224,18
79,25
108,12
272,9
539,48
1065,30
24,23
114,33
187,7
377,9
778,40
1546,3
10,9
84,40
132,6
275,32
554,46
1067,41
27,26
117,26
148,28
358,27
694,28
1420,14
39,22
54,39
162,50
326,20
655,39
1280,15
9,8
36,5
51,43
168,39
297,4
595,50
1178,13
86,24
87,32
241,43
503,38
991,38
1974,20
53,4
70,43
195,7
398,23
799,11
1570,11
61,18
108,3
252,49
467,22
919,49
1845,25
23,22
63,3
157,46
274,9
541,9
1118,10
52,45
117,17
246,48
487,10
919,2
1901,48
25,8
105,16
222,36
434,4
833,14
1648,48
50,49
126,48
187,20
372,26
753,1
1502,22
53,12
126,27
208,10
456,6
904,30
1757,20
15,14
45,24
125,47
261,36
487,1
1004,7
1987,1986
1,0
88,6
104,18
243,42
504,47
1037,33
1962,8
75,47
129,29
302,24
590,9
1176,16
34,2
84,2
183,47
358,43
687,38
1409,20
6,5
25,23
64,35
182,35
329,30
636,40
1292,28
60,34
70,31
209,42
387,46
739,8
1471,14
9,8
64,49
102,1
250,40
442,19
961,42
1911,9
63,38
100,8
184,28
391,17
779,44
1581,42
3,2
31,13
50,15
142,30
304,3
535,14
1082,12
23,22
57,21
104,26
276,22
488,24
1019,16
1925,22
3,2
11,4
22,21
129,29
265,29
449,7
937,34
1879,44
67,26
144,2
245,34
503,35
1008,27
1965,13
83,38
157,47
245,30
512,33
1079,50
20,19
66,20
126,47
283,27
526,5
1100,25
44,43
137,8
210,6
420,3
817,7
1664,43
73,44
165,21
274,11
525,25
1095,27
31,27
54,12
145,36
324,39
626,21
1202,19
85,22
170,23
301,49
603,17
1167,45
3,2
59,4
107,23
207,20
410,12
879,28
1677,38
82,19
84,30
209,49
476,21
886,44
1792,3
30,5
39,12
103,10
244,21
501,8
986,32
1918,39
10,3
75,43
180,41
324,17
672,33
1318,31
18,17
25,24
108,4
231,28
385,23
769,6
1553,3
9,8
109,14
136,45
293,24
588,48
1174,19
39,15
41,40
137,4
274,22
590,21
1136,24
5,4
77,44
125,21
234,42
501,43
995,33
1971,21
86,27
106,3
217,45
453,38
914,30
1799,46
47,37
143,14
255,34
536,3
1072,29
92,6
187,10
355,41
680,10
1339,32
39,18
94,27
143,9
306,36
621,38
1235,17
29,23
102,48
154,21
309,34
678,21
1355,50
82,26
116,28
232,25
440,18
878,47
1762,27
12,11
97,10
178,12
299,16
686,38
1346,43
33,29
34,21
125,26
243,18
463,48
909,27
1900,49
40,38
87,2
169,37
394,40
708,30
1413,27
29,21
94,36
188,48
349,42
672,46
1407,13
84,21
139,7
261,32
510,20
1035,46
85,37
151,44
289,39
618,19
1233,31
75,29
137,44
286,36
528,46
1124,27
79,45
119,17
242,37
495,36
991,6
1909,6
17,13
85,2
192,24
320,40
714,18
1408,6
81,28
120,17
290,45
549,18
1100,40
98,13
119,25
287,22
575,1
1180,17
7,6
90,46
99,34
249,30
538,25
1062,17
18,9
92,20
127,22
328,25
623,27
1216,46
38,13
113,41
185,39
428,2
855,33
1686,38
49,10
111,41
256,29
505,41
984,13
1942,28
33,32
92,47
154,30
310,37
593,17
1208,38
50,5
140,7
248,5
470,15
969,16
1894,16
22,21
59,30
127,9
231,24
508,30
962,15
1912,3
92,43
178,2
331,5
652,12
1319,1
72,43
147,11
285,50
546,35
1143,28
59,9
92,13
152,6
365,37
686,9
1448,39
26,25
65,14
154,6
280,47
611,21
1234,3
53,13
137,16
284,50
486,31
963,48
1995,1994
31,30
75,18
156,11
288,43
586,8
1147,25
66,21
164,24
260,42
562,28
1066,13
82,45
133,28
220,49
498,17
939,47
1901,3
3,2
39,23
49,41
124,23
222,46
438,2
884,44
1851,21
39,24
127,7
205,50
429,26
859,21
1679,2
72,24
89,22
162,29
338,9
676,8
1427,16
79,14
155,19
248,9
567,39
1117,9
57,30
125,41
201,31
444,18
896,28
1814,24
39,38
81,43
136,48
344,38
613,28
1233,1
82,3
183,16
280,13
546,39
1132,28
49,46
105,13
209,25
366,20
775,41
1555,47
36,19
120,17
162,26
360,9
683,9
1394,21
65,22
123,26
203,39
492,46
963,21
1946,33
90,2
124,45
291,40
570,47
1081,49
6,5
8,7
81,33
156,3
306,16
565,49
1174,41
50,41
78,10
169,47
394,41
703,9
1419,1
69,35
166,12
330,8
615,21
1202,33
46,12
91,7
227,17
372,6
744,19
1562,45
17,16
38,2
143,24
227,7
497,35
953,32
1905,12
90,20
114,17
237,46
476,23
973,15
1952,12
99,15
130,44
299,42
562,40
1171,22
61,34
82,44
205,50
371,2
740,1
1480,44
50,35
86,46
150,31
335,46
631,28
1294,22
52,3
125,37
218,5
411,46
858,28
1667,9
88,3
183,28
304,34
667,11
1247,6
39,17
106,27
199,31
387,40
819,35
1575,29
49,4
131,22
230,38
472,7
970,26
1917,1
48,35
108,22
195,23
428,1
865,50
1678,48
51,32
71,2
192,44
354,31
715,39
1437,31
53,4
56,37
119,42
312,13
634,41
1240,20
53,15
110,37
250,32
447,8
950,18
1910,4
70,8
88,39
195,31
436,45
882,46
1697,35
22,9
79,21
140,6
259,38
574,25
1132,30
91,23
142,48
283,32
561,27
1114,40
80,31
154,2
311,9
586,16
1192,30
63,10
104,27
202,12
444,16
851,28
1752,28
65,42
155,9
296,15
560,14
1170,17
90,20
184,11
310,50
599,15
1187,19
12,11
82,29
180,11
302,47
603,49
1196,11
9,8
41,8
81,20
223,30
431,11
792,3
1673,19
97,24
109,13
237,21
509,23
1010,49
1914,49
66,32
76,23
212,17
393,17
770,1
1573,25
61,42
102,29
195,46
399,18
847,6
1625,17
30,24
35,34
102,19
203,24
427,48
807,23
1680,40
70,13
148,38
243,38
479,37
969,4
1929,13
42,35
90,3
165,46
330,38
714,5
1383,20
74,45
117,9
274,4
535,32
1006,36
51,5
93,10
206,24
360,27
806,14
1564,8
100,36
130,48
291,47
566,42
1112,3
61,42
142,14
274,14
557,30
1067,43
46,41
114,19
223,22
408,44
793,1
1646,6
61,3
83,41
158,45
344,40
649,43
1326,3
76,26
92,44
232,30
442,46
914,33
1818,2
22,21
52,23
140,46
284,12
547,22
1118,27
28,27
75,25
116,9
249,4
491,6
1000,3
1990,1989
39,18
100,20
235,31
378,22
813,25
1575,30
33,3
66,9
147,6
310,17
626,17
1263,16
15,14
38,1
92,35
162,28
361,10
714,15
1425,7
19,18
20,7
95,47
223,20
428,48
878,4
1710,38
85,32
135,27
305,18
534,2
1101,17
89,12
184,10
349,12
685,13
1401,25
69,40
114,36
213,37
404,23
858,17
1671,27
76,31
106,30
210,28
451,30
919,38
1842,17
63,44
95,29
217,9
419,6
837,43
1658,10
8,7
22,6
115,26
240,11
453,43
845,34
1748,8
35,34
101,3
162,14
387,27
761,21
1528,6
15,14
109,13
132,23
284,36
610,24
1220,36
61,49
96,32
211,44
417,33
876,43
1665,23
51,7
78,8
219,30
378,32
758,3
1575,39
94,28
144,19
245,1
526,46
1035,31
76,25
164,4
259,29
579,50
1100,43
75,47
147,40
295,36
523,22
1048,37
1,0
24,18
106,18
218,40
438,2
866,25
1746,20
90,15
133,2
289,14
562,21
1100,41
95,47
194,5
362,22
695,11
1389,21
49,34
56,14
120,23
229,42
467,11
1014,38
1955,37
47,4
73,49
161,16
287,24
623,39
1209,32
58,33
140,5
294,1
561,28
1088,38
14,13
97,7
146,28
318,16
643,47
1283,39
98,15
126,31
264,35
506,29
1004,7
1937,2
64,21
88,11
239,49
412,35
868,2
1747,42
38,37
124,28
249,15
454,38
929,30
1893,19
85,37
113,24
274,38
521,6
1083,50
48,3
59,4
183,33
319,46
631,12
1294,26
95,38
196,21
332,29
650,1
1315,7
86,43
93,34
265,23
498,29
945,36
1988,1987
89,29
97,20
227,27
490,43
997,4
1937,23
80,15
82,30
258,29
501,7
947,7
1954,1953
61,45
120,45
204,10
461,40
904,46
1759,34
6,5
40,39
130,19
178,11
408,42
765,33
1609,10
51,50
145,32
236,25
498,10
968,40
1963,1962
95,18
161,4
267,43
618,28
1161,3
72,47
157,37
311,47
616,46
1182,44
9,8
60,18
90,10
199,5
402,30
841,14
1675,45
88,23
153,16
288,17
556,5
1137,14
1,0
63,3
153,13
273,3
588,5
1126,22
8,1
18,17
61,15
100,21
255,21
533,41
1012,34
1966,10
70,9
72,29
151,25
309,26
694,32
1301,16
73,23
97,32
190,39
398,47
806,1
1610,30
59,39
112,17
229,41
420,5
911,18
1832,47
98,42
169,17
313,27
619,26
1284,11
87,21
101,6
192,6
382,26
833,16
1631,26
18,17
43,42
154,9
224,49
484,27
978,46
1997,1996
78,46
81,15
197,3
422,32
798,42
1592,13
70,5
169,13
256,21
538,29
1041,38
26,25
41,26
126,20
210,39
450,4
914,7
1828,38
22,21
111,6
212,35
382,25
800,3
1542,50
80,2
101,20
199,40
461,36
929,8
1826,16
14,5
28,27
80,24
183,3
339,28
655,19
1306,49
67,7
141,25
290,2
567,1
1156,17
76,33
169,49
325,4
619,20
1271,20
93,12
114,20
270,47
549,48
1107,1
82,26
119,16
219,8
491,41
985,37
1988,1987
59,35
151,46
269,7
550,15
1059,39
25,24
34,22
103,20
254,7
491,24
920,7
1918,46
77,5
124,44
260,37
468,50
979,30
1992,1991
70,45
155,46
244,19
488,22
997,36
2000,1999
7,6
30,29
88,11
173,35
368,41
715,31
1416,33
86,28
102,25
240,26
474,24
962,4
1906,23
95,23
134,44
326,24
621,30
1254,46
5,4
25,13
112,3
172,38
331,18
713,43
1448,47
24,23
61,43
158,26
267,44
593,13
1117,24
35,12
90,3
224,50
415,1
836,46
1669,6
25,24
61,28
152,16
297,39
548,3
1102,29
21,20
115,3
188,31
388,47
724,50
1504,29
68,18
85,37
203,49
418,40
826,15
1664,39
74,28
168,27
265,46
517,35
1092,29
51,18
146,6
212,26
469,44
979,23
1872,33
16,1
104,14
173,49
383,32
705,2
1449,43
80,1
139,29
287,1
583,27
1091,14
94,12
97,18
206,44
414,43
824,42
1649,1
80,46
100,13
188,32
455,43
913,4
1782,33
45,34
64,24
201,21
389,46
796,12
1499,14
94,38
121,18
307,27
563,29
1167,10
69,44
160,6
313,4
608,29
1200,18
54,3
84,50
218,30
388,48
841,40
1671,37
26,11
62,38
142,23
311,41
602,36
1199,42
64,25
92,16
203,47
439,29
838,48
1693,28
89,7
113,40
256,1
541,34
1098,48
31,30
64,42
184,40
294,41
657,32
1261,32
5,4
26,25
48,26
161,41
256,45
570,36
1165,8
83,43
141,41
290,7
590,42
1140,49
27,26
34,18
118,44
257,44
523,40
1049,11
92,48
111,19
215,6
489,2
951,25
1952,23
97,21
117,42
292,13
521,47
1093,21
71,35
153,36
312,37
626,41
1184,39
19,9
73,48
159,31
275,44
531,3
1072,43
101,26
190,39
318,21
648,30
1353,42
59,7
113,24
189,4
409,3
867,10
1673,41
38,28
67,30
131,45
241,30
479,16
963,22
1933,29
64,39
153,26
316,36
623,40
1181,46
17,15
29,28
135,42
210,6
488,29
939,21
1841,46
72,13
103,17
220,17
484,23
916,49
1896,6
29,28
32,21
69,8
168,21
332,13
726,6
1398,45
1,0
79,3
121,9
281,3
574,13
1128,41
43,35
110,48
206,36
425,39
868,10
1746,8
43,17
48,19
174,29
298,20
593,32
1221,17
48,17
146,39
275,21
522,32
1015,4
10,9
94,30
155,30
318,7
606,6
1243,49
36,35
80,50
117,23
273,1
561,18
1137,11
67,32
160,46
280,27
545,50
1068,21
1,0
40,4
132,11
224,8
453,39
937,23
1863,2
5,4
88,43
187,20
316,30
674,21
1296,37
69,15
152,44
242,44
533,36
1054,2
61,21
81,20
200,36
433,42
821,40
1694,16
23,22
40,10
86,32
181,36
342,18
752,42
1442,29
37,2
51,5
183,33
322,24
679,21
1282,41
81,31
141,6
235,15
464,8
940,34
1882,23
42,2
69,42
186,30
349,18
739,23
1441,32
10,9
57,35
156,36
239,4
522,13
1047,32
97,9
198,33
341,49
643,29
1313,41
65,1
86,38
219,42
466,16
914,11
1762,33
87,15
147,41
291,34
611,46
1175,11
12,11
74,49
100,24
275,21
466,20
972,17
1948,15
37,3
86,41
131,37
316,12
624,16
1256,10
49,18
89,21
207,46
365,29
741,45
1472,31
92,38
175,43
323,31
601,18
1256,6
4,2
68,48
138,11
219,21
475,46
965,46
1885,22
11,10
34,14
109,32
215,25
451,29
912,3
1769,49
54,25
96,20
183,24
356,20
701,38
1436,26
67,15
114,13
213,2
425,34
852,10
1680,20
29,21
116,24
207,16
450,15
822,44
1643,10
42,25
78,12
202,7
407,38
750,10
1542,31
25,23
40,7
109,33
212,26
443,31
908,30
1742,27
18,17
108,15
150,6
289,2
647,44
1219,4
22,21
69,45
136,37
305,31
600,5
1218,3
80,50
99,8
252,34
443,24
970,42
1932,33
101,4
109,32
298,27
561,7
1170,12
50,23
139,29
273,7
484,49
1034,2
1983,1982
55,5
149,36
232,16
527,32
1047,21
50,7
66,37
125,43
285,34
538,39
1137,34
71,31
102,49
255,43
435,32
941,27
1847,36
3,2
58,17
122,11
246,26
479,10
974,41
1906,37
14,1
106,2
133,22
291,47
554,37
1134,47
98,42
162,24
296,33
619,20
1262,43
83,41
120,11
294,38
570,35
1101,40
94,13
154,6
319,37
624,28
1255,34
23,22
53,18
84,24
245,17
408,3
841,4
1703,39
79,46
102,48
237,32
497,31
983,30
1978,1977
48,21
129,49
184,14
377,6
740,3
1551,20
51,11
138,35
266,49
538,14
1036,44
31,30
116,16
149,40
354,20
727,25
1405,40
17,16
34,9
146,33
226,37
427,21
900,41
1777,7
93,4
152,25
345,35
688,19
1345,23
49,14
58,43
174,43
348,5
635,41
1309,26
80,27
106,42
265,23
486,40
957,42
1971,13
90,23
141,47
246,30
564,10
1042,2
88,16
136,13
229,25
467,2
1002,3
1991,1990
14,13
32,24
140,30
230,7
469,35
938,3
1846,26
32,31
35,24
73,8
198,27
424,9
844,40
1695,23
89,6
100,3
212,5
424,35
887,29
1779,18
39,28
115,41
200,19
392,24
805,5
1652,28
88,8
166,41
304,10
653,10
1267,37
30,10
114,1
201,8
442,6
833,26
1654,15
62,1
96,44
234,37
405,26
892,30
1722,30
90,13
177,30
361,17
641,34
1319,8
91,39
93,50
263,11
537,42
1008,47
1956,19
10,9
59,29
110,8
245,8
480,12
911,1
1825,30
92,44
167,21
322,35
594,28
1258,25
73,43
154,12
240,45
481,29
1006,5
1971,1970
73,47
83,46
207,49
423,2
802,46
1630,7
31,30
55,46
147,49
263,25
575,5
1098,5
38,16
94,27
223,45
369,14
807,24
1581,42
72,1
96,35
218,5
477,47
881,17
1775,26
100,43
111,38
222,49
532,22
1033,44
1958,8
45,21
135,11
272,32
502,30
966,45
1960,40
42,26
94,33
180,21
410,5
820,10
1547,33
27,26
33,18
125,1
212,9
416,6
854,11
1716,37
79,32
94,21
194,31
456,31
890,27
1719,8
11,10
22,12
118,31
215,18
371,2
749,44
1585,19
5,4
26,25
95,25
182,33
390,7
793,5
1551,3
94,5
167,27
291,42
570,49
1145,16
5,4
24,23
40,36
122,35
247,18
462,23
987,19
1966,5
90,7
157,35
278,23
609,48
1171,28
85,46
99,40
186,7
439,10
827,18
1681,43
87,49
146,30
297,2
581,12
1149,27
73,41
157,13
281,30
584,16
1187,26
38,24
55,16
136,38
246,36
517,5
1037,15
40,29
132,11
273,16
460,15
950,8
1927,39
50,8
137,26
283,47
524,25
1065,5
49,47
54,46
190,37
358,29
726,10
1461,34
78,50
115,19
288,3
526,26
1062,8
71,40
108,26
205,47
429,24
877,25
1698,40
45,37
116,13
259,29
448,48
934,44
1848,35
10,9
19,18
30,23
101,10
183,1
353,23
757,24
1548,32
65,14
76,28
159,37
336,36
735,38
1461,34
89,27
110,32
255,23
539,41
998,32
1930,31
49,7
87,31
219,28
383,32
836,8
1633,38
75,34
114,4
199,27
481,43
898,40
1801,5
48,11
85,43
202,35
344,38
780,42
1525,43
63,50
104,50
172,47
412,49
829,13
1633,28
44,24
100,9
183,1
370,20
760,13
1467,17
74,4
117,7
200,50
425,43
899,49
1732,15
21,20
70,22
96,28
273,12
543,48
1102,8
14,3
25,13
114,5
241,32
453,14
883,46
1759,36
12,5
58,24
124,47
245,11
448,37
948,35
1871,27
84,37
164,23
345,30
674,1
1275,22
13,12
62,28
118,4
277,42
511,8
1039,28
50,5
149,17
206,44
442,50
939,3
1861,23
63,39
136,46
274,23
535,20
1090,39
86,46
89,2
207,12
431,32
818,3
1707,7
85,50
137,47
281,45
505,29
1045,49
99,18
200,30
375,32
734,6
1509,10
43,16
102,12
171,31
347,3
688,36
1386,17
37,36
137,21
267,24
472,6
970,37
1943,36
101,43
161,44
321,17
623,14
1306,7
36,35
111,10
248,2
487,39
890,17
1840,4
8,7
107,27
208,43
352,23
717,31
1457,4
32,2
94,26
129,44
278,15
564,46
1192,31
12,11
102,4
171,50
309,39
624,6
1275,28
25,24
78,39
114,43
309,31
532,2
1125,25
26,25
116,39
182,10
339,3
728,20
1428,22
39,38
104,21
224,23
424,45
846,23
1641,20
81,19
126,48
231,2
530,32
1029,26
1963,1962
72,39
115,20
238,27
447,29
900,20
1872,49
1,0
13,3
42,7
75,8
187,23
383,37
780,7
1573,10
31,30
88,16
188,23
407,48
773,9
1552,12
62,9
146,40
221,1
490,12
961,9
1905,13
71,23
114,45
208,10
422,26
883,6
1797,5
39,38
68,35
202,29
370,43
773,44
1478,6
98,43
118,33
234,38
551,7
1008,14
97,31
172,43
356,48
640,2
1309,19
37,36
135,26
246,29
447,11
961,9
1880,40
17,16
40,20
107,12
166,17
414,13
832,42
1611,48
64,40
140,22
285,34
515,10
1095,1
28,14
111,27
199,42
339,49
767,47
1540,50
65,6
133,5
199,16
400,27
846,47
1722,21
76,23
157,33
258,16
537,22
1034,48
80,35
98,34
197,49
441,20
853,3
1672,25
81,24
165,26
316,35
652,44
1264,50
50,29
90,23
172,45
378,8
750,41
1515,31
40,23
125,45
208,8
377,33
850,3
1628,50
59,42
148,1
223,21
475,49
915,36
1872,50
67,14
128,5
226,47
450,38
882,22
1797,2
37,4
62,45
173,6
323,19
648,35
1329,35
56,21
86,48
231,25
432,14
854,50
1672,13
82,13
103,2
225,37
461,21
917,7
1838,24
83,38
162,21
253,27
556,37
1121,16
99,6
164,23
355,41
633,25
1297,5
4,1
27,17
45,44
78,6
240,18
440,24
906,8
1743,8
100,20
102,3
266,36
524,24
1055,25
89,27
174,16
350,36
617,1
1316,50
41,38
117,38
173,21
378,17
794,13
1525,9
74,26
98,19
262,48
503,29
955,35
1912,47
39,38
111,43
224,48
419,50
863,33
1748,48
78,31
125,12
211,1
513,33
1014,21
1932,18
16,15
110,26
212,19
372,3
733,13
1537,48
70,5
77,30
174,49
350,3
680,5
1443,46
100,46
140,2
275,40
615,7
1230,42
33,32
131,5
190,47
382,26
741,3
1481,7
82,4
151,30
239,10
568,50
1101,13
3,2
43,27
128,43
211,12
449,45
845,21
1712,48
39,29
65,4
123,26
324,34
598,13
1237,27
86,8
91,19
261,49
484,5
947,44
1964,1
13,12
40,19
133,48
242,16
475,24
976,49
1956,24
46,45
98,26
200,32
370,44
757,18
1524,24
36,8
127,27
172,36
376,18
778,18
1565,20
21,20
38,14
141,2
287,46
519,37
1013,11
86,40
140,43
321,16
591,19
1211,40
10,9
105,44
176,14
343,31
636,5
1333,33
24,23
125,1
239,15
440,8
846,41
1688,29
24,23
62,39
98,8
191,46
382,43
848,35
1690,13
2,1
46,7
61,15
191,28
320,20
667,32
1340,29
92,8
167,30
321,32
603,43
1242,22
100,46
149,3
333,15
644,47
1238,39
11,10
43,6
57,14
184,38
390,13
743,49
1512,48
29,28
89,11
164,18
302,14
635,47
1316,8
10,9
60,45
121,5
230,9
502,15
940,45
1864,32
67,10
145,28
285,35
566,25
1129,35
19,18
91,27
152,7
325,36
591,16
1274,19
101,44
158,18
271,1
603,45
1205,40
97,35
155,7
314,10
610,47
1206,40
53,13
74,1
172,43
346,35
722,19
1418,47
14,13
39,38
76,16
212,21
420,2
798,24
1580,38
1,0
85,7
143,49
248,23
563,26
1070,27
60,50
135,7
235,28
512,16
1029,35
1997,1996
51,33
107,25
229,47
470,39
935,36
1871,29
65,17
114,25
219,11
470,27
869,45
1785,46
55,32
68,21
211,21
374,2
786,14
1535,29
22,14
108,27
208,20
383,15
779,17
1542,40
28,3
89,42
178,40
305,29
698,17
1331,36
38,37
75,8
146,5
260,26
584,38
1174,23
65,36
133,1
235,22
458,16
900,13
1849,14
59,29
117,13
208,43
475,14
910,30
1844,10
50,2
54,26
112,26
288,29
584,4
1103,38
34,33
124,32
248,26
498,31
905,27
1851,33
26,11
122,7
154,14
304,9
700,6
1392,32
1,0
88,13
129,8
251,25
556,13
1114,50
86,8
87,10
226,2
499,7
980,12
1970,3
20,9
97,47
119,35
335,17
586,26
1251,20
10,8
85,48
117,2
246,9
461,10
973,21
1969,1968
49,39
103,14
225,18
440,14
874,18
1742,43
82,35
167,9
321,46
606,30
1264,12
94,44
117,6
307,1
559,8
1116,8
16,15
115,36
220,17
406,30
842,37
1618,25
29,28
45,11
118,40
211,22
424,39
855,30
1714,31
13,12
24,13
81,13
199,44
359,18
707,31
1459,15
77,14
118,42
200,24
429,16
880,26
1710,47
20,19
92,44
171,49
335,7
696,18
1408,37
53,36
66,48
135,5
350,30
612,22
1313,11
100,13
182,28
342,31
626,27
1348,32
95,39
147,22
295,7
549,40
1112,16
6,5
32,21
114,23
240,42
484,29
947,34
1889,25
36,24
39,8
175,5
305,6
651,44
1233,1
30,19
99,5
194,41
382,29
766,21
1565,16
17,16
95,12
200,36
391,20
766,22
1551,19
67,15
86,19
185,1
393,2
737,47
1473,29
26,20
29,28
59,27
192,13
393,14
747,32
1475,37
97,49
193,17
300,38
658,39
1277,49
83,24
180,19
329,20
636,19
1307,8
73,32
140,9
269,50
558,15
1138,31
48,36
126,37
183,7
386,24
765,7
1567,25
99,25
196,32
337,42
714,23
1419,35
50,34
139,24
202,40
430,40
866,41
1780,29
97,1
164,39
282,33
603,39
1225,9
4,3
48,9
95,21
188,28
401,2
822,4
1652,45
70,12
82,21
161,16
352,3
697,38
1422,26
26,23
83,10
163,5
288,22
575,14
1170,33
38,14
97,30
181,48
409,6
747,26
1517,40
34,14
111,9
184,12
400,17
799,37
1559,14
76,24
172,23
264,10
513,5
1094,50
84,39
123,41
221,26
518,14
953,21
1984,1983
34,1
128,7
256,1
422,3
870,26
1738,15
66,10
86,39
223,10
450,36
870,39
1698,30
49,32
109,29
190,1
424,5
850,39
1708,14
26,7
30,29
94,42
190,42
439,30
831,37
1695,18
47,8
106,34
252,23
464,33
881,26
1778,26
90,17
183,8
364,1
644,8
1362,21
43,3
45,21
116,24
269,17
531,26
1010,19
34,29
62,12
159,1
257,15
568,3
1169,12
26,25
105,13
175,25
406,40
803,5
1539,34
61,28
91,16
159,1
341,2
717,44
1449,41
95,47
180,32
285,47
586,39
1208,34
87,37
132,25
317,36
577,21
1146,28
57,31
119,17
190,13
420,35
883,6
1670,25
16,15
102,16
194,49
323,47
649,30
1303,47
14,13
61,40
118,39
262,2
473,39
998,20
1992,2
92,34
173,37
319,12
657,8
1273,47
67,9
105,10
250,4
455,8
968,22
1846,1
6,5
79,26
103,42
246,28
454,36
938,47
1904,6
13,12
59,11
164,38
317,46
591,32
1163,34
96,19
132,48
242,2
546,33
1089,44
24,23
100,25
224,47
382,33
734,3
1488,7
30,29
34,33
127,17
286,8
535,33
1060,15
18,15
22,8
84,50
139,24
310,19
626,34
1293,11
54,16
130,40
270,35
549,6
1077,15
94,47
108,18
274,14
536,17
1032,31
44,42
106,28
247,32
431,37
927,8
1801,31
4,3
22,21
92,32
210,1
420,25
833,23
1637,36
45,10
50,36
102,49
216,32
463,24
961,40
1895,9
6,5
74,17
134,23
242,7
542,31
1089,43
69,6
153,31
300,29
576,30
1188,32
94,8
162,35
335,40
657,6
1298,26
38,37
43,42
138,34
235,26
532,31
1024,40
4,3
102,8
177,34
367,30
654,33
1311,10
33,23
118,8
244,25
477,3
973,50
1854,41
2,1
41,40
79,46
191,49
410,30
734,50
1536,27
59,35
128,7
280,37
500,22
1055,42
52,42
104,14
178,27
401,45
746,42
1564,4
55,40
140,47
266,45
482,48
951,1
1926,32
75,18
101,28
269,42
495,38
1010,4
1933,3
60,6
143,34
257,8
526,14
1084,20
95,7
137,25
246,30
551,18
1088,14
62,37
144,7
294,11
598,1
1155,39
29,28
50,35
176,13
304,44
604,25
1216,44
43,7
109,44
251,17
474,4
930,49
1834,24
74,17
85,27
177,40
343,25
725,34
1475,18
70,42
143,40
261,50
492,30
991,35
1960,1959
78,28
87,45
190,5
453,8
880,15
1786,27
18,17
97,34
216,8
372,49
785,45
1531,36
61,4
150,16
239,14
533,30
1022,16
63,9
89,2
174,29
397,32
729,9
1553,39
34,33
98,50
169,50
336,50
701,6
1404,17
101,38
174,25
332,40
700,29
1335,45
54,46
121,17
271,44
495,34
952,26
1960,1959
75,6
158,3
268,43
596,36
1101,11
35,34
109,10
152,39
375,2
723,47
1428,11
98,40
175,5
357,47
691,19
1392,33
15,14
48,19
139,46
226,40
445,43
962,7
1883,19
87,50
168,24
332,8
621,38
1253,33
38,35
83,12
222,20
441,8
844,42
1651,12
67,17
141,45
263,34
543,15
1103,31
6,5
49,18
96,20
241,30
402,24
848,48
1708,44
47,34
81,27
208,19
347,1
721,28
1434,23
24,23
46,35
154,19
250,1
524,32
1092,43
43,19
71,13
131,27
342,40
634,2
1296,26
27,18
114,49
162,41
364,19
688,9
1395,21
59,18
156,21
251,8
536,36
1019,11
8,7
59,44
142,32
293,22
505,28
1042,36
6,5
53,19
128,13
191,5
453,10
887,33
1813,40
81,28
108,40
190,30
460,5
860,43
1785,29
83,41
133,9
271,40
498,19
1066,18
92,28
117,35
281,42
540,20
1114,7
88,22
154,14
321,15
582,33
1224,18
33,18
123,15
248,18
479,4
946,32
1892,7
35,23
40,39
174,45
292,10
611,33
1168,8
82,13
147,3
272,13
593,13
1173,44
15,14
77,34
187,38
350,42
719,30
1380,35
3,2
78,8
118,41
300,25
585,25
1157,45
52,33
123,1
209,18
424,2
872,36
1713,44
21,20
119,17
153,16
319,15
713,30
1400,48
3,2
78,33
150,16
255,47
541,24
1060,11
51,37
145,3
206,1
495,38
978,32
1925,18
91,25
119,29
263,7
478,42
959,48
1935,22
33,31
123,22
198,32
455,9
876,18
1737,1
51,16
122,5
189,17
366,47
823,22
1600,12
37,13
61,13
166,1
321,22
686,45
1336,29
3,2
79,6
155,20
247,37
561,15
1067,27
88,14
102,8
261,11
473,15
967,11
1932,1
7,6
13,12
50,24
74,26
161,17
352,14
712,43
1461,34
13,12
36,35
90,13
179,48
403,7
741,23
1469,10
15,13
17,16
71,19
199,38
306,37
690,7
1393,8
89,42
133,48
263,40
584,39
1105,43
81,14
106,9
250,45
444,38
931,39
1850,22
38,37
70,43
145,47
268,15
619,6
1142,50
16,7
71,17
168,35
341,25
674,8
1333,28
34,4
67,8
146,27
287,11
552,33
1178,14
19,18
110,3
188,10
340,2
688,44
1390,14
16,15
112,25
168,12
302,8
677,1
1334,39
23,5
27,25
52,10
124,31
269,8
509,16
1047,21
37,36
104,19
178,11
387,26
785,40
1550,28
55,50
112,35
197,22
369,10
738,46
1517,48
19,4
88,1
147,7
283,12
557,34
1103,25
96,30
160,13
314,35
579,1
1236,16
52,34
94,37
167,31
382,37
736,20
1470,17
83,15
94,41
264,43
542,7
1055,6
85,34
91,3
201,19
454,33
893,20
1731,22
90,3
110,19
293,27
536,27
1099,45
11,10
93,9
184,30
373,40
690,42
1386,40
30,29
108,46
150,9
366,22
740,15
1470,38
26,11
89,30
157,31
274,33
576,38
1216,44
30,26
36,35
152,34
305,50
624,23
1181,42
91,48
182,26
372,13
686,24
1388,17
76,33
102,28
264,34
511,28
975,11
1943,45
5,4
88,21
172,16
275,25
553,12
1164,46
56,45
88,42
197,10
409,15
772,40
1538,16
47,13
107,41
254,9
434,27
906,14
1792,36
9,8
48,47
137,13
282,42
527,10
1012,49
11,10
72,19
164,5
274,45
568,50
1184,23
45,25
99,48
156,3
328,32
692,22
1356,22
64,38
113,41
278,28
532,12
1081,35
28,15
54,11
118,9
236,43
463,39
992,1
1944,7
50,18
56,26
131,14
318,31
597,6
1240,34
76,40
162,36
241,42
519,7
1076,43
39,38
73,43
119,39
296,25
569,28
1110,3
37,16
86,17
126,28
263,1
533,31
1069,20
100,7
192,9
354,13
735,7
1401,17
23,22
89,17
114,18
242,44
556,38
1055,42
43,17
77,8
139,26
332,24
641,42
1283,23
94,32
122,48
237,3
468,4
1022,39
1971,24
66,23
86,42
193,44
350,21
719,3
1473,42
70,2
157,13
262,26
548,45
1065,48
21,20
101,50
134,22
295,10
608,7
1170,14
4,3
56,2
90,29
246,20
480,11
960,10
1878,17
67,45
69,25
186,14
358,47
726,40
1450,6
93,19
173,45
319,29
605,41
1191,35
46,39
116,6
166,24
394,44
723,35
1494,19
100,35
113,2
220,39
517,25
1042,6
1997,1996
18,7
85,27
132,10
326,31
659,27
1221,46
81,18
163,1
249,34
554,9
1140,40
17,16
109,12
177,3
354,8
747,33
1428,8
25,24
110,48
144,43
378,28
744,5
1453,2
85,43
122,33
237,22
462,20
954,31
1898,40
27,26
105,21
214,11
418,27
783,40
1549,33
38,11
98,9
164,46
360,31
757,50
1481,24
56,10
107,33
241,32
440,18
888,3
1763,49
90,2
180,25
297,38
577,7
1207,4
62,49
89,11
224,21
461,17
930,30
1786,50
29,4
79,28
132,38
281,20
595,45
1118,40
78,20
125,21
266,17
539,40
1012,48
92,34
153,35
289,32
554,38
1188,35
80,28
147,9
246,36
506,42
1075,21
35,10
66,14
158,6
260,31
580,13
1159,11
19,8
97,48
211,37
404,48
754,5
1526,24
20,19
95,50
128,40
266,14
551,8
1103,36
4,3
102,22
190,45
312,29
623,33
1304,32
82,38
151,9
278,37
610,28
1135,47
76,4
89,38
230,14
403,40
874,22
1687,20
1,0
96,29
181,23
327,25
658,50
1319,12
96,37
141,17
273,19
583,24
1164,28
38,37
119,35
198,49
418,21
817,38
1658,47
6,5
38,37
81,23
145,16
277,33
595,3
1213,18
50,1
143,46
249,4
472,15
986,16
1917,25
35,34
85,48
132,16
322,8
627,10
1212,40
21,20
114,14
146,5
283,49
590,22
1164,22
73,36
105,50
219,22
416,34
869,36
1746,42
10,9
104,5
145,7
306,29
645,41
1299,45
36,35
82,5
150,36
345,26
637,40
1298,48
21,20
39,12
64,9
156,1
327,28
664,19
1315,31
6,5
104,35
187,37
383,20
697,17
1410,30
79,16
86,19
258,43
442,35
932,50
1808,12
79,11
83,26
192,50
428,17
855,11
1715,6
23,8
105,16
156,22
334,19
646,50
1365,39
38,16
99,46
163,42
302,6
696,34
1360,49
61,22
118,31
273,16
470,3
1005,36
1939,35
78,36
171,2
250,24
550,12
1070,3
17,8
61,45
88,24
217,21
451,49
838,3
1757,43
43,42
66,50
135,15
264,36
554,41
1150,50
15,14
88,1
136,28
307,16
612,47
1243,44
69,5
116,14
216,37
468,38
934,22
1845,27
43,22
58,10
196,4
379,11
719,14
1435,25
30,29
114,42
201,40
352,26
741,39
1476,49
62,45
110,17
253,3
524,37
1035,41
1996,1995
62,8
66,29
227,21
384,32
776,19
1569,10
84,2
98,4
240,49
425,11
892,25
1750,14
22,21
62,48
96,26
228,10
495,37
936,27
1847,19
5,4
81,9
114,13
273,41
556,2
1062,27
74,9
144,34
319,50
546,43
1110,28
47,38
73,45
196,39
416,4
817,17
1627,50
40,29
101,32
203,16
373,18
765,9
1578,24
29,21
88,20
144,10
268,46
608,7
1218,26
7,6
8,7
37,36
95,15
152,33
378,17
678,38
1410,35
12,11
87,42
196,48
368,20
715,42
1453,9
11,10
18,17
51,41
134,25
251,10
489,44
1019,6
1996,1995
40,39
140,33
215,32
489,7
939,36
1849,30
89,36
122,42
238,9
530,39
1058,45
64,49
120,40
267,2
517,10
1004,39
1999,1
13,12
64,43
153,7
272,47
579,19
1146,25
61,2
63,18
201,6
346,5
739,17
1470,49
50,14
82,21
175,12
371,49
718,41
1452,37
38,37
47,30
97,35
276,47
492,30
1033,42
1971,7
59,26
106,20
181,49
404,9
822,38
1658,5
5,4
105,36
137,14
305,43
600,35
1251,5
41,16
138,13
252,28
451,40
909,25
1844,7
95,32
110,24
235,16
474,12
973,48
1916,4
14,13
46,31
149,14
241,19
543,42
1003,26
1925,44
71,38
118,22
235,40
497,26
969,45
1909,17
59,30
72,6
193,9
386,38
792,49
1564,8
21,20
80,37
190,50
343,16
640,47
1310,35
71,38
148,43
301,18
539,23
1144,44
98,21
112,14
267,45
564,26
1106,8
38,37
138,45
238,35
481,47
985,7
1979,1978
20,17
77,16
149,17
257,34
559,13
1087,34
56,17
80,2
202,13
372,6
720,37
1461,41
92,13
98,30
230,41
492,14
969,43
1948,48
80,37
143,12
245,8
505,3
1033,44
83,21
177,22
284,30
564,28
1109,42
76,34
127,39
227,46
431,7
901,46
1772,42
3,2
88,47
96,18
201,12
427,2
906,38
1747,21
49,21
128,32
179,12
371,19
815,14
1611,33
98,7
145,1
317,7
562,49
1164,46
93,25
188,19
298,23
641,41
1222,28
5,4
21,20
118,13
147,16
306,29
678,11
1322,38
33,32
111,39
165,28
407,2
772,42
1545,19
86,27
140,24
306,10
553,16
1116,17
43,32
85,49
196,26
355,15
756,16
1441,45
35,34
134,9
184,30
361,34
760,8
1515,23
66,30
115,21
277,31
534,4
1062,2
29,28
67,17
112,17
293,17
530,46
1085,1
60,31
100,22
261,34
466,21
918,4
1841,2
37,8
82,37
142,13
343,39
688,1
1359,42
14,5
93,1
116,10
243,10
564,36
1057,15
11,10
39,22
97,50
229,28
457,29
929,8
1766,39
45,44
89,11
234,46
369,3
757,26
1562,7
29,28
82,4
174,29
378,49
721,43
1428,41
40,39
80,27
141,2
336,22
602,16
1207,39
101,34
104,47
273,47
570,3
1114,11
58,45
155,10
304,25
526,40
1061,25
7,6
29,15
89,39
129,19
348,37
647,35
1261,34
98,47
126,17
278,24
529,4
1098,28
87,36
143,23
232,6
477,3
981,13
1960,1959
78,29
139,36
254,46
563,20
1087,48
88,21
101,26
218,7
502,32
920,23
1
1
1
1
1
1
1
1
1
1
1
1
1
1
1
1
1
1
1
1
1
1
1
1
1
1
1
1
1
1
1
1
2
2
2
2
2
2
2
2
2
2
2
2
3
3
3
3
3
3
3
3
3
3
3
3
4
4
4
4
4
4
4
4
4
4
4
4
4
4
4
4
5
5
5
5
5
5
5
5
5
5
5
5
6
6
6
6
6
6
6
6
6
7
7
7
7
7
7
7
7
7
7
7
7
7
7
7
7
7
7
7
8
8
8
8
8
8
8
8
8
8
8
8
8
9
9
9
9
9
9
9
9
9
10
10
10
10
10
10
10
10
10
10
10
10
10
10
11
11
11
11
12
12
12
12
12
13
13
13
13
13
13
13
13
13
13
14
14
14
14
14
14
14
14
14
14
15
15
15
15
15
15
15
16
16
16
16
16
16
16
16
16
16
16
16
16
16
16
16
16
16
17
17
17
17
17
17
17
17
17
17
17
17
17
17
17
18
18
18
18
18
18
18
18
19
19
19
19
19
19
19
19
19
19
19
19
19
20
20
20
20
20
20
20
20
20
20
21
21
21
21
21
21
21
21
22
22
22
22
22
22
22
23
23
23
23
23
23
23
23
23
23
23
24
24
24
24
24
25
25
25
25
25
25
25
25
25
25
25
26
26
26
26
26
26
26
26
26
26
26
26
26
27
27
27
27
27
27
27
27
27
27
27
27
28
28
28
28
28
28
28
28
28
28
28
29
29
29
29
29
29
29
29
29
29
29
30
30
30
30
30
30
30
30
30
30
31
31
31
31
31
31
31
31
31
31
31
31
32
32
32
32
32
32
32
33
33
33
33
33
33
33
33
33
33
33
33
33
33
33
33
33
34
34
34
34
34
34
34
34
34
34
35
35
35
35
35
35
35
35
35
35
35
36
36
36
36
36
36
36
36
36
36
36
36
37
37
37
37
37
38
38
38
38
38
38
38
38
38
38
38
38
39
39
39
39
39
39
39
39
40
40
40
40
40
40
40
40
40
40
40
41
41
41
41
41
41
41
41
41
41
41
41
42
42
42
42
42
42
42
42
43
43
43
43
43
43
43
43
43
43
43
43
43
44
44
44
44
44
44
44
45
45
45
45
45
45
45
45
45
46
46
46
46
46
46
46
46
46
46
47
47
47
47
47
47
47
47
47
48
48
48
48
48
48
48
48
48
48
48
48
48
48
48
48
49
49
49
49
49
49
49
49
49
49
49
49
49
49
49
50
50
50
50
50
50
50
50
50
50
50
50
50
50
50
51
51
51
51
51
51
51
51
51
51
51
51
51
51
51
52
52
52
52
52
52
52
52
53
53
53
53
53
54
54
54
54
54
54
54
54
54
54
54
54
54
54
55
55
55
55
55
55
55
55
55
55
55
56
56
56
56
56
56
56
56
56
56
56
57
57
57
57
57
57
57
57
57
57
57
57
57
57
57
58
58
58
58
58
58
58
58
58
58
58
58
59
59
59
59
59
59
59
59
59
59
59
59
60
60
60
60
60
60
60
60
60
60
60
60
60
60
60
61
61
61
61
61
61
61
61
61
61
61
61
62
62
62
62
62
62
62
62
62
62
62
62
63
63
63
63
63
63
63
63
63
63
64
64
64
64
64
64
64
64
64
64
64
64
64
64
64
64
64
64
65
65
65
65
65
65
65
65
65
65
65
65
65
65
65
65
66
66
66
66
66
66
66
66
66
66
66
66
66
66
66
66
66
66
66
67
67
67
67
67
67
67
67
67
67
67
67
67
67
68
68
68
68
68
68
68
68
68
68
68
68
68
68
68
68
68
68
69
69
69
69
69
69
69
69
69
69
70
70
70
70
70
70
70
70
70
70
71
71
71
71
71
71
71
71
71
71
71
71
72
72
72
72
72
72
72
72
72
72
72
73
73
73
73
73
73
73
73
73
73
73
74
74
74
74
74
74
74
74
74
74
74
74
74
74
74
74
75
75
75
75
75
75
75
75
75
75
75
75
75
76
76
76
76
76
76
76
76
76
76
76
76
76
76
77
77
77
77
77
77
77
77
77
77
77
77
77
77
77
77
78
78
78
78
78
78
78
78
78
78
78
78
78
78
78
78
78
78
78
78
78
78
79
79
79
79
79
79
79
79
79
79
79
79
79
79
80
80
80
80
80
80
80
80
80
80
80
80
80
80
80
80
80
80
81
81
81
81
81
81
81
81
81
81
81
81
81
81
81
81
82
82
82
82
82
82
82
82
82
82
82
82
83
83
83
83
83
83
83
83
83
83
84
84
84
84
84
84
84
84
84
84
84
84
84
84
85
85
85
85
85
85
85
85
85
85
85
85
85
85
85
86
86
86
86
86
86
86
86
86
86
86
86
86
86
86
87
87
87
87
87
87
87
87
87
87
87
87
87
87
87
87
87
88
88
88
88
88
88
88
88
88
88
88
88
88
88
88
88
88
88
88
89
89
89
89
89
89
89
89
89
89
89
89
89
89
89
89
89
89
90
90
90
90
90
90
90
90
90
90
90
90
90
90
91
91
91
91
91
91
91
91
91
91
91
91
91
91
91
91
91
92
92
92
92
92
92
92
92
92
92
92
92
92
92
92
93
93
93
93
93
93
93
93
93
93
93
93
93
94
94
94
94
94
94
94
94
94
94
94
94
94
94
95
95
95
95
95
95
95
95
95
95
95
95
95
95
95
95
95
95
95
95
95
95
96
96
96
96
96
96
96
96
96
96
96
96
96
96
96
96
96
96
96
96
97
97
97
97
97
97
97
97
97
97
97
97
98
98
98
98
98
98
98
98
98
98
98
98
98
98
99
99
99
99
99
99
99
99
99
99
99
99
99
99
99
100
100
100
100
100
100
100
100
100
100
100
100
100
101
101
101
101
101
101
101
101
101
101
101
101
101
101
101
101
101
101
101
101
101
102
102
102
102
102
102
102
102
103
103
103
103
103
103
103
103
103
103
103
103
103
103
104
104
104
104
104
104
104
104
104
104
104
104
104
104
104
104
104
104
104
104
105
105
105
105
105
105
105
105
105
105
105
105
105
105
105
105
106
106
106
106
106
106
106
106
106
106
106
106
106
107
107
107
107
107
107
107
107
107
108
108
108
108
108
108
108
108
108
108
108
108
108
108
108
109
109
109
109
109
109
109
109
109
109
109
109
109
109
109
109
110
110
110
110
110
110
110
110
110
110
110
110
110
110
111
111
111
111
111
111
111
111
111
111
111
112
112
112
112
112
112
112
112
112
113
113
113
113
113
113
113
113
113
114
114
114
114
114
114
114
114
114
114
115
115
115
115
115
115
115
115
115
115
115
115
115
115
116
116
116
116
116
116
116
116
116
116
117
117
117
117
117
117
118
118
118
118
118
118
118
118
118
118
118
118
118
118
118
118
119
119
119
119
119
119
119
119
119
119
119
119
119
119
119
120
120
120
120
120
120
120
121
121
121
121
121
121
121
121
121
122
122
122
122
122
122
122
122
122
122
122
122
122
122
122
123
123
123
123
123
123
124
124
124
124
124
124
124
124
124
124
124
124
124
125
125
125
125
125
125
125
125
125
125
126
126
126
126
126
126
126
126
126
126
127
127
127
127
127
127
127
127
127
128
128
128
128
128
128
128
128
128
128
128
129
129
129
129
129
129
129
129
130
130
130
130
130
130
130
131
131
131
131
131
131
131
131
132
132
132
132
132
132
132
132
132
132
132
132
133
133
133
133
133
133
134
134
134
134
134
134
134
134
134
135
135
135
135
135
135
135
135
136
136
136
136
136
136
136
136
136
136
137
137
137
137
137
137
137
137
137
137
137
138
138
138
138
138
138
138
138
138
138
139
139
139
139
139
139
139
139
139
139
139
140
140
140
140
140
140
140
140
140
141
141
141
141
141
141
141
141
141
141
141
141
141
142
142
142
142
142
142
142
142
142
142
142
142
142
143
143
143
143
143
143
143
143
143
143
144
144
144
144
144
144
145
145
145
145
145
145
145
145
145
145
145
145
145
145
146
146
146
146
147
147
147
147
147
147
147
147
147
148
148
148
148
148
148
148
149
149
149
149
149
149
150
150
150
150
150
151
151
151
151
151
151
151
152
152
152
152
152
152
152
152
152
153
153
153
153
153
153
153
153
153
153
154
154
154
154
154
154
154
154
154
154
155
155
155
155
155
155
155
155
156
156
156
156
156
156
156
156
156
157
157
157
157
157
157
158
158
158
158
158
158
158
159
159
159
159
159
159
159
159
159
159
159
159
159
160
160
160
160
160
160
160
160
160
161
161
161
161
161
161
161
161
161
162
162
162
162
162
162
163
163
163
163
163
163
163
163
164
164
164
164
164
164
164
164
164
164
165
165
165
166
166
166
166
166
166
167
167
167
167
167
167
167
167
167
168
168
168
168
168
168
168
168
168
168
168
169
169
169
169
169
169
169
169
170
170
170
170
170
170
171
171
171
171
171
171
171
171
171
171
172
172
172
172
172
173
173
173
173
173
173
173
173
173
173
173
173
174
174
174
175
175
175
175
176
176
176
176
176
176
176
176
176
176
176
176
176
177
177
177
177
177
178
178
178
178
178
178
178
178
178
178
178
179
179
179
179
179
179
180
180
180
180
180
181
181
181
181
182
182
182
182
183
183
183
183
183
183
183
184
184
184
184
184
184
184
184
184
185
185
185
185
185
185
185
186
186
186
186
186
186
186
186
187
187
187
187
187
187
188
188
188
188
188
188
188
188
189
189
189
189
189
190
190
190
190
191
191
191
191
191
191
191
192
192
192
192
192
192
192
192
193
193
193
193
193
193
194
194
195
195
195
195
195
195
195
196
196
196
196
197
197
197
197
197
197
197
198
198
198
198
198
198
199
199
199
199
199
199
200
200
200
200
200
201
201
201
201
201
201
202
202
202
202
202
203
203
203
203
203
203
203
204
204
204
204
204
204
205
205
205
205
205
206
206
206
206
206
206
207
207
207
207
208
208
208
208
208
208
209
209
209
209
210
210
210
210
210
211
211
211
211
211
211
212
212
212
212
212
213
213
213
213
213
214
214
214
214
214
214
214
214
214
214
215
215
215
215
215
215
215
215
216
216
216
216
216
216
216
216
217
217
217
217
217
217
217
218
218
218
218
218
219
219
219
219
219
220
220
220
220
220
221
221
221
221
221
221
222
222
222
222
222
222
222
223
223
223
223
223
223
223
224
224
224
224
224
224
224
225
225
225
225
225
225
225
226
226
226
227
227
227
227
228
228
228
229
229
229
229
229
229
230
230
231
231
231
231
232
232
232
232
232
232
232
232
233
233
233
233
234
234
234
234
235
235
235
235
235
235
236
237
237
237
237
237
237
237
238
238
239
239
239
239
239
239
240
241
241
241
242
242
243
243
243
243
243
244
244
244
244
244
245
245
245
245
245
245
245
246
246
246
246
246
246
246
246
246
247
247
247
247
247
247
248
248
248
248
248
248
248
249
249
249
249
249
249
249
250
250
251
251
251
251
251
251
251
251
252
252
252
252
253
253
253
253
253
253
253
254
254
254
254
254
255
255
255
255
255
255
255
256
256
256
256
256
256
256
256
256
256
256
256
256
257
257
257
257
258
258
258
258
258
258
258
259
259
259
260
260
260
260
260
260
261
261
261
261
262
262
262
263
263
263
264
264
264
264
265
265
265
265
265
265
266
266
266
266
266
266
267
267
267
267
267
267
267
268
268
268
268
268
269
269
269
269
269
269
270
270
270
270
270
270
270
270
270
271
271
271
271
272
272
272
272
272
272
273
273
273
273
273
273
274
274
274
274
274
274
275
275
275
275
275
275
276
276
276
276
276
277
277
277
277
277
278
278
278
278
278
279
279
279
279
280
280
280
280
280
280
280
281
281
281
281
281
281
282
282
282
283
283
283
283
283
284
284
284
284
285
285
285
286
286
286
286
286
286
286
287
287
287
287
287
288
288
288
288
288
288
288
288
289
289
289
289
289
289
290
290
290
290
291
291
291
292
292
293
293
293
294
294
295
295
295
295
295
295
296
296
296
297
298
298
298
298
299
300
300
300
300
301
301
301
301
301
301
302
302
302
302
302
302
303
303
303
303
303
303
304
304
304
304
304
304
304
304
304
305
305
306
306
306
306
307
307
307
307
308
308
308
308
309
309
309
309
309
310
311
311
312
312
313
313
313
313
313
313
313
314
314
314
315
315
315
315
315
315
315
316
317
317
317
317
317
318
319
319
319
319
320
320
320
321
321
321
321
321
321
322
322
322
322
323
323
323
323
324
324
324
325
325
325
326
326
326
326
326
326
326
327
327
328
328
329
330
330
330
331
331
332
332
332
332
332
333
334
334
334
334
334
334
334
335
335
337
337
337
338
338
338
338
339
339
339
339
340
340
340
341
341
341
342
342
342
342
343
343
344
344
345
345
346
346
347
347
347
348
348
348
349
349
349
350
350
350
350
350
351
352
352
353
353
353
354
354
355
355
356
356
357
357
358
358
359
359
360
360
361
361
361
361
361
362
363
364
364
364
364
364
364
364
365
365
365
366
366
367
368
368
369
369
369
369
369
370
370
370
370
370
370
370
370
371
371
371
372
372
373
373
373
373
374
374
375
375
375
375
375
375
375
375
375
376
376
376
377
377
377
378
378
379
379
379
379
379
379
379
379
379
380
380
380
380
382
382
382
382
383
384
384
384
384
385
386
386
387
387
388
388
388
389
389
390
390
390
391
392
392
392
392
392
393
394
394
394
395
395
396
396
397
397
397
398
398
398
399
399
399
400
401
401
402
402
403
403
403
403
404
405
405
405
405
406
406
406
407
408
408
408
408
408
409
409
409
410
410
410
412
412
414
414
414
414
415
415
415
415
415
416
417
417
417
418
418
418
418
418
419
420
420
420
420
420
420
420
421
422
422
422
423
423
423
423
423
424
424
424
424
425
425
426
426
427
427
428
428
428
429
429
429
430
430
431
431
431
432
432
432
432
434
434
435
435
435
436
436
436
437
437
437
438
438
438
438
438
438
439
439
439
440
440
440
440
440
440
440
440
440
441
441
441
441
441
441
442
443
443
444
444
446
446
446
447
447
447
448
448
448
448
449
449
449
449
449
450
451
451
451
452
452
452
452
453
453
454
454
454
454
454
455
456
456
457
457
458
459
459
460
460
460
460
461
462
462
463
463
463
464
465
465
466
466
466
466
468
468
468
468
469
469
469
469
470
470
470
470
470
470
470
471
471
471
472
473
473
474
474
474
474
474
475
475
475
476
476
477
477
477
478
478
478
479
479
479
479
480
480
480
481
481
482
482
482
482
482
482
483
483
483
483
483
483
484
485
485
485
486
486
487
487
487
487
487
488
488
489
490
490
490
490
490
491
491
494
495
496
496
498
498
498
498
499
499
501
501
502
502
502
502
502
503
503
503
503
503
503
503
504
506
506
507
507
508
508
508
508
508
509
509
509
509
509
509
510
510
510
512
512
512
513
514
514
515
515
515
515
516
516
516
516
516
517
518
518
518
518
518
519
520
520
520
521
521
521
521
521
522
522
523
523
523
523
523
523
525
525
525
527
527
527
528
528
528
528
528
529
529
529
530
530
530
530
531
531
532
532
532
533
533
533
533
534
534
535
535
535
536
537
537
538
538
540
540
540
540
540
540
541
541
541
542
543
543
543
543
543
544
544
544
545
545
545
545
546
546
546
547
547
548
548
548
548
548
550
550
551
551
551
551
551
553
553
553
554
555
555
555
555
556
556
556
557
557
557
558
558
559
559
560
560
560
560
562
562
562
562
563
563
563
563
563
564
564
564
564
565
565
565
565
566
566
566
566
567
567
567
567
568
568
569
569
570
570
570
571
571
572
572
572
572
572
573
573
573
573
573
574
575
575
575
575
576
576
578
578
579
579
579
579
579
579
581
582
582
582
583
583
584
584
584
584
584
584
584
585
586
586
587
589
589
589
589
590
590
590
591
592
593
593
594
594
594
595
595
596
597
597
599
599
599
600
601
602
603
603
603
604
604
604
605
605
606
606
606
607
608
609
610
610
611
611
612
613
613
613
613
613
613
614
614
614
614
614
615
615
615
616
616
616
616
616
617
617
617
617
618
618
618
620
620
620
621
623
623
623
623
624
624
625
625
625
625
626
626
629
630
633
633
633
635
636
638
639
640
641
641
641
642
642
642
645
645
645
646
646
646
647
648
649
650
650
650
651
651
653
654
654
654
654
656
656
656
658
659
659
660
661
662
663
665
668
669
669
670
670
670
672
673
673
673
673
674
674
675
675
675
676
676
676
676
676
677
677
678
678
679
679
679
679
679
681
681
683
683
684
684
686
687
687
687
687
687
688
688
689
689
689
689
691
691
692
692
693
694
694
696
697
697
698
699
700
700
701
701
701
702
703
703
704
705
705
705
706
706
707
708
709
710
710
710
711
711
712
713
713
715
716
716
717
717
718
718
719
721
721
721
722
724
725
726
726
727
727
728
729
729
730
731
732
732
733
733
733
733
733
736
737
737
738
739
739
740
740
741
741
742
743
745
745
745
746
746
746
748
749
749
750
750
751
751
752
753
753
754
754
754
754
755
755
758
758
759
760
760
761
761
761
762
762
764
765
766
766
766
767
769
769
770
770
770
771
771
771
772
773
774
774
774
775
776
776
781
783
783
784
784
786
786
786
787
788
789
789
790
790
792
792
793
793
794
794
796
797
797
797
798
801
801
804
804
806
806
806
806
807
808
810
811
812
812
814
814
816
816
817
818
819
820
820
821
822
822
824
825
826
826
826
827
827
828
828
828
829
830
830
831
831
831
832
832
835
835
838
839
839
840
841
841
841
842
845
847
848
848
849
851
852
853
854
856
856
857
857
857
857
859
861
861
862
863
864
864
864
865
866
870
871
872
873
874
874
874
875
875
875
876
876
876
877
877
878
878
878
879
884
884
885
885
886
886
886
888
888
888
888
889
890
891
891
892
892
892
892
893
893
894
895
896
898
899
900
900
900
901
901
903
904
905
905
905
905
905
905
906
907
907
907
907
908
910
911
912
912
914
914
914
914
915
915
916
916
917
918
918
920
921
922
923
923
923
924
924
924
924
924
925
925
926
926
928
929
929
930
930
930
930
931
932
932
933
933
933
935
937
937
938
939
940
940
941
941
941
942
942
943
943
945
946
947
948
949
949
949
950
950
950
951
951
951
952
953
953
953
954
954
955
956
956
957
958
958
958
959
960
961
961
965
965
966
967
967
968
968
969
969
969
970
970
970
970
971
972
973
973
973
976
977
979
980
981
984
984
984
985
985
986
986
986
989
989
990
991
991
991
992
993
994
995
995
997
999
999
1001
1001
1001
1001
1001
1002
1002
1002
1005
1006
1006
1007
1007
1009
1009
1010
1011
1012
1012
1012
1013
1013
1013
1014
1016
1016
1017
1019
1019
1021
1023
1023
1024
1025
1027
1027
1027
1027
1028
1028
1029
1031
1033
1035
1035
1035
1036
1036
1038
1038
1040
1040
1041
1042
1043
1045
1045
1046
1046
1046
1048
1049
1049
1050
1051
1052
1053
1054
1055
1056
1056
1056
1056
1059
1059
1061
1062
1062
1063
1063
1064
1065
1066
1067
1067
1067
1067
1068
1069
1069
1070
1071
1074
1074
1075
1077
1077
1077
1078
1080
1080
1081
1081
1082
1083
1083
1084
1085
1085
1086
1086
1087
1088
1090
1091
1092
1093
1093
1093
1094
1094
1095
1095
1096
1096
1097
1097
1099
1101
1102
1102
1102
1102
1103
1103
1104
1105
1105
1107
1107
1107
1107
1108
1108
1108
1109
1109
1109
1109
1109
1109
1110
1110
1110
1110
1111
1111
1111
1112
1112
1114
1114
1115
1117
1118
1119
1121
1121
1122
1126
1126
1127
1127
1128
1128
1128
1128
1130
1130
1131
1131
1132
1132
1134
1134
1135
1137
1137
1138
1138
1138
1139
1140
1141
1141
1146
1148
1150
1150
1150
1151
1151
1152
1155
1156
1156
1157
1157
1157
1157
1159
1163
1164
1164
1164
1165
1165
1166
1166
1167
1167
1167
1168
1169
1171
1172
1175
1175
1176
1177
1177
1178
1179
1179
1179
1179
1180
1180
1180
1181
1182
1184
1186
1186
1187
1192
1192
1193
1193
1194
1194
1194
1197
1199
1199
1199
1200
1203
1203
1204
1204
1204
1205
1206
1206
1207
1207
1209
1209
1214
1216
1216
1217
1217
1217
1218
1220
1220
1221
1222
1222
1222
1222
1225
1225
1226
1226
1226
1228
1231
1231
1233
1234
1234
1235
1235
1235
1235
1237
1238
1240
1242
1242
1243
1247
1248
1249
1250
1250
1251
1253
1253
1253
1254
1255
1256
1256
1257
1257
1257
1260
1261
1261
1264
1264
1265
1265
1266
1267
1269
1271
1274
1277
1278
1278
1281
1284
1288
1290
1290
1293
1295
1296
1298
1300
1301
1301
1304
1304
1304
1306
1307
1307
1308
1308
1308
1309
1309
1309
1309
1310
1311
1311
1312
1312
1316
1318
1319
1319
1319
1321
1323
1323
1324
1324
1325
1327
1328
1329
1330
1330
1332
1334
1335
1335
1336
1337
1337
1340
1340
1343
1344
1344
1347
1353
1360
1361
1362
1364
1368
1371
1373
1374
1375
1376
1382
1383
1385
1385
1387
1389
1389
1389
1391
1393
1393
1395
1398
1398
1398
1398
1399
1402
1403
1406
1408
1409
1409
1409
1412
1413
1415
1416
1418
1418
1418
1418
1418
1419
1419
1419
1420
1426
1427
1429
1429
1429
1430
1430
1431
1432
1432
1434
1434
1436
1438
1438
1440
1445
1446
1448
1453
1453
1454
1456
1457
1459
1459
1461
1462
1462
1466
1467
1469
1469
1470
1472
1473
1478
1478
1481
1482
1485
1487
1487
1489
1489
1490
1491
1491
1491
1492
1493
1493
1493
1494
1495
1495
1496
1498
1498
1499
1500
1508
1508
1510
1511
1512
1515
1517
1518
1519
1521
1524
1529
1530
1531
1533
1535
1539
1541
1541
1541
1542
1542
1546
1548
1549
1549
1551
1551
1551
1551
1552
1552
1553
1555
1556
1558
1558
1560
1560
1561
1562
1562
1563
1565
1566
1566
1567
1567
1568
1568
1568
1569
1569
1570
1570
1570
1575
1576
1577
1579
1581
1581
1581
1583
1584
1585
1585
1589
1589
1589
1590
1591
1592
1593
1594
1594
1600
1608
1609
1609
1610
1611
1615
1616
1618
1620
1623
1626
1627
1630
1633
1634
1635
1637
1639
1640
1640
1644
1644
1646
1647
1647
1648
1651
1652
1653
1655
1657
1658
1658
1658
1658
1660
1662
1663
1664
1665
1669
1669
1670
1671
1675
1675
1675
1676
1676
1677
1677
1677
1677
1677
1678
1683
1683
1684
1686
1686
1688
1689
1689
1691
1692
1694
1694
1695
1696
1698
1701
1702
1703
1704
1711
1714
1714
1715
1716
1717
1718
1719
1722
1723
1723
1725
1728
1733
1735
1736
1737
1738
1739
1740
1745
1746
1746
1747
1749
1750
1750
1753
1755
1755
1759
1763
1768
1770
1770
1772
1773
1774
1775
1777
1778
1778
1780
1785
1786
1786
1788
1788
1790
1790
1791
1791
1793
1794
1794
1795
1795
1796
1801
1801
1802
1802
1803
1803
1804
1807
1811
1814
1816
1816
1818
1818
1821
1824
1824
1824
1830
1840
1840
1842
1842
1843
1844
1844
1844
1845
1846
1846
1846
1847
1848
1849
1853
1857
1859
1860
1862
1863
1864
1864
1864
1865
1866
1866
1866
1868
1869
1869
1873
1875
1876
1877
1886
1892
1893
1893
1893
1894
1894
1894
1896
1897
1897
1897
1897
1897
1898
1901
1903
1904
1904
1904
1905
1905
1907
1907
1909
1910
1910
1912
1913
1913
1913
1915
1916
1918
1919
1920
1921
1923
1925
1926
1930
1930
1932
1933
1935
1935
1935
1936
1940
1940
1942
1946
1947
1949
1950
1951
1951
1952
1953
1953
1955
1956
1959
1960
1961
1962
1963
1963
1963
1964
1965
1965
1965
1966
1966
1966
1966
1966
1968
1969
1970
1971
1972
1975
1978
1983
1991
1995
1999
2159
2208
2282
2358
2449
2678
2872
2897
2915
2986
2989
3358
3401
3471
3530
3589
