Primero viene la cantidad (n) de timestamps para ambos, luego n líneas que son un timestamp aproximado cada uno separado por una coma (',') del error, y luego n lineas de las transacciones del sospechoso
5005
53,17
138,16
241,48
484,33
920,35
1842,49
15,14
30,27
127,48
242,50
439,31
891,37
1805,40
66,42
167,13
277,40
548,48
1094,48
56,39
148,3
267,13
502,16
1057,46
4,3
105,50
114,39
302,18
534,9
1078,42
92,29
165,8
330,20
667,30
1334,47
21,5
42,19
66,18
198,41
364,39
729,38
1430,39
4,3
62,10
97,30
166,16
373,38
705,38
1497,8
4,3
20,19
98,25
193,50
401,34
783,17
1562,26
14,9
36,35
121,39
248,2
426,47
874,29
1741,15
94,40
144,4
313,47
635,44
1237,41
28,8
74,33
196,33
385,10
768,12
1536,2
42,9
92,20
235,11
396,31
825,14
1659,23
82,34
157,19
282,13
584,43
1167,41
5,4
105,38
206,10
349,40
707,30
1423,15
14,13
31,4
75,15
160,25
332,5
695,10
1328,21
19,18
95,27
141,11
346,19
697,14
1398,21
91,25
157,34
256,14
565,13
1162,27
53,9
143,3
264,43
557,46
1025,10
30,14
58,43
129,49
224,34
500,26
959,37
1966,14
36,4
104,23
170,24
330,24
736,18
1430,50
15,14
51,11
88,13
172,11
333,31
699,44
1399,4
80,24
91,38
248,1
429,12
916,46
1835,46
48,37
137,5
255,3
484,36
980,5
1989,1988
15,14
108,33
200,29
362,43
770,34
1461,9
7,6
9,8
76,11
149,31
284,4
619,1
1217,16
69,27
104,27
258,44
486,11
930,31
1870,44
40,26
76,14
208,11
409,25
756,2
1495,13
47,5
59,17
187,40
326,11
685,43
1395,21
49,14
115,47
217,36
400,28
871,34
1695,6
11,10
21,20
61,12
108,6
252,6
536,43
1055,41
26,22
88,8
189,43
347,23
724,26
1473,10
9,8
104,22
124,7
241,17
485,41
987,32
1965,19
94,1
96,12
193,47
439,29
850,3
1733,2
75,11
92,23
173,23
344,7
756,14
1528,24
28,6
32,10
101,47
198,33
416,42
778,9
1641,3
91,5
154,8
266,42
604,49
1208,24
97,40
123,10
247,35
558,45
1114,3
8,7
27,12
84,21
144,36
361,31
651,17
1352,33
93,50
171,12
289,18
572,44
1129,29
92,36
177,12
330,21
618,38
1266,47
73,46
122,16
237,30
458,27
894,10
1842,49
59,5
65,50
173,9
323,50
677,22
1387,36
86,25
152,18
300,18
608,15
1198,37
2,1
89,2
152,30
304,5
571,48
1216,10
34,1
36,27
129,46
294,49
554,17
1119,21
61,48
149,45
237,5
533,49
993,47
1975,1974
86,30
109,6
199,22
462,13
898,3
1795,48
36,29
91,8
130,27
347,2
696,25
1327,33
28,27
77,37
126,7
263,40
521,5
1088,25
52,21
87,48
192,19
389,25
800,21
1562,48
29,28
30,18
130,24
219,2
456,16
876,2
1809,20
98,42
171,35
359,45
656,13
1337,31
26,25
76,7
159,47
316,22
648,45
1277,43
67,6
131,27
234,32
493,23
956,7
1952,24
16,15
117,21
142,34
375,41
689,2
1349,2
9,8
41,39
151,31
301,1
561,18
1129,28
21,20
68,6
142,49
240,26
550,32
1081,49
91,18
100,39
261,12
526,16
1000,47
1985,12
82,19
115,17
210,14
413,45
862,37
1741,7
36,1
123,31
253,49
457,39
910,40
1813,22
36,35
118,45
175,18
348,16
735,33
1510,5
69,18
72,29
228,35
383,16
827,40
1601,18
4,3
25,8
63,7
143,33
253,22
522,21
1015,8
82,8
138,49
234,36
541,27
1030,31
73,46
146,4
225,33
508,12
985,17
1960,12
1,0
49,6
79,32
206,22
389,14
795,8
1612,35
25,24
60,20
167,50
324,5
633,40
1306,28
90,41
141,37
284,9
541,17
1152,18
63,14
127,19
290,18
506,39
1027,32
45,28
123,50
235,11
446,30
897,46
1839,26
83,40
179,22
360,7
634,44
1287,15
28,10
54,15
176,18
299,21
627,25
1238,47
29,22
128,20
215,2
406,4
855,14
1713,40
28,27
102,34
131,31
331,33
634,9
1321,39
9,6
89,12
170,40
272,46
542,29
1133,41
57,7
151,23
244,37
472,35
1011,46
1989,1988
75,2
94,39
195,10
421,24
788,16
1584,31
44,25
124,44
247,37
485,43
954,9
1880,14
36,35
112,46
209,22
455,19
885,29
1781,46
50,44
119,4
179,27
403,38
845,33
1680,47
88,33
101,12
245,7
491,12
1002,10
1990,2
39,38
62,26
145,6
262,31
568,4
1159,10
59,33
154,8
308,19
588,39
1189,3
33,32
52,12
124,22
280,26
560,16
1107,34
5,4
7,6
61,40
95,35
215,8
417,15
868,37
1676,27
63,22
69,21
177,3
353,25
720,47
1460,29
19,18
73,14
116,7
261,31
504,50
987,25
1982,1
77,4
129,16
298,18
601,49
1171,37
8,7
108,16
129,26
254,20
547,7
1059,43
41,40
49,39
97,20
250,21
484,36
981,35
1917,35
61,26
144,26
226,24
498,44
930,36
1959,22
60,42
141,28
256,13
523,30
983,41
1979,16
25,20
94,43
154,44
360,14
655,28
1307,23
81,18
91,22
232,48
468,40
972,50
1908,5
42,41
54,1
163,14
265,16
607,35
1217,7
50,26
77,1
198,45
360,15
705,13
1487,3
82,17
141,15
225,37
507,27
981,49
1995,1994
31,2
62,19
146,40
328,12
617,18
1276,14
35,27
93,32
146,5
302,44
659,6
1319,18
61,4
130,7
247,7
501,3
1024,17
1911,34
53,16
91,21
218,50
392,23
792,23
1553,50
63,13
143,15
217,43
476,12
996,23
1956,23
79,44
131,44
252,30
503,12
1062,1
79,40
171,50
342,17
610,41
1223,50
88,35
133,30
287,34
528,44
1110,17
33,32
64,28
180,20
327,34
619,1
1241,47
99,8
164,11
327,26
598,29
1234,16
94,4
115,23
305,35
549,12
1072,32
101,20
129,12
301,10
603,35
1139,46
3,2
21,20
95,48
171,36
329,7
680,17
1389,12
44,18
127,30
210,45
473,5
872,33
1806,22
100,21
156,17
261,34
575,13
1100,7
35,13
105,31
212,40
389,9
792,42
1603,26
19,18
33,1
78,39
138,12
365,41
722,19
1413,24
38,27
81,35
192,21
360,35
723,36
1473,44
66,21
139,37
299,33
601,37
1136,32
40,1
59,17
162,22
338,6
601,34
1201,22
36,35
75,4
114,37
252,38
572,13
1129,5
12,11
23,22
78,22
203,37
407,7
822,11
1646,3
76,20
114,32
224,23
448,28
955,28
1881,41
24,23
88,34
178,41
351,4
731,36
1388,13
86,34
108,40
195,25
473,48
954,19
1825,5
85,24
150,33
255,16
521,50
1087,50
25,24
90,25
212,21
407,9
825,37
1642,46
86,34
164,21
289,32
571,46
1113,10
51,18
96,13
154,5
401,22
749,43
1491,36
76,12
128,11
278,37
540,28
1083,26
25,21
92,25
152,16
277,43
623,46
1263,23
59,33
160,34
289,43
589,21
1132,6
25,6
60,15
87,48
209,36
404,9
866,50
1673,37
4,3
91,7
106,11
287,40
528,50
1078,23
8,7
83,47
118,36
283,20
535,15
1102,10
90,26
113,9
206,36
461,23
873,7
1831,34
71,20
133,37
266,24
530,35
1041,24
68,10
104,2
237,2
487,40
936,24
1879,4
67,50
154,30
244,36
541,11
1068,32
6,5
80,40
162,22
281,32
576,34
1176,40
56,25
76,4
151,6
315,20
631,6
1233,17
48,41
136,19
198,43
431,30
882,50
1753,12
16,15
112,41
205,34
429,35
813,41
1640,39
83,18
130,31
276,48
532,44
1110,19
72,44
147,19
271,38
537,28
1121,30
23,20
36,17
143,17
294,35
540,46
1038,40
48,47
112,5
190,18
435,29
801,7
1669,12
85,5
88,13
241,33
450,33
891,16
1841,49
83,10
171,14
308,34
624,16
1199,43
41,21
45,11
125,38
272,45
486,30
1011,35
1986,1985
41,14
64,15
203,15
329,30
656,7
1378,29
18,9
36,7
57,26
195,18
340,21
734,29
1481,38
35,7
51,49
113,36
214,21
449,40
958,5
1907,12
41,40
87,14
179,12
347,42
750,32
1481,30
54,47
100,36
166,21
359,34
767,47
1492,22
27,20
28,9
121,7
275,24
510,37
1046,6
8,7
108,42
127,41
256,28
513,25
1021,30
66,13
92,38
246,43
413,10
876,27
1714,38
43,40
135,12
274,39
500,26
1029,21
1987,1986
51,38
118,18
263,16
451,26
966,44
1876,20
29,22
62,49
138,23
302,16
575,21
1182,1
35,32
132,10
237,49
422,24
833,42
1738,35
3,2
11,1
71,36
96,37
241,23
441,29
888,50
1839,48
50,6
129,25
230,6
503,30
1010,44
1999,1998
84,43
151,40
250,23
535,21
1032,48
61,38
79,17
214,45
411,18
768,21
1615,2
84,22
134,36
259,36
532,21
1086,10
79,21
108,50
228,47
505,13
944,21
1943,30
67,11
121,33
194,39
467,8
909,30
1837,33
68,22
154,42
288,11
531,25
1068,50
40,39
90,40
203,11
345,37
741,25
1421,40
20,18
98,34
167,35
341,14
724,44
1424,28
53,5
147,7
201,38
447,34
868,36
1763,16
37,15
96,2
209,6
353,35
786,22
1496,14
81,8
170,20
289,3
549,14
1131,16
58,13
132,1
287,5
528,37
1102,23
95,26
122,26
296,7
561,38
1118,1
12,11
25,21
123,49
239,8
409,38
835,45
1691,19
33,32
95,36
214,5
424,18
822,45
1643,28
93,22
101,49
258,47
521,28
1059,15
63,49
72,47
148,8
372,27
675,40
1352,20
43,9
48,35
135,26
308,13
538,11
1163,13
75,16
82,5
248,23
470,17
945,39
1843,27
41,33
113,13
186,13
419,37
774,49
1631,33
93,36
158,47
302,42
554,7
1151,17
32,26
85,36
194,8
324,32
655,36
1349,7
14,6
101,12
126,22
331,12
667,23
1295,26
2,1
98,6
144,33
334,16
606,15
1244,38
12,11
23,9
92,29
129,23
265,3
610,36
1170,40
22,21
39,12
160,45
268,39
582,18
1091,27
79,18
88,15
258,17
481,34
964,44
1955,4
101,48
125,12
324,39
622,50
1232,7
10,9
55,11
164,48
258,36
492,10
1030,37
6,5
16,15
89,5
176,1
308,41
616,13
1307,7
39,35
62,33
132,34
319,3
596,25
1201,26
70,35
165,46
333,24
594,35
1254,28
91,28
139,3
280,20
600,19
1149,13
19,18
57,15
174,40
309,49
588,35
1241,16
57,26
74,31
161,45
303,48
640,41
1320,15
20,19
93,3
165,21
333,26
654,14
1366,3
56,24
124,25
186,33
455,34
856,27
1760,30
99,11
124,16
273,50
572,48
1130,8
6,5
20,19
75,38
200,16
309,48
701,44
1385,34
56,26
121,23
244,16
497,29
989,46
1998,2
100,47
146,39
338,43
635,38
1291,18
31,30
52,48
135,9
284,16
517,32
1074,15
69,3
123,48
216,15
457,46
936,13
1835,33
56,16
152,25
288,48
590,25
1130,34
82,35
90,47
189,35
375,2
747,48
1554,11
16,15
84,22
152,30
274,35
530,11
1123,43
26,9
37,2
120,17
257,34
499,50
1029,30
1965,18
16,11
110,1
218,11
434,6
874,10
1671,40
48,22
81,46
220,37
367,11
770,39
1581,9
36,34
94,34
228,18
380,47
795,9
1619,32
26,14
100,10
178,30
365,42
712,21
1390,3
37,6
71,43
114,43
263,20
540,49
1080,18
51,7
119,21
266,42
534,29
1061,50
58,22
84,44
150,43
385,43
738,38
1472,31
98,21
176,13
332,14
661,15
1281,49
88,43
172,39
346,26
650,50
1304,20
14,13
107,3
164,17
366,49
740,20
1459,17
53,46
138,40
272,45
556,34
1028,19
48,24
84,35
220,25
437,7
884,1
1758,14
69,45
131,7
222,50
494,12
942,49
1886,13
41,27
58,18
152,6
293,9
626,4
1269,25
4,3
101,17
192,44
305,13
669,27
1336,22
39,23
80,19
136,13
320,17
627,3
1234,31
63,7
84,41
187,22
407,48
828,35
1634,40
31,1
116,38
170,13
380,37
736,13
1470,7
55,48
56,42
152,25
324,18
643,22
1271,49
14,13
104,13
119,12
276,39
608,19
1195,45
60,13
106,16
245,11
506,47
923,48
1914,16
44,2
106,18
220,28
446,50
824,34
1718,1
42,39
82,40
135,1
260,15
594,19
1128,26
81,13
130,3
223,14
439,37
925,22
1873,15
61,5
131,32
241,50
486,48
932,38
1949,6
86,39
143,21
288,20
530,48
1136,14
65,43
137,23
231,16
493,31
1012,28
1921,49
84,16
134,16
309,35
603,43
1195,23
43,42
92,36
157,37
367,11
751,28
1488,30
93,40
161,38
317,6
626,15
1254,41
16,4
82,14
129,12
258,5
522,5
1095,2
42,28
84,41
218,42
347,5
707,33
1410,39
27,18
115,50
217,44
460,8
843,18
1699,17
84,24
91,40
245,40
511,38
945,33
1896,48
18,4
45,44
145,10
250,42
461,31
969,30
1897,23
16,6
89,22
189,47
319,45
709,20
1384,1
67,33
111,41
222,40
484,26
901,40
1830,33
19,7
53,31
154,48
293,48
554,10
1087,23
91,17
146,36
252,50
590,23
1084,38
63,6
119,1
183,38
394,7
764,48
1561,45
12,11
111,29
187,2
361,44
740,2
1449,47
16,15
78,25
144,14
287,15
542,44
1120,14
29,28
129,10
243,39
451,10
948,22
1853,10
35,29
116,36
228,41
436,35
912,46
1793,23
24,5
45,20
153,4
237,4
489,21
1032,29
1966,12
14,13
87,24
110,13
254,30
503,42
1001,48
1986,7
58,42
126,35
272,27
526,13
994,1
1991,1990
53,5
65,24
141,28
267,29
593,50
1153,46
25,24
74,45
116,41
316,34
596,29
1179,15
38,37
54,42
156,47
255,45
521,4
1105,50
89,48
145,14
310,14
545,13
1090,32
11,9
107,1
146,45
301,32
629,7
1214,2
82,33
170,30
281,14
586,38
1163,12
7,6
19,18
73,19
148,17
326,14
599,11
1198,47
54,24
141,24
222,18
480,38
947,29
1847,21
5,4
90,45
172,11
340,38
649,13
1339,35
10,9
28,8
46,1
148,5
265,9
526,18
1120,35
51,1
140,32
291,6
500,47
1045,3
37,36
96,8
207,5
344,16
729,15
1465,25
29,28
125,14
190,10
434,31
852,33
1647,9
41,40
129,34
217,37
417,33
838,21
1718,1
58,5
140,4
233,26
449,13
896,45
1869,13
90,47
141,23
270,50
593,30
1179,31
51,10
128,24
184,3
449,41
849,17
1691,24
14,13
95,39
186,38
384,13
720,41
1400,42
24,18
108,21
229,8
379,44
813,19
1626,5
47,21
93,13
142,6
326,32
654,16
1279,50
33,32
61,41
170,6
285,13
577,7
1144,42
54,18
57,45
152,42
352,46
671,6
1339,23
67,10
158,35
323,26
593,36
1194,15
45,40
129,18
256,2
435,27
953,14
1903,36
45,5
120,37
254,26
429,8
896,23
1786,7
57,42
109,23
216,4
384,1
823,21
1630,39
18,17
42,41
119,15
232,26
488,27
932,22
1922,50
72,15
79,43
245,34
403,21
859,28
1755,29
85,2
87,9
256,9
516,24
982,25
1988,1987
5,4
64,19
82,6
174,29
376,39
725,45
1440,9
97,39
139,30
250,23
519,4
1015,12
30,29
95,47
183,42
339,31
721,6
1460,42
51,50
136,26
257,24
526,6
1031,23
30,29
102,22
192,30
336,38
661,8
1334,10
55,45
121,20
253,22
496,40
958,35
1906,40
84,11
128,18
308,46
554,10
1099,33
21,20
85,3
124,36
273,30
581,46
1126,27
11,10
51,14
148,31
306,13
599,13
1191,31
18,17
60,11
82,6
181,8
411,14
817,46
1620,18
41,34
90,31
187,48
339,37
698,31
1376,49
76,42
139,5
283,43
561,22
1074,33
76,7
152,34
229,31
546,4
1059,44
90,11
174,25
349,17
648,31
1299,19
89,24
170,20
279,19
614,30
1196,46
68,24
104,16
203,44
429,43
868,11
1759,1
54,21
62,17
138,42
284,5
623,4
1232,49
46,16
64,36
119,2
276,25
570,27
1106,4
33,11
50,44
170,3
300,48
645,20
1244,5
34,4
131,45
177,24
420,41
838,7
1631,27
2,1
33,28
60,2
188,4
366,37
685,40
1395,40
96,31
156,24
305,46
560,46
1142,48
52,40
75,9
143,37
289,3
645,13
1278,3
27,26
109,27
184,23
408,49
768,4
1590,41
22,13
65,39
169,44
261,17
592,2
1125,29
73,24
115,36
272,38
527,5
995,2
1945,27
97,14
196,40
340,21
675,43
1374,4
93,19
176,17
270,10
569,31
1167,50
60,46
152,10
263,35
543,20
1104,45
101,35
185,39
292,13
618,24
1221,14
25,12
56,12
128,36
261,22
549,38
1097,14
32,29
101,26
164,41
360,42
694,45
1362,22
23,9
119,41
199,30
440,37
864,45
1671,33
14,13
111,29
223,6
422,24
777,42
1610,43
101,18
155,12
353,32
668,5
1348,29
8,7
12,11
42,41
153,10
226,42
454,24
956,31
1893,29
87,27
144,24
243,40
522,31
1053,13
69,31
146,49
233,47
526,37
982,41
1962,34
25,24
75,44
152,15
288,4
598,4
1140,38
77,42
102,49
237,46
454,15
897,8
1837,6
28,27
102,44
145,32
304,23
592,43
1185,48
95,7
97,40
289,41
539,25
1060,12
35,4
60,41
147,35
308,38
648,45
1274,27
3,2
12,11
88,26
152,41
308,9
657,32
1240,25
38,18
57,18
172,7
285,13
560,5
1135,21
11,10
58,5
121,14
251,16
486,34
1019,1
1978,21
1,0
16,15
24,3
57,31
191,40
319,1
703,38
1339,27
25,24
115,5
217,40
360,34
796,50
1530,35
18,17
32,30
69,1
212,42
404,20
743,26
1480,13
84,25
168,38
277,28
628,39
1232,10
5,4
75,17
173,32
341,21
656,23
1288,24
25,24
77,31
123,28
257,37
486,28
989,3
1997,1996
15,14
59,19
167,11
300,38
599,40
1149,6
21,20
120,30
221,45
427,25
792,17
1601,19
88,47
122,26
278,20
585,35
1130,35
79,44
80,14
205,37
440,46
834,35
1657,28
68,41
169,45
334,26
581,18
1204,13
56,14
137,1
290,2
505,31
1012,44
5,4
89,37
145,1
326,23
656,43
1257,18
3,2
103,11
153,23
309,41
660,24
1318,2
68,42
104,17
204,32
380,44
834,37
1639,36
93,16
185,38
378,44
716,12
1391,36
97,42
189,45
329,3
668,42
1318,9
78,20
91,33
181,33
411,9
776,12
1638,28
97,48
162,47
302,24
624,43
1272,36
90,40
115,12
225,43
531,45
1018,30
1916,40
16,15
107,32
210,11
425,44
779,25
1605,40
16,15
57,39
127,33
268,8
499,27
1055,19
3,2
16,9
77,47
183,33
306,16
591,5
1276,5
12,5
48,47
65,15
193,21
320,19
671,4
1377,1
44,15
121,24
192,7
411,17
779,50
1624,31
4,3
26,25
78,15
123,18
289,22
577,43
1153,6
37,13
38,14
129,30
210,19
458,47
883,7
1790,22
12,11
62,1
148,11
257,45
539,17
1042,8
17,16
93,15
193,23
338,6
682,47
1422,11
100,19
125,27
245,13
557,32
1097,36
33,32
39,3
157,10
281,29
563,19
1108,17
94,19
96,40
225,14
515,41
947,13
1891,22
78,44
127,1
286,18
577,14
1138,35
31,30
131,15
221,18
412,7
823,41
1686,6
43,29
51,4
175,42
354,22
632,38
1344,1
49,14
146,2
219,1
447,6
944,35
1806,14
92,47
115,40
263,16
492,14
1045,2
43,34
100,42
236,8
413,21
800,7
1687,40
61,35
63,41
134,47
295,36
589,15
1184,18
95,13
152,17
266,4
602,22
1203,1
65,25
144,21
297,31
515,18
1039,50
25,24
60,6
100,44
229,20
476,28
990,44
1947,44
92,34
169,39
360,11
638,30
1300,46
63,6
84,3
153,16
388,28
715,46
1462,45
101,50
201,43
394,5
762,37
1526,8
40,39
52,33
171,3
354,22
642,3
1323,40
60,35
61,49
217,19
413,6
817,9
1585,3
97,9
158,38
304,15
658,29
1279,22
7,6
33,14
65,18
164,27
345,37
645,15
1294,45
52,10
84,3
235,27
419,33
877,14
1701,15
29,28
51,42
116,42
216,18
424,42
910,28
1820,40
29,28
55,35
158,7
325,38
651,44
1277,3
91,44
173,31
274,4
550,16
1139,23
99,1
128,44
231,46
465,2
1022,28
1959,41
26,9
55,18
108,42
226,42
421,10
912,35
1805,43
33,4
134,47
205,10
427,2
834,33
1635,9
45,43
73,18
195,10
368,1
761,10
1506,6
1,0
95,46
141,36
283,7
557,15
1170,25
21,20
22,21
125,36
251,26
425,4
897,23
1827,20
37,23
119,48
162,32
329,26
654,22
1375,32
100,39
141,14
340,28
638,13
1233,23
37,36
83,3
134,47
281,8
597,34
1172,15
73,19
87,43
225,17
481,30
895,31
1766,37
61,2
103,29
204,21
439,29
828,7
1668,9
40,39
103,3
200,46
416,1
775,1
1591,28
17,16
59,49
168,25
298,7
584,17
1159,46
5,4
27,26
74,26
193,28
374,15
733,11
1502,45
33,32
130,12
167,10
362,19
767,40
1539,9
8,7
78,34
123,2
219,5
446,15
895,25
1850,9
86,50
172,15
270,5
542,28
1092,38
49,31
50,30
160,6
320,20
675,42
1270,10
56,12
117,18
200,7
468,42
850,7
1692,44
63,5
136,21
200,49
452,30
916,30
1830,36
46,9
142,14
289,39
539,40
1114,41
89,6
133,23
287,13
510,46
1061,41
28,16
78,28
196,9
344,26
706,37
1424,46
77,13
152,36
278,24
557,30
1163,49
3,2
75,34
136,3
302,21
562,45
1111,20
68,22
130,10
240,37
536,32
1050,3
18,17
28,6
86,37
222,38
399,19
819,47
1645,45
43,7
63,29
167,8
333,18
634,31
1316,43
43,23
120,21
248,47
412,9
839,36
1680,44
22,21
105,29
128,11
296,10
630,34
1191,38
51,44
60,15
163,44
282,11
615,17
1271,24
62,28
115,27
213,29
471,49
958,6
1897,49
44,43
92,23
196,22
361,46
704,14
1435,47
14,13
47,46
89,17
164,33
376,29
739,13
1492,6
77,50
150,47
305,4
613,12
1223,35
44,43
126,8
229,39
458,32
880,3
1783,35
79,4
104,35
213,12
459,49
896,40
1842,11
22,21
47,20
156,6
244,48
528,48
1032,18
32,18
36,22
131,40
241,27
529,31
1016,49
1911,32
80,1
130,12
256,1
514,22
1049,12
25,20
116,9
211,37
407,45
792,6
1592,34
94,5
107,46
226,42
517,3
1031,12
2000,1999
75,40
95,16
176,47
366,28
798,15
1535,18
97,36
120,36
224,49
467,16
915,37
1851,11
26,25
126,25
173,20
402,34
728,30
1493,19
72,43
91,15
186,41
421,23
804,17
1584,4
77,12
121,43
286,35
485,1
988,29
1945,21
70,48
159,38
272,27
528,14
1097,46
66,12
85,1
240,5
469,33
932,7
1885,5
66,13
118,7
267,32
499,18
1013,9
1959,26
60,42
108,40
250,42
493,29
944,25
1917,7
54,2
57,35
126,14
314,4
644,4
1207,13
52,40
66,30
141,34
280,37
568,12
1156,36
52,30
139,34
209,48
499,32
930,16
1866,50
22,21
104,16
216,41
394,9
764,41
1524,22
38,36
126,38
233,47
471,15
889,31
1790,21
50,12
136,6
273,28
490,32
1026,4
1924,14
12,11
68,44
144,11
232,46
542,44
1091,49
85,9
115,5
271,47
568,11
1057,45
90,27
161,22
281,35
554,20
1109,27
22,21
115,39
140,22
378,50
711,2
1377,23
90,11
158,22
294,26
547,22
1095,20
81,44
121,16
268,48
528,16
1017,26
78,38
84,41
243,5
458,29
917,32
1852,47
89,4
108,36
200,22
409,8
879,39
1764,3
101,32
153,9
268,47
543,14
1119,16
49,35
127,18
255,49
501,31
949,37
1971,1970
101,40
168,5
350,35
699,15
1404,26
14,13
61,11
172,32
348,17
613,9
1230,2
43,18
84,12
152,15
351,40
695,22
1339,34
7,6
36,35
68,26
178,10
329,36
626,36
1259,42
12,11
93,45
150,21
320,50
611,36
1283,37
81,14
126,7
269,39
520,21
1031,44
21,10
60,42
109,27
245,24
453,17
946,13
1911,44
98,45
123,8
311,46
543,18
1164,27
77,15
95,5
207,39
436,25
866,24
1773,34
20,19
43,36
134,2
226,48
441,38
876,36
1759,1
52,26
109,17
195,34
456,40
857,15
1742,8
78,34
130,4
227,16
521,4
981,41
1993,1992
87,26
141,11
311,5
618,28
1256,27
20,19
25,15
111,28
190,41
434,10
799,30
1615,10
36,35
54,6
137,25
327,14
620,33
1217,16
86,22
100,15
222,16
410,8
822,21
1686,10
43,14
124,12
246,50
469,17
963,14
1946,34
19,18
65,3
126,1
238,24
504,29
1047,26
1972,19
53,28
84,47
190,19
379,49
761,29
1525,3
5,4
92,39
145,46
264,2
513,15
1078,43
59,44
96,37
168,48
389,41
737,4
1493,7
79,8
119,26
293,5
541,20
1037,45
26,25
41,25
73,35
237,15
414,42
797,16
1677,45
99,29
164,20
323,21
611,28
1288,20
65,27
97,7
193,19
383,26
779,22
1579,8
89,10
91,22
216,12
440,13
850,12
1704,25
38,33
76,23
187,5
330,35
694,13
1327,6
38,16
67,26
147,10
299,50
581,42
1154,15
28,4
96,39
206,43
386,15
784,40
1600,39
68,33
110,36
248,43
506,5
961,36
1959,41
65,6
90,23
176,46
358,37
733,17
1455,16
47,44
70,22
176,7
394,43
714,14
1442,26
37,36
64,26
186,4
309,20
694,9
1297,38
1,0
28,27
41,40
101,40
211,37
386,40
774,31
1572,46
65,20
74,42
212,44
364,18
722,20
1486,4
27,26
73,1
171,21
299,35
653,15
1275,35
80,6
116,16
289,40
498,2
998,26
1931,39
19,18
80,41
130,2
232,33
483,46
947,38
1913,16
67,20
83,23
162,23
349,18
687,24
1353,5
45,39
121,3
213,47
390,40
868,40
1650,24
78,2
148,46
247,34
491,27
1042,40
96,34
112,29
243,47
472,21
977,49
1941,39
82,37
174,13
325,36
635,50
1230,42
24,23
102,47
216,48
379,50
731,13
1533,20
13,12
100,41
155,47
344,36
627,43
1328,32
65,20
105,3
192,33
399,20
814,15
1605,44
47,44
67,23
201,31
351,45
703,49
1434,35
79,30
171,5
300,50
579,13
1187,3
35,34
110,35
240,29
389,29
800,18
1579,17
38,2
134,30
187,50
431,38
821,30
1682,3
80,19
178,50
273,23
557,25
1095,31
75,37
150,24
326,49
650,40
1232,39
53,10
131,1
203,20
425,42
885,23
1769,18
87,8
97,21
281,44
480,22
998,14
1918,13
43,42
94,11
181,14
338,18
669,41
1334,12
92,19
120,18
282,31
592,22
1166,30
16,15
46,8
140,32
303,6
575,35
1173,8
37,36
86,32
210,35
421,10
755,20
1513,42
17,16
97,1
125,40
245,44
526,1
1046,32
22,5
103,50
185,36
314,11
658,50
1354,14
73,47
82,38
228,18
424,37
867,18
1773,28
88,47
111,14
256,38
487,6
980,39
1966,31
72,1
166,38
322,50
582,20
1160,15
5,4
43,18
72,39
129,6
318,39
589,43
1252,14
101,29
198,27
305,12
624,15
1301,9
75,39
133,29
254,30
541,48
1082,19
81,45
148,18
242,18
525,8
1059,46
47,46
62,41
188,8
364,39
759,8
1451,48
50,35
87,16
189,47
337,21
687,27
1443,22
33,10
48,13
175,31
320,38
597,22
1183,17
4,3
76,43
95,13
248,8
446,25
875,32
1752,13
53,40
151,39
217,33
472,50
984,22
1927,42
39,11
68,4
200,30
360,49
731,18
1436,5
12,11
56,2
74,26
233,27
404,32
809,1
1591,29
69,28
95,19
193,4
416,29
775,28
1618,43
19,18
112,29
202,3
361,25
789,1
1519,47
57,49
118,31
239,28
514,26
1029,22
1976,1975
21,10
107,22
166,49
395,23
692,15
1406,46
86,36
99,25
196,32
412,24
836,3
1705,18
9,8
93,23
165,40
315,22
635,9
1303,45
62,44
159,48
290,41
538,35
1134,2
32,31
91,26
212,26
388,22
815,15
1542,2
80,16
129,9
294,31
580,28
1168,32
16,15
84,27
200,13
324,41
705,9
1402,17
79,5
171,14
306,12
567,22
1165,30
57,41
152,25
250,41
553,30
1051,43
33,18
133,5
179,37
401,19
760,23
1591,34
71,43
147,22
281,3
541,20
1125,36
83,15
137,10
311,45
595,3
1172,49
65,18
125,2
215,15
421,12
846,3
1738,18
13,7
36,6
59,24
185,24
378,6
695,8
1425,6
25,16
85,17
185,43
375,16
733,43
1444,25
6,5
77,26
87,25
186,15
390,25
844,7
1605,29
35,32
108,34
174,11
402,15
725,40
1485,50
29,20
85,39
140,42
347,32
618,13
1231,5
6,5
46,17
142,3
232,39
438,20
901,31
1862,40
32,19
55,42
145,19
309,16
579,34
1186,35
32,25
50,48
102,24
245,29
509,13
1037,41
2000,1999
11,10
31,20
61,36
128,31
301,27
599,35
1214,6
17,10
43,31
130,18
198,25
443,26
846,44
1706,28
49,28
91,33
228,44
372,7
766,32
1592,43
73,9
129,41
300,9
524,19
1027,30
43,11
81,3
206,7
335,18
695,2
1450,10
22,6
118,46
154,9
358,37
700,25
1354,6
96,10
137,5
297,50
614,29
1171,4
4,3
80,28
181,4
362,13
697,46
1360,34
17,16
99,43
217,28
434,49
854,49
1648,35
16,12
39,23
156,36
254,1
480,48
998,3
1968,3
55,24
118,34
233,33
410,7
863,34
1708,35
13,12
69,18
181,25
329,37
629,45
1235,10
82,30
100,8
192,49
424,43
868,20
1721,28
78,8
140,9
255,35
544,26
1095,31
82,49
147,5
292,45
546,9
1079,50
17,16
42,16
119,32
254,30
481,5
939,14
1880,18
72,14
114,41
275,31
550,35
1054,40
98,2
106,21
295,42
505,43
1078,21
63,23
124,1
212,20
460,10
935,32
1813,24
14,4
35,6
127,4
206,26
434,25
866,34
1723,43
93,45
128,39
298,48
533,4
1120,13
55,48
83,9
160,45
326,7
650,20
1346,2
5,4
99,20
203,21
369,34
722,17
1403,32
11,10
47,45
83,16
170,9
409,19
758,48
1547,34
88,42
163,5
331,46
672,4
1341,33
39,3
46,12
184,8
286,35
587,25
1166,50
67,20
143,14
261,35
526,44
1083,41
67,3
152,50
269,47
518,9
1104,11
19,18
102,19
149,44
358,12
728,16
1394,10
92,20
191,25
327,16
633,36
1325,14
74,39
150,10
308,42
622,14
1165,18
96,29
174,20
311,12
629,5
1215,29
38,7
134,24
197,43
372,32
832,21
1622,27
73,17
89,7
239,44
494,33
953,21
1888,3
68,30
133,41
265,3
520,44
995,10
1989,1988
93,4
179,30
346,2
630,19
1315,16
44,30
72,38
117,25
252,21
520,48
1019,4
48,10
110,37
186,42
398,12
788,31
1629,37
80,32
136,28
258,10
524,50
1076,14
92,9
166,26
308,14
591,13
1233,12
17,16
112,43
200,40
342,40
713,44
1472,13
95,28
132,30
320,20
575,32
1182,40
78,33
167,8
329,33
606,44
1218,40
75,30
154,31
254,45
536,20
1037,48
1,0
3,2
26,25
62,41
177,48
338,49
612,44
1300,25
7,6
88,10
163,16
280,23
613,31
1171,8
70,44
114,34
269,22
518,30
1052,48
101,41
153,41
282,22
594,14
1142,33
36,35
123,5
239,20
440,23
936,5
1818,15
21,14
111,13
219,3
398,44
807,32
1571,45
29,28
112,22
227,30
403,35
867,14
1683,36
13,12
69,37
109,48
200,36
433,27
827,3
1722,47
92,45
154,29
332,40
676,22
1315,38
62,42
161,32
324,2
597,35
1179,34
92,46
170,47
337,9
617,43
1240,21
75,30
115,2
229,23
518,34
1008,31
1923,29
44,36
71,28
154,3
356,13
691,2
1335,44
40,1
59,42
109,31
226,35
520,27
1045,4
1967,13
72,36
169,44
298,14
605,48
1195,6
80,19
93,23
184,40
383,6
759,50
1500,45
89,22
134,15
283,38
591,37
1191,11
26,18
66,21
139,4
300,25
593,4
1219,43
60,37
130,41
291,4
532,16
1070,19
77,42
104,49
245,23
494,29
1017,12
1981,9
80,20
128,5
242,29
453,38
1000,19
1917,9
24,23
111,9
215,13
438,4
858,31
1663,49
53,27
89,4
216,46
419,14
875,46
1700,24
82,22
97,11
238,27
510,39
961,45
1949,37
43,21
120,26
194,13
373,2
799,18
1595,23
21,20
122,33
190,12
392,22
769,35
1525,25
82,9
159,32
330,16
604,29
1200,33
73,22
144,1
220,33
500,50
961,31
1905,30
78,13
121,15
234,10
441,9
962,1
1937,41
89,40
150,25
261,2
595,50
1164,7
32,31
71,31
175,42
373,27
727,43
1381,1
54,14
133,47
232,4
479,8
999,22
1902,3
63,12
147,20
271,35
499,12
1081,37
57,23
158,7
292,47
570,29
1091,35
26,6
43,39
83,38
168,33
344,46
695,47
1412,42
61,34
142,47
279,49
582,24
1077,3
20,19
62,41
143,49
326,22
601,28
1251,11
84,2
119,32
277,45
554,29
1073,28
23,22
54,14
174,26
253,19
505,32
1034,29
60,32
95,31
234,37
475,49
922,48
1845,24
34,33
130,9
199,26
436,13
874,27
1710,47
85,7
145,47
254,42
519,46
1064,45
92,40
107,42
274,31
563,12
1054,43
53,24
122,11
182,44
375,39
752,28
1580,30
62,1
77,50
178,38
368,19
766,16
1497,24
13,12
106,39
166,22
305,13
605,6
1213,4
34,13
47,35
131,47
295,4
568,37
1110,13
75,41
118,49
291,4
551,44
1091,48
91,25
160,44
333,14
677,1
1281,29
15,14
19,17
57,24
137,27
320,48
600,29
1214,42
69,36
156,48
239,42
467,18
978,6
1931,33
60,9
154,8
267,5
486,49
998,33
1934,30
78,23
174,5
299,42
652,49
1299,26
69,48
150,28
293,25
594,32
1110,21
65,1
122,12
273,17
547,4
1030,13
52,31
108,22
174,24
373,32
708,49
1511,36
52,47
63,39
180,30
318,26
672,24
1343,30
62,44
146,46
297,47
553,35
1141,26
58,5
125,34
218,38
464,26
897,27
1852,17
11,10
77,40
96,40
208,15
441,14
913,34
1815,23
4,3
8,7
106,1
169,23
332,47
713,30
1407,33
59,30
133,38
199,27
405,1
895,35
1705,47
69,20
138,18
247,21
500,2
1020,31
1975,1974
57,24
143,48
223,17
446,7
877,31
1755,36
4,3
84,10
138,21
283,17
608,5
1197,30
67,41
71,14
160,17
363,50
705,34
1384,5
23,22
80,14
129,28
256,32
518,39
1080,4
51,21
106,38
176,19
344,33
733,25
1464,5
81,32
175,39
270,5
569,19
1161,35
81,38
134,47
217,3
461,40
977,46
1908,21
96,30
179,32
348,13
672,26
1357,28
88,8
174,38
356,13
718,9
1420,6
35,17
113,38
211,48
374,21
800,4
1598,23
76,27
117,1
207,30
465,35
892,10
1836,37
39,36
46,35
118,23
254,12
468,10
975,35
1961,21
10,9
49,7
144,21
240,31
486,2
946,13
1910,5
68,22
85,49
172,17
362,22
753,1
1443,1
68,25
139,42
300,19
519,20
1062,37
67,2
147,42
256,43
529,30
1025,21
93,17
178,25
308,41
678,16
1285,48
24,23
64,23
136,40
299,39
611,37
1176,15
60,17
130,47
282,24
560,31
1064,38
45,36
50,23
155,31
341,4
671,27
1280,38
7,6
31,20
66,25
190,23
344,36
678,42
1330,37
78,48
162,46
293,32
631,27
1182,16
20,19
45,43
69,37
138,38
302,27
628,41
1211,29
97,20
173,50
333,43
680,48
1315,35
11,7
100,32
151,13
362,9
653,21
1286,3
70,32
95,36
189,40
432,9
787,1
1674,47
93,2
152,4
286,9
628,47
1201,4
71,16
138,15
229,12
464,17
958,12
1886,49
89,22
125,35
219,20
525,16
970,22
1971,1970
84,11
114,29
272,46
499,5
1045,5
10,9
80,12
96,31
219,33
462,34
920,34
1857,6
62,35
106,30
217,46
477,46
905,24
1866,31
7,6
14,13
114,24
221,47
361,16
815,1
1558,3
21,20
72,29
174,34
360,47
635,44
1304,25
18,7
108,27
152,30
358,29
725,42
1383,28
54,2
61,14
146,31
277,42
594,32
1144,38
93,43
157,21
349,39
611,49
1297,44
13,12
33,32
118,2
193,34
451,14
824,9
1686,16
74,9
118,10
199,23
456,42
915,4
1856,20
7,6
71,1
102,25
258,16
479,21
973,43
1916,22
3,2
75,32
122,19
208,48
502,17
956,9
1937,8
42,41
89,40
144,14
293,16
653,42
1233,27
32,31
69,33
118,28
292,31
571,14
1170,1
98,35
173,4
321,2
687,17
1322,4
60,14
83,14
238,41
432,9
852,7
1739,24
100,46
175,47
373,16
749,4
1460,6
10,9
29,28
43,22
123,43
208,36
486,21
971,6
1950,42
86,11
182,20
349,25
697,5
1328,9
78,36
142,6
274,5
519,48
1089,42
87,46
112,21
258,35
504,8
1040,49
9,7
51,16
81,39
182,10
383,37
740,30
1525,2
92,29
110,7
299,42
529,10
1040,6
35,9
36,35
133,29
219,50
524,11
988,50
1997,1996
29,27
106,40
160,4
368,31
664,10
1347,43
36,9
132,31
192,8
435,29
796,49
1670,41
86,30
182,17
299,31
651,42
1244,22
41,40
115,1
229,31
454,46
923,19
1838,46
65,18
96,50
216,6
383,36
787,45
1602,33
35,32
103,2
217,43
388,46
794,31
1621,17
38,37
61,17
175,24
284,36
574,3
1221,50
3,2
103,43
145,14
324,8
594,27
1199,20
98,22
190,12
353,40
681,28
1405,26
18,17
89,31
150,50
269,43
558,39
1108,21
61,31
69,26
199,29
340,46
741,39
1477,45
26,19
104,19
223,3
407,38
773,50
1632,44
64,14
79,31
149,33
316,18
617,38
1319,19
67,23
165,33
320,15
586,10
1212,39
65,2
154,5
266,16
494,36
1002,6
1939,16
74,43
100,29
185,36
364,26
792,30
1527,45
92,4
102,16
277,42
489,2
1039,12
1911,14
30,16
131,45
262,3
425,33
940,20
1889,11
54,8
113,13
170,45
355,34
773,24
1492,41
36,30
74,14
133,45
336,40
652,23
1299,12
69,4
92,10
234,44
469,22
892,12
1813,36
50,47
111,48
235,32
489,5
977,26
1875,43
10,9
21,20
66,37
197,17
335,15
636,45
1335,26
19,18
67,7
120,3
297,4
580,26
1152,47
13,12
89,50
154,39
351,43
633,37
1320,17
40,35
114,25
180,18
390,13
760,23
1525,39
92,47
168,45
347,8
668,32
1355,37
16,14
104,31
213,46
419,14
810,24
1590,30
5,4
66,6
78,44
241,35
411,7
878,18
1769,18
30,27
113,16
184,40
422,22
826,4
1655,50
13,12
15,14
35,34
108,13
201,32
429,20
868,6
1703,27
67,10
127,25
205,6
467,19
902,49
1783,16
69,6
168,39
335,18
610,31
1280,17
77,10
176,9
295,25
589,44
1150,20
45,37
125,27
229,22
422,33
885,1
1736,4
21,20
99,3
161,45
294,42
657,49
1249,14
13,12
106,6
132,16
256,33
521,13
1120,20
10,9
39,32
73,6
179,24
335,44
654,43
1387,17
67,28
131,28
270,34
509,3
1001,24
1987,1986
7,6
60,46
132,9
234,24
469,38
963,24
1938,32
60,50
82,11
174,5
347,16
688,31
1383,38
75,15
157,10
292,38
544,17
1111,41
1,0
43,26
113,40
170,15
374,22
758,50
1467,40
75,10
175,7
349,25
674,10
1296,5
5,4
101,21
147,21
323,44
655,39
1300,44
72,17
161,3
297,44
582,23
1145,22
81,38
139,6
290,32
530,50
1100,25
93,30
107,36
253,29
454,9
923,3
1914,3
6,5
99,46
167,14
323,49
695,50
1352,32
89,50
148,11
327,36
571,4
1194,15
47,11
113,11
174,31
428,16
840,29
1626,12
59,25
97,20
168,50
358,6
779,12
1525,30
24,23
61,24
123,2
212,8
493,41
924,8
1907,40
87,45
98,38
206,19
453,10
884,40
1753,46
79,42
119,10
239,15
457,25
912,35
1843,20
16,15
80,20
136,13
268,7
554,48
1065,10
32,31
53,35
141,49
273,1
544,36
1063,9
3,2
101,16
122,7
272,21
537,1
1106,11
65,40
153,4
314,19
554,16
1155,28
90,17
142,46
271,23
580,25
1159,16
71,8
91,14
175,24
386,42
818,19
1559,35
69,46
119,19
258,2
526,50
1012,26
1965,1964
43,40
142,13
210,45
483,13
949,21
1843,48
69,37
119,28
270,6
542,1
1027,33
39,8
97,11
162,25
396,15
712,29
1440,36
61,6
147,8
307,17
575,50
1092,9
8,7
19,18
42,27
142,28
236,32
519,39
973,34
1940,46
101,14
180,11
332,48
683,7
1297,15
17,16
99,4
138,36
335,4
655,8
1327,14
27,26
40,22
75,41
189,48
385,2
728,38
1471,9
50,30
95,24
234,20
455,3
898,39
1789,20
55,24
108,33
170,39
355,46
738,37
1483,44
25,14
28,27
61,32
151,40
350,33
683,35
1386,6
65,21
164,31
246,36
576,21
1142,27
90,24
131,29
280,25
528,14
1085,40
57,20
68,35
150,45
304,48
592,27
1267,5
28,27
129,49
230,23
485,3
900,47
1858,30
31,30
68,33
172,46
331,24
663,33
1341,23
88,35
185,26
335,12
628,28
1284,27
22,10
58,14
150,12
322,43
624,38
1179,35
15,14
23,22
74,34
141,10
261,49
527,18
1074,24
20,12
38,1
111,22
221,49
409,25
819,20
1702,24
65,49
79,28
155,14
396,35
796,5
1528,4
60,20
65,47
213,36
397,40
834,31
1610,39
47,7
86,20
170,16
378,5
704,41
1388,15
11,10
100,17
159,32
297,35
603,31
1264,41
98,50
174,37
307,38
606,43
1204,16
85,8
89,2
260,31
459,46
959,36
1895,41
55,2
93,4
181,20
332,24
692,40
1423,33
55,7
108,14
255,38
430,30
887,22
1792,37
81,3
123,6
244,44
544,1
1067,48
97,41
109,43
281,26
548,10
1066,25
70,25
136,41
292,8
561,4
1103,35
96,16
152,47
298,10
596,16
1191,26
38,10
123,40
188,22
367,45
811,20
1605,17
36,23
127,4
175,40
374,18
769,7
1483,15
82,45
162,19
299,27
594,14
1222,43
10,9
91,22
150,37
340,33
599,35
1194,49
12,11
108,33
194,29
337,40
740,11
1488,42
34,33
113,48
205,13
365,27
779,49
1498,29
34,33
101,4
146,21
306,20
590,37
1203,27
5,4
77,19
160,26
341,7
672,5
1322,36
11,9
83,8
114,8
226,36
503,21
942,13
1897,18
97,6
133,4
320,7
574,23
1136,29
98,41
111,45
226,2
445,11
981,17
1916,20
84,47
124,18
296,37
562,30
1105,5
48,47
57,21
150,27
269,49
605,41
1179,4
78,42
138,50
225,5
486,31
982,14
1927,36
45,12
113,9
201,24
369,20
773,10
1515,45
55,36
121,42
233,17
504,9
965,26
1966,2
23,22
44,8
103,22
261,8
523,15
1026,42
1912,45
11,10
110,40
205,50
379,28
801,4
1540,18
50,26
80,45
152,31
328,14
709,28
1420,2
1,0
69,27
139,7
229,34
449,20
957,24
1900,31
45,9
140,3
212,25
496,36
954,32
1874,40
20,19
92,16
162,22
295,40
662,49
1302,14
23,22
50,40
76,18
244,44
443,28
864,25
1790,43
70,10
80,35
156,44
390,34
739,12
1526,15
27,26
116,40
170,25
394,22
727,16
1528,30
22,21
58,35
161,43
310,49
598,4
1191,6
96,47
150,15
268,33
577,14
1112,23
96,11
175,11
309,15
608,46
1258,13
31,24
106,1
176,46
325,25
689,37
1361,14
52,36
118,27
180,23
376,27
733,41
1526,30
27,26
73,10
139,28
296,39
581,29
1175,25
12,4
26,25
64,24
112,21
292,41
530,36
1067,27
63,50
86,11
166,27
387,15
754,19
1516,1
101,16
140,31
262,34
528,7
1043,43
9,8
73,39
180,24
267,29
607,43
1234,41
40,26
50,46
181,10
308,24
679,47
1283,28
78,18
116,46
239,16
530,39
1012,10
1996,1995
4,3
89,14
154,10
298,39
620,17
1256,3
10,9
67,2
145,13
232,7
542,15
1022,42
21,18
73,18
114,40
269,47
495,47
1001,20
1926,8
43,1
88,9
201,3
359,24
756,19
1515,47
25,24
86,12
195,32
381,16
718,28
1469,48
9,6
62,13
159,33
281,38
516,18
1071,41
85,40
140,4
257,48
555,21
1075,1
89,13
121,1
291,12
538,5
1126,14
72,28
97,32
209,27
426,32
855,30
1760,27
53,25
106,35
165,26
378,7
0
0
0
0
0
0
0
0
0
1
1
1
1
1
1
1
1
1
1
1
1
2
3
3
3
3
3
3
3
3
3
3
4
4
4
4
4
4
4
4
4
4
4
4
5
5
5
5
5
5
5
5
5
5
5
5
6
6
6
6
6
7
7
7
7
7
7
7
8
8
8
8
8
8
8
9
9
9
9
9
9
10
10
10
10
10
10
10
10
10
10
10
10
10
11
11
11
11
11
11
11
11
11
12
12
12
12
12
12
12
12
13
13
13
13
14
14
14
14
14
15
15
15
15
16
16
16
16
16
16
16
16
17
17
17
17
17
17
18
18
19
19
19
19
19
19
19
19
20
20
20
21
21
21
21
22
22
22
22
22
22
23
23
23
24
24
24
24
24
24
24
24
25
25
25
25
25
25
25
25
26
26
26
26
26
26
27
27
27
27
27
27
27
27
27
27
28
29
29
29
29
29
29
29
30
30
30
30
30
31
31
31
31
31
31
31
32
32
32
32
32
32
32
32
33
33
33
33
33
33
33
33
34
34
34
34
34
34
34
35
35
35
36
36
36
36
36
37
37
37
37
37
37
37
37
37
38
38
38
38
38
39
39
39
39
39
39
39
40
40
40
40
40
41
41
41
41
41
41
41
41
41
41
42
42
42
42
42
42
42
42
42
42
42
43
43
43
43
43
44
44
45
45
45
45
45
45
45
45
45
46
46
46
46
46
46
47
47
47
47
47
47
48
48
48
48
48
48
49
49
49
49
49
49
49
49
50
50
50
50
50
51
51
51
51
51
51
51
51
51
52
52
52
52
53
53
53
53
53
53
53
53
53
54
54
54
54
54
54
54
54
54
54
54
55
55
55
56
56
56
56
56
56
56
56
56
56
56
57
57
57
57
57
57
58
58
58
58
58
58
58
58
59
59
59
59
59
59
59
60
60
60
60
60
60
60
61
61
61
61
61
61
61
61
61
61
62
62
62
62
62
62
63
63
63
63
63
64
64
64
64
64
64
64
64
65
65
65
65
65
65
65
65
65
65
66
66
66
66
66
66
66
66
67
67
67
67
67
67
67
67
67
67
68
68
68
68
68
68
68
68
68
68
68
69
69
69
69
69
70
70
70
70
70
70
71
71
71
71
71
71
71
71
71
72
72
72
72
72
72
72
72
72
72
73
73
73
73
73
73
73
74
74
74
74
74
75
75
75
75
75
75
76
76
76
76
77
77
77
77
77
77
77
77
77
77
77
78
78
78
78
78
78
78
78
78
78
78
79
79
79
79
79
79
79
79
79
80
80
80
80
80
80
80
80
80
80
80
80
81
81
81
81
81
81
81
81
82
82
82
82
82
82
82
82
83
83
83
83
83
83
83
83
83
84
84
84
84
84
84
84
84
84
84
85
85
85
85
85
85
85
85
85
86
86
86
86
86
87
87
87
87
87
87
87
87
87
87
87
88
88
88
88
88
88
88
88
89
89
89
89
89
89
89
89
90
90
90
90
90
90
90
90
91
91
91
91
91
91
91
92
92
92
92
92
92
92
92
93
93
93
93
93
93
93
94
94
94
94
94
94
94
94
94
95
95
95
95
95
95
95
95
95
95
95
95
95
96
96
96
96
96
96
96
96
96
96
96
96
96
96
97
97
97
97
97
98
98
98
98
98
98
98
98
99
99
99
99
99
99
99
99
100
100
100
100
101
101
101
101
101
101
101
101
101
101
101
101
101
101
101
101
101
101
101
102
102
102
102
102
102
102
102
103
103
103
104
104
104
104
104
104
104
104
104
104
104
104
104
105
105
105
105
105
105
105
106
106
106
106
106
107
107
107
107
107
107
107
107
107
108
108
108
108
108
108
108
108
108
109
109
110
110
110
110
110
110
110
111
111
111
111
111
111
111
111
111
111
111
112
112
112
112
112
112
112
112
112
113
113
113
113
113
113
113
113
113
114
114
114
114
115
115
115
115
115
115
115
116
116
116
116
116
117
117
117
117
117
117
118
118
118
118
118
118
118
118
118
118
118
118
118
118
119
119
119
119
119
120
120
120
120
120
120
120
120
120
120
121
121
121
121
121
121
121
122
122
122
122
122
123
123
123
123
123
123
123
123
124
124
124
124
124
124
124
124
124
125
125
125
125
125
126
126
126
126
126
126
126
126
126
127
127
127
127
127
127
128
128
128
128
128
128
128
128
129
129
129
129
129
129
130
130
130
130
130
130
131
131
131
131
131
131
132
132
132
132
132
132
132
132
132
132
133
133
133
133
133
133
133
133
134
134
134
134
134
134
134
135
135
135
135
135
135
136
136
136
136
136
137
137
137
137
137
137
137
137
137
137
137
137
138
138
139
139
139
140
140
140
140
140
140
140
140
141
141
141
141
141
141
141
142
142
142
142
142
142
142
142
142
142
143
143
143
143
143
143
143
143
144
144
144
144
144
145
145
145
145
145
145
146
146
146
146
147
147
148
148
149
149
149
149
149
149
150
150
150
150
150
150
151
151
151
151
152
152
152
152
152
152
152
152
152
152
152
153
153
153
153
153
153
153
153
153
153
154
154
154
155
155
155
155
156
157
157
157
157
157
157
158
158
158
158
158
158
159
159
159
159
159
160
160
160
161
161
161
161
162
162
162
162
163
163
163
163
163
164
164
164
164
165
165
165
165
165
165
166
166
166
166
166
166
167
167
167
167
167
168
168
168
168
168
169
169
169
169
169
170
170
170
170
170
170
170
170
171
171
171
171
171
172
172
172
172
173
173
173
173
173
173
173
173
174
175
175
175
175
175
175
175
175
175
175
175
175
176
176
177
177
177
177
177
177
178
178
179
179
179
180
180
181
181
181
182
182
182
182
182
182
183
183
183
183
184
184
184
184
184
184
185
185
185
185
185
186
186
186
187
187
187
187
188
188
188
188
188
189
189
189
190
190
190
191
191
191
191
191
192
192
193
193
193
193
193
193
193
194
194
194
195
195
196
196
197
197
197
198
198
198
198
199
199
199
200
200
200
200
201
201
201
202
202
202
203
203
203
203
203
203
203
203
205
205
205
205
205
205
206
206
206
207
207
208
208
208
208
208
208
209
209
209
209
209
209
209
210
210
210
211
211
211
211
212
212
212
212
212
212
213
213
213
213
213
213
215
216
216
216
216
216
217
217
217
217
217
217
217
218
218
218
218
218
219
219
219
220
220
220
220
220
220
220
220
220
221
221
221
221
221
221
221
221
222
222
223
223
223
223
224
224
224
224
224
224
224
225
225
225
226
226
227
227
227
227
227
227
228
228
228
228
229
229
229
229
229
230
230
231
231
231
231
231
231
232
232
232
233
234
234
234
234
234
235
235
235
236
236
236
236
237
237
237
237
238
238
238
238
238
238
238
238
239
239
239
240
240
240
241
241
241
242
242
242
242
242
242
243
244
244
244
244
246
246
246
246
246
247
247
247
247
247
248
248
248
248
249
250
251
251
251
251
251
251
251
252
252
253
253
253
254
255
255
255
255
255
255
255
255
256
256
256
256
256
256
256
257
257
257
258
258
258
259
259
259
260
260
260
260
260
260
260
260
260
260
260
260
260
261
261
262
262
262
262
262
263
263
263
264
264
264
264
264
265
265
265
265
265
266
266
267
267
267
267
267
267
268
268
268
269
269
269
270
270
270
270
271
271
271
271
271
272
272
273
273
273
273
273
274
275
275
275
275
276
276
276
276
277
277
277
277
278
278
278
278
278
279
279
279
280
280
280
280
281
281
281
282
282
282
282
283
284
284
284
284
284
285
285
285
285
286
286
286
287
287
287
288
288
288
288
288
289
289
289
289
289
289
290
290
291
292
292
292
293
293
294
294
295
295
295
295
295
295
295
295
296
296
296
296
296
297
297
297
297
298
298
298
299
299
299
299
299
299
300
301
301
302
302
302
303
304
305
306
306
306
307
307
307
308
308
308
308
308
309
309
309
309
309
310
310
310
311
311
312
312
312
312
312
314
314
314
314
314
314
314
314
315
315
315
315
315
315
315
316
316
316
316
317
318
318
318
318
319
319
320
320
321
321
321
322
322
322
323
323
323
323
324
325
325
325
325
326
326
326
327
327
327
327
328
328
328
328
328
328
329
330
330
330
330
330
330
331
331
331
332
332
332
332
332
332
334
334
334
335
335
335
336
336
336
337
337
337
338
338
338
338
339
339
339
339
341
341
341
341
342
342
342
343
343
343
343
343
343
343
344
345
346
347
347
347
348
348
348
349
349
349
349
350
351
351
351
352
352
352
352
353
353
353
354
354
354
354
355
355
355
355
355
355
356
356
356
356
356
357
357
357
357
358
358
358
358
359
359
359
360
360
360
361
362
362
362
362
362
363
364
364
364
364
365
365
366
366
366
368
368
368
368
369
370
370
370
370
371
371
371
373
373
373
373
374
374
374
375
375
375
376
376
376
376
377
377
377
377
378
378
380
380
380
380
381
381
383
383
383
384
384
384
384
384
385
385
385
387
387
387
387
388
389
389
389
389
390
390
390
390
391
391
391
393
394
394
395
395
395
396
397
397
398
398
398
399
400
400
400
400
400
400
401
401
402
402
402
402
403
403
403
403
403
404
405
405
405
405
406
406
407
407
408
408
408
408
409
409
409
409
410
410
411
411
411
412
412
413
413
414
415
415
416
416
416
416
417
418
418
418
419
419
420
421
421
421
422
422
423
424
424
424
424
424
425
426
426
426
427
427
427
427
428
428
428
429
429
430
430
430
430
431
431
432
432
432
433
435
435
436
436
436
436
436
439
439
439
439
440
440
440
440
441
441
441
442
442
442
443
444
444
444
444
445
445
446
447
448
449
449
450
450
451
451
451
452
454
454
455
455
455
455
456
456
456
456
457
458
458
458
460
460
461
461
462
462
464
464
464
465
465
465
466
466
466
466
467
468
468
468
468
469
469
470
470
470
470
471
471
471
472
472
472
472
473
475
475
477
477
478
478
480
480
481
481
482
482
482
483
484
484
484
485
485
485
486
486
486
486
487
487
488
488
490
491
491
492
493
493
493
493
494
494
495
495
496
496
496
497
497
497
498
499
499
499
499
500
500
500
500
500
501
501
501
501
502
502
502
502
503
503
503
503
503
503
504
504
504
505
505
505
506
506
506
507
507
507
507
508
508
509
510
511
511
511
512
512
513
514
514
515
515
516
516
516
517
517
518
518
518
518
519
520
520
522
522
522
522
522
522
523
523
523
523
524
524
524
524
525
525
525
525
525
525
525
525
526
526
526
528
529
529
529
529
530
530
530
530
531
531
531
532
533
533
533
533
534
534
535
535
536
536
537
537
537
538
539
540
540
540
540
541
541
542
542
542
542
542
543
544
544
544
544
544
545
545
545
545
545
546
546
546
547
547
547
548
548
548
549
549
550
550
550
551
551
552
552
552
552
554
555
555
555
557
557
557
558
558
558
559
559
559
559
560
561
561
561
562
562
563
563
564
564
565
565
566
566
566
566
567
567
567
569
569
569
570
570
571
571
571
572
572
572
572
572
573
573
573
574
574
574
574
575
575
576
577
577
577
577
577
578
578
580
580
580
580
581
581
581
581
582
583
583
583
583
584
584
585
586
586
587
588
588
588
588
589
589
590
590
591
591
591
591
592
592
592
593
593
593
593
593
593
594
594
594
594
594
596
596
597
597
597
597
598
598
598
598
599
599
599
600
601
601
601
603
603
603
603
603
604
605
606
607
607
607
607
608
610
610
610
610
610
611
611
611
611
614
614
615
616
616
617
619
619
619
620
620
620
621
621
621
622
623
623
623
623
624
624
626
626
627
629
630
630
630
631
632
634
634
635
635
635
636
636
637
638
638
638
638
638
639
639
639
639
640
641
642
642
642
642
643
644
644
644
646
647
647
648
649
651
651
651
651
651
652
652
653
653
653
653
654
654
655
655
655
656
656
656
656
656
657
658
659
659
660
660
661
661
662
662
662
662
662
662
663
663
663
664
664
664
665
666
667
667
667
667
667
668
668
668
669
669
669
669
670
670
671
671
672
672
672
674
675
676
676
676
677
677
678
679
679
679
680
680
680
682
684
684
684
684
685
685
685
685
686
687
687
688
689
689
690
690
690
690
691
691
692
692
693
693
694
694
694
694
695
695
696
696
696
696
697
697
698
698
698
699
699
699
699
699
701
702
702
702
703
704
705
706
706
706
707
708
710
710
711
711
711
713
713
713
714
714
715
715
716
716
716
717
717
717
718
719
719
720
720
721
721
723
723
723
723
724
724
724
724
724
724
724
725
726
726
727
727
728
728
728
728
729
729
729
729
730
730
731
731
731
731
731
733
734
735
736
736
737
737
738
738
739
739
739
739
740
740
741
741
741
744
744
745
745
747
747
748
750
750
750
750
751
752
753
753
754
756
757
758
758
759
760
760
761
761
762
762
763
764
764
764
765
766
766
767
767
767
768
769
769
769
770
771
772
772
774
774
775
775
775
776
776
778
778
778
778
779
780
780
780
780
781
781
783
783
783
784
784
784
784
786
786
786
788
788
788
789
789
790
791
791
791
791
792
792
794
794
794
794
794
794
795
796
796
796
796
796
799
800
800
801
801
802
802
802
804
804
804
805
809
809
810
810
811
812
813
813
814
814
814
815
816
816
817
817
818
818
819
819
820
820
820
820
821
821
821
821
822
823
824
824
825
825
825
826
826
827
827
828
829
829
830
830
832
833
833
833
834
834
835
835
835
835
836
836
836
836
837
838
838
839
839
839
840
840
840
841
841
842
842
843
843
843
845
845
845
846
847
847
848
849
849
851
851
851
852
853
853
853
854
854
855
855
855
856
856
856
859
859
859
859
859
860
860
860
860
861
861
861
862
863
863
863
864
865
866
866
866
868
869
869
870
870
870
872
873
873
873
873
874
874
874
874
875
876
876
876
878
879
879
880
880
880
881
882
882
884
884
884
885
885
886
886
886
887
887
888
888
888
888
888
888
889
889
889
890
890
890
891
891
891
891
892
893
894
894
895
896
897
898
898
898
898
899
900
900
901
903
903
903
904
905
905
905
906
906
908
909
910
910
910
910
911
912
912
915
915
915
917
917
917
918
919
919
919
920
921
921
921
922
922
923
923
924
925
925
925
926
926
929
929
929
930
930
931
931
931
931
932
932
932
932
934
934
935
935
935
936
937
937
937
938
940
941
941
942
942
943
943
944
945
945
949
949
950
950
950
954
955
955
955
956
957
957
958
958
958
958
959
959
959
961
962
962
963
964
964
964
964
964
964
964
965
965
966
966
967
967
967
968
968
970
970
971
971
971
971
971
972
973
974
974
975
975
976
977
977
978
978
978
978
979
979
980
981
982
984
984
985
986
987
987
987
988
988
988
989
989
989
990
990
990
990
991
992
993
994
994
994
994
994
995
995
995
996
997
998
998
999
1000
1000
1001
1001
1002
1002
1002
1003
1003
1003
1003
1003
1004
1004
1004
1005
1005
1005
1005
1006
1006
1007
1007
1008
1008
1008
1009
1011
1012
1012
1013
1013
1013
1014
1014
1014
1015
1016
1016
1016
1016
1016
1017
1017
1017
1018
1018
1019
1019
1019
1019
1020
1020
1021
1021
1022
1022
1023
1023
1024
1024
1024
1025
1025
1025
1026
1026
1027
1027
1027
1029
1029
1029
1029
1029
1030
1030
1031
1032
1032
1032
1033
1033
1033
1033
1034
1034
1035
1036
1036
1037
1037
1038
1038
1038
1038
1038
1039
1039
1040
1040
1042
1042
1042
1043
1043
1044
1044
1045
1045
1045
1046
1046
1047
1048
1049
1049
1051
1051
1053
1053
1054
1054
1054
1055
1055
1055
1056
1057
1057
1057
1057
1058
1061
1061
1062
1062
1063
1063
1063
1064
1066
1066
1066
1066
1068
1068
1068
1068
1069
1069
1069
1070
1070
1071
1071
1072
1073
1073
1073
1073
1074
1075
1075
1077
1077
1078
1078
1078
1080
1081
1083
1083
1083
1084
1084
1085
1086
1086
1086
1086
1086
1087
1087
1088
1088
1089
1089
1091
1092
1092
1092
1093
1094
1094
1095
1095
1096
1096
1097
1097
1097
1098
1098
1098
1098
1098
1099
1100
1100
1100
1100
1100
1101
1101
1102
1103
1103
1104
1104
1104
1105
1105
1105
1106
1107
1107
1107
1108
1109
1109
1110
1111
1112
1113
1113
1113
1113
1114
1114
1114
1116
1117
1117
1117
1118
1119
1119
1119
1120
1121
1121
1121
1122
1122
1124
1124
1124
1124
1126
1126
1126
1127
1127
1128
1128
1128
1129
1129
1129
1130
1131
1131
1131
1131
1131
1132
1133
1134
1134
1134
1134
1135
1136
1137
1137
1137
1138
1138
1138
1139
1140
1140
1141
1142
1143
1144
1144
1144
1144
1144
1145
1145
1146
1146
1146
1146
1147
1148
1148
1148
1148
1149
1151
1151
1151
1151
1152
1152
1154
1154
1154
1154
1156
1156
1156
1157
1157
1158
1159
1159
1159
1159
1159
1160
1161
1161
1162
1163
1164
1165
1165
1166
1166
1168
1170
1170
1170
1171
1172
1172
1173
1174
1174
1174
1174
1174
1175
1177
1177
1177
1177
1178
1178
1179
1180
1181
1182
1182
1182
1183
1184
1184
1184
1185
1186
1186
1187
1187
1187
1188
1189
1190
1191
1191
1191
1191
1192
1192
1193
1193
1193
1193
1194
1195
1196
1196
1196
1197
1198
1199
1200
1200
1201
1201
1201
1201
1201
1202
1203
1204
1204
1204
1206
1207
1207
1207
1207
1208
1209
1209
1210
1211
1211
1211
1211
1211
1212
1213
1213
1214
1215
1215
1215
1215
1216
1216
1216
1217
1217
1218
1218
1218
1218
1220
1222
1222
1223
1224
1224
1224
1226
1226
1226
1227
1228
1228
1228
1229
1229
1229
1229
1230
1231
1232
1233
1234
1234
1234
1236
1237
1239
1239
1240
1241
1242
1243
1243
1243
1244
1246
1246
1246
1247
1247
1247
1248
1248
1249
1250
1251
1251
1251
1251
1252
1253
1254
1255
1255
1256
1257
1260
1260
1261
1261
1262
1262
1263
1263
1263
1263
1264
1264
1265
1265
1265
1266
1266
1266
1267
1268
1268
1268
1269
1270
1270
1271
1272
1273
1275
1275
1276
1276
1276
1277
1278
1278
1278
1280
1281
1281
1282
1282
1282
1283
1283
1284
1285
1285
1287
1287
1287
1289
1289
1289
1289
1290
1290
1291
1291
1291
1291
1291
1292
1292
1292
1293
1293
1294
1294
1295
1298
1299
1300
1300
1300
1301
1301
1302
1302
1302
1302
1304
1305
1306
1308
1308
1310
1310
1311
1311
1312
1313
1315
1316
1316
1317
1317
1317
1318
1320
1320
1320
1321
1322
1322
1323
1323
1323
1324
1324
1324
1324
1324
1325
1325
1325
1325
1326
1326
1329
1329
1330
1330
1330
1330
1330
1331
1332
1332
1332
1333
1333
1333
1334
1334
1334
1334
1336
1336
1336
1336
1337
1337
1338
1339
1339
1339
1340
1341
1342
1342
1343
1343
1343
1344
1344
1346
1346
1347
1348
1350
1350
1350
1351
1352
1354
1355
1356
1356
1357
1358
1358
1358
1358
1359
1361
1363
1364
1364
1365
1365
1366
1366
1369
1370
1371
1372
1372
1372
1373
1373
1373
1373
1373
1374
1374
1377
1377
1377
1378
1378
1379
1379
1379
1380
1380
1380
1380
1381
1381
1381
1382
1383
1383
1385
1385
1386
1387
1387
1387
1387
1388
1389
1389
1389
1389
1389
1393
1394
1394
1394
1394
1394
1395
1395
1396
1397
1398
1398
1398
1399
1400
1401
1401
1402
1403
1403
1404
1404
1405
1406
1407
1407
1408
1409
1410
1411
1411
1412
1412
1412
1413
1414
1415
1415
1416
1416
1417
1417
1417
1417
1418
1418
1419
1419
1420
1420
1421
1421
1422
1422
1422
1422
1424
1426
1426
1426
1426
1427
1427
1431
1432
1432
1432
1433
1434
1434
1434
1434
1438
1438
1438
1441
1441
1441
1443
1443
1445
1445
1445
1447
1447
1448
1449
1449
1449
1449
1449
1450
1450
1452
1452
1453
1454
1454
1456
1456
1457
1457
1459
1459
1460
1461
1462
1464
1464
1465
1466
1466
1467
1467
1469
1469
1471
1471
1471
1472
1473
1475
1475
1476
1476
1476
1477
1477
1477
1478
1478
1480
1480
1481
1481
1482
1482
1482
1484
1484
1484
1484
1485
1485
1487
1487
1487
1488
1489
1489
1489
1490
1492
1492
1493
1493
1493
1493
1493
1493
1494
1494
1494
1495
1496
1497
1497
1499
1499
1499
1500
1501
1501
1501
1501
1502
1503
1504
1504
1505
1507
1507
1507
1507
1507
1509
1510
1510
1510
1511
1511
1512
1513
1514
1514
1515
1515
1515
1515
1516
1516
1517
1518
1519
1519
1519
1519
1522
1522
1523
1523
1524
1525
1525
1525
1525
1526
1526
1526
1527
1529
1530
1530
1531
1533
1533
1534
1534
1536
1537
1538
1538
1538
1539
1541
1541
1541
1542
1542
1543
1543
1545
1546
1546
1546
1547
1547
1548
1548
1548
1549
1549
1550
1551
1553
1553
1555
1556
1557
1557
1557
1557
1557
1557
1558
1561
1562
1563
1563
1565
1566
1566
1567
1570
1570
1570
1571
1572
1573
1573
1573
1573
1573
1573
1575
1576
1576
1577
1578
1579
1579
1579
1580
1580
1581
1581
1582
1582
1583
1584
1585
1585
1586
1586
1586
1587
1588
1588
1589
1589
1589
1590
1590
1590
1590
1591
1591
1591
1591
1592
1593
1593
1595
1595
1596
1596
1597
1598
1599
1599
1600
1600
1600
1600
1602
1602
1602
1603
1603
1603
1604
1604
1605
1605
1605
1606
1606
1606
1606
1607
1607
1608
1608
1608
1608
1608
1608
1609
1609
1612
1613
1613
1614
1615
1615
1616
1616
1616
1616
1616
1617
1617
1618
1618
1618
1618
1619
1621
1621
1621
1622
1622
1623
1623
1624
1624
1624
1624
1625
1626
1626
1626
1629
1629
1630
1630
1630
1630
1631
1633
1633
1633
1634
1634
1634
1635
1635
1636
1637
1637
1637
1637
1638
1638
1638
1638
1640
1640
1640
1641
1641
1641
1641
1643
1644
1644
1645
1646
1647
1649
1649
1649
1651
1651
1654
1654
1654
1655
1657
1657
1658
1659
1660
1660
1661
1661
1661
1663
1663
1664
1664
1665
1665
1666
1668
1670
1670
1670
1670
1672
1673
1673
1673
1674
1675
1675
1676
1676
1677
1678
1678
1678
1678
1679
1680
1680
1681
1684
1685
1685
1685
1685
1685
1685
1685
1686
1687
1687
1688
1688
1690
1690
1690
1692
1692
1694
1694
1694
1695
1696
1697
1697
1697
1697
1698
1699
1699
1700
1700
1700
1701
1701
1701
1702
1702
1702
1703
1703
1704
1704
1704
1705
1707
1708
1708
1708
1709
1710
1711
1711
1712
1712
1712
1712
1713
1713
1714
1714
1714
1715
1715
1716
1717
1717
1718
1719
1719
1719
1719
1721
1721
1721
1721
1723
1723
1723
1723
1723
1723
1724
1725
1725
1727
1728
1728
1728
1728
1729
1730
1730
1731
1731
1732
1732
1732
1733
1734
1734
1735
1735
1735
1735
1737
1737
1737
1737
1741
1741
1741
1741
1742
1744
1745
1745
1745
1745
1745
1745
1746
1746
1747
1748
1748
1748
1749
1749
1750
1750
1751
1752
1752
1752
1753
1753
1755
1755
1755
1756
1758
1758
1760
1760
1761
1761
1764
1764
1764
1765
1765
1766
1766
1766
1767
1767
1767
1767
1768
1770
1770
1771
1772
1774
1776
1776
1776
1776
1777
1777
1778
1778
1778
1778
1779
1780
1781
1781
1782
1783
1783
1783
1784
1784
1786
1786
1786
1787
1789
1790
1791
1791
1791
1791
1792
1794
1795
1795
1797
1797
1797
1798
1798
1798
1798
1799
1799
1800
1801
1801
1802
1804
1805
1805
1806
1807
1807
1807
1808
1808
1808
1809
1809
1810
1811
1812
1816
1817
1818
1820
1821
1821
1821
1822
1822
1823
1823
1824
1825
1826
1827
1827
1828
1829
1829
1829
1830
1831
1831
1832
1832
1833
1834
1834
1835
1838
1839
1841
1841
1841
1842
1842
1842
1842
1842
1843
1843
1845
1845
1846
1846
1847
1847
1847
1848
1848
1848
1849
1849
1849
1850
1850
1851
1851
1852
1852
1852
1853
1855
1855
1855
1856
1856
1857
1857
1859
1859
1860
1860
1863
1864
1864
1864
1865
1866
1867
1867
1868
1868
1868
1868
1869
1869
1870
1871
1872
1873
1874
1874
1874
1875
1876
1876
1876
1877
1878
1878
1879
1881
1881
1882
1882
1883
1883
1883
1885
1885
1886
1887
1887
1888
1889
1890
1890
1893
1894
1894
1894
1896
1897
1897
1897
1898
1899
1900
1900
1901
1901
1902
1902
1902
1903
1903
1903
1905
1906
1907
1908
1908
1910
1910
1911
1911
1912
1912
1912
1912
1912
1913
1913
1913
1914
1915
1916
1920
1922
1923
1923
1924
1924
1924
1924
1924
1925
1926
1926
1927
1927
1928
1928
1929
1930
1931
1931
1931
1932
1932
1932
1932
1933
1933
1934
1934
1935
1935
1937
1937
1937
1939
1939
1940
1940
1940
1941
1941
1941
1941
1942
1942
1942
1943
1943
1944
1945
1946
1946
1946
1946
1947
1947
1947
1948
1948
1949
1949
1949
1949
1950
1950
1952
1953
1953
1955
1955
1956
1957
1958
1959
1959
1960
1960
1962
1962
1964
1965
1965
1966
1966
1967
1968
1968
1970
1970
1970
1972
1972
1973
1974
1974
1975
1975
1976
1976
1976
1978
1980
1980
1983
1983
1984
1985
1985
1986
1987
1988
1988
1989
1989
1990
1990
1991
1991
1992
1993
1993
1996
1997
1998
1998
1999
1999
2000
2000
2436
2874
3021
3591
3637
3639
3852
