Primero viene la cantidad (n) de timestamps para ambos, luego n líneas que son un timestamp aproximado cada uno separado por una coma (',') del error, y luego n lineas de las transacciones del sospechoso
5500
1127,62
1031,860
1478,231
426,410
1553,186
958,772
988,607
1093,562
546,531
1405,513
1313,686
984,643
685,153
1216,453
985,783
1282,327
734,343
1055,527
1144,342
676,601
472,420
735,662
1071,672
619,538
1661,123
1378,577
1037,905
1543,231
958,928
715,684
1833,40
893,780
1290,604
911,796
1102,666
1113,857
1051,307
650,78
1213,596
606,597
1752,239
1392,503
579,296
1235,667
1208,711
1075,859
938,765
1120,706
1470,508
874,440
1169,734
1391,600
1437,289
1471,204
1157,678
816,756
1151,823
1669,278
1226,771
1324,370
1109,640
1108,557
262,115
1517,438
1541,459
719,226
968,472
936,437
844,103
876,875
1207,412
868,405
869,239
867,718
848,454
522,465
529,519
1032,621
882,465
421,339
931,663
1563,433
1372,560
1110,425
1134,693
1137,689
508,341
906,542
1032,818
1142,266
1039,305
780,539
1082,903
954,618
848,65
583,194
839,795
1021,970
1258,576
1839,122
1310,534
1491,91
533,68
1053,846
1511,189
420,232
682,308
1176,392
203,182
978,115
990,317
761,497
1152,799
1623,355
1034,253
841,773
1452,381
878,171
577,576
1167,733
657,614
638,304
570,566
844,790
1164,825
501,477
420,385
1215,83
258,243
604,487
713,533
1421,474
716,515
1018,462
850,539
1192,546
381,318
976,920
1440,481
1512,424
1425,330
1001,733
1320,599
1072,873
588,560
397,254
1025,420
1070,855
765,756
681,584
969,477
984,515
1726,224
270,116
574,160
1708,170
498,481
944,930
672,611
1041,587
1465,206
1402,564
873,137
1045,600
476,444
950,284
578,477
1052,500
685,529
863,649
1575,296
1571,282
448,201
695,302
971,522
673,464
120,100
1283,691
1521,478
659,110
867,856
489,210
1013,987
1106,387
1248,310
1644,114
1253,684
785,777
323,318
952,700
544,266
532,371
528,330
1578,88
862,762
356,347
1131,831
1732,158
290,228
1010,976
1402,468
1103,456
911,142
860,556
1412,496
1563,346
674,655
207,183
327,150
853,747
822,588
1030,596
616,131
1127,670
962,364
1058,772
829,625
955,742
925,718
1735,45
793,777
586,480
1906,71
1238,389
603,417
438,283
1394,573
1371,262
724,466
1099,528
1176,707
1040,625
1037,581
1253,724
1769,229
331,289
835,586
633,291
1180,808
1356,180
644,303
1152,716
953,831
999,328
1911,44
1525,467
1040,510
1078,405
641,456
1013,772
1028,839
790,204
470,389
1411,124
1109,720
739,308
376,193
1334,616
1075,454
568,331
67,52
799,512
1460,412
1760,220
365,300
841,767
860,731
1030,945
715,336
956,626
126,100
701,683
889,569
810,754
1441,381
1282,348
1437,489
1048,934
465,385
836,829
522,373
586,137
410,273
966,442
819,610
1222,693
794,794
794,258
847,245
785,625
1052,874
932,668
1266,481
318,1
775,690
1088,608
1015,914
1048,405
1213,777
1956,44
976,638
1160,564
975,943
829,213
86,33
882,748
1456,199
964,931
922,813
1140,828
1164,272
1676,176
696,109
933,406
1222,707
701,521
1128,658
771,616
796,385
414,360
1642,357
1166,654
729,425
996,492
1427,555
799,479
904,628
1183,792
184,126
996,240
1138,756
1100,829
788,709
1224,430
1102,509
1532,228
1364,348
835,519
419,272
456,283
1313,612
1503,453
682,668
1451,330
710,585
982,308
1130,701
694,433
594,539
1553,341
511,494
1004,995
1344,236
1709,233
1260,670
1558,217
1161,534
948,840
893,630
1285,698
474,454
1053,761
1130,717
1049,797
1043,419
718,450
656,505
1033,498
1463,325
1056,291
700,484
1154,814
710,294
995,986
719,615
541,341
854,375
713,431
1352,468
1682,71
1292,603
1299,393
932,745
743,512
1012,648
1280,532
545,311
1409,283
566,497
805,502
1082,682
770,521
661,369
1542,413
700,468
1127,266
1184,679
1093,478
1066,623
774,469
466,355
1021,21
1761,207
1095,724
1423,567
515,120
1141,734
831,333
946,441
555,297
1361,600
1528,449
951,738
582,371
533,457
579,481
1229,719
1414,174
1021,680
1569,253
92,64
1637,275
1421,578
999,959
1023,815
1202,519
1350,536
1283,480
978,92
1161,723
1088,398
1033,948
872,763
1000,487
491,408
271,253
119,120
698,518
745,717
773,490
1668,307
549,291
1545,316
1060,498
754,309
1261,571
291,241
633,502
109,70
193,190
1215,651
688,418
672,164
1271,235
1718,137
1743,249
1767,198
1044,875
976,547
769,237
822,538
255,249
1878,93
674,654
1065,595
1024,296
499,49
772,510
1226,736
1359,105
841,615
791,713
1172,777
1140,581
1248,732
699,370
1126,600
383,340
1115,458
501,222
715,653
1133,574
566,512
832,621
1033,773
1584,403
1009,465
958,842
1615,266
1671,295
382,310
883,503
916,409
908,564
392,382
1406,253
1297,398
155,42
490,198
636,327
991,865
703,663
883,732
792,178
1422,540
498,485
628,541
984,884
587,105
463,370
508,210
1500,449
1052,825
1300,692
1402,548
194,153
472,143
443,291
987,843
740,700
1524,368
976,610
1138,381
947,434
534,100
354,187
1121,684
795,721
313,290
840,201
1082,884
783,776
808,720
1668,326
1218,729
760,682
536,375
1331,360
946,664
879,857
1136,384
627,529
606,436
791,506
810,511
613,580
1009,872
129,111
1304,514
1644,294
1247,204
1464,524
889,858
880,613
1036,487
1391,452
582,327
769,711
214,179
1130,869
1417,504
660,153
608,430
1221,649
1767,186
1012,703
951,692
775,502
1456,535
1478,284
1045,470
716,422
1112,490
783,478
1335,623
1236,721
1138,176
1271,714
559,432
1472,264
203,152
977,387
870,801
888,698
1005,903
863,589
1115,337
1115,613
831,642
1115,592
614,419
1777,198
994,600
971,587
1255,740
1291,681
1225,700
1342,567
245,205
876,96
536,485
203,153
1496,108
1043,946
1219,771
947,806
610,560
1258,645
558,470
954,821
1208,627
1377,386
1794,147
1169,453
1511,479
852,576
450,432
723,618
1128,808
648,290
764,630
1745,167
967,665
961,956
1141,643
1540,460
204,50
1210,755
526,276
911,768
1168,481
664,600
1331,46
1118,755
948,848
1286,478
937,799
1022,559
1002,939
794,132
1073,745
1038,952
949,827
926,680
617,320
940,502
214,211
796,488
1220,774
1053,620
939,806
694,475
731,728
1227,606
1312,509
1690,252
1120,796
880,361
1025,975
830,802
856,768
969,731
1159,561
708,661
1869,75
1358,573
1252,699
1701,292
504,126
1094,486
1162,815
642,505
1645,321
993,988
1104,355
1059,775
809,767
1275,475
167,113
840,479
162,154
637,296
1326,612
947,105
480,91
808,681
1443,433
1131,204
1052,863
996,767
905,548
1299,685
1583,377
1012,873
1515,295
267,227
942,688
1330,275
887,169
1160,211
1146,637
328,249
1229,748
1261,610
1677,211
1436,166
1099,801
1685,123
1050,930
935,689
1016,884
502,216
1738,251
1673,214
611,429
497,386
587,524
1587,227
998,651
405,390
1172,826
1236,725
700,488
465,447
743,453
654,616
747,700
1417,288
995,662
673,449
1152,365
894,746
725,688
933,249
214,178
1009,920
981,753
1154,299
1001,979
671,199
691,631
720,425
837,822
1124,470
864,834
1612,249
1024,946
381,309
860,350
1119,654
1245,165
985,928
1136,403
562,331
1014,490
1432,477
1761,76
785,467
1130,594
1323,466
984,968
793,543
509,479
917,507
1045,928
1028,361
1034,431
771,581
727,129
989,439
1037,460
457,90
151,146
932,798
1389,238
1165,833
1033,760
1397,408
795,694
517,264
1318,677
957,750
749,484
482,375
1739,48
644,238
1107,688
1114,410
768,684
946,484
849,527
1598,367
780,282
1064,927
690,600
602,470
1062,639
1181,472
865,814
1599,354
1027,915
1425,538
1283,642
1848,124
1634,196
1196,491
1597,266
1335,623
1026,840
1538,304
1244,484
666,656
1069,897
1004,984
940,616
322,313
1598,332
1301,375
963,541
1698,264
1710,191
1132,796
910,688
712,524
807,592
595,517
1194,787
1383,530
1418,188
1281,411
910,820
578,543
766,621
627,51
1393,562
140,138
714,491
1062,436
811,658
246,108
786,558
1491,404
1481,99
1223,776
807,161
846,781
1809,93
529,349
1168,653
1033,627
991,824
943,782
538,411
542,505
765,593
716,438
978,319
1190,627
406,383
1012,337
1124,779
851,266
763,665
1332,589
976,699
1116,685
845,359
747,459
1035,845
1008,762
1286,594
610,235
1078,755
1269,334
1414,191
518,518
939,729
1030,740
1564,184
1359,552
319,259
1108,849
1113,504
866,816
918,646
1447,368
974,855
1119,677
744,736
357,322
1233,700
1401,310
1182,658
671,512
668,434
724,447
824,754
913,603
1369,383
883,847
513,135
954,807
108,71
211,124
858,447
1322,359
1405,438
765,762
1102,774
906,115
495,456
916,829
1367,405
821,214
149,120
974,497
903,606
1245,546
1186,546
842,786
693,305
1376,388
946,323
955,692
479,401
870,725
914,418
1904,72
952,867
1204,766
589,311
954,585
735,653
1352,648
1072,714
1213,769
1035,212
824,190
1268,438
1355,583
1331,370
896,500
1092,194
304,173
761,572
1091,697
1050,810
467,351
1112,694
1454,426
1395,465
1068,457
1127,692
435,401
1333,608
1699,293
1349,303
991,423
707,689
1608,391
1460,194
965,808
680,388
1017,469
587,582
1549,419
1010,473
1022,943
210,178
1189,565
532,512
705,682
1315,413
1330,563
754,617
725,526
1110,470
795,345
679,664
270,110
1753,238
1147,720
983,713
1318,461
1512,424
1004,744
1011,837
1409,555
1488,475
386,36
506,266
1073,677
1548,440
701,487
490,478
956,629
479,366
1095,658
686,277
1300,596
1298,534
1608,357
921,439
1670,218
803,294
88,67
1047,714
1668,298
721,599
1181,709
672,552
1312,618
1295,705
1324,272
1033,962
735,303
1034,657
1361,149
1538,382
718,610
1768,227
676,421
1262,694
1350,259
765,621
1478,307
858,327
1905,71
1030,819
852,456
822,595
1589,244
1736,230
1338,358
1485,464
1294,473
1298,602
540,245
1179,416
687,555
1043,918
1550,366
1613,151
1623,369
1071,566
992,967
1807,118
613,602
1110,728
977,745
1031,961
889,550
1173,608
694,584
1357,509
1214,749
534,401
1374,449
1031,442
1272,315
1183,710
1030,793
1514,250
1745,36
1085,670
913,360
944,366
676,264
878,549
534,373
1288,321
1335,402
642,372
1160,401
1079,764
816,779
244,96
839,838
1184,486
1792,56
657,607
494,474
852,715
1445,289
1487,421
1280,609
1379,486
1165,548
890,714
393,305
1304,683
1029,662
779,737
644,592
1728,270
1487,406
573,399
1356,602
1221,360
1438,297
1128,704
1968,28
1504,365
1037,776
1099,525
1219,611
536,523
853,291
920,869
1049,514
453,326
1240,664
653,294
1290,462
1544,454
1416,564
559,129
566,231
695,470
1804,183
1477,518
449,302
1309,459
1199,752
1407,331
463,334
1470,331
1127,837
358,286
1020,832
1270,494
458,405
1211,10
391,163
733,692
503,446
1004,810
1231,469
523,175
1135,606
774,774
358,177
1267,622
1026,909
920,639
905,831
655,568
966,954
766,737
753,706
847,839
247,248
783,781
587,419
915,232
1113,393
1024,431
657,244
1277,589
1257,358
1292,708
763,279
1461,311
957,890
1598,190
1104,716
1230,643
1616,245
743,480
1017,302
537,516
477,307
429,396
886,400
772,711
1163,437
1355,398
634,230
803,609
931,582
1417,513
676,676
893,807
460,378
1642,309
1234,618
312,283
823,554
1580,259
683,340
1130,784
534,293
1185,514
1309,609
899,634
694,650
1030,736
442,238
730,432
1308,199
1043,866
1624,373
1008,872
1209,739
1761,110
968,928
193,77
898,514
466,349
957,234
1007,909
1017,954
807,721
1342,370
500,280
670,591
1557,226
269,75
1099,430
1329,557
1366,97
1077,553
1690,299
902,403
546,414
1441,484
908,876
1337,359
697,424
947,781
1102,497
1004,971
1269,710
1016,838
938,698
640,603
1053,699
1021,787
1871,128
483,483
1242,563
1211,743
1187,738
872,683
857,569
1808,166
315,292
1444,417
691,663
1279,436
1363,608
875,430
67,65
1100,734
1674,317
1204,762
738,192
1338,596
614,442
1029,702
1325,668
770,637
1041,788
1311,607
1771,197
1141,830
959,796
786,400
389,281
690,556
1608,93
433,361
1139,860
1527,195
444,360
977,929
522,471
1105,601
249,209
1004,809
1588,235
907,727
536,438
1405,209
1253,338
1035,674
1257,716
1342,445
1411,579
1168,470
1084,913
392,274
735,292
435,364
391,169
909,421
1727,165
478,241
806,377
1429,467
1013,783
197,193
959,786
1245,688
1404,250
791,575
1389,367
565,429
1386,301
671,670
816,715
814,782
1644,355
788,724
860,812
1049,227
1040,152
836,400
936,774
1357,359
757,183
1542,86
571,411
976,546
1003,642
801,615
1027,601
18,5
960,227
927,667
689,81
1257,738
1044,939
1315,422
740,245
1026,575
582,349
1134,624
807,714
485,344
1141,446
1143,829
1151,307
1877,82
1207,782
1345,487
1041,495
1001,823
1159,381
1478,494
1534,380
612,598
702,353
666,639
1196,691
1015,972
723,306
383,42
1615,331
709,465
679,269
1485,311
674,139
1309,570
1145,677
1649,226
1326,637
869,583
835,806
917,878
1404,179
49,31
1359,303
1409,570
579,476
1323,213
1689,218
1040,505
826,822
908,409
386,199
1324,619
800,721
592,163
566,469
1010,641
1333,560
670,298
264,163
1519,342
1188,427
952,887
904,903
816,722
968,962
657,605
874,755
1081,794
772,83
1221,612
867,680
360,248
1274,711
253,229
1493,236
1220,210
991,870
359,355
394,169
1697,169
752,669
506,281
1215,782
954,742
1074,881
1484,234
1053,372
1280,364
912,635
1000,808
1269,308
702,329
1649,300
796,795
822,573
1840,58
488,336
956,921
1519,294
1204,323
1050,709
1171,696
1058,917
837,447
380,159
1229,576
859,343
1285,320
1273,579
1318,680
736,492
213,214
723,308
930,891
647,536
915,244
957,751
1824,62
78,78
1297,669
1689,215
1043,564
724,624
1248,295
1272,665
815,622
238,157
1093,675
818,599
1351,508
1269,252
797,570
170,157
1346,532
1062,489
1414,186
512,457
876,562
857,658
1208,709
773,418
734,670
1008,468
1254,344
1078,88
1304,443
1588,352
989,192
1124,236
1275,549
283,140
1535,456
836,454
1176,794
1415,288
1283,481
1168,652
1380,397
975,834
274,256
399,335
798,170
886,665
528,262
1117,874
447,406
1079,390
655,261
65,15
1136,564
946,647
1468,189
1213,726
1184,276
1128,590
1356,386
137,71
936,624
447,382
1087,693
1240,649
1178,450
907,712
1173,225
614,609
94,38
810,515
1355,539
1015,978
1006,686
552,266
1189,449
1276,717
130,100
1002,695
752,514
1277,555
1049,346
1479,483
1226,633
500,464
958,544
1040,942
906,334
1235,724
1066,858
1131,637
904,675
755,459
1325,667
422,392
980,946
1613,328
866,127
536,424
494,369
1055,834
1379,408
961,845
1505,444
411,334
1739,142
817,149
1157,544
1219,511
651,633
1050,734
808,572
1614,272
862,741
154,122
974,952
1071,136
1539,215
647,165
710,430
1177,769
1182,817
1042,714
1049,837
1051,666
827,394
942,102
803,651
1468,516
1028,795
1137,745
623,375
271,197
1779,112
1473,310
1452,143
660,77
268,147
1018,810
1404,321
876,414
1733,264
989,672
189,29
1839,134
709,499
904,513
147,117
564,548
375,347
758,305
1061,346
1409,215
770,477
1270,577
674,559
1057,871
828,318
1064,359
370,90
831,313
1023,923
965,698
528,515
1214,781
1576,367
550,519
535,488
483,105
1135,318
691,594
994,889
1058,808
304,155
479,452
814,777
1078,772
1097,254
742,480
569,227
1304,566
1678,168
1077,147
826,700
928,465
1245,466
778,625
1027,659
1251,687
1602,255
882,527
1203,653
280,149
554,241
1367,400
920,516
337,315
993,391
567,285
862,228
1108,594
243,212
978,873
1094,592
1024,871
1067,617
251,226
1784,191
602,543
1339,557
869,603
992,416
1447,444
933,463
1269,240
1336,653
1014,765
386,319
1287,454
967,921
1171,771
1151,624
1148,664
1139,253
1103,806
826,325
687,610
1452,535
1134,757
1033,772
1543,83
1500,441
867,864
1022,334
1505,211
655,554
1720,275
996,972
577,195
1124,840
363,310
858,278
924,815
844,318
1408,576
1236,751
1427,528
1404,386
612,548
1046,868
1154,826
963,835
499,325
749,552
848,812
1414,386
1121,630
1160,380
1132,754
1628,199
1429,480
1265,432
1451,386
987,780
932,582
747,596
423,341
695,680
107,107
965,782
863,771
824,660
1160,548
1116,762
1285,660
1335,358
1185,477
1008,906
546,199
1055,655
755,159
1254,471
1321,341
1376,530
746,638
831,258
1457,404
995,448
680,582
870,867
1101,684
596,320
1572,243
1218,644
200,162
82,23
110,110
146,103
947,641
1107,704
609,456
933,440
1214,373
766,210
988,705
1661,100
1767,24
1103,860
631,442
1229,247
1968,16
1072,625
1075,772
1302,581
1487,513
1158,478
973,919
1843,96
1363,167
856,704
684,681
1180,257
867,230
898,481
801,744
996,645
788,757
1075,405
298,177
475,439
919,699
556,408
1803,182
393,354
560,406
1385,260
1216,777
1177,452
1229,479
1087,886
1361,255
141,113
1620,371
1358,366
1198,667
1150,786
1182,751
1402,542
1453,466
923,816
1166,476
814,648
1660,320
1272,420
356,202
1848,53
177,155
970,960
47,8
1118,835
945,747
1074,215
287,260
970,643
1163,747
1121,352
669,660
734,685
369,310
676,524
1739,128
1057,874
448,439
638,577
323,313
1206,718
621,509
1284,353
1131,869
1197,708
715,628
1285,443
890,777
951,448
841,564
1140,719
1482,99
1127,842
827,377
890,656
1496,373
880,595
996,835
1293,655
1267,586
961,201
1712,228
725,608
898,588
1535,37
808,483
643,368
732,717
1494,169
488,485
1506,377
859,616
1062,684
1631,367
1442,367
828,737
1944,51
1072,304
1089,894
1581,410
1256,659
1167,788
932,578
1602,324
969,933
1072,265
1063,830
1332,650
995,981
458,313
849,734
649,605
1020,686
1250,220
1445,371
898,586
979,403
1551,416
188,178
1011,919
899,898
741,537
1452,362
1685,216
1216,235
758,495
353,327
703,161
1066,889
209,191
496,473
1404,500
1116,843
1108,702
288,91
1269,710
584,388
828,229
1063,776
972,934
956,866
1336,448
845,572
1211,748
1583,198
927,836
1253,451
996,71
1545,188
423,364
515,440
1649,332
914,694
1494,53
325,31
893,179
938,603
1182,604
1162,552
930,789
981,666
1082,890
1705,240
606,423
970,882
1357,614
629,161
1079,851
1488,162
1032,593
518,426
1128,755
1039,522
620,363
939,418
1397,587
1170,438
1119,864
1242,741
1286,695
1500,397
781,494
1121,251
545,520
1248,713
731,381
1798,73
1232,716
1378,573
1445,358
291,85
739,723
865,733
958,617
717,410
1571,200
500,385
886,729
1208,768
451,268
1111,844
1099,218
1479,512
1271,349
1452,537
1055,782
919,842
1572,262
1279,662
954,931
1052,542
1264,608
844,719
707,557
304,86
932,732
1402,474
675,598
278,269
579,576
690,457
915,859
224,187
529,469
554,391
983,794
1249,512
1371,394
791,728
1775,128
563,531
1214,548
875,470
1837,156
794,266
1096,843
1499,291
1493,280
1061,910
1243,154
356,331
717,544
877,640
494,336
1126,98
1170,819
410,343
1411,503
1162,600
753,508
1143,535
1249,565
1828,127
981,838
305,250
951,567
995,652
1210,453
600,421
1468,431
599,521
820,710
1014,872
610,398
1643,154
924,841
660,296
913,823
1184,785
999,846
526,488
1242,584
1220,627
1530,174
371,336
228,50
1224,381
1227,127
1273,583
1463,505
253,195
944,386
1167,356
1083,812
351,261
1057,925
1395,464
1655,317
1055,249
956,823
1046,683
1070,505
346,235
567,154
1701,257
953,215
1044,890
1096,893
1115,388
1330,527
801,780
306,240
782,386
1478,191
1022,933
833,740
224,201
1079,730
867,328
946,530
1047,937
1008,454
1297,485
666,645
557,399
240,212
1431,489
1083,363
1359,231
1408,529
1727,77
1079,851
646,185
990,676
1454,166
1066,848
532,165
726,649
1204,724
508,479
838,654
1843,115
1100,888
1211,712
1104,885
708,411
780,189
271,212
467,223
686,620
1139,816
1395,479
841,511
968,939
1297,603
849,742
1760,214
740,648
901,832
1205,757
925,720
514,359
1596,336
583,528
1077,877
872,776
1379,203
1287,336
1036,769
1288,599
1051,798
925,675
1605,45
902,897
1065,911
491,273
1067,756
1077,386
1209,409
318,247
1067,908
1643,354
884,434
1198,395
1528,427
1269,420
1262,721
969,876
504,194
568,167
517,269
1487,483
926,503
899,564
1254,505
1159,712
262,238
293,221
832,573
1224,495
785,729
1186,685
722,443
713,659
1097,758
984,388
933,585
1485,467
1379,573
1273,283
815,402
1033,376
836,744
861,489
1064,480
395,176
264,252
1666,55
342,257
1287,501
1384,527
929,403
336,165
1193,677
1007,616
744,500
587,385
719,644
857,850
1283,621
620,408
545,275
844,837
251,129
957,683
823,725
1641,136
429,419
751,719
1071,651
1315,201
505,428
1089,465
635,606
810,810
1601,358
780,581
884,836
1337,417
697,604
366,173
858,558
716,314
891,767
1408,392
1145,817
1080,695
1537,409
1618,335
880,647
1194,763
1489,312
1951,38
1061,936
1767,127
411,392
983,826
1281,712
933,737
734,673
1176,781
1037,565
789,788
903,788
539,537
1465,285
836,761
688,553
1415,458
110,109
110,8
969,722
1633,240
853,830
1265,504
976,922
824,448
727,304
1455,392
1380,614
1326,109
1152,702
441,440
1035,611
491,474
317,231
658,490
1147,803
1013,482
1155,363
1642,90
913,718
1025,906
942,727
878,756
1377,519
930,918
913,438
1221,596
1168,828
809,593
141,127
1123,286
560,555
1248,555
631,379
919,771
987,624
1098,500
1268,269
1134,708
1558,368
956,875
1688,209
1380,541
1037,338
1250,698
584,454
1207,343
952,479
842,701
309,247
823,558
1177,400
717,550
702,519
830,661
1409,413
1135,350
1105,673
1138,426
735,630
452,288
780,404
257,208
1378,389
884,582
1248,673
885,325
540,262
993,894
810,35
1330,239
995,907
623,432
1455,509
1024,953
1052,471
1165,408
938,829
1053,576
955,836
1005,768
822,597
556,544
1625,269
1513,470
596,590
918,45
1164,814
1160,500
1245,401
649,553
1738,171
1393,375
556,157
750,195
1038,883
746,637
803,728
710,442
705,534
191,129
1199,137
967,845
1049,446
934,845
670,606
672,545
1219,594
1027,399
1301,547
1301,616
1689,295
891,791
1687,281
1160,794
1618,341
890,800
911,863
1040,593
822,532
1202,473
1837,118
1167,832
814,711
1838,24
1038,873
1508,357
553,420
1122,506
1514,439
855,435
1083,614
1017,921
994,986
964,367
677,625
1380,231
713,340
1318,639
1234,718
1004,630
1483,505
439,283
443,414
982,661
1827,137
1218,15
691,603
1643,62
1114,787
828,407
946,911
857,471
1077,833
1061,658
640,358
1314,522
265,184
1436,555
938,836
869,757
1634,297
1693,151
407,354
508,419
837,731
1051,703
1002,645
1241,519
1356,389
579,533
1026,875
287,181
706,605
839,521
231,128
688,314
1614,126
1401,480
1501,471
1199,524
1251,654
565,500
796,414
952,256
979,933
884,809
957,486
990,859
1018,920
1047,261
1061,912
931,518
905,780
1297,312
656,457
964,737
1201,540
904,518
982,947
1090,786
1144,515
426,282
1087,454
1413,498
1085,327
869,346
777,769
534,102
1039,837
621,532
1348,651
1485,282
718,696
969,926
681,657
926,738
1089,727
571,363
878,193
1073,437
636,481
1046,382
1287,258
1636,269
964,516
520,515
269,240
671,487
489,290
1573,405
1072,783
664,333
1303,446
1392,310
1422,402
772,732
761,657
1167,775
685,540
1212,787
1064,815
1152,756
1082,838
530,294
1423,186
1123,710
1043,350
1037,479
816,770
1483,500
454,445
769,712
1252,728
901,674
1422,147
632,601
474,171
1140,781
1373,287
288,253
678,503
1545,385
1078,911
755,684
1014,784
1123,374
1527,429
903,568
765,724
1195,607
1573,385
1146,812
1319,610
799,314
1509,394
1079,906
1195,389
835,446
459,441
1343,643
1408,430
1269,705
1464,264
780,608
1258,617
333,214
1506,379
939,499
546,145
1048,893
447,344
1487,411
599,127
546,377
1034,621
1204,540
1058,329
1114,841
886,518
952,661
920,744
715,227
1072,828
1423,369
1540,229
1764,176
1495,449
1421,566
1175,511
629,547
1226,672
1086,439
990,934
918,59
1406,554
646,574
924,755
1323,354
1329,199
1576,318
171,169
1350,611
1033,825
375,365
921,623
1466,494
818,621
981,877
780,455
1153,535
1645,236
1561,268
1057,926
1474,419
988,976
900,682
947,750
750,513
1103,820
1066,813
687,686
1193,590
598,554
1651,183
740,599
1356,568
801,669
1018,584
817,421
723,209
737,659
1897,103
990,963
652,647
592,523
739,733
1125,319
1035,626
1104,822
232,210
396,182
1559,285
1012,705
1152,620
691,597
1352,559
1099,495
763,348
623,602
953,467
1834,43
1222,382
948,794
795,673
1678,255
1306,450
812,581
1328,572
184,183
624,551
1685,314
246,194
1222,715
424,410
1420,541
1240,516
1098,896
1011,845
1210,304
1685,263
753,630
866,233
962,477
600,345
1388,520
557,450
997,483
1459,130
538,336
648,649
1448,487
1735,187
1052,920
1084,709
1193,639
1211,781
453,423
1140,850
1082,382
1442,456
1124,226
973,961
471,263
510,237
977,837
1147,301
541,300
1585,373
1095,755
1027,400
1356,507
575,475
1393,599
1588,228
292,290
1422,424
1310,555
1034,641
1325,586
1579,257
1182,736
512,430
950,123
552,483
1495,444
737,735
1067,379
955,841
613,471
1339,270
675,357
445,343
1039,479
1161,446
1122,853
1582,233
1288,364
1744,248
1233,204
1434,358
965,896
1249,739
1069,394
438,322
1486,397
1358,584
1029,905
704,637
846,267
1077,486
776,369
802,596
838,812
389,171
882,713
1358,630
571,476
1161,568
598,479
365,326
474,451
1069,291
873,660
856,216
1197,617
1074,877
1055,165
1295,528
489,438
1337,652
1232,242
1224,370
1123,536
610,607
1388,591
872,294
548,356
548,88
1707,66
886,512
858,773
657,613
1202,473
183,179
1278,299
1028,909
1047,750
1371,438
1824,109
1491,380
903,870
847,702
832,511
1057,607
875,333
1119,55
982,962
1859,141
922,258
1554,386
658,470
961,704
1104,863
1649,242
780,641
894,883
1041,490
1209,322
279,154
686,549
1638,276
859,850
955,421
1062,854
1024,443
1048,560
905,732
910,505
962,878
1494,503
1007,970
1388,569
836,753
941,675
779,684
1431,475
1113,853
1101,871
1315,524
922,527
1701,214
1388,586
1074,717
1427,318
1885,56
1282,172
1200,731
270,48
923,775
1274,131
1144,825
1408,371
319,303
1263,684
330,277
1267,712
1379,514
592,566
269,223
1484,107
969,634
1294,643
1124,29
698,448
1082,571
451,258
776,757
1214,718
666,270
1159,781
756,327
922,749
862,560
297,244
1351,585
1250,273
814,249
1369,337
976,962
1272,441
1331,35
1634,313
1923,73
1048,710
569,325
852,583
791,408
1244,556
781,514
889,392
1508,403
453,449
1341,627
722,695
854,825
1482,259
1112,221
1046,487
1254,674
1371,442
1209,394
668,278
924,466
969,923
710,409
977,836
736,639
1182,558
256,240
1184,547
1026,954
791,771
1274,376
1036,784
1230,193
856,644
1235,558
1019,956
1712,253
1139,806
969,727
1378,322
738,707
1156,792
659,545
926,744
892,421
602,477
1165,792
712,441
1133,680
650,613
1532,360
1175,503
1738,200
1081,657
1487,473
1304,81
1486,493
1173,355
1238,310
1452,282
1072,440
1450,218
912,453
1471,326
733,612
1090,853
895,451
707,652
1207,613
931,767
1151,692
812,464
1198,736
569,197
841,809
521,519
961,767
940,350
884,863
1249,340
634,368
422,411
1202,759
943,456
1619,314
558,506
1059,785
74,73
1381,267
881,662
931,497
846,510
995,535
913,689
1003,966
415,412
1321,669
313,268
863,308
1256,742
1026,467
1059,902
1559,217
629,612
1426,205
871,676
555,452
1556,326
644,194
516,304
1583,13
939,110
1086,642
163,113
980,652
772,716
1112,529
770,463
862,579
1744,57
1267,724
870,733
773,774
997,939
1332,547
1354,591
407,235
919,873
1008,545
628,591
1539,261
882,824
1227,633
900,416
967,378
310,197
743,727
1159,445
1443,224
383,213
688,658
675,616
974,753
1166,674
906,681
1041,692
1258,402
786,142
1141,354
754,398
997,670
308,39
371,358
1300,360
965,752
1038,521
1906,94
1753,203
684,178
1554,314
902,809
1047,391
774,473
523,437
955,903
688,85
655,365
197,135
1378,524
626,323
906,619
1271,649
450,417
953,907
761,599
1279,501
462,431
1230,509
788,505
1125,814
1245,668
1749,198
418,254
1452,368
975,803
881,764
564,478
688,680
1822,123
872,716
302,274
1305,446
966,803
1231,624
973,862
1062,889
830,571
1536,458
414,351
1150,410
1350,636
619,566
999,962
1483,450
1097,704
830,421
1424,480
399,240
1272,554
963,646
1524,347
968,523
1043,895
576,466
1229,510
400,272
1650,178
1118,721
1479,499
937,892
1230,713
857,794
1481,222
1289,588
941,584
845,374
699,581
1062,425
1158,589
1629,244
506,404
1308,661
1437,178
943,627
1081,746
166,138
620,474
621,461
936,598
1371,478
936,184
962,924
1021,879
1240,668
717,555
1166,472
898,541
1107,856
844,499
851,834
747,453
827,454
1214,379
1472,445
856,835
447,413
1052,790
1098,803
496,341
1561,373
1635,275
1091,665
786,241
1110,709
809,683
1925,55
1629,307
840,611
1344,612
1021,731
876,551
1160,420
640,472
1338,523
799,743
1658,153
901,606
1318,108
1313,475
1222,478
1486,336
932,334
1119,789
954,589
172,158
368,82
1636,118
1229,451
970,912
1099,854
823,753
1514,285
959,408
593,356
920,595
1171,768
621,335
393,228
1197,514
900,619
1107,892
27,18
639,560
938,585
939,769
809,725
573,441
1047,409
1051,616
1536,358
811,747
1034,803
1149,849
766,429
1865,133
1884,30
1155,538
119,19
1374,537
1666,328
554,439
1116,512
1203,720
1076,876
1232,419
1333,449
944,702
248,194
894,837
1339,550
825,647
958,404
419,328
1454,379
1231,678
776,741
1080,900
823,504
1159,755
1612,181
403,403
1381,312
359,228
1296,624
1417,216
1615,364
1645,160
94,65
721,457
1196,211
1269,675
673,38
675,291
1092,251
193,168
1255,711
662,475
949,671
1607,210
825,471
508,384
1075,480
870,577
903,849
1267,546
1449,441
815,802
338,51
1403,168
534,506
596,483
723,597
1077,695
1007,640
1134,803
956,640
1525,349
586,587
1622,234
1135,586
768,499
1140,432
649,606
968,762
396,239
482,458
1428,526
1648,277
622,522
1058,915
551,437
1375,514
1322,425
1089,767
392,109
1016,573
968,333
830,721
1398,457
426,188
161,145
157,152
827,241
998,409
1042,757
868,645
1013,830
674,576
1000,803
928,649
1139,674
985,669
1000,964
1617,380
558,537
971,664
934,323
768,682
833,661
1652,270
1692,290
849,672
600,527
808,735
892,444
1076,792
1565,351
1044,931
153,145
834,758
947,912
998,353
1300,489
1390,526
613,159
1278,624
859,531
986,722
1169,666
1412,463
1139,407
892,761
1141,414
723,664
526,423
1122,516
1642,328
1083,820
1340,427
1443,542
1093,712
1247,598
1206,558
921,362
811,664
671,176
1007,361
492,101
1076,861
905,792
1031,958
1122,840
310,295
955,935
628,557
847,138
846,773
660,615
1076,702
1125,176
607,361
1058,796
1370,450
898,692
930,376
1598,330
919,719
1500,484
711,287
957,872
1471,376
841,489
514,505
1268,569
781,446
1396,410
1312,423
1107,739
1004,681
1328,630
1821,168
1172,603
1162,284
825,622
988,482
1571,273
1131,759
1576,379
1904,77
619,168
568,321
886,465
1156,690
893,850
1026,428
977,102
774,762
873,828
115,44
411,352
850,565
1266,670
1364,591
1491,208
1789,55
1433,510
817,812
1222,732
1281,670
710,514
1050,458
873,854
1277,498
1838,74
1692,308
777,728
258,238
983,984
761,744
128,111
983,940
697,671
1489,78
1024,658
1011,704
685,340
1236,234
730,516
1020,951
867,504
507,471
1424,505
543,509
380,352
859,543
1069,752
824,642
814,782
1136,839
920,869
936,33
1300,584
872,178
564,421
903,879
958,823
1143,565
938,273
1186,399
780,745
463,92
1091,813
1568,336
1588,288
656,347
1386,229
766,543
936,387
1862,23
1007,601
975,782
806,710
947,366
1504,266
1615,385
758,722
891,776
1100,329
1112,710
373,223
820,77
1107,800
1546,442
1766,122
1293,283
904,639
1018,951
974,721
1290,278
1563,430
667,600
867,239
1848,145
801,704
1029,169
952,823
1274,492
828,109
1091,7
1192,717
822,515
976,887
600,426
1022,856
1417,547
1526,456
25,4
982,962
542,357
1028,585
742,705
1567,362
1250,558
812,432
1379,568
1440,191
1258,615
872,870
996,339
1788,189
1246,705
1489,368
1256,438
969,605
1740,244
1877,103
1077,676
683,549
864,678
928,524
1123,725
1753,126
1214,711
879,496
1233,466
561,308
577,437
1024,885
997,912
231,145
1350,642
579,319
1531,251
1030,855
1131,770
1238,417
1509,168
410,410
1194,662
1472,94
1224,748
786,685
1412,114
826,143
1252,701
1094,754
1231,522
1266,378
1076,579
1033,804
1022,865
1503,170
566,308
610,376
1146,409
1420,499
1058,303
1252,239
1242,484
548,532
1416,296
1370,86
1280,639
1023,876
954,597
748,605
1466,510
609,374
518,188
1003,932
1049,618
391,249
1285,570
1195,797
860,411
887,595
1614,380
1039,537
813,688
1043,682
967,944
1321,595
1016,608
1240,746
1267,244
1211,761
1356,604
511,327
1011,760
946,897
1080,767
843,698
1126,848
656,626
654,600
826,235
642,300
979,767
974,961
826,786
945,743
1031,921
1167,127
615,306
1044,593
1786,181
1391,140
1598,214
1299,580
753,499
1126,766
1234,452
667,651
1149,600
746,670
1152,650
1790,67
501,499
1063,710
1156,529
1382,210
1072,620
872,792
1036,901
1136,853
1522,332
860,633
1135,769
984,847
1300,235
970,323
73,65
724,619
607,517
983,526
1275,502
1220,637
865,661
929,476
1226,605
1133,750
1457,496
1336,473
1134,658
274,184
746,717
1747,5
691,515
1428,325
753,665
377,178
1010,710
535,525
996,136
780,627
250,189
916,400
493,414
910,467
693,379
915,904
1044,100
1002,518
1365,372
1001,708
1237,591
1210,191
568,407
914,899
1499,471
1457,149
463,339
513,454
1058,150
805,707
1075,813
457,386
1003,941
1058,822
976,814
908,890
919,816
1303,529
375,351
1390,607
615,250
361,298
518,516
1168,826
560,545
1077,437
1638,18
1114,331
470,219
637,478
378,366
88,70
1096,586
1539,114
1023,775
1107,310
358,342
421,378
994,960
1672,151
1541,202
1412,217
1755,204
375,149
1563,157
1163,457
1295,436
834,620
1163,668
1433,28
1240,462
921,378
1025,422
235,204
1145,725
258,200
938,492
1429,511
408,314
985,517
1398,553
1654,227
1272,620
699,666
1085,770
1332,621
423,218
983,277
827,511
1116,526
821,784
556,441
504,467
738,676
1482,433
1027,636
1031,727
1327,406
1036,369
1099,436
1506,456
1009,183
1595,396
1347,419
1104,508
1224,97
1034,836
1012,688
1329,34
1210,770
169,153
1152,92
222,189
727,482
1177,808
1021,871
786,430
502,257
935,700
1166,537
887,837
1173,355
1130,868
735,108
1200,736
1028,547
474,437
1572,148
1328,297
972,868
1235,361
839,788
211,199
1063,427
1147,632
1255,212
847,361
667,659
217,148
885,307
920,704
1029,876
1320,614
1184,578
1169,288
1060,504
1432,475
424,300
1671,316
1231,731
1169,551
579,569
320,312
667,607
1121,332
946,760
1371,68
329,312
1128,407
1839,136
189,176
523,511
522,250
1033,914
1784,204
740,486
1235,340
610,513
1110,752
1002,953
1086,840
1090,805
447,210
994,535
973,512
1133,863
935,767
1119,454
466,222
1122,373
1127,843
1334,533
959,809
302,297
639,332
1513,236
842,667
894,712
873,741
1184,581
1002,428
249,147
1024,952
856,483
952,919
980,399
833,331
1794,55
1145,626
816,562
890,751
671,656
1248,513
977,526
1418,578
698,675
836,622
1038,748
701,141
948,483
894,849
1205,727
787,483
1249,558
718,645
1299,273
1408,505
1835,93
1419,243
1309,414
1972,27
739,353
1633,124
1044,720
741,554
1082,193
876,785
491,316
1472,497
546,245
468,412
1678,249
1040,952
961,830
379,303
1056,943
1014,962
889,885
587,570
1348,385
1025,644
649,617
721,562
553,181
801,415
305,96
1010,566
199,133
906,907
948,844
1239,621
1004,371
1539,446
1357,355
1800,28
864,478
1128,669
82,53
1561,331
1596,296
1776,137
1289,633
547,143
1427,563
334,151
1594,355
1064,932
1257,146
1235,719
645,533
1055,921
839,773
1546,144
807,417
212,190
1576,144
999,512
62,11
722,710
790,299
437,107
1107,485
1236,682
1430,333
1304,488
77,63
743,514
1600,120
1722,257
792,565
1255,290
1468,106
958,820
1043,482
1391,463
868,356
1426,496
1087,731
1525,450
1353,520
1393,450
603,574
1223,535
936,897
1133,226
910,364
738,576
1720,213
989,255
671,615
1296,586
1087,860
505,293
1293,594
902,900
1217,713
1183,237
603,481
1309,644
971,598
290,196
1076,797
1120,607
937,851
764,663
942,676
767,598
1308,566
549,409
1082,898
250,178
918,759
1116,794
1202,705
1405,300
996,550
1163,835
539,191
1323,425
1973,26
811,469
623,513
1150,757
829,728
1088,474
879,570
317,239
1360,460
513,296
490,253
1245,734
1227,532
688,633
1225,530
288,198
731,556
631,586
1455,520
1126,383
1004,931
861,117
1359,295
691,438
936,738
1086,663
1508,409
1668,299
1530,341
303,281
1199,425
971,876
939,605
891,855
724,724
976,810
1441,519
95,93
1538,458
1313,547
692,691
677,426
1224,757
837,448
996,606
514,433
817,514
1838,107
643,431
965,879
744,710
1868,111
1134,188
1323,437
1255,519
1312,321
738,587
1383,120
1083,569
833,287
1413,474
897,684
381,304
508,489
872,815
1052,514
1651,302
1113,672
1440,479
1316,548
1450,512
480,203
1543,353
575,113
856,79
1094,526
1147,813
1188,434
1205,662
497,387
1348,362
789,720
1130,515
1139,714
268,221
962,954
1431,338
1253,730
1336,440
627,620
834,817
1846,79
982,931
1137,630
1463,509
898,807
1174,359
1386,572
1519,365
542,409
1311,412
835,229
858,744
863,353
683,675
1339,461
1124,596
1119,828
1503,444
1435,544
1114,190
1234,634
1773,92
755,516
1039,298
1824,173
211,148
1033,710
840,711
1001,692
508,93
1120,292
775,624
1219,740
825,375
1107,638
1505,479
916,650
1052,610
854,653
290,280
1395,538
1041,600
1415,541
1151,552
662,333
884,339
1352,365
370,302
1322,435
904,652
1088,564
804,683
1238,725
905,382
1004,789
1198,653
565,528
956,894
1000,936
905,737
984,205
505,202
840,569
958,372
1614,376
989,939
1684,234
1379,606
765,757
204,64
1594,298
1036,722
1146,781
1133,686
1098,628
912,596
1166,828
980,775
1106,323
1234,606
1759,164
1153,713
1679,245
467,288
1752,80
1088,468
1249,751
1238,620
1345,583
1520,214
600,586
972,610
280,276
1256,561
923,211
885,633
431,398
1089,703
913,564
1093,626
1008,977
715,680
1055,901
1661,165
994,384
993,977
1476,429
1159,362
385,154
661,558
1098,863
1613,309
1039,889
1184,47
786,650
964,722
992,316
822,660
985,545
454,349
655,519
1697,303
1708,279
1304,515
826,743
856,855
489,168
468,141
962,842
1227,46
1032,832
701,640
1111,620
1205,506
1401,428
787,253
1035,956
1280,480
213,102
1340,579
726,714
821,779
376,127
1215,751
891,811
399,325
1260,736
1368,340
1223,517
506,123
476,307
286,222
451,316
1470,453
456,422
1297,332
1364,426
860,645
425,74
964,506
1128,483
693,606
1078,811
1060,858
1208,673
120,79
965,473
1639,249
1215,452
1109,869
1132,646
1171,793
1064,525
971,592
1173,282
1325,401
1385,395
1415,500
1189,719
1709,220
1535,385
832,827
1135,550
551,458
896,478
752,709
1539,332
1331,572
774,704
970,639
1935,8
1200,562
1292,518
900,660
1273,227
552,83
626,288
789,772
1122,841
674,629
1022,860
916,662
1546,307
591,473
1254,184
1023,788
1094,678
1077,882
781,616
391,385
1518,257
677,444
429,427
330,258
850,757
1334,480
1005,981
746,687
903,619
820,778
1572,417
1638,306
454,336
361,214
661,315
1391,601
1344,621
1266,608
950,948
1134,325
1011,944
1865,95
1253,188
434,273
1695,202
967,829
835,779
754,612
1646,346
1070,335
929,562
988,545
622,603
828,677
604,602
1605,301
1339,97
1217,451
1340,581
1091,741
954,837
802,362
1438,525
929,707
454,378
862,851
1230,403
1454,470
1456,140
847,410
721,152
1596,374
1809,120
939,825
991,923
585,521
1285,587
1452,473
780,460
349,294
924,774
1287,557
959,830
79,73
957,945
1229,586
1301,651
1468,377
950,602
1023,479
1226,287
1026,961
826,589
1089,786
1018,728
1777,129
1244,709
1085,263
886,870
1430,192
1123,606
1418,378
1205,629
558,530
1105,419
1418,210
1078,707
1094,592
1506,382
1262,434
654,469
691,476
432,418
1039,634
1378,566
810,743
995,747
1109,460
545,289
933,282
1017,863
808,725
1044,612
912,879
1114,841
180,82
1040,844
1291,461
618,431
302,170
668,584
987,753
322,276
976,509
367,102
900,806
1313,369
940,461
1228,587
495,306
1470,59
374,322
998,761
1100,797
1345,510
983,479
276,233
485,386
478,431
627,596
717,610
325,200
1196,82
1022,969
861,693
1542,241
1703,129
1820,91
698,496
557,518
1025,842
584,539
941,838
932,575
981,829
690,678
1324,442
1079,769
736,420
692,404
1381,490
775,599
442,347
956,804
813,615
294,266
249,18
822,523
348,338
979,589
1112,740
1046,731
1045,202
1163,792
1093,814
1259,163
157,158
1586,329
1254,567
1148,736
989,941
1311,669
1176,691
1069,912
1181,534
1122,654
741,201
1188,502
1801,120
1177,700
829,732
1193,681
1281,242
1101,203
1145,689
996,466
260,249
1744,255
526,26
360,147
923,489
1391,522
1257,611
767,565
1725,166
1755,200
1835,81
541,535
1453,453
1644,246
1230,384
1356,601
832,718
529,446
1416,217
314,124
869,810
878,405
658,620
930,506
1356,626
1330,445
1365,319
1004,532
1029,739
592,457
698,591
488,305
534,507
1839,129
596,327
663,649
1443,309
1083,843
1321,527
795,722
815,275
1109,717
1498,432
1052,652
1235,304
1404,356
1037,939
1427,573
1279,344
573,397
1305,621
999,531
950,784
438,248
808,729
262,192
685,349
314,315
1271,646
1289,563
915,743
1158,706
1652,333
1484,195
1288,567
869,868
658,433
953,930
783,666
853,276
1059,705
1856,41
1536,179
968,770
839,393
384,239
1170,227
1028,923
1208,235
910,731
556,347
1038,877
871,721
329,276
356,293
876,849
890,721
955,773
1172,706
1026,913
1570,326
1491,210
1108,545
680,580
294,264
843,588
614,426
961,946
760,675
1099,820
826,494
1409,164
789,702
802,731
1270,270
462,380
1287,437
763,679
846,632
1045,906
918,407
1340,477
1677,139
1312,688
1111,619
827,307
1057,848
1470,306
1043,820
1415,456
629,628
1819,153
555,505
1294,102
1388,431
1043,591
685,521
1700,224
1641,335
1218,307
473,357
637,398
730,455
1500,500
560,451
289,241
1309,311
933,815
907,769
398,341
1013,942
1034,793
696,351
1110,888
1525,66
682,311
1547,312
1144,313
809,738
1434,332
889,382
1037,556
764,729
828,827
1710,185
1331,405
892,599
351,205
361,319
914,857
1151,493
1411,468
287,238
153,63
460,426
710,616
879,162
1043,851
696,669
1339,447
1175,594
1376,462
937,303
1311,363
400,44
1048,860
1383,263
1239,491
667,649
828,796
1050,542
1093,316
1552,231
843,769
797,706
1075,333
1380,164
111,89
574,544
477,331
1017,772
1040,864
1127,619
1000,902
1293,453
1103,849
736,339
935,757
620,340
750,665
1247,399
979,213
777,199
1288,706
386,280
710,692
954,472
767,639
579,478
1152,656
669,381
811,578
869,814
1074,629
720,450
401,240
593,483
945,832
1115,543
1062,633
706,366
983,908
885,382
1033,678
677,376
768,28
1087,433
747,687
1120,432
1484,462
531,376
568,459
1004,226
912,909
907,625
935,615
1317,497
1379,550
798,698
725,482
1717,262
1339,623
920,696
905,367
696,614
1449,509
998,676
424,312
757,229
352,298
972,729
1273,398
633,381
759,477
1318,469
1733,174
867,476
1048,708
830,704
1267,645
1671,275
948,213
102,87
266,87
1396,546
1353,458
803,417
1524,353
908,785
492,448
1362,499
1194,624
1872,72
1158,629
861,580
947,500
817,479
861,508
1039,230
1481,506
1736,157
435,382
1179,554
1418,308
1044,480
1569,380
1106,789
534,331
1626,217
1057,414
461,148
1198,27
1660,333
1555,366
1601,366
505,89
695,574
1421,570
908,744
1005,920
540,446
1153,603
762,688
1548,209
904,519
906,791
761,255
852,343
641,479
613,263
1274,354
568,486
1093,762
1449,439
589,387
1126,821
1780,157
920,562
1193,556
1049,867
618,431
1548,243
1134,860
44,2
685,297
1044,691
1187,319
1038,786
1687,212
652,386
1156,475
1026,544
1012,941
1100,506
615,605
935,359
901,834
1017,489
1402,574
1457,461
1244,509
880,847
773,730
799,509
834,717
1041,919
769,622
1652,342
1006,681
741,692
722,366
360,288
787,409
971,942
725,460
502,182
835,618
1321,522
441,422
1653,320
756,314
883,787
1055,436
946,388
438,347
570,384
1206,604
1572,389
1005,505
863,493
823,733
787,545
618,443
1647,250
1745,117
1115,553
973,907
985,463
1328,616
1488,136
618,179
1218,591
1349,414
772,307
828,705
459,293
940,464
696,608
1282,702
1475,345
904,797
719,690
1469,446
1281,600
1420,293
658,162
1508,284
1316,567
1398,511
303,289
1488,463
783,288
1240,718
993,520
1439,156
853,614
868,824
1062,788
1790,171
1058,839
1028,538
1584,413
1129,610
1567,303
987,764
1055,862
982,859
1165,682
1222,589
1625,217
1121,787
1483,445
797,702
881,389
686,632
1802,185
1038,414
896,877
130,131
176,162
389,174
837,693
1303,324
1128,410
953,923
1257,239
1302,386
612,493
1138,605
1906,55
1187,447
1258,657
739,386
850,431
218,172
1608,151
587,508
43,42
882,882
1267,672
942,598
1508,481
1462,407
1075,128
790,422
776,758
1443,543
1401,423
1073,880
883,105
1840,118
1295,633
338,298
906,359
831,397
1176,559
1699,164
1137,490
1318,675
1295,510
816,775
587,508
1021,893
463,109
121,97
1540,159
826,69
883,882
380,209
1352,434
1128,809
1531,465
1273,463
1162,604
1556,323
360,296
956,880
1721,196
1030,955
853,488
598,319
689,501
814,770
1274,433
1064,402
339,331
1160,559
1541,364
1209,599
1859,102
728,601
1713,103
747,655
876,731
658,548
1048,668
729,527
1093,581
724,630
1251,403
1809,148
1041,709
1547,260
752,615
739,688
1297,664
1136,468
789,530
1427,530
339,271
980,932
594,369
1107,820
571,556
314,313
561,381
1020,607
1701,148
1242,512
1312,549
1124,731
1336,336
717,707
974,904
985,823
1162,435
857,693
989,951
1022,708
1145,426
570,451
1518,411
781,650
910,893
1097,564
1514,162
488,461
211,189
937,692
660,597
1283,283
661,555
1051,519
1177,451
701,484
1874,91
899,819
899,225
865,544
1145,252
929,804
594,583
1354,342
927,919
1090,742
975,760
949,931
1096,395
559,442
524,371
639,563
757,569
810,739
370,367
1186,472
902,652
1013,845
827,308
1480,454
1355,227
827,353
1573,230
725,384
1206,378
975,735
506,486
968,854
957,560
1432,61
1024,870
537,339
624,300
1264,694
1292,305
1145,522
1215,505
621,343
894,807
939,874
1127,417
254,56
1119,448
1133,751
1076,119
1100,698
1146,795
1143,796
1002,511
1037,793
987,655
805,649
1363,167
472,338
1281,490
337,332
967,611
1088,850
1354,595
936,852
1270,235
956,828
413,376
146,132
1307,617
1281,276
473,471
1619,141
1178,418
1116,743
913,520
418,407
1045,534
1080,189
1004,913
223,201
903,777
1205,388
1032,256
468,420
1254,688
927,792
1517,314
767,705
1351,434
1607,278
989,885
1007,667
1232,689
1287,710
690,587
1581,354
1014,984
992,965
1146,736
1447,436
931,902
1526,363
1387,383
1035,789
1240,639
1183,723
1888,25
678,178
555,68
1405,132
1108,854
1313,429
191,182
1439,538
794,645
884,360
1393,519
983,967
1015,507
740,307
707,387
1613,385
1215,378
1145,545
1266,203
919,184
1884,55
1093,833
1162,820
1683,158
765,673
1160,530
1332,514
1561,236
508,258
760,378
984,956
491,243
1486,107
860,338
1270,710
1040,639
1144,807
1383,583
494,493
1647,342
1238,699
1233,579
1014,786
1168,732
938,875
901,852
264,238
523,489
792,193
1225,622
1194,199
591,471
571,265
179,145
1206,235
1602,271
366,296
1334,386
1006,950
528,447
609,476
908,700
1001,436
922,654
1328,652
844,726
1054,776
1075,914
647,260
1028,399
986,808
884,513
1456,277
1301,302
1023,801
1163,344
828,380
558,506
937,713
1199,52
881,667
226,197
914,900
1263,455
1322,246
1556,394
1024,357
714,548
1166,484
1207,455
990,976
831,234
1256,513
150,151
932,788
290,53
867,868
1063,628
1256,706
214,172
888,264
1132,276
1359,491
1343,178
1737,127
1291,480
898,184
942,32
881,634
1115,519
962,446
635,545
418,196
815,675
624,301
1042,825
1081,777
978,464
718,489
1793,149
892,292
1267,518
458,396
612,545
1816,112
919,876
885,795
1235,734
858,837
733,580
1339,586
1120,784
630,558
1074,673
689,595
623,407
225,223
673,371
794,393
1123,580
772,763
781,266
1828,101
872,572
1010,434
1486,229
1154,337
1215,769
863,642
852,731
1062,477
720,224
956,552
948,716
1251,696
960,884
965,507
1111,390
718,710
1791,190
1283,290
1098,296
1631,218
716,496
797,782
958,459
714,389
783,731
244,190
659,520
360,323
400,109
1219,620
1355,298
1225,476
1018,972
417,179
947,478
595,482
1075,452
1328,415
918,340
873,624
1207,646
299,249
976,860
945,733
1392,318
1546,274
686,667
654,634
1515,299
1654,338
1452,519
1398,516
1060,825
1348,471
200,147
741,256
746,550
759,397
820,324
779,727
1320,585
1305,242
592,67
662,513
1273,496
354,298
1108,876
1373,588
1171,769
1055,715
42,34
879,877
719,605
928,733
946,804
1002,973
1096,856
966,801
410,350
1295,491
1013,951
1236,566
1242,272
781,591
962,895
1571,415
1070,776
1395,500
1169,387
533,196
570,453
1447,462
1012,659
1684,298
983,811
244,229
656,507
1322,653
1392,272
570,563
1021,243
1303,657
851,649
1345,543
24,11
1155,643
1330,646
172,161
1444,309
643,403
868,722
592,170
1500,478
309,305
977,847
1575,245
1216,778
1411,219
1560,318
1224,665
709,710
1194,548
1180,808
1054,660
765,153
1266,371
775,137
845,345
411,221
1067,819
1116,131
762,596
845,833
219,123
1250,591
1233,705
1044,414
1791,192
868,61
1024,741
1004,939
891,672
1520,462
552,82
1061,473
1059,465
764,374
1493,436
1004,885
739,260
783,538
835,597
94,44
806,488
896,659
1341,179
1235,518
1444,217
1104,392
962,777
1450,318
1457,543
924,668
846,630
1306,625
1020,226
979,921
988,752
737,721
504,402
840,841
1736,27
830,350
1453,483
826,823
1690,272
1054,914
679,661
737,466
1152,725
1673,215
774,775
783,373
714,682
1525,324
185,133
1648,253
435,337
487,378
1056,458
557,155
978,828
491,454
1257,618
1252,626
759,492
1632,275
1924,72
1575,414
868,721
868,643
1497,480
1807,192
1079,269
958,704
939,711
1131,210
1596,167
1575,221
1471,258
927,847
569,165
1737,219
945,467
1448,363
1511,40
1701,208
390,195
1704,241
728,610
776,654
746,603
631,122
979,787
742,492
385,239
475,349
1099,543
599,433
1288,251
1100,673
591,364
1108,798
1238,192
979,948
1148,811
462,402
742,497
425,367
1199,540
1235,509
1819,71
530,330
850,502
920,798
939,665
572,502
1721,177
720,601
531,408
1498,471
1601,193
609,474
1083,911
1501,326
1113,416
1517,310
1209,105
1112,672
1224,658
1204,418
929,761
1264,731
210,171
1211,738
816,738
423,419
1629,188
1113,841
1101,880
706,691
539,344
1327,454
1011,461
1017,816
1083,365
1566,282
656,653
295,203
941,211
1244,57
1267,673
970,896
1140,637
918,869
1079,421
753,600
907,469
624,237
1122,548
1085,482
1328,129
1083,878
954,692
1746,176
682,499
422,366
1285,333
1565,419
0
0
0
1
2
2
2
2
3
3
4
4
4
5
6
6
6
7
7
7
7
8
9
9
10
12
13
14
14
14
14
15
16
16
17
17
18
19
19
19
19
20
20
20
20
21
21
21
21
22
22
23
23
23
23
23
24
24
25
26
27
27
27
27
28
28
28
29
29
30
30
30
31
31
32
32
32
33
33
33
33
34
34
35
36
36
37
37
37
37
38
38
38
39
39
39
40
40
41
42
42
42
42
42
43
43
43
43
43
44
44
45
45
45
46
46
46
46
47
47
48
48
48
48
48
48
49
50
50
50
50
50
51
51
51
51
52
52
53
54
54
54
55
55
55
55
56
56
56
57
57
57
57
57
58
58
59
59
59
60
60
60
61
62
63
63
63
64
65
65
65
65
65
66
66
66
66
66
66
66
66
67
67
67
68
68
68
69
71
71
71
71
73
73
75
75
75
75
75
77
77
77
77
77
77
77
77
78
78
78
80
80
80
80
80
82
82
83
83
83
83
83
83
84
84
84
84
85
85
86
86
86
86
87
87
88
88
89
89
89
90
90
90
90
91
91
91
91
91
92
93
93
93
94
94
94
94
95
95
96
96
96
96
97
97
97
97
97
98
98
98
98
99
99
99
99
100
100
101
101
102
102
102
103
103
103
103
103
104
105
105
105
106
106
106
107
107
107
107
107
107
107
107
107
108
108
108
108
109
109
109
110
111
112
113
113
113
113
114
114
115
115
116
116
117
117
117
118
119
119
119
119
120
120
120
120
121
121
121
122
122
123
123
123
123
123
125
125
126
127
127
128
128
129
129
130
130
130
130
131
131
131
132
132
133
133
133
133
134
134
135
135
135
136
136
137
137
138
138
138
138
139
139
139
139
139
139
141
141
141
142
143
143
143
144
144
145
145
145
146
146
146
147
147
147
147
148
148
148
149
150
150
150
150
150
151
151
151
151
152
152
152
152
152
153
153
154
154
154
154
154
156
156
156
157
157
158
158
159
159
159
159
160
160
161
161
161
161
161
161
162
162
162
163
163
163
164
164
164
164
164
164
164
165
165
165
165
166
167
167
167
168
168
169
169
170
171
171
171
172
172
173
173
173
173
174
175
175
176
176
177
177
178
179
179
179
180
180
181
181
181
182
182
182
182
183
183
183
183
183
185
185
185
185
187
187
187
187
188
188
188
189
189
189
190
190
190
191
191
191
192
192
193
193
195
195
195
195
196
196
196
196
197
197
199
199
199
200
200
201
201
202
203
204
204
204
204
204
205
206
206
206
207
207
207
207
207
208
209
209
209
209
210
210
211
211
211
212
212
212
212
213
213
213
213
214
214
214
214
214
215
216
216
217
218
218
219
219
220
220
220
221
222
222
223
223
224
224
224
225
225
225
226
227
227
227
227
227
227
228
230
230
230
230
232
232
233
233
233
234
235
235
235
235
237
237
237
237
237
238
238
241
241
242
243
243
243
243
244
244
244
245
245
245
245
246
246
246
246
247
247
247
247
247
247
248
248
248
248
249
249
249
250
250
250
250
250
250
251
251
251
251
251
251
251
251
251
252
253
253
254
254
255
255
256
256
256
257
257
258
258
258
259
259
260
261
262
263
264
264
265
265
266
266
266
266
267
267
267
268
269
270
270
270
271
272
273
273
274
274
275
275
275
276
276
277
277
277
277
279
280
280
280
280
281
281
281
282
283
283
283
283
283
284
284
284
285
285
285
286
287
288
288
288
289
289
290
290
290
291
291
291
292
292
293
294
294
295
295
297
297
297
298
299
300
300
301
302
302
304
304
304
304
304
304
305
306
306
308
309
309
309
309
309
310
310
311
311
311
312
312
312
312
312
312
313
313
313
313
313
313
314
314
314
314
314
315
315
315
316
316
317
317
318
318
318
319
319
319
319
320
321
321
321
321
321
321
321
322
322
322
323
323
324
324
324
324
325
325
325
325
326
326
327
327
327
327
328
328
328
328
329
329
329
330
330
330
330
330
331
331
331
332
333
333
333
334
334
334
334
334
334
335
335
335
335
335
336
336
336
336
337
338
338
338
339
340
341
341
341
341
342
342
343
343
343
343
345
346
346
346
347
347
348
348
348
349
349
350
350
350
351
351
351
351
352
352
352
352
353
353
353
353
354
354
354
354
355
355
355
355
356
357
357
357
358
359
359
360
361
361
361
361
361
361
362
362
362
363
363
363
363
364
365
366
366
366
366
366
367
367
367
368
368
368
369
369
370
370
370
370
371
371
372
372
372
373
373
373
374
374
374
374
374
375
375
375
376
376
376
377
377
377
377
378
378
378
378
379
379
380
380
381
381
381
382
382
382
383
384
384
384
384
385
385
385
386
386
386
386
387
387
387
388
388
388
388
389
389
390
391
391
391
391
392
392
392
392
392
393
393
394
395
395
396
396
396
396
397
397
398
398
399
399
400
400
401
401
401
401
402
402
402
402
403
403
404
405
405
405
405
407
407
408
408
408
409
410
410
410
410
410
410
410
411
411
411
411
412
412
412
413
413
413
413
414
414
414
414
414
414
415
416
416
416
416
416
416
417
417
417
417
417
417
418
418
419
419
420
420
420
421
421
421
422
422
423
423
423
424
424
424
424
424
424
425
425
426
426
426
426
426
427
427
427
427
427
428
428
428
429
429
429
431
431
431
432
432
432
432
432
432
432
433
434
434
434
434
434
435
435
435
435
436
437
438
438
438
438
439
439
439
439
439
440
440
440
440
441
442
443
443
443
443
444
444
445
446
446
446
447
448
448
448
448
448
448
449
449
450
450
450
450
451
452
452
452
452
452
453
453
453
454
454
454
455
455
456
456
456
457
457
457
457
458
458
459
459
459
459
460
460
460
460
462
462
462
463
463
464
466
466
466
466
466
467
467
467
468
468
469
470
470
470
471
471
471
472
472
473
473
474
474
474
475
475
475
475
476
476
476
477
477
477
478
479
479
479
479
480
480
480
480
480
481
481
481
481
482
482
482
483
483
484
484
485
486
486
486
487
487
487
487
488
488
488
489
489
489
489
490
491
491
492
492
492
492
492
492
493
493
493
493
494
494
495
495
496
496
498
499
500
500
500
500
501
501
501
502
502
502
503
503
503
503
503
504
505
505
506
506
506
507
507
508
508
508
508
508
509
509
509
509
509
510
511
511
511
511
511
511
511
511
511
512
512
513
514
514
514
515
515
515
516
516
517
517
518
518
518
518
518
519
519
520
520
521
521
522
522
522
523
523
523
524
524
524
524
525
525
525
525
525
526
526
526
526
527
527
527
528
528
528
528
528
528
529
529
529
529
530
530
530
530
530
531
531
531
532
532
532
532
532
532
532
533
533
533
534
534
534
534
535
536
536
536
536
537
537
538
538
538
538
538
538
539
539
540
540
540
540
540
541
541
541
542
542
542
542
543
543
544
544
544
544
545
545
545
546
546
548
548
548
548
549
549
549
549
550
550
550
550
551
551
551
551
551
552
552
553
553
553
553
553
553
553
554
555
555
556
556
556
557
557
558
558
558
559
559
560
560
561
561
562
562
563
563
563
563
563
563
564
565
565
566
566
566
567
568
568
568
568
569
569
569
570
570
571
571
572
572
572
574
575
575
575
575
576
576
577
577
578
580
580
580
580
580
581
581
581
582
582
582
582
582
582
583
584
584
585
585
586
586
587
587
587
588
588
588
589
589
589
591
591
591
591
591
591
592
592
593
593
593
593
594
594
594
594
594
595
595
595
595
595
597
598
598
598
598
599
599
600
600
600
600
601
601
602
602
602
603
603
604
604
604
604
605
605
606
606
606
606
606
607
607
607
608
608
608
608
608
609
609
609
610
610
610
610
610
610
611
611
612
613
613
613
613
614
614
615
615
616
617
617
617
617
617
617
618
618
618
618
619
619
619
619
619
620
620
620
620
620
620
621
622
622
622
622
622
622
622
622
623
624
624
625
626
626
626
626
627
628
628
628
628
628
629
631
632
632
632
632
633
633
633
633
634
634
635
635
636
636
637
638
638
639
639
639
639
639
640
640
640
641
641
641
641
641
642
642
643
643
644
645
645
646
646
646
647
647
647
648
648
648
649
650
650
651
651
653
654
654
655
655
656
657
657
657
658
658
658
658
658
658
659
659
660
660
660
660
661
661
662
662
662
663
664
665
665
665
665
665
665
665
665
666
666
666
666
667
668
668
668
669
669
669
670
670
671
671
672
672
672
673
673
673
674
675
675
675
676
676
677
677
677
677
678
678
679
679
679
679
680
680
680
681
681
681
683
683
683
684
684
684
685
685
686
686
687
688
688
689
689
689
689
690
690
690
690
690
690
691
691
691
691
692
692
692
692
693
693
694
694
695
695
696
696
696
696
698
699
699
699
700
700
701
701
701
701
701
701
704
704
704
705
705
705
705
705
706
706
706
706
706
707
707
707
707
708
708
709
709
709
709
709
709
710
710
710
710
710
710
710
710
711
711
712
712
713
713
713
714
715
715
717
717
718
719
719
720
720
720
721
721
722
722
722
723
724
724
724
724
724
724
725
725
726
726
726
727
728
728
729
729
729
729
729
730
730
731
731
731
732
733
733
733
733
733
734
734
735
735
735
736
736
736
736
737
738
738
738
738
739
739
739
740
740
741
742
742
742
742
742
742
742
742
743
744
744
744
745
745
746
746
746
747
747
747
747
747
747
749
749
749
749
750
750
751
751
752
753
753
754
754
755
755
756
756
756
757
757
757
758
758
758
759
759
759
759
759
760
760
760
761
761
761
762
762
763
763
764
764
764
764
765
765
766
766
767
767
767
767
769
769
771
771
771
772
773
773
773
773
774
774
775
775
775
775
776
776
777
777
778
778
778
778
779
779
779
779
779
780
780
780
781
781
782
782
783
783
784
784
784
784
785
785
786
786
786
786
787
787
787
788
788
789
790
790
790
790
791
791
792
792
793
793
793
793
794
794
794
794
794
795
795
796
796
796
796
796
796
797
797
797
797
797
797
798
798
799
799
799
799
799
799
800
800
801
801
801
801
801
802
802
803
803
803
803
804
805
805
805
805
806
806
806
807
807
808
808
808
808
808
808
809
809
810
810
811
811
812
812
812
812
813
813
815
815
815
816
816
817
817
818
818
818
818
819
820
820
820
820
820
821
821
821
822
823
823
824
824
824
825
825
825
826
828
829
829
829
829
830
830
830
830
831
831
831
831
831
832
832
832
832
833
833
833
834
834
834
835
836
836
837
837
838
838
839
839
839
839
840
840
840
840
842
842
842
843
843
843
844
844
844
844
845
845
846
847
848
848
848
848
848
849
850
850
850
850
852
852
853
855
855
856
856
856
858
858
858
858
859
859
860
860
861
861
862
862
862
862
862
862
863
864
864
864
864
865
865
865
865
866
866
867
868
868
869
869
869
869
869
870
870
871
871
871
872
873
873
873
873
873
873
874
874
875
875
876
876
876
876
878
878
878
878
878
879
879
879
880
880
880
880
881
881
881
881
881
882
882
882
882
882
883
883
883
883
884
884
884
884
885
887
888
888
888
888
889
889
890
892
893
893
893
893
893
893
894
894
895
895
895
895
895
896
896
897
898
898
899
899
899
899
899
900
900
900
901
901
901
902
902
902
903
904
904
904
904
904
904
904
904
905
906
906
906
906
906
907
907
907
908
908
908
908
908
908
908
909
909
909
909
909
909
909
910
910
910
911
911
911
912
913
913
913
913
914
914
915
915
915
916
916
916
916
916
920
920
921
922
922
922
922
923
924
924
924
925
925
925
925
925
925
925
925
925
926
926
927
928
929
929
930
930
930
930
930
931
931
931
931
932
932
933
933
934
935
936
936
936
936
936
936
937
937
937
938
938
938
938
940
941
942
942
942
943
943
944
944
944
944
945
945
945
945
945
946
946
946
947
947
948
949
949
949
949
950
951
951
951
952
952
952
952
952
953
953
953
953
953
954
954
954
955
956
956
956
956
956
956
956
957
957
958
958
958
958
958
958
959
959
959
959
960
960
960
960
961
961
961
962
962
963
963
964
965
965
966
966
967
967
967
967
968
968
969
969
970
970
970
970
970
971
972
972
973
973
973
973
974
974
974
974
975
976
976
977
977
977
977
977
978
978
978
978
979
979
979
979
980
980
980
980
980
981
982
983
983
983
984
984
984
986
986
987
988
988
988
988
989
989
989
989
989
990
990
991
991
992
992
993
994
995
995
995
996
996
996
996
996
997
997
998
998
998
998
999
999
999
1000
1000
1000
1001
1001
1001
1001
1001
1001
1002
1003
1003
1003
1004
1004
1004
1004
1004
1005
1005
1005
1006
1006
1006
1007
1007
1008
1008
1009
1009
1010
1010
1010
1010
1010
1011
1011
1011
1011
1012
1012
1012
1012
1012
1012
1013
1013
1013
1014
1015
1015
1016
1016
1017
1017
1018
1018
1019
1020
1021
1022
1023
1023
1023
1023
1025
1025
1025
1025
1026
1026
1027
1028
1029
1029
1029
1030
1030
1030
1030
1030
1031
1031
1031
1032
1032
1032
1032
1033
1033
1033
1034
1034
1035
1035
1035
1036
1037
1037
1037
1038
1038
1038
1040
1041
1041
1041
1043
1043
1043
1043
1043
1044
1045
1045
1046
1046
1046
1046
1047
1047
1047
1047
1048
1048
1048
1049
1049
1049
1050
1050
1050
1050
1051
1051
1051
1051
1051
1052
1053
1055
1055
1055
1056
1056
1056
1056
1057
1058
1058
1059
1059
1060
1060
1061
1061
1062
1062
1062
1063
1064
1064
1066
1066
1067
1067
1068
1069
1069
1070
1070
1070
1070
1070
1071
1071
1071
1071
1072
1072
1072
1072
1072
1072
1073
1074
1074
1074
1074
1074
1075
1075
1076
1076
1076
1076
1076
1077
1077
1077
1079
1079
1079
1080
1080
1081
1081
1081
1082
1082
1082
1082
1082
1082
1083
1083
1084
1085
1085
1086
1086
1087
1087
1087
1088
1088
1088
1089
1089
1090
1091
1091
1091
1091
1092
1092
1092
1093
1093
1094
1095
1095
1095
1095
1095
1096
1096
1096
1097
1097
1097
1097
1098
1099
1099
1099
1101
1101
1101
1101
1102
1102
1103
1103
1103
1103
1103
1103
1104
1104
1104
1104
1104
1105
1105
1107
1107
1107
1107
1108
1108
1109
1109
1109
1110
1111
1111
1112
1112
1112
1112
1113
1113
1113
1114
1114
1114
1114
1115
1115
1115
1115
1116
1116
1116
1116
1116
1117
1117
1117
1117
1118
1118
1119
1120
1122
1122
1124
1124
1124
1124
1124
1125
1125
1125
1126
1127
1127
1127
1128
1128
1128
1128
1128
1129
1129
1130
1130
1130
1130
1130
1130
1131
1131
1131
1131
1132
1132
1132
1132
1134
1134
1134
1134
1135
1135
1135
1135
1136
1136
1137
1137
1137
1138
1138
1139
1139
1140
1140
1140
1141
1141
1141
1141
1142
1142
1143
1143
1143
1143
1143
1144
1144
1144
1145
1145
1146
1147
1147
1148
1149
1150
1150
1150
1151
1151
1151
1151
1151
1152
1152
1152
1152
1152
1152
1153
1153
1154
1154
1154
1154
1154
1154
1155
1156
1158
1158
1158
1158
1159
1160
1160
1160
1160
1161
1161
1161
1162
1162
1162
1162
1163
1163
1163
1163
1163
1164
1164
1164
1164
1164
1165
1166
1167
1167
1167
1167
1168
1168
1168
1168
1169
1169
1169
1169
1169
1169
1170
1170
1171
1171
1171
1172
1172
1172
1172
1172
1172
1172
1173
1173
1174
1174
1174
1175
1175
1176
1176
1176
1177
1179
1180
1180
1182
1183
1183
1183
1183
1184
1184
1184
1186
1186
1186
1186
1186
1186
1187
1187
1187
1187
1188
1188
1190
1190
1191
1192
1192
1193
1193
1193
1193
1194
1194
1195
1196
1197
1198
1198
1198
1199
1199
1199
1199
1201
1201
1202
1202
1203
1203
1203
1203
1204
1204
1205
1205
1206
1206
1206
1206
1206
1206
1207
1207
1207
1207
1207
1207
1207
1208
1208
1209
1210
1210
1210
1211
1211
1211
1212
1212
1213
1213
1213
1214
1214
1215
1215
1216
1216
1217
1217
1217
1217
1218
1218
1218
1218
1219
1219
1219
1220
1220
1220
1220
1220
1221
1222
1222
1223
1224
1224
1224
1225
1225
1226
1226
1226
1229
1230
1230
1230
1231
1231
1231
1231
1231
1231
1231
1232
1232
1233
1233
1233
1234
1234
1235
1235
1236
1236
1236
1237
1237
1237
1239
1239
1239
1241
1242
1242
1243
1243
1243
1243
1244
1244
1244
1245
1245
1245
1246
1246
1246
1247
1247
1247
1248
1248
1248
1248
1248
1249
1250
1250
1250
1250
1250
1250
1251
1251
1251
1251
1251
1251
1252
1252
1252
1252
1253
1254
1255
1255
1255
1255
1256
1256
1256
1256
1256
1257
1257
1258
1259
1262
1262
1262
1262
1263
1263
1263
1263
1264
1264
1264
1265
1265
1265
1265
1266
1266
1266
1267
1268
1269
1269
1269
1269
1270
1270
1271
1271
1272
1272
1272
1273
1273
1274
1275
1275
1275
1275
1276
1277
1277
1277
1278
1280
1280
1281
1281
1281
1282
1282
1282
1282
1282
1282
1283
1283
1283
1283
1285
1285
1285
1286
1286
1286
1286
1287
1287
1287
1288
1288
1288
1288
1289
1289
1289
1289
1289
1290
1291
1291
1291
1291
1292
1293
1294
1294
1294
1295
1295
1296
1296
1296
1297
1298
1298
1298
1298
1298
1299
1299
1299
1300
1300
1300
1300
1300
1301
1301
1301
1302
1303
1303
1304
1304
1304
1305
1306
1306
1306
1306
1306
1306
1307
1307
1308
1308
1308
1309
1309
1309
1309
1310
1310
1310
1311
1311
1311
1312
1312
1313
1313
1313
1313
1313
1314
1314
1315
1315
1315
1316
1316
1316
1316
1317
1317
1317
1317
1318
1318
1318
1319
1319
1319
1319
1319
1320
1321
1321
1322
1322
1322
1322
1324
1324
1324
1325
1325
1325
1325
1326
1326
1326
1327
1327
1328
1328
1328
1328
1329
1329
1330
1330
1330
1331
1331
1331
1331
1331
1332
1333
1333
1333
1333
1334
1334
1334
1334
1335
1337
1337
1338
1338
1338
1339
1339
1339
1340
1340
1340
1341
1341
1341
1341
1342
1345
1345
1345
1345
1345
1346
1346
1347
1347
1347
1347
1348
1348
1348
1348
1348
1349
1349
1349
1350
1350
1350
1350
1351
1351
1352
1352
1352
1352
1352
1353
1353
1353
1353
1354
1354
1355
1355
1355
1355
1356
1357
1357
1358
1358
1359
1359
1359
1360
1360
1360
1360
1360
1361
1361
1362
1362
1362
1362
1363
1364
1364
1364
1365
1366
1366
1366
1366
1367
1367
1367
1368
1369
1369
1370
1370
1370
1370
1370
1371
1371
1371
1372
1372
1374
1374
1374
1375
1376
1376
1376
1376
1376
1377
1377
1377
1378
1378
1378
1378
1378
1378
1378
1379
1379
1379
1379
1380
1380
1380
1381
1381
1381
1381
1381
1381
1381
1382
1382
1383
1384
1384
1384
1385
1385
1385
1385
1386
1386
1386
1386
1386
1386
1387
1387
1387
1387
1388
1388
1390
1390
1390
1391
1391
1391
1391
1391
1391
1392
1392
1392
1392
1392
1392
1392
1393
1393
1394
1394
1394
1394
1395
1395
1395
1395
1395
1395
1396
1396
1396
1397
1397
1397
1397
1398
1398
1399
1399
1399
1399
1400
1400
1400
1400
1401
1401
1402
1402
1402
1402
1402
1402
1402
1403
1405
1405
1406
1406
1407
1407
1407
1407
1407
1408
1408
1408
1408
1408
1408
1408
1408
1409
1409
1409
1410
1410
1410
1410
1410
1411
1411
1412
1412
1413
1413
1415
1415
1416
1416
1416
1416
1416
1416
1416
1418
1419
1419
1419
1420
1420
1421
1421
1421
1421
1423
1424
1424
1424
1425
1425
1426
1427
1427
1428
1429
1429
1429
1429
1429
1429
1430
1430
1430
1430
1430
1430
1430
1431
1432
1432
1433
1433
1434
1434
1435
1435
1435
1436
1436
1436
1436
1436
1437
1438
1438
1438
1439
1439
1439
1439
1439
1440
1441
1442
1442
1442
1442
1442
1443
1443
1444
1444
1445
1445
1445
1446
1446
1446
1446
1447
1447
1447
1447
1449
1449
1449
1451
1452
1452
1452
1452
1452
1452
1453
1453
1453
1453
1454
1454
1455
1455
1455
1456
1456
1456
1456
1457
1457
1457
1457
1458
1458
1459
1460
1460
1460
1460
1460
1461
1461
1461
1462
1462
1462
1462
1463
1463
1463
1463
1464
1464
1464
1464
1464
1467
1467
1467
1468
1468
1468
1468
1468
1468
1469
1470
1470
1470
1470
1472
1472
1472
1472
1472
1473
1473
1473
1474
1475
1475
1475
1476
1476
1476
1476
1476
1477
1477
1477
1477
1477
1477
1478
1478
1478
1478
1479
1479
1480
1480
1480
1480
1481
1481
1481
1481
1482
1482
1482
1483
1484
1484
1484
1485
1485
1486
1486
1486
1487
1488
1488
1489
1490
1490
1490
1492
1492
1492
1492
1492
1492
1492
1493
1493
1493
1494
1494
1494
1494
1495
1495
1496
1496
1498
1498
1498
1499
1499
1499
1499
1500
1501
1501
1501
1502
1502
1502
1503
1503
1503
1504
1505
1505
1505
1506
1506
1506
1507
1507
1507
1507
1508
1508
1509
1509
1509
1509
1509
1509
1509
1510
1510
1510
1510
1510
1510
1510
1512
1512
1512
1512
1512
1513
1513
1513
1513
1514
1514
1514
1514
1515
1516
1517
1517
1517
1517
1517
1517
1518
1518
1518
1518
1518
1519
1520
1520
1521
1521
1522
1522
1522
1524
1524
1524
1524
1524
1525
1525
1526
1526
1527
1527
1527
1528
1528
1528
1528
1529
1529
1530
1531
1532
1532
1533
1533
1533
1534
1534
1534
1535
1535
1535
1535
1536
1537
1537
1537
1537
1538
1538
1538
1538
1539
1540
1541
1542
1542
1542
1543
1543
1543
1543
1544
1544
1545
1545
1545
1545
1546
1546
1546
1546
1546
1546
1547
1547
1547
1547
1548
1548
1548
1548
1549
1549
1549
1549
1550
1550
1550
1551
1551
1551
1552
1552
1552
1552
1552
1553
1553
1553
1554
1554
1555
1555
1555
1555
1555
1555
1556
1557
1557
1557
1557
1557
1558
1558
1558
1559
1559
1559
1559
1559
1560
1560
1560
1560
1561
1561
1561
1562
1562
1563
1563
1564
1564
1564
1564
1565
1565
1565
1565
1565
1566
1566
1566
1566
1567
1567
1567
1567
1570
1570
1570
1571
1571
1571
1571
1571
1574
1575
1575
1575
1577
1577
1577
1578
1578
1578
1578
1578
1579
1579
1579
1580
1580
1580
1580
1580
1580
1580
1580
1581
1582
1583
1583
1584
1584
1585
1585
1585
1585
1587
1587
1588
1588
1589
1590
1590
1590
1590
1590
1591
1591
1592
1592
1593
1593
1593
1593
1593
1593
1593
1594
1594
1594
1595
1595
1595
1595
1595
1596
1596
1597
1597
1597
1597
1598
1598
1599
1599
1599
1600
1600
1600
1601
1601
1601
1602
1602
1602
1602
1602
1602
1603
1603
1604
1604
1604
1605
1605
1605
1605
1605
1606
1606
1607
1607
1607
1608
1608
1608
1608
1609
1609
1609
1609
1609
1610
1610
1610
1610
1611
1611
1612
1612
1612
1612
1612
1613
1613
1613
1614
1615
1615
1615
1615
1615
1616
1617
1617
1617
1617
1617
1617
1618
1618
1619
1619
1619
1619
1619
1620
1620
1622
1622
1622
1623
1623
1624
1624
1624
1624
1624
1626
1626
1628
1628
1629
1629
1629
1629
1630
1630
1630
1630
1631
1631
1631
1632
1632
1632
1633
1633
1633
1634
1634
1634
1634
1634
1634
1635
1635
1635
1635
1636
1636
1636
1636
1636
1637
1637
1637
1637
1638
1638
1638
1639
1639
1639
1640
1640
1641
1641
1641
1642
1643
1644
1645
1645
1646
1646
1646
1646
1647
1647
1647
1648
1648
1649
1649
1649
1649
1650
1650
1651
1651
1651
1652
1652
1653
1653
1653
1653
1653
1654
1654
1654
1654
1655
1655
1656
1656
1656
1657
1657
1657
1657
1658
1658
1658
1658
1658
1659
1660
1660
1660
1660
1661
1662
1662
1663
1663
1663
1664
1665
1665
1665
1666
1666
1666
1667
1667
1667
1668
1668
1668
1669
1670
1670
1670
1670
1671
1671
1671
1671
1672
1672
1672
1673
1674
1676
1677
1679
1680
1680
1680
1680
1680
1680
1681
1681
1681
1681
1682
1682
1682
1682
1683
1683
1683
1684
1684
1684
1685
1685
1685
1686
1686
1686
1686
1686
1686
1687
1687
1687
1688
1689
1689
1689
1689
1689
1689
1690
1690
1691
1691
1691
1691
1691
1692
1692
1694
1694
1694
1694
1695
1695
1696
1698
1698
1699
1699
1699
1700
1700
1701
1701
1701
1701
1701
1702
1703
1703
1703
1703
1703
1703
1704
1704
1704
1705
1706
1706
1706
1706
1707
1707
1707
1707
1707
1708
1708
1708
1708
1709
1709
1709
1709
1710
1710
1710
1710
1710
1711
1711
1712
1712
1712
1713
1713
1713
1713
1714
1714
1715
1716
1716
1717
1717
1717
1718
1718
1718
1718
1718
1719
1719
1719
1719
1720
1721
1721
1722
1723
1724
1724
1725
1726
1726
1726
1726
1727
1727
1727
1727
1727
1728
1728
1728
1729
1729
1729
1730
1730
1731
1731
1732
1732
1733
1733
1733
1735
1735
1735
1736
1736
1737
1738
1738
1739
1739
1740
1740
1741
1741
1741
1741
1742
1742
1742
1742
1742
1743
1744
1744
1744
1745
1745
1745
1746
1746
1746
1746
1746
1747
1747
1748
1748
1749
1749
1749
1750
1751
1751
1753
1753
1753
1753
1755
1755
1756
1756
1757
1757
1757
1757
1758
1758
1758
1759
1759
1759
1759
1759
1759
1760
1760
1761
1761
1761
1761
1761
1761
1762
1763
1763
1764
1764
1764
1764
1765
1765
1765
1766
1766
1767
1768
1768
1768
1768
1768
1769
1769
1769
1769
1769
1769
1769
1770
1771
1771
1772
1772
1772
1772
1773
1774
1775
1775
1775
1776
1776
1778
1779
1779
1779
1779
1780
1780
1780
1781
1782
1783
1784
1784
1784
1785
1785
1785
1786
1786
1788
1788
1788
1788
1788
1789
1789
1789
1789
1790
1790
1790
1791
1791
1791
1791
1791
1791
1792
1792
1792
1792
1793
1793
1793
1793
1793
1793
1796
1796
1796
1797
1797
1797
1798
1798
1798
1798
1799
1799
1799
1800
1800
1800
1801
1801
1802
1802
1802
1803
1803
1804
1804
1804
1805
1805
1807
1807
1808
1809
1809
1810
1810
1810
1811
1811
1811
1812
1812
1812
1812
1813
1813
1813
1813
1814
1814
1815
1815
1816
1816
1816
1817
1817
1817
1817
1818
1818
1818
1819
1823
1823
1824
1824
1826
1826
1826
1826
1827
1827
1829
1829
1829
1829
1830
1832
1833
1833
1833
1833
1833
1833
1834
1834
1834
1834
1835
1835
1835
1835
1835
1835
1836
1836
1836
1838
1838
1838
1838
1838
1839
1839
1839
1840
1840
1841
1842
1842
1842
1842
1842
1842
1844
1845
1845
1846
1846
1847
1847
1847
1847
1847
1848
1848
1848
1848
1848
1849
1849
1849
1850
1850
1850
1851
1851
1851
1851
1851
1852
1852
1854
1855
1855
1855
1856
1856
1856
1856
1857
1857
1857
1858
1858
1858
1861
1861
1861
1862
1862
1862
1863
1863
1866
1866
1866
1866
1866
1867
1867
1867
1868
1868
1868
1868
1868
1868
1869
1869
1869
1869
1870
1870
1872
1872
1873
1873
1873
1873
1873
1873
1873
1874
1874
1874
1875
1875
1875
1875
1875
1875
1875
1876
1876
1876
1876
1877
1877
1877
1877
1877
1877
1878
1878
1879
1879
1879
1880
1880
1880
1881
1881
1881
1881
1881
1881
1882
1882
1882
1883
1883
1884
1884
1884
1884
1885
1886
1886
1886
1887
1887
1887
1888
1888
1888
1888
1888
1889
1889
1889
1890
1890
1890
1890
1891
1892
1892
1892
1893
1893
1893
1893
1894
1894
1894
1895
1895
1895
1896
1896
1896
1896
1896
1897
1897
1897
1898
1898
1899
1899
1900
1900
1900
1900
1900
1901
1901
1901
1901
1902
1904
1904
1905
1905
1905
1906
1906
1906
1906
1907
1907
1907
1907
1908
1909
1909
1910
1910
1910
1911
1911
1911
1911
1911
1911
1912
1913
1913
1914
1914
1915
1916
1916
1916
1917
1918
1918
1918
1918
1918
1919
1919
1919
1919
1920
1920
1921
1921
1922
1922
1923
1924
1924
1924
1925
1925
1926
1926
1927
1927
1927
1928
1928
1928
1928
1929
1929
1929
1929
1929
1930
1930
1930
1930
1930
1930
1931
1931
1932
1932
1932
1932
1932
1932
1932
1933
1933
1933
1934
1935
1935
1935
1935
1935
1935
1936
1936
1936
1936
1937
1937
1938
1938
1938
1938
1939
1939
1939
1940
1940
1941
1941
1941
1942
1943
1943
1943
1943
1944
1944
1944
1944
1945
1945
1946
1946
1947
1947
1947
1947
1947
1948
1948
1949
1949
1950
1950
1952
1953
1953
1954
1954
1955
1955
1955
1955
1956
1956
1957
1957
1958
1958
1958
1959
1961
1961
1961
1961
1961
1962
1962
1962
1962
1963
1963
1964
1964
1964
1964
1964
1965
1965
1966
1966
1966
1966
1967
1968
1969
1969
1969
1969
1969
1970
1971
1972
1972
1973
1973
1973
1973
1974
1975
1976
1976
1976
1977
1977
1978
1979
1980
1981
1981
1981
1981
1981
1983
1983
1983
1983
1984
1984
1984
1985
1985
1986
1986
1987
1987
1987
1988
1988
1988
1989
1989
1989
1990
1990
1991
1991
1992
1992
1993
1994
1994
1994
1995
1995
1995
1995
1996
1996
1997
1997
1998
1998
1998
1998
1999
1999
1999
2000
2000
2000
2000
