Primero viene la cantidad (n) de timestamps para ambos, luego n líneas que son un timestamp aproximado cada uno separado por una coma (',') del error, y luego n lineas de las transacciones del sospechoso
5505
81,33
128,48
308,12
553,15
1136,42
49,8
132,7
274,14
475,28
959,6
1902,1
42,17
64,33
186,6
325,3
656,26
1347,36
12,11
24,23
136,49
197,11
411,25
859,50
1644,12
8,7
95,17
109,48
305,3
542,4
1158,1
29,15
51,50
97,39
198,5
458,50
905,7
1797,30
73,32
111,22
275,28
515,2
1066,20
27,2
35,11
83,35
198,2
410,13
842,32
1626,11
95,13
112,18
304,48
592,5
1145,41
87,46
173,23
269,17
542,6
1077,18
71,32
99,17
246,37
441,35
859,19
1773,26
15,14
23,2
56,20
184,3
345,45
688,8
1350,49
3,2
60,47
121,28
221,8
476,45
936,45
1819,10
55,22
66,3
157,13
375,9
688,40
1397,20
93,12
147,12
318,43
563,50
1131,13
88,43
159,24
325,46
611,35
1275,30
10,9
31,2
46,43
127,8
302,41
567,28
1092,31
57,4
94,10
186,4
378,30
719,20
1533,20
27,18
107,19
148,3
292,32
617,36
1232,36
60,37
140,44
232,34
520,19
1040,43
1913,11
80,42
163,10
318,12
587,47
1224,11
37,36
52,6
184,40
370,9
730,13
1448,49
37,36
95,46
153,42
291,26
636,35
1281,50
96,24
148,28
326,44
657,32
1291,11
36,10
66,17
181,13
377,44
711,19
1407,36
84,3
112,26
271,50
545,4
1020,8
60,47
144,34
232,32
486,27
1022,20
1998,1997
63,20
99,37
185,1
413,44
814,42
1674,15
18,9
101,30
212,11
333,50
708,13
1427,9
97,47
109,21
283,20
586,34
1106,14
6,5
12,11
95,35
149,9
322,6
599,13
1219,17
18,17
118,28
140,5
364,36
704,49
1391,12
20,19
105,9
142,26
327,31
597,41
1257,50
77,25
131,21
270,45
536,37
1058,31
16,15
46,33
156,11
256,15
553,21
1061,44
66,42
75,49
165,7
324,49
670,36
1374,44
95,27
102,16
227,19
470,47
909,47
1887,24
4,3
51,46
131,33
246,43
490,32
968,40
1965,11
15,1
86,13
189,35
312,30
691,6
1350,33
10,9
20,19
110,1
184,17
356,50
684,14
1464,47
7,6
102,21
150,25
321,50
626,32
1258,8
94,45
179,29
278,29
639,27
1195,20
79,26
123,22
239,18
495,1
973,34
1943,14
67,45
82,49
222,4
411,9
833,25
1626,42
20,18
90,28
196,22
321,29
646,38
1336,18
74,47
148,43
270,20
572,22
1156,1
82,16
124,26
240,18
519,26
982,14
1952,32
25,2
93,18
167,46
379,4
678,26
1366,35
94,40
144,23
286,15
601,5
1182,33
54,49
96,4
226,49
413,25
856,28
1743,26
97,49
134,3
330,3
575,44
1179,29
66,22
124,49
206,38
484,16
890,41
1797,10
77,42
143,12
238,48
510,38
1018,5
1946,9
43,6
90,33
230,3
415,1
783,6
1657,18
54,10
147,32
294,2
576,1
1116,17
90,13
188,6
305,3
639,45
1259,2
86,5
96,43
207,21
396,21
799,41
1618,45
1,0
99,29
120,33
226,11
543,6
1007,27
1929,26
101,15
184,44
286,33
659,5
1252,15
91,22
137,41
234,5
499,50
986,25
1965,1
53,21
96,13
209,23
375,21
755,17
1573,48
78,5
155,10
275,42
520,40
1094,3
12,11
66,34
91,26
216,21
409,6
801,34
1675,18
14,12
86,22
102,8
208,14
462,29
926,23
1842,36
12,11
104,46
156,8
323,22
637,3
1272,46
65,31
99,17
254,36
497,37
980,41
1924,33
19,18
34,33
125,31
194,17
438,22
834,40
1653,9
81,49
173,24
340,10
668,10
1299,28
38,11
122,37
194,7
364,19
747,30
1509,41
74,15
156,48
282,22
542,50
1137,3
85,22
182,48
272,33
599,46
1198,7
19,18
34,23
138,26
203,4
481,14
908,12
1834,49
8,7
80,8
91,23
192,27
441,3
897,25
1725,13
12,1
96,47
122,26
291,33
551,46
1168,26
22,21
55,4
175,33
297,38
625,47
1188,20
85,45
94,21
243,43
508,4
995,34
1941,11
50,17
77,36
154,20
299,11
600,7
1225,41
60,16
95,4
224,17
430,5
873,45
1736,34
48,40
61,17
152,14
276,34
637,34
1231,9
62,4
68,47
191,16
410,13
773,44
1549,48
27,22
121,34
201,50
445,4
839,42
1677,16
79,9
106,2
257,17
484,10
976,45
1953,16
60,50
81,26
199,14
406,32
819,11
1576,8
65,43
158,37
247,49
508,24
1031,33
19,12
81,36
153,6
298,21
582,1
1219,41
68,30
143,1
282,24
537,8
1091,32
84,47
85,46
205,2
413,43
813,14
1645,7
29,2
50,49
91,5
258,50
499,35
943,44
1934,36
73,37
96,24
209,47
394,14
800,13
1605,48
100,49
146,37
313,35
621,21
1258,14
69,14
116,20
189,30
415,23
884,32
1766,13
93,31
150,35
324,20
626,48
1245,48
27,26
43,5
171,27
333,9
597,8
1206,25
9,4
92,27
114,31
219,12
527,12
1010,27
1969,8
75,40
156,16
245,50
489,5
976,15
1943,14
83,16
131,30
302,24
543,40
1063,43
95,35
158,40
322,25
659,5
1332,44
58,10
142,48
242,46
468,48
989,10
1911,7
99,32
129,32
259,24
513,27
1010,26
73,36
78,49
236,35
419,47
867,42
1765,9
60,21
73,15
138,18
312,21
668,44
1265,12
75,22
112,9
243,41
482,15
919,47
1925,7
30,29
96,31
158,32
383,19
680,9
1363,23
83,25
95,46
202,22
427,17
836,39
1653,29
60,23
69,33
178,16
345,40
729,28
1405,35
35,32
124,27
160,6
335,26
687,33
1348,14
70,19
114,47
217,4
485,25
896,38
1860,43
83,17
120,3
255,13
554,18
1109,41
100,8
115,13
291,47
594,24
1163,46
67,42
144,31
265,18
556,46
1126,21
5,4
106,2
186,34
373,8
756,16
1454,44
46,26
118,9
170,14
416,40
829,8
1659,24
101,4
154,25
335,19
620,26
1255,37
58,38
125,21
274,42
535,44
1033,29
32,4
81,33
212,18
329,10
655,36
1324,18
17,16
55,42
130,40
293,46
583,43
1155,11
29,28
100,1
213,2
395,25
761,4
1534,29
7,1
47,2
117,7
214,4
462,27
860,21
1768,17
73,34
130,1
261,25
473,37
955,34
1903,12
88,13
168,47
336,38
621,36
1251,42
48,26
69,44
123,6
289,4
614,35
1243,47
32,31
54,27
133,19
255,13
512,8
1010,2
1971,1970
94,14
111,13
237,20
473,27
983,4
1913,26
95,36
127,26
297,18
613,44
1149,21
78,36
125,5
207,3
439,38
866,14
1742,20
9,8
70,13
147,29
313,20
631,23
1270,36
67,20
152,28
236,16
482,45
1034,10
1984,9
11,10
74,6
166,34
290,21
604,28
1213,28
65,19
71,2
214,24
425,6
853,12
1658,50
32,27
82,7
155,22
360,16
711,32
1398,19
33,12
35,11
169,6
282,45
536,36
1087,11
74,42
105,31
206,2
448,15
843,29
1700,45
62,50
105,33
255,16
473,42
906,23
1858,6
46,24
144,47
198,36
474,33
907,34
1803,15
79,16
110,42
200,30
453,12
846,7
1725,17
31,11
116,12
184,21
396,1
737,8
1548,11
35,34
119,11
162,13
344,8
696,47
1416,49
12,11
79,41
101,23
239,42
515,32
990,9
1937,45
101,42
141,13
289,12
593,4
1189,23
34,30
128,31
260,12
481,9
996,12
1986,1985
24,23
120,26
211,10
423,13
797,20
1652,40
10,9
30,24
106,43
186,39
356,13
788,13
1491,48
48,18
143,7
209,33
434,49
929,32
1780,22
48,28
122,23
232,22
440,28
918,3
1761,44
19,10
115,37
200,44
411,16
816,34
1598,5
55,23
119,37
208,20
437,16
908,47
1807,8
45,44
60,16
172,19
316,29
664,25
1260,50
39,38
122,39
171,3
417,47
850,33
1665,2
34,14
35,10
159,10
242,48
511,9
1029,30
88,33
105,26
273,28
551,7
1083,34
85,33
102,29
194,33
391,27
789,47
1618,43
58,20
117,50
193,22
399,38
807,20
1584,33
83,29
119,48
241,20
448,48
912,28
1880,34
87,49
89,27
180,7
357,16
814,25
1530,45
48,47
75,47
140,32
278,28
585,22
1165,38
19,18
35,21
90,39
161,28
317,5
715,19
1354,35
96,42
163,31
293,33
567,6
1197,17
93,12
186,4
313,7
607,32
1284,31
46,2
115,22
198,23
362,11
746,31
1522,44
98,8
125,33
272,43
496,44
997,36
1905,9
29,28
111,42
181,14
392,3
781,16
1592,26
7,3
97,46
174,26
289,2
650,45
1284,42
59,32
150,23
256,17
512,24
998,16
1929,16
83,38
116,22
207,42
456,30
887,36
1850,20
83,28
157,38
247,6
496,9
984,2
1988,1987
94,47
105,11
286,30
529,30
1111,22
1,0
31,30
126,27
215,9
432,27
809,15
1655,9
95,2
99,32
250,38
516,44
1025,22
1990,1989
17,16
35,13
120,16
270,48
451,8
976,6
1894,48
93,39
182,31
314,43
602,25
1218,39
86,4
185,12
368,12
681,4
1337,8
4,3
19,18
70,12
179,13
322,7
664,31
1298,32
90,41
94,48
257,46
512,20
1046,35
1902,31
86,26
146,14
292,36
571,39
1101,4
67,44
88,8
163,40
336,40
694,8
1406,16
59,34
134,19
249,18
524,15
989,47
1981,3
36,31
116,26
220,47
384,39
812,35
1624,15
52,2
84,25
173,42
366,40
712,34
1467,29
35,33
91,7
208,40
426,13
848,28
1643,37
69,4
134,40
236,30
445,41
984,35
1899,5
60,28
87,31
234,1
429,43
894,25
1733,40
89,34
158,14
329,26
596,36
1200,4
50,8
69,50
130,48
316,23
615,29
1275,28
85,24
145,33
235,20
541,15
1021,19
72,33
145,12
270,37
522,6
1082,33
63,39
69,35
184,23
346,22
681,9
1440,10
31,30
116,22
163,20
335,6
661,25
1393,31
41,14
64,6
130,5
282,4
540,2
1126,27
84,27
120,14
236,47
492,44
956,7
1956,10
14,13
72,37
168,43
354,36
690,10
1325,20
66,41
68,15
231,6
416,1
873,5
1755,38
53,27
76,39
187,20
348,2
671,5
1382,37
94,10
115,40
236,49
470,5
932,45
1882,14
87,1
123,8
297,47
546,3
1150,14
76,4
144,40
318,15
556,32
1141,37
55,44
150,14
228,43
510,23
965,22
1916,24
75,7
95,4
259,28
450,17
945,11
1835,22
51,34
134,18
232,21
432,20
909,24
1820,8
45,26
76,25
182,10
359,7
671,26
1366,41
91,39
186,47
296,48
595,18
1188,25
86,32
184,17
294,32
633,32
1213,16
16,1
29,28
90,25
145,12
318,27
626,23
1319,13
3,2
13,9
59,38
109,7
199,16
385,25
836,50
1673,17
79,34
106,33
282,26
472,25
959,2
1938,47
85,19
88,49
210,8
391,21
831,21
1690,10
33,6
89,35
170,36
368,45
693,46
1411,19
95,7
175,11
346,30
696,16
1365,35
53,19
110,20
196,29
413,38
838,43
1670,31
4,3
73,15
131,29
223,16
484,26
983,47
1912,33
8,7
17,9
33,6
88,5
169,6
323,21
653,41
1343,34
4,3
29,28
34,15
122,21
194,48
414,49
877,35
1746,28
9,8
44,42
103,8
206,23
377,50
784,34
1568,14
39,35
80,41
173,21
368,41
731,15
1409,15
64,11
85,7
155,7
401,39
778,27
1540,43
95,50
102,48
200,50
477,26
975,13
1895,6
74,25
170,10
343,13
615,13
1248,41
5,4
12,11
54,40
165,4
297,27
578,36
1159,38
99,7
161,44
320,3
607,7
1251,40
19,4
78,12
151,15
273,42
578,25
1173,33
28,1
83,44
200,49
394,14
751,49
1531,50
18,17
39,38
151,1
245,18
530,29
1027,15
23,22
61,14
104,29
271,15
485,40
954,4
1921,6
101,25
186,27
358,17
650,30
1345,17
52,31
146,10
296,38
557,11
1105,14
60,15
132,42
289,35
578,8
1157,44
31,1
118,47
206,39
392,5
750,24
1590,23
18,2
98,7
157,44
322,44
636,38
1243,43
66,29
107,28
259,43
501,33
951,41
1968,4
75,32
83,36
164,16
415,2
821,44
1576,11
13,9
100,1
123,49
238,33
529,48
1102,49
26,17
30,19
138,42
239,20
489,19
950,4
1902,14
47,18
100,45
206,18
429,22
826,9
1654,14
94,48
152,19
256,25
510,41
1058,7
52,28
66,38
193,35
374,46
686,18
1413,38
36,16
112,46
155,4
374,5
724,13
1475,10
100,40
144,3
284,45
554,20
1158,8
4,3
22,21
78,5
149,34
331,48
594,13
1226,33
99,39
103,13
268,4
492,8
980,44
1926,2
95,8
115,47
266,49
558,20
1066,41
97,18
162,31
359,45
661,50
1284,11
96,43
180,1
348,48
719,7
1355,3
76,26
77,50
209,28
445,43
870,45
1715,6
27,23
75,39
190,15
308,35
609,31
1296,49
45,14
133,17
254,39
439,37
966,2
1921,18
6,2
74,12
101,24
266,8
524,26
1068,27
38,24
54,25
131,5
230,36
525,22
1053,3
85,46
109,47
261,42
459,16
989,33
1971,1970
25,24
29,28
98,29
252,39
466,7
881,5
1770,2
92,22
184,19
328,18
684,10
1378,13
33,16
92,40
145,48
366,33
660,46
1377,16
94,39
144,37
277,45
607,35
1130,28
22,21
87,17
203,23
399,15
712,11
1443,44
52,42
71,48
125,16
332,35
673,44
1266,40
78,37
139,40
302,18
575,43
1163,39
89,48
109,46
227,31
452,5
948,49
1890,5
56,15
138,13
241,41
468,34
940,48
1904,24
86,23
141,24
240,15
473,26
954,22
1903,45
12,6
60,7
139,35
227,34
484,12
996,1
1956,23
87,31
108,36
289,48
532,49
1104,19
64,19
110,48
222,19
441,3
839,30
1728,30
37,25
43,14
119,20
201,19
456,26
924,5
1814,27
28,1
104,46
173,27
334,17
739,17
1431,15
1,0
40,17
108,1
162,39
390,12
760,2
1545,5
54,24
86,21
178,17
389,41
754,47
1496,44
86,25
117,33
284,25
581,45
1145,22
32,31
66,20
160,9
306,22
590,41
1204,18
89,2
135,14
236,9
531,15
1029,19
79,12
85,34
218,25
460,44
895,17
1777,17
84,9
124,12
296,38
541,48
1077,2
63,19
128,1
220,46
485,9
952,22
1941,14
2,1
61,2
67,30
200,18
333,27
727,3
1456,13
64,13
145,43
264,50
513,2
1015,33
69,24
102,14
249,45
502,30
978,1
1986,1985
51,3
131,44
281,12
464,9
946,10
1937,17
64,42
114,28
274,39
546,14
1067,28
46,45
122,40
215,22
458,10
922,7
1846,50
6,5
7,6
30,29
74,1
210,29
334,43
684,19
1370,42
2,1
8,7
16,2
88,32
158,33
315,37
624,35
1243,27
8,7
87,26
167,41
271,3
604,5
1228,2
83,32
176,48
316,4
636,15
1245,11
85,42
155,5
325,40
630,25
1208,20
17,16
49,17
130,37
207,14
447,44
944,36
1826,23
18,17
46,18
72,15
197,9
419,34
797,2
1569,13
9,8
18,17
84,14
146,2
342,47
625,24
1281,5
41,40
70,25
134,28
286,2
551,45
1110,47
24,23
88,40
117,20
296,9
542,18
1096,22
81,4
103,2
268,29
511,25
1040,33
68,36
160,39
281,50
562,1
1164,21
9,2
71,28
163,47
331,50
620,33
1231,1
3,2
64,37
167,34
240,42
509,19
1028,35
82,35
159,20
273,7
557,46
1159,22
18,7
56,37
108,36
222,44
462,1
890,32
1812,33
65,50
100,20
211,42
424,4
804,7
1632,12
73,32
147,30
284,27
586,45
1138,19
14,13
68,49
99,41
196,3
449,33
835,42
1751,42
49,33
91,36
165,8
373,23
760,20
1474,2
10,9
77,23
137,13
311,27
632,5
1199,10
9,8
36,34
72,22
215,36
430,8
766,50
1571,47
94,43
164,4
261,46
608,26
1188,27
11,10
111,22
167,41
290,46
678,11
1260,46
28,27
91,13
201,49
407,29
770,14
1561,7
65,48
135,45
260,44
528,38
1061,1
1,0
65,38
148,18
220,48
448,50
943,50
1829,1
73,20
77,7
155,17
396,32
768,44
1554,32
13,5
66,46
145,36
233,21
530,40
1056,17
45,38
88,33
204,17
431,48
848,2
1637,40
95,37
173,11
322,27
608,26
1252,38
41,37
121,30
190,40
431,22
874,34
1681,23
94,35
147,21
286,4
567,21
1123,35
26,20
62,44
115,16
219,5
507,47
947,44
1922,50
8,7
11,10
112,27
186,30
382,41
756,38
1473,12
25,1
88,45
200,45
396,2
716,23
1509,13
23,5
48,35
90,39
220,38
383,15
810,17
1583,2
100,40
134,26
280,27
529,10
1070,43
70,44
126,19
216,8
484,38
971,17
1922,14
25,24
63,19
116,33
240,3
446,41
970,38
1921,44
95,1
186,27
328,34
651,16
1274,37
41,27
114,12
225,48
410,4
809,5
1626,7
45,3
112,22
214,9
430,16
882,29
1763,44
18,17
64,24
125,1
222,43
506,29
959,9
1902,16
87,26
176,46
328,7
678,46
1307,50
4,3
39,38
132,4
216,27
446,35
913,5
1800,48
13,12
64,6
142,40
228,20
519,40
996,23
1916,31
74,45
105,45
228,31
419,5
910,21
1767,26
38,30
130,50
171,16
362,43
728,16
1476,29
91,20
93,37
248,49
440,38
920,48
1814,29
40,39
108,6
245,26
452,34
910,22
1848,34
91,5
117,50
235,27
541,9
999,44
1992,1991
1,0
28,7
34,33
127,50
244,12
515,45
1008,19
1934,50
3,2
88,45
153,36
340,23
631,44
1288,20
46,19
101,23
223,2
421,47
808,30
1624,8
45,4
125,25
270,6
540,39
1017,47
1962,24
67,40
104,1
212,11
459,45
914,33
1845,48
95,7
154,15
324,39
588,13
1262,10
94,6
152,39
321,25
570,48
1196,21
63,3
146,7
240,26
469,43
921,30
1939,30
70,17
118,7
211,50
470,37
968,17
1929,23
30,29
55,42
179,31
347,21
622,28
1320,38
74,16
99,42
219,2
421,1
900,46
1750,28
9,8
104,34
115,25
276,27
515,42
1033,11
22,21
70,46
162,28
279,30
588,40
1131,11
21,20
74,33
134,9
317,32
561,13
1150,13
9,5
10,9
43,33
157,45
313,12
534,35
1120,38
52,35
111,26
202,41
397,47
857,27
1646,14
5,4
28,27
129,36
234,40
436,43
905,24
1746,31
13,12
77,29
151,35
276,47
587,2
1157,49
47,25
49,22
170,22
287,30
615,27
1220,20
29,3
114,32
152,26
365,32
758,25
1490,10
50,22
126,2
196,34
421,17
850,32
1660,48
82,11
151,39
311,31
635,39
1259,42
25,24
125,42
246,41
416,25
837,20
1666,18
96,28
194,8
351,18
666,22
1317,44
20,19
71,47
170,46
354,25
619,35
1287,32
22,21
109,13
223,35
443,9
818,34
1624,44
45,37
78,47
144,36
325,13
671,10
1319,24
14,13
69,18
104,17
255,4
491,28
1027,33
1944,10
98,45
106,48
293,2
576,8
1080,7
57,9
149,38
289,46
593,10
1151,10
66,12
90,2
182,19
416,23
817,28
1575,34
46,4
79,13
153,3
310,42
642,31
1248,5
101,2
153,50
318,31
616,7
1210,29
47,44
76,41
186,21
317,47
705,39
1342,35
77,49
85,43
185,45
401,31
800,3
1561,27
77,41
117,40
250,9
516,19
978,8
1952,23
90,45
149,42
251,6
513,50
1084,35
57,33
140,17
286,49
500,17
1044,42
74,21
143,31
262,12
574,12
1085,18
26,25
104,2
229,14
387,13
756,7
1525,14
86,8
111,38
298,7
546,15
1075,38
14,5
44,8
72,36
213,14
432,31
860,8
1660,32
33,32
124,4
246,25
440,42
862,20
1806,19
99,2
187,44
306,40
614,8
1249,44
8,4
25,24
108,12
241,5
446,19
873,17
1743,12
73,9
152,15
288,49
583,46
1117,48
3,2
49,46
153,20
217,28
466,28
909,46
1864,6
83,35
124,41
285,37
528,15
1064,26
14,13
70,9
114,26
257,23
550,32
1064,19
86,20
136,25
312,26
579,36
1156,6
71,45
166,19
325,41
567,14
1230,16
95,19
193,21
306,1
648,24
1309,26
26,25
59,46
184,16
365,22
635,22
1334,39
77,23
152,5
278,6
569,20
1138,19
24,23
32,31
86,30
231,30
411,8
811,4
1678,31
13,12
73,24
167,17
254,19
596,45
1159,39
87,21
102,18
215,13
504,12
962,39
1912,4
81,23
145,45
315,21
640,28
1267,45
48,43
121,8
183,46
380,16
802,41
1620,31
45,11
49,47
101,12
199,39
411,37
893,3
1760,21
81,7
106,10
242,23
449,18
926,38
1883,10
44,10
65,16
193,14
402,9
728,46
1440,20
21,20
27,26
117,22
235,50
429,21
851,5
1739,43
87,22
170,49
279,19
601,10
1145,15
86,8
174,38
322,33
620,23
1301,13
34,3
47,36
138,41
269,31
582,1
1093,38
34,33
84,49
127,12
344,31
611,17
1231,29
11,10
68,3
153,25
327,33
588,15
1196,29
90,1
162,36
288,46
639,30
1183,30
82,18
146,1
293,38
584,7
1194,1
12,11
104,48
150,14
318,47
604,48
1193,7
17,11
72,27
126,25
259,20
530,3
1042,38
23,15
54,29
115,47
228,10
473,3
994,42
1900,43
76,20
171,30
324,15
659,40
1254,8
1,0
27,7
35,34
144,48
245,34
479,32
943,26
1962,34
90,49
167,34
290,27
603,49
1189,33
72,17
86,47
175,13
372,41
762,26
1475,12
9,8
53,15
162,50
244,4
569,9
1073,7
87,18
158,28
291,32
543,27
1135,45
91,16
179,43
337,25
688,2
1313,43
60,35
152,21
223,35
477,43
970,22
1910,41
50,12
118,13
189,41
425,3
831,18
1617,50
26,14
83,23
124,7
280,21
550,33
1135,20
72,28
135,34
212,17
461,6
920,15
1879,27
47,40
62,22
196,37
399,36
727,21
1473,25
96,34
112,33
241,41
541,23
1044,50
57,27
99,29
250,23
460,11
926,43
1848,32
93,20
133,12
278,50
524,19
1067,50
32,31
48,1
113,31
261,39
480,27
948,28
1973,12
10,9
55,39
93,12
159,12
377,4
754,41
1507,20
71,34
72,22
218,17
440,33
818,22
1713,30
49,30
92,49
156,22
339,29
644,24
1326,28
83,3
90,39
233,50
419,1
861,9
1688,35
98,7
183,19
367,46
714,23
1369,27
40,19
75,21
141,11
282,10
547,19
1091,20
90,46
151,43
281,43
571,45
1187,2
93,12
160,21
290,22
621,12
1195,46
41,28
102,4
206,33
406,25
783,2
1545,2
44,41
92,12
191,37
372,38
782,34
1580,29
72,11
77,33
226,18
432,18
891,3
1741,31
12,2
56,31
104,4
191,43
387,48
792,37
1606,29
58,39
155,12
258,3
524,3
1031,48
52,10
152,15
281,16
578,16
1116,37
65,36
68,18
160,22
303,20
653,41
1344,11
48,23
111,36
160,1
415,31
758,36
1546,2
78,29
144,28
257,31
508,19
1012,8
1920,19
7,6
85,12
188,35
363,42
714,47
1454,50
78,22
162,24
265,40
541,9
1085,22
49,11
103,26
205,12
390,47
847,44
1596,48
45,33
140,37
282,32
494,32
1013,41
1961,7
19,12
57,36
132,4
225,23
533,43
1035,34
89,22
173,3
305,34
653,7
1310,41
7,6
15,1
77,21
108,24
266,47
495,25
985,14
1921,50
10,2
73,32
174,44
313,20
607,14
1218,30
90,18
144,23
239,18
514,42
1033,46
1,0
40,35
110,49
215,32
372,10
802,22
1567,16
54,37
104,23
242,25
441,5
905,49
1821,31
79,26
155,2
316,11
647,45
1298,38
90,29
135,49
240,9
473,35
955,6
1988,1987
82,24
176,9
310,25
630,49
1229,39
65,38
153,17
245,25
481,9
1020,30
1932,11
24,23
68,25
115,27
268,44
525,38
1057,2
50,39
88,17
233,19
423,18
865,29
1755,33
52,40
53,11
151,7
306,42
564,22
1143,29
22,21
81,11
107,28
306,3
590,16
1145,11
39,38
100,37
203,35
392,30
799,20
1573,36
88,8
96,43
242,16
480,13
999,35
1966,2
15,8
64,46
158,14
252,38
521,50
1064,18
24,23
67,8
134,5
278,39
595,43
1099,44
14,13
76,37
124,4
291,27
531,38
1060,45
98,32
137,34
324,50
578,40
1189,38
61,46
103,34
218,5
431,33
839,23
1679,31
66,7
91,13
163,44
420,44
743,20
1507,42
101,11
104,34
275,27
482,46
984,31
1962,28
18,5
61,42
175,34
274,18
608,14
1190,32
15,14
52,40
130,29
212,37
502,23
1011,39
1948,29
20,19
58,6
114,1
288,3
540,28
1065,38
56,7
140,31
208,4
462,38
959,21
1883,19
2,1
52,44
143,31
286,36
584,37
1163,34
51,12
86,9
151,26
305,7
596,13
1246,7
87,26
172,5
330,3
595,34
1214,37
23,17
92,36
215,33
332,18
710,44
1379,23
57,22
121,40
253,45
463,31
926,37
1850,19
87,13
158,23
258,33
507,1
1047,19
3,2
62,16
116,13
259,48
523,5
1030,7
1953,1
49,34
70,1
189,21
407,17
743,28
1542,41
13,12
78,17
98,14
282,49
506,45
986,50
1985,1984
71,26
141,8
236,10
454,26
950,10
1857,40
4,3
28,27
41,40
118,6
232,8
496,45
955,16
1895,22
25,2
51,19
156,12
256,3
548,12
1057,25
8,7
12,11
72,15
127,11
313,15
559,28
1179,32
79,15
118,10
212,31
426,15
919,4
1805,38
101,42
162,21
291,16
626,47
1247,30
10,9
77,23
119,18
293,41
533,14
1047,45
98,2
172,47
334,22
637,5
1272,2
6,5
82,24
175,39
352,18
635,24
1287,4
95,12
100,15
205,47
433,33
893,30
1809,8
75,48
111,11
198,6
471,35
955,24
1896,11
88,10
158,5
335,23
617,40
1208,34
10,9
81,49
140,3
247,16
484,21
1036,40
1915,46
72,49
135,6
306,5
551,40
1116,5
21,20
35,34
106,11
171,21
417,16
780,25
1565,43
74,39
120,17
200,23
411,46
857,9
1715,35
44,39
102,27
232,16
474,36
875,43
1805,48
73,40
123,22
243,6
505,28
983,15
1963,29
72,40
170,36
330,42
638,16
1212,24
29,28
100,4
197,5
363,19
786,33
1508,46
25,15
98,6
185,4
397,44
719,8
1480,8
48,14
87,10
181,2
351,4
701,2
1445,48
58,7
115,18
215,22
426,13
850,21
1676,3
77,40
98,1
202,29
437,13
847,39
1735,40
86,1
108,25
197,42
462,18
859,25
1724,13
81,35
106,6
229,35
451,16
943,21
1864,43
83,1
161,35
331,16
632,11
1238,50
96,39
148,10
276,14
597,34
1126,44
93,25
191,47
343,47
691,29
1342,8
24,15
89,49
145,31
270,25
568,1
1192,50
96,50
171,48
358,28
658,1
1325,31
71,41
151,45
262,45
496,2
983,16
1965,14
54,9
138,3
274,11
544,6
1040,39
29,28
44,38
123,19
268,48
514,38
998,25
1910,46
28,27
52,39
82,22
254,13
488,3
949,43
1871,32
30,29
111,44
220,26
454,35
827,46
1672,28
93,7
143,16
313,45
645,26
1247,3
97,44
162,26
357,24
663,19
1316,23
20,15
49,3
156,33
310,19
617,30
1212,12
46,1
131,13
209,1
426,45
911,14
1759,49
58,42
117,29
272,33
465,49
946,11
1918,16
17,16
44,43
120,43
263,5
523,46
1023,41
1911,41
76,48
151,34
228,5
476,47
939,13
1884,2
58,42
77,32
207,20
430,26
817,23
1661,49
82,8
146,14
307,26
537,3
1159,30
29,28
117,41
246,45
426,39
907,21
1777,1
16,2
60,24
119,35
234,43
431,19
935,46
1892,10
36,12
113,44
227,15
472,39
905,21
1838,22
27,26
119,17
188,16
377,22
805,27
1549,8
55,22
128,10
207,48
468,38
913,40
1850,33
56,14
85,24
224,33
460,23
866,32
1755,2
93,45
103,1
200,30
468,13
932,32
1816,9
70,34
125,31
267,15
529,12
1000,38
1986,1985
95,16
156,28
266,35
601,20
1219,48
42,28
43,21
154,37
307,4
581,7
1213,24
15,14
80,43
128,38
241,37
557,21
1048,7
93,20
151,13
335,33
678,31
1319,19
77,18
95,36
260,48
481,19
1005,36
1927,39
40,30
82,31
132,8
328,12
653,11
1324,36
43,42
46,20
112,29
252,23
494,15
1031,29
1932,48
96,14
186,27
296,34
621,13
1295,15
11,10
55,15
129,50
233,44
510,47
1018,13
1969,1968
61,36
110,40
225,42
487,24
975,43
1883,36
21,20
32,31
63,22
137,2
316,20
656,31
1244,30
8,7
18,17
28,27
129,17
189,47
410,26
822,24
1651,20
10,3
26,25
115,13
223,10
445,28
904,42
1735,49
35,11
72,10
155,34
265,33
566,48
1148,50
83,42
134,15
244,31
517,10
1046,3
83,26
107,12
197,15
470,45
895,20
1754,47
12,11
45,38
143,5
202,13
485,40
942,27
1888,13
17,10
68,20
130,46
274,43
585,30
1130,16
27,16
112,19
166,10
355,8
740,9
1485,40
95,17
191,50
327,2
632,35
1283,45
46,11
145,32
258,31
494,12
1022,21
1905,46
19,18
43,31
72,21
141,35
293,39
658,43
1269,18
99,31
194,23
301,14
632,9
1274,44
94,41
109,16
266,12
518,40
1036,31
1,0
19,1
111,44
169,48
318,42
692,26
1365,1
11,10
51,49
141,33
262,1
542,15
1054,19
1,0
12,11
91,31
146,43
347,22
622,14
1241,30
73,14
158,34
275,30
577,26
1175,13
16,15
109,38
174,39
372,16
682,32
1385,9
45,4
146,38
233,17
433,37
873,50
1790,9
19,18
73,15
174,10
295,1
627,16
1212,47
96,30
185,37
314,19
660,33
1336,17
64,20
69,3
184,9
365,24
715,29
1467,36
15,14
52,49
72,44
183,49
366,21
706,47
1464,17
27,26
55,24
161,30
282,33
617,31
1200,7
31,30
89,23
145,17
324,35
593,8
1191,11
14,13
27,26
74,12
137,1
302,17
652,1
1263,40
88,2
178,17
318,47
607,12
1291,49
69,27
74,32
168,25
326,48
654,18
1310,29
66,49
145,20
275,35
576,13
1074,2
35,1
98,15
205,43
430,45
810,8
1597,18
94,19
105,43
228,19
527,22
1026,39
1900,24
91,8
179,37
366,10
641,40
1295,8
13,12
73,14
128,39
276,11
567,28
1134,2
99,8
134,2
298,25
540,17
1166,4
69,20
170,2
257,31
533,13
1120,5
91,4
184,43
308,20
680,42
1276,43
16,15
41,19
121,3
239,16
456,22
935,6
1840,38
23,22
98,15
138,11
270,19
587,27
1185,43
43,42
68,43
175,41
332,48
649,30
1314,39
30,29
70,22
195,15
363,23
660,18
1322,17
10,9
21,20
130,44
189,2
378,46
780,26
1598,32
57,26
79,16
190,45
384,37
711,26
1467,3
85,14
87,38
231,27
434,18
862,2
1707,36
53,20
80,20
173,46
346,24
679,40
1388,7
88,22
109,36
270,35
515,34
994,38
1942,46
2,1
6,5
106,46
148,24
306,45
630,26
1236,20
22,11
111,30
212,3
421,6
811,8
1593,49
38,28
132,40
181,27
437,32
882,26
1728,37
15,12
19,18
91,40
130,6
289,9
627,30
1192,5
51,24
144,2
282,7
553,15
1040,47
3,2
41,40
71,30
127,21
321,43
598,7
1164,29
10,9
41,17
76,14
185,9
359,1
772,15
1458,35
49,28
55,24
114,39
235,10
470,2
935,38
1924,49
18,17
45,4
147,24
216,36
452,46
973,12
1863,27
60,42
106,50
209,44
431,20
828,20
1640,45
11,10
45,16
140,28
235,10
469,43
928,46
1857,50
23,12
81,16
109,20
214,12
430,42
937,2
1875,50
71,11
170,9
260,36
594,25
1141,38
16,15
78,19
162,22
304,27
568,12
1168,23
22,11
105,36
193,31
359,9
690,31
1419,9
28,17
104,6
134,8
280,16
561,21
1149,1
39,32
93,45
178,13
389,32
713,23
1492,44
73,21
123,12
203,18
492,44
924,4
1900,41
51,42
65,25
129,48
294,16
571,39
1201,27
7,6
89,28
145,20
323,32
665,4
1238,36
62,48
117,17
222,24
431,6
889,35
1737,32
65,8
69,15
138,35
362,35
709,13
1345,42
97,16
114,25
218,32
478,25
937,7
1851,7
91,47
191,34
293,15
636,8
1312,1
94,3
110,27
208,36
476,15
900,41
1807,41
96,38
164,34
269,19
607,12
1221,4
79,31
138,45
300,20
523,32
1089,10
29,23
110,16
217,21
396,28
809,7
1644,13
96,17
152,12
319,48
624,2
1210,43
48,30
133,34
189,26
451,25
850,40
1695,19
33,32
50,2
104,2
280,36
521,37
1075,40
92,14
104,37
280,20
532,36
1056,16
17,16
103,9
136,42
269,44
602,36
1137,49
91,5
116,33
236,3
464,32
995,45
1998,1997
81,22
175,42
350,18
638,25
1287,42
94,21
165,15
350,39
654,28
1363,38
75,46
138,13
218,10
510,43
998,28
1984,6
81,34
93,33
250,37
512,35
989,4
1986,1985
78,31
123,9
230,7
491,21
941,41
1938,46
50,3
98,43
203,12
451,33
827,32
1634,14
62,45
162,18
300,24
593,41
1198,2
46,38
62,34
179,30
356,49
705,47
1380,19
82,11
146,26
280,46
603,49
1147,18
63,34
118,22
282,27
474,38
960,33
1905,7
92,29
140,16
307,45
586,22
1221,5
36,30
42,39
126,9
229,3
502,36
968,19
1973,9
43,35
142,23
225,41
488,13
984,7
1896,29
3,2
72,50
150,22
277,42
503,3
1032,22
41,40
128,21
207,50
439,37
842,18
1739,47
34,33
42,21
130,39
245,20
470,8
923,49
1899,17
15,14
31,19
129,2
228,42
453,6
863,19
1808,49
73,31
115,2
263,13
482,12
1024,2
1995,1994
6,4
99,32
110,18
233,48
525,50
1013,31
1980,1979
2,1
43,2
126,45
183,41
373,12
736,10
1465,14
27,20
53,24
112,1
197,30
410,33
890,28
1728,33
72,22
163,46
334,20
624,26
1266,20
16,15
66,17
131,25
276,38
558,22
1127,36
6,5
85,34
134,5
289,8
544,46
1151,3
10,9
64,1
129,6
225,20
502,19
957,17
1963,22
1,0
88,44
173,11
360,38
682,13
1349,2
44,12
84,46
214,43
424,48
792,25
1560,28
51,33
80,6
201,49
403,38
796,15
1612,14
51,43
140,24
198,40
478,23
935,37
1872,42
16,4
82,31
193,41
299,45
686,36
1363,9
2,1
31,2
50,32
165,28
258,6
535,11
1140,13
16,12
90,17
128,31
265,41
586,39
1169,8
79,44
150,44
263,33
557,4
1126,18
39,38
68,32
200,44
327,15
728,14
1429,50
71,49
146,13
245,8
544,35
1086,32
14,1
58,11
93,17
242,16
492,41
989,46
1917,23
69,18
141,26
288,42
523,5
1113,12
97,44
166,38
281,21
554,18
1118,24
86,23
125,38
305,45
591,36
1153,15
34,33
109,11
153,47
343,27
740,17
1447,42
92,16
156,21
298,31
579,11
1225,9
74,16
114,40
243,21
517,38
967,11
1939,31
66,32
74,36
186,26
404,30
810,40
1590,39
100,40
161,19
358,2
631,41
1272,13
1,0
76,49
118,35
244,16
506,44
998,23
1999,1998
18,10
42,3
102,25
190,44
395,15
834,22
1674,3
79,49
178,49
301,2
651,41
1282,22
58,42
79,17
216,30
354,13
766,40
1547,37
60,30
157,11
294,48
551,49
1149,35
46,45
78,5
148,28
295,23
603,27
1235,1
1,0
24,18
121,23
196,49
344,26
724,41
1454,46
90,9
92,49
283,2
545,25
1061,7
81,29
142,14
243,38
565,37
1124,39
88,36
145,48
236,6
530,39
1010,43
79,14
138,48
295,32
513,41
1087,25
24,21
51,27
159,31
293,25
611,49
1191,3
24,23
119,3
228,23
381,3
826,47
1662,35
96,23
97,41
251,30
496,40
1023,36
2000,1999
89,23
182,47
372,50
665,32
1317,50
56,20
119,48
202,49
387,14
845,50
1657,46
4,3
96,20
126,29
246,43
563,18
1094,50
65,13
81,9
150,15
314,27
637,50
1258,27
81,20
133,44
309,22
585,18
1131,21
35,27
69,43
128,29
252,40
535,11
1077,42
74,4
93,2
225,32
436,39
881,42
1773,36
57,7
98,5
230,40
386,4
819,7
1591,34
68,27
158,8
244,47
508,43
991,25
1942,9
41,28
142,5
264,6
542,47
1062,40
63,13
159,15
274,3
506,3
1102,43
26,25
95,47
139,36
343,25
687,3
1388,45
41,29
51,32
144,40
250,22
541,20
1052,15
55,33
106,22
192,24
405,8
832,25
1675,35
2,1
102,3
187,31
316,18
698,46
1335,11
40,35
132,8
193,9
374,16
774,12
1607,25
19,18
30,8
121,7
227,4
450,22
870,29
1772,25
20,2
113,5
175,42
312,3
721,14
1345,37
26,11
120,1
217,40
368,23
776,27
1567,41
53,33
141,17
249,3
532,46
1075,39
44,36
89,20
149,50
352,43
698,40
1363,44
25,2
37,13
128,4
203,33
401,46
795,24
1670,16
57,45
109,39
189,6
429,15
810,1
1606,33
58,24
131,8
239,14
483,2
946,47
1912,38
70,39
135,42
298,23
549,8
1149,47
77,27
141,13
286,4
588,47
1161,24
40,39
106,50
226,13
384,8
813,25
1597,21
37,36
132,48
170,1
346,38
769,9
1534,19
22,21
77,17
128,39
327,49
652,46
1232,32
10,9
85,5
181,2
315,32
649,24
1291,25
1,0
7,6
88,12
175,18
299,5
591,24
1215,27
98,13
100,15
212,25
454,38
876,19
1833,16
78,17
175,10
264,48
555,20
1156,32
90,45
191,14
308,13
631,36
1264,19
75,16
86,27
236,38
469,16
894,35
1795,3
33,32
95,28
178,6
311,7
712,2
1330,10
70,8
151,50
289,32
541,11
1107,41
60,23
65,11
138,43
272,34
604,45
1190,6
16,7
105,20
203,27
331,37
736,8
1482,26
39,19
64,35
167,17
292,44
587,16
1180,17
99,20
152,12
348,45
655,17
1314,1
86,37
177,1
341,46
649,5
1339,26
90,31
127,46
318,43
583,2
1183,17
54,50
128,27
269,12
552,44
1061,30
24,23
32,31
120,38
192,47
464,18
892,2
1791,41
81,7
139,5
265,23
512,38
1053,48
36,29
102,24
194,11
407,23
765,4
1563,17
37,31
132,28
183,4
370,15
814,43
1548,24
43,42
117,14
222,14
429,50
903,13
1722,29
92,10
134,21
315,7
632,47
1200,49
31,13
49,27
164,27
339,46
675,22
1359,1
14,13
90,36
120,12
316,28
582,47
1207,38
39,35
65,36
181,25
309,44
644,5
1317,48
12,11
45,44
119,23
261,23
442,39
973,44
1891,16
35,34
79,42
199,16
400,14
749,38
1492,3
88,21
124,32
298,29
579,3
1162,15
32,25
84,14
216,46
384,29
757,49
1537,16
31,30
99,38
142,48
299,23
639,26
1224,27
76,2
167,42
254,8
527,50
1112,16
101,46
118,48
269,41
565,15
1124,19
11,4
75,40
145,47
248,47
519,19
1028,46
94,47
151,30
325,3
575,24
1237,26
28,27
112,36
155,19
328,29
656,13
1300,23
89,5
132,3
307,45
617,5
1241,5
76,3
166,4
343,28
627,4
1244,50
14,13
94,49
120,32
280,43
587,5
1112,9
39,24
54,29
117,12
229,10
452,28
932,50
1827,29
5,4
76,13
156,25
281,8
594,19
1149,21
10,9
107,6
149,22
292,43
589,24
1237,18
24,6
39,4
128,48
229,40
514,43
1009,49
1990,1989
42,41
89,27
147,15
371,49
653,25
1342,8
34,33
62,20
140,7
283,4
578,11
1160,38
99,37
155,17
286,10
608,21
1230,48
35,34
136,8
195,29
421,46
856,3
1741,23
38,37
84,39
123,45
342,33
624,50
1217,37
65,12
110,42
192,7
382,29
808,43
1654,32
3,2
73,25
155,8
302,18
574,6
1175,41
31,30
47,14
81,27
244,30
422,28
882,22
1742,4
57,37
121,11
236,17
480,28
957,32
1864,27
91,1
115,27
237,19
444,5
964,13
1859,15
8,7
80,25
139,9
328,32
620,32
1234,19
86,19
89,5
177,38
406,30
859,21
1698,36
14,13
96,44
204,34
361,46
715,8
1443,2
9,8
85,11
124,26
222,12
464,29
966,41
1969,31
37,36
69,19
157,15
276,15
540,30
1175,39
55,16
97,31
166,37
412,43
776,49
1544,44
20,17
79,49
113,17
257,25
512,12
1069,6
100,9
121,44
255,22
509,35
1061,42
71,3
101,5
204,16
421,49
853,50
1704,49
40,10
126,40
257,6
450,3
967,43
1892,1
76,48
87,21
226,14
397,9
882,13
1753,43
50,16
130,12
263,11
538,4
1012,10
1969,11
24,23
100,9
140,37
299,39
608,23
1216,21
71,7
75,22
213,29
362,43
810,5
1548,32
73,8
173,44
314,46
645,5
1225,27
52,50
67,34
200,12
372,43
754,18
1470,29
69,36
133,37
246,16
469,43
982,44
1972,23
12,7
72,41
119,3
303,36
535,31
1125,21
21,11
43,17
95,43
240,28
443,24
850,9
1710,21
95,27
136,33
244,36
574,6
1094,29
49,20
56,7
138,49
306,27
593,40
1179,28
68,24
160,47
232,36
507,32
974,24
1969,1968
25,4
44,5
153,33
236,16
478,13
1032,46
1971,4
58,42
81,33
237,48
392,46
823,22
1686,20
58,6
103,27
242,32
446,33
888,5
1779,14
38,21
107,25
218,3
371,34
777,48
1544,22
55,27
61,6
179,28
332,49
640,20
1293,40
60,50
131,6
251,30
470,21
971,28
1894,27
74,24
106,14
215,6
444,21
935,36
1860,24
10,9
70,48
116,10
271,15
509,41
1036,21
32,31
120,34
169,38
355,6
775,20
1460,37
28,27
34,33
90,30
226,35
386,24
838,10
1678,4
88,8
155,10
308,41
567,33
1199,31
30,12
50,13
147,31
277,4
522,38
1105,22
18,9
95,2
160,9
312,11
684,36
1336,19
66,43
69,27
150,35
337,23
689,36
1333,38
31,6
46,45
90,9
232,26
481,15
890,27
1815,20
4,3
45,29
56,14
135,5
270,17
520,42
1110,22
13,1
43,27
81,15
201,42
350,44
765,7
1465,12
19,1
57,43
109,33
250,40
517,29
1036,45
1958,39
16,15
104,3
206,1
343,40
730,4
1441,32
88,23
131,13
315,34
541,9
1129,27
89,12
170,34
266,33
612,34
1181,15
34,17
135,25
261,44
444,36
955,44
1862,16
67,48
74,43
185,13
388,33
718,1
1456,27
18,4
99,35
209,5
401,38
764,28
1575,34
4,3
12,1
93,15
131,14
325,1
586,35
1226,40
89,47
141,34
271,32
536,10
1121,29
52,34
63,17
208,36
370,39
719,22
1501,32
40,13
129,18
256,1
434,2
864,48
1816,1
71,39
156,2
295,13
612,49
1214,26
53,3
123,23
210,27
440,4
849,1
1711,38
66,16
156,13
299,35
567,43
1135,27
11,10
111,35
199,21
378,26
738,6
1471,18
60,19
114,6
244,4
443,25
920,7
1875,2
64,21
144,26
238,50
491,20
1029,45
1987,1986
18,9
118,12
219,1
449,31
822,41
1686,20
79,1
163,38
274,28
581,13
1130,15
90,28
168,36
313,29
595,27
1191,49
56,32
60,39
135,24
288,4
582,29
1155,46
22,21
53,33
105,22
218,26
439,41
887,33
1742,43
85,46
113,10
207,24
488,24
919,2
1898,14
19,16
73,29
178,3
353,16
643,2
1303,12
73,5
130,34
300,10
531,18
1097,24
1,0
13,12
107,35
182,46
353,31
691,43
1442,8
66,5
78,35
180,26
325,49
732,41
1421,15
92,46
174,4
360,5
639,15
1304,35
44,17
82,9
184,49
347,14
659,19
1347,18
9,8
33,3
87,25
213,21
382,34
750,46
1541,49
39,38
111,10
242,35
466,26
895,50
1843,13
77,5
155,24
291,25
604,1
1208,31
55,4
138,30
212,24
426,5
894,10
1757,27
98,17
181,11
292,4
616,2
1236,50
55,27
68,11
202,44
356,41
682,49
1380,7
24,19
69,20
126,29
277,19
552,13
1102,47
39,8
95,34
226,21
455,8
866,24
1691,28
14,11
16,10
100,4
182,24
370,38
700,3
1466,3
62,28
99,44
254,48
457,29
971,49
1879,43
98,7
187,19
366,31
748,27
1409,47
20,19
48,43
126,12
245,19
441,7
959,19
1896,23
90,24
182,46
323,37
674,1
1282,37
28,27
29,15
60,36
155,31
291,44
640,7
1255,35
11,10
29,18
52,31
115,23
216,41
476,25
948,19
1890,3
99,21
128,41
270,6
529,4
1076,1
30,17
112,50
236,47
470,36
893,30
1815,31
69,33
96,6
210,18
471,21
941,17
1815,16
95,39
166,23
350,28
659,25
1283,30
3,2
59,44
65,11
202,41
334,41
682,4
1392,17
86,17
137,14
305,37
543,19
1101,41
61,25
88,39
212,18
425,44
797,24
1635,50
98,7
110,43
280,16
587,20
1132,50
58,34
94,7
169,44
406,19
753,16
1543,33
38,11
94,33
170,20
325,18
699,21
1397,12
38,22
93,27
154,30
317,39
701,13
1353,28
63,34
134,6
252,7
500,37
992,5
1977,1976
8,7
54,8
84,24
206,24
422,2
872,35
1674,13
64,10
155,25
266,19
576,34
1079,36
71,4
113,35
216,18
453,11
901,35
1788,41
45,13
88,50
204,1
417,32
777,49
1609,47
21,7
69,50
135,30
247,47
563,25
1096,42
99,23
194,19
373,16
679,37
1399,21
73,32
97,11
179,13
421,15
855,20
1640,48
86,31
179,27
317,16
597,35
1278,6
62,37
65,20
220,6
398,38
749,30
1521,32
95,37
157,45
281,35
624,50
1250,14
80,7
100,22
202,45
413,7
828,20
1719,43
26,11
81,19
124,20
311,41
605,11
1199,24
15,13
42,41
119,6
226,40
434,27
935,23
1857,8
59,3
145,43
272,41
477,18
1036,4
1987,1986
8,7
10,9
87,24
191,4
317,41
647,25
1300,8
15,14
18,17
123,30
219,29
407,37
880,12
1719,24
19,18
63,21
173,45
324,31
649,49
1269,6
52,11
146,4
265,36
477,18
944,3
1936,37
5,4
24,22
50,25
150,1
288,18
596,20
1120,27
2,1
94,33
162,49
309,17
613,9
1219,4
46,45
129,10
241,50
470,23
957,18
1887,29
71,21
109,7
248,49
434,22
940,10
1829,37
91,36
94,26
248,50
500,30
978,13
1923,5
10,9
79,30
119,29
242,48
496,4
983,21
1996,1995
5,4
10,9
50,28
152,1
272,28
577,33
1134,7
18,17
20,5
70,47
180,47
326,27
640,41
1276,30
26,17
91,44
210,32
374,12
776,36
1519,44
43,42
137,36
214,10
470,14
903,36
1789,50
62,6
102,12
220,19
419,12
889,48
1758,1
78,41
169,30
337,12
649,13
1289,19
61,3
132,14
255,29
512,47
994,37
1974,2
54,29
95,20
207,24
383,50
808,41
1597,42
11,10
66,34
78,37
169,21
375,30
744,48
1502,40
39,10
135,50
182,24
407,2
779,18
1630,27
65,22
102,36
230,14
413,13
903,45
1748,2
83,12
141,47
315,23
599,26
1167,48
37,21
57,35
191,31
371,25
679,42
1396,30
32,4
132,49
232,9
454,26
896,40
1845,45
79,34
95,34
237,22
461,35
924,42
1877,14
11,10
99,21
116,22
315,9
597,23
1234,5
38,37
69,24
144,47
283,12
634,29
1207,48
81,38
132,27
255,37
512,48
1041,12
11,3
14,8
116,44
236,12
385,27
843,45
1705,36
53,32
135,21
284,19
505,19
984,17
1988,1987
74,28
147,41
279,2
577,9
1146,13
34,21
87,20
158,40
282,43
578,27
1175,35
41,40
114,47
252,50
441,39
883,50
1791,44
34,33
96,29
195,50
348,30
690,8
1431,48
62,19
94,2
227,8
438,16
877,24
1739,14
63,39
140,35
244,40
463,27
947,35
1915,4
71,35
138,11
306,27
567,4
1110,9
26,7
50,40
161,30
290,6
574,22
1157,44
73,2
170,13
248,9
584,14
1105,17
64,22
67,25
232,10
459,9
877,33
1795,36
37,29
60,12
189,40
372,14
719,31
1457,22
51,11
129,9
201,33
481,42
945,16
1880,7
76,46
78,34
172,6
342,8
676,22
1426,17
83,30
126,3
215,15
448,10
963,20
1926,36
11,4
74,1
164,25
340,37
659,26
1310,22
91,26
167,47
269,1
609,28
1191,18
59,30
75,21
179,29
332,43
660,46
1358,34
92,3
187,23
312,14
655,37
1262,11
89,1
101,48
273,35
544,47
1074,36
56,10
126,22
270,7
464,33
998,40
1937,22
71,22
130,5
207,45
448,10
930,22
1876,29
10,9
79,43
109,35
242,17
519,41
960,39
1929,18
12,6
112,17
161,42
338,8
641,42
1316,30
14,13
15,6
95,19
190,30
351,34
694,12
1450,8
55,15
118,1
268,4
516,7
991,1
1960,22
37,8
120,10
237,44
406,29
820,38
1622,35
84,26
126,47
294,5
559,39
1154,48
71,43
146,13
259,15
531,4
1024,50
12,11
42,41
106,37
176,42
338,43
712,37
1399,32
55,21
113,50
253,27
433,6
937,26
1799,37
46,24
111,3
171,38
329,8
709,16
1370,36
66,44
69,5
185,9
408,41
782,40
1537,34
3,2
26,8
122,26
239,23
483,15
941,50
1862,39
80,24
140,3
285,25
524,37
1107,14
88,43
101,7
193,23
392,32
0
0
0
0
0
0
0
0
0
0
0
0
0
0
1
1
1
1
1
1
1
1
1
1
1
1
1
1
1
1
1
1
1
2
2
2
2
2
2
2
2
2
2
2
2
2
2
3
3
3
3
3
3
3
3
3
4
4
4
5
5
5
6
6
6
6
6
6
6
6
6
6
6
7
7
7
7
7
7
7
8
8
8
8
8
8
8
8
8
8
8
9
9
9
9
9
9
9
10
10
10
10
10
10
10
10
10
11
11
11
11
11
11
11
11
11
11
12
12
12
12
12
13
13
13
13
13
14
14
14
14
14
14
14
15
15
15
15
15
15
15
16
16
16
16
16
16
17
17
17
17
17
17
17
17
17
17
18
18
18
18
18
18
18
19
19
19
19
19
19
19
20
20
20
20
20
20
20
21
21
21
21
21
21
21
22
22
22
22
22
22
22
23
23
24
24
24
25
25
25
25
25
25
25
26
26
26
26
26
26
26
27
27
27
27
27
27
27
28
28
28
28
28
28
28
28
29
29
29
30
30
30
30
30
30
30
31
31
31
31
31
31
31
32
32
32
32
32
33
33
33
33
33
33
33
33
33
33
33
33
34
34
34
34
34
34
34
35
35
35
35
35
35
35
35
35
35
35
35
36
36
36
36
36
36
37
37
37
37
37
37
38
38
38
39
39
39
40
40
40
40
40
40
41
41
41
41
41
41
41
42
42
42
42
42
42
42
42
42
42
42
43
43
43
43
43
43
43
43
43
43
43
44
44
44
44
44
44
44
44
44
44
44
45
45
45
45
45
45
45
46
46
46
46
46
46
47
47
47
47
47
47
47
47
47
47
48
48
48
48
48
48
48
48
49
49
49
49
50
50
50
50
50
50
51
51
51
51
51
51
51
51
51
51
51
51
52
52
52
52
52
52
53
53
53
53
53
53
53
54
54
54
54
54
54
54
54
55
55
55
55
55
55
55
55
55
56
56
56
56
56
56
56
57
57
57
57
57
57
57
57
57
58
58
58
58
58
58
58
58
58
58
58
59
59
59
60
60
60
61
61
61
61
61
61
62
62
62
62
62
62
62
63
63
63
63
63
63
63
63
63
63
64
64
64
64
64
64
64
64
65
65
65
65
65
65
66
66
66
66
66
66
66
67
67
67
67
67
67
67
67
67
67
68
68
68
68
68
68
68
68
68
68
68
68
68
68
69
69
69
69
69
69
69
69
69
69
69
69
69
70
70
70
70
70
70
70
70
70
71
71
71
71
72
72
72
72
72
72
72
72
72
72
73
73
73
73
73
73
73
73
74
74
74
74
74
74
74
74
74
74
74
74
74
75
75
75
75
75
75
75
75
75
75
75
75
75
76
76
76
76
76
76
77
77
77
77
77
77
77
77
77
77
77
77
77
77
77
77
78
78
78
78
78
78
78
78
78
78
78
79
79
79
79
79
79
79
79
79
80
80
80
80
80
80
81
81
81
81
81
81
81
81
81
81
81
82
82
82
82
82
82
82
82
82
82
82
82
82
83
83
83
83
83
83
83
83
83
83
83
83
83
84
84
84
84
84
84
84
84
84
84
84
84
84
84
84
84
84
85
85
85
85
85
85
85
85
85
85
86
86
86
86
86
86
86
86
87
87
87
87
87
87
88
88
88
88
88
88
88
89
89
89
89
89
89
89
89
89
90
90
90
90
90
91
91
91
91
92
92
92
92
92
92
92
92
92
93
93
93
93
93
93
93
93
93
93
93
93
93
93
93
94
94
94
94
94
94
94
94
94
94
94
95
95
95
95
95
95
95
95
95
95
95
95
95
95
95
96
96
96
96
96
96
96
96
97
97
97
97
97
97
98
98
98
98
98
98
98
99
99
99
99
99
99
99
99
99
99
99
99
99
100
100
100
100
100
100
100
100
100
100
101
101
101
101
101
101
101
101
101
101
101
101
102
102
102
102
102
103
103
103
103
103
103
103
104
104
104
104
104
104
104
104
104
104
104
104
104
104
104
104
105
105
105
105
105
105
105
105
105
105
106
106
106
106
106
106
106
106
106
106
106
106
107
107
107
107
107
107
108
108
108
108
108
108
108
108
108
109
109
109
109
109
109
109
109
110
110
110
110
110
110
110
110
111
111
111
111
111
111
111
111
111
112
112
112
112
112
112
112
112
113
113
113
113
113
113
113
113
113
113
113
114
114
114
114
114
115
115
115
115
115
115
115
115
116
116
116
116
116
116
116
116
116
117
117
117
118
118
118
118
118
119
119
119
119
119
119
120
120
120
120
120
120
120
120
121
121
121
121
121
121
121
121
121
122
122
122
123
123
123
123
124
124
124
124
124
124
124
124
124
124
124
125
125
125
125
125
125
125
126
126
126
126
126
126
126
126
127
127
127
127
127
128
128
128
128
128
128
128
128
128
128
129
129
129
129
129
129
129
129
129
129
129
129
129
130
130
130
130
130
130
130
131
131
131
131
131
132
133
133
133
133
133
134
134
134
134
134
135
135
135
136
136
136
136
136
136
136
136
136
136
136
136
136
136
136
137
137
137
137
137
137
137
138
138
138
138
139
139
139
139
139
139
139
140
140
140
141
141
141
142
142
143
143
143
143
143
143
143
143
144
144
144
144
144
145
145
145
145
145
145
146
146
146
146
146
146
146
147
147
147
147
147
147
148
148
148
149
149
149
149
149
149
150
150
150
150
150
150
150
150
150
150
150
151
151
151
151
151
151
151
151
151
152
152
152
152
152
152
152
153
153
153
153
154
154
154
154
154
154
154
155
155
155
155
155
155
155
155
156
156
156
156
156
156
157
157
157
157
158
158
158
158
159
159
159
159
159
160
160
160
160
160
160
160
160
160
160
161
161
161
161
161
161
161
161
162
162
162
162
162
163
163
163
163
163
163
163
164
164
164
164
165
165
165
166
166
166
167
167
167
167
167
167
168
168
168
169
169
169
169
169
170
170
170
170
170
171
171
171
171
172
172
172
172
173
173
173
173
173
173
174
174
174
174
174
174
175
175
175
175
175
175
176
176
176
176
176
176
176
176
177
177
177
177
177
178
178
179
179
179
179
179
179
180
180
180
181
181
181
181
182
182
182
182
182
182
182
183
183
183
183
183
184
184
184
184
184
184
184
185
185
185
185
185
185
186
186
186
186
186
186
186
186
187
187
187
187
187
187
187
188
188
188
188
188
188
188
189
189
189
190
190
190
190
190
190
191
191
191
191
191
192
193
193
193
193
193
193
193
194
194
194
195
195
195
196
196
196
196
196
196
196
197
197
198
198
198
199
199
199
200
200
200
200
201
201
201
201
201
201
202
202
202
202
203
203
203
203
204
204
204
204
204
204
205
205
205
206
206
206
206
206
207
207
208
208
208
209
209
209
209
210
210
210
211
211
211
212
212
212
212
212
212
213
213
213
213
214
214
214
215
215
215
215
215
215
215
215
215
215
216
216
216
216
217
217
217
218
218
218
218
219
219
219
219
220
220
220
220
220
220
221
221
221
221
221
221
221
221
221
221
222
222
222
222
222
222
223
223
224
224
224
225
225
225
225
226
226
226
226
226
227
227
227
227
227
228
228
228
228
228
228
229
229
229
229
230
230
230
230
230
230
231
231
231
231
231
231
232
232
232
232
232
232
232
232
232
233
233
233
233
233
234
234
234
234
234
234
234
235
235
236
236
236
237
237
237
237
237
237
238
238
238
238
239
239
239
240
240
240
240
240
240
241
241
241
241
241
242
243
243
243
243
243
244
244
245
245
245
246
246
246
246
246
247
247
247
247
247
247
248
248
248
248
248
248
249
249
249
249
249
250
250
251
251
251
251
251
251
251
251
252
252
252
252
253
253
254
254
254
254
254
255
255
255
256
256
256
256
256
256
257
257
257
257
257
257
257
258
258
258
258
259
259
260
260
260
260
261
261
261
261
261
262
262
262
262
262
262
263
263
263
263
264
264
264
264
265
265
265
265
266
266
266
266
267
267
267
267
267
268
268
268
269
269
269
270
270
270
270
271
271
271
271
271
271
272
272
272
272
272
272
272
273
273
273
273
273
273
273
273
274
274
274
274
274
275
275
276
276
276
277
277
277
277
277
278
278
278
279
279
279
279
279
279
280
280
280
280
280
281
281
282
282
283
283
284
284
284
284
284
285
285
285
285
285
285
285
285
286
286
286
286
287
287
287
287
288
288
288
288
289
289
289
289
289
289
289
290
290
290
290
290
291
291
291
291
291
291
292
292
292
292
292
292
292
292
292
293
293
293
293
294
294
294
294
295
295
295
295
295
295
296
296
296
296
296
297
297
297
297
298
298
298
298
299
299
300
300
300
300
300
302
303
303
303
303
303
303
304
304
304
304
304
305
305
305
305
305
306
306
307
307
307
307
308
308
308
308
308
309
309
309
311
311
312
312
312
312
312
313
313
313
313
313
314
314
314
315
315
315
315
315
316
317
317
317
317
317
317
317
318
318
318
318
318
320
320
320
320
321
321
321
321
322
322
322
322
322
322
322
322
323
323
323
324
324
324
324
324
325
325
325
325
326
326
326
326
327
327
327
327
327
327
327
328
328
328
328
329
329
329
329
329
329
329
331
331
331
332
332
332
332
332
332
333
333
333
333
333
333
333
334
334
334
334
335
335
335
336
337
337
337
338
338
338
339
339
339
339
339
339
340
340
340
340
341
341
342
342
343
344
344
344
344
344
344
344
345
345
345
345
345
346
346
346
346
347
349
349
349
349
350
350
351
351
352
352
352
352
352
353
353
353
353
354
354
354
354
355
355
355
355
356
356
356
357
358
358
358
358
359
359
359
360
360
360
361
361
362
363
363
364
364
364
365
365
365
366
366
366
366
367
367
368
368
370
371
371
371
371
372
372
372
372
372
372
373
373
373
373
374
374
375
375
375
376
376
376
377
377
377
377
377
377
378
379
379
379
379
380
380
380
380
381
382
382
383
383
384
384
384
384
384
384
384
384
385
385
385
385
386
386
386
386
387
387
387
387
388
388
388
388
388
389
389
390
391
392
394
394
394
394
395
395
395
395
395
395
395
395
396
396
396
396
396
396
397
397
397
397
397
398
398
399
400
400
401
402
402
403
404
404
405
405
406
406
407
407
407
408
408
408
409
409
410
410
410
411
411
411
412
413
413
414
414
414
414
414
415
415
415
416
416
416
417
417
417
418
418
418
418
419
420
420
420
421
422
422
422
422
423
423
424
424
425
426
426
426
427
427
428
428
428
428
429
430
431
431
431
431
432
432
433
433
433
433
434
434
434
435
436
436
436
437
438
438
438
438
439
439
440
440
441
441
441
442
442
442
442
443
444
444
444
445
446
446
446
446
446
447
447
447
448
448
448
448
449
450
450
450
451
451
451
452
452
452
453
453
453
453
454
454
454
455
455
455
455
456
457
458
459
459
459
460
460
461
461
461
461
461
462
463
463
463
464
464
464
465
465
465
465
465
466
466
466
466
467
467
468
468
468
468
469
469
470
470
470
470
470
471
471
471
471
471
472
472
472
473
473
473
474
474
474
475
475
475
475
476
476
476
477
477
477
478
478
479
479
479
479
480
480
480
480
480
480
481
481
482
482
482
483
483
486
487
487
487
487
488
488
488
489
489
489
490
490
490
490
491
491
491
491
492
493
493
494
494
495
495
495
495
496
496
497
498
498
498
498
499
499
500
501
501
501
503
503
503
503
504
504
504
504
505
505
505
505
505
506
507
507
507
507
508
508
509
509
510
510
511
511
511
511
512
512
512
513
513
514
514
515
515
515
516
517
518
518
518
518
518
519
519
519
519
519
520
520
521
522
522
522
522
522
522
523
523
523
524
524
525
525
525
525
525
525
525
525
525
525
525
528
529
529
529
529
530
531
531
532
532
532
532
532
532
532
532
532
533
533
534
534
534
535
535
536
536
536
537
537
538
539
539
539
539
539
540
541
541
541
541
541
541
542
542
542
543
543
543
543
544
544
546
546
546
546
547
547
547
547
547
548
548
548
548
548
548
548
549
549
549
549
549
550
550
550
550
551
552
553
553
553
554
554
554
554
555
556
556
556
556
557
558
558
558
559
559
559
560
560
560
560
560
561
562
562
563
564
564
565
565
565
565
566
567
567
568
568
569
569
569
569
569
569
570
570
571
571
572
572
572
572
572
573
574
574
574
575
576
576
577
577
577
577
577
577
579
579
579
580
580
580
581
581
581
582
582
582
583
583
583
584
584
584
584
585
586
586
586
586
586
586
587
589
590
590
590
590
590
590
590
591
591
592
592
592
593
593
593
593
593
593
594
595
595
595
596
596
597
597
597
597
597
598
598
599
599
599
599
600
600
601
601
601
601
601
602
602
602
603
603
604
604
604
604
605
605
605
606
606
606
607
608
608
609
609
610
611
611
612
612
612
612
612
612
612
613
614
614
614
614
615
616
616
617
617
617
618
618
618
618
618
618
619
619
619
620
620
620
621
621
622
622
623
623
623
623
623
623
624
624
625
625
626
626
627
627
627
628
628
629
629
629
630
630
630
630
631
631
631
632
632
633
633
634
635
636
636
636
637
637
638
638
638
638
639
639
639
639
639
639
640
640
641
642
642
643
643
643
644
644
645
645
646
646
646
646
647
647
647
648
648
648
648
648
649
649
649
649
649
649
649
650
650
650
650
650
651
651
652
653
653
653
654
654
654
654
655
656
656
656
656
657
657
658
658
658
659
659
659
661
661
661
661
662
663
663
663
663
663
664
665
666
666
667
667
669
670
670
671
671
671
671
672
673
674
674
675
675
675
675
675
675
675
676
676
676
677
678
679
680
680
681
681
682
683
684
684
685
686
686
686
686
687
687
687
688
688
688
688
689
690
690
691
692
692
693
694
694
695
695
695
695
696
696
696
697
697
697
698
698
699
699
700
701
701
702
702
702
703
703
704
704
704
705
705
705
709
710
711
711
712
713
713
713
714
714
714
714
715
715
716
717
717
718
718
720
720
720
720
721
721
721
722
724
724
726
727
727
727
727
728
728
729
729
730
731
731
731
731
731
732
732
733
733
734
735
735
736
736
736
737
737
738
739
741
741
741
742
742
742
742
743
744
745
745
746
746
746
748
749
750
751
751
752
752
753
754
755
755
756
756
757
758
758
758
759
759
760
760
761
762
762
762
763
763
764
764
764
765
766
767
768
768
769
769
769
769
770
770
770
771
771
773
774
775
776
776
777
778
780
780
780
781
782
782
782
782
783
784
785
785
786
786
786
788
788
789
789
789
790
791
793
793
793
794
795
795
795
795
796
796
797
797
797
798
798
798
800
800
800
800
801
801
802
802
802
803
803
804
804
804
805
805
805
807
807
807
807
807
808
808
808
808
809
809
809
809
810
811
811
811
811
812
812
812
812
812
813
813
813
814
816
818
818
818
818
819
819
820
821
821
821
822
822
822
823
823
823
824
824
824
825
827
827
828
828
829
830
830
831
831
832
832
832
832
833
833
833
833
834
835
835
835
835
836
837
839
839
840
840
841
841
841
842
843
843
843
845
845
846
846
847
847
847
847
847
847
849
849
849
849
850
850
850
851
851
852
852
853
853
853
853
854
855
856
856
857
858
859
860
860
860
862
862
862
863
863
864
865
865
866
866
866
867
868
868
869
869
869
870
871
871
871
872
872
873
874
874
874
875
876
877
878
878
878
878
879
879
879
880
880
881
882
882
883
884
884
884
884
884
885
885
886
886
886
887
887
887
887
887
888
889
889
889
891
891
891
891
891
892
892
892
892
892
892
893
893
893
893
894
894
894
894
895
896
897
898
898
898
899
899
899
900
901
901
902
903
904
905
906
907
908
908
909
909
910
911
911
911
912
913
914
914
915
915
915
915
916
916
917
917
918
918
918
918
918
919
920
920
920
921
921
921
921
922
922
922
922
923
923
923
924
924
924
925
926
926
926
927
927
927
927
927
928
928
928
928
928
931
931
932
933
933
933
934
935
935
936
936
937
937
938
939
939
939
940
940
941
941
941
941
941
942
942
943
944
945
945
945
946
946
946
946
948
950
950
951
952
952
952
952
953
953
953
953
953
954
954
954
955
956
956
957
957
957
957
957
958
959
959
959
960
960
960
961
963
963
964
964
965
965
965
965
966
966
966
966
967
967
967
968
968
968
969
969
969
970
970
972
972
973
973
973
973
973
974
974
974
976
977
977
977
977
977
978
978
979
980
980
980
981
981
981
982
982
982
983
983
984
984
985
985
985
985
986
987
988
988
988
989
989
989
990
990
990
991
992
992
994
994
995
995
998
998
998
999
999
999
999
999
999
1000
1002
1002
1002
1002
1002
1003
1003
1003
1004
1004
1004
1004
1004
1005
1005
1005
1006
1006
1006
1006
1007
1007
1007
1008
1009
1009
1009
1010
1011
1012
1012
1013
1013
1013
1014
1014
1014
1014
1015
1015
1016
1017
1017
1018
1019
1020
1020
1023
1023
1025
1025
1026
1026
1026
1027
1027
1028
1028
1028
1028
1029
1030
1030
1030
1032
1032
1032
1032
1033
1036
1036
1036
1039
1039
1041
1041
1042
1043
1045
1045
1045
1046
1046
1047
1047
1047
1051
1052
1052
1052
1053
1053
1054
1054
1055
1055
1055
1055
1056
1056
1056
1057
1057
1057
1057
1058
1058
1058
1058
1060
1060
1061
1061
1061
1062
1063
1063
1063
1063
1063
1063
1064
1064
1064
1065
1065
1065
1066
1066
1066
1067
1067
1068
1071
1072
1073
1073
1073
1073
1074
1075
1075
1076
1076
1077
1077
1077
1077
1078
1079
1079
1080
1080
1081
1082
1082
1083
1084
1085
1085
1087
1087
1087
1088
1089
1089
1089
1089
1090
1090
1091
1092
1093
1093
1094
1094
1094
1095
1095
1096
1096
1097
1098
1099
1099
1100
1101
1101
1101
1102
1102
1102
1102
1103
1104
1106
1106
1106
1106
1107
1107
1107
1109
1109
1109
1109
1109
1110
1111
1111
1112
1112
1112
1113
1114
1115
1115
1116
1117
1117
1117
1117
1118
1120
1121
1121
1121
1122
1123
1124
1124
1124
1124
1125
1125
1126
1126
1126
1127
1128
1128
1128
1129
1129
1129
1129
1129
1130
1130
1131
1131
1131
1131
1132
1135
1135
1136
1136
1137
1137
1137
1137
1138
1138
1139
1139
1139
1141
1141
1145
1145
1145
1146
1147
1147
1147
1148
1148
1148
1149
1149
1149
1149
1149
1150
1150
1150
1150
1152
1153
1154
1154
1154
1155
1155
1156
1156
1157
1157
1157
1158
1158
1159
1160
1160
1160
1161
1161
1161
1162
1162
1162
1163
1163
1163
1163
1163
1164
1165
1166
1166
1167
1168
1168
1168
1168
1169
1169
1170
1174
1174
1176
1176
1176
1176
1176
1176
1176
1177
1177
1177
1178
1182
1183
1183
1184
1184
1184
1186
1186
1186
1187
1187
1187
1187
1188
1188
1188
1188
1189
1190
1190
1191
1191
1192
1193
1193
1193
1193
1194
1194
1194
1195
1195
1195
1196
1196
1196
1196
1197
1197
1197
1198
1198
1198
1199
1200
1200
1201
1201
1201
1202
1202
1202
1202
1203
1203
1203
1203
1203
1203
1204
1205
1206
1207
1207
1207
1207
1208
1208
1209
1209
1209
1209
1210
1210
1211
1211
1211
1212
1212
1212
1213
1214
1214
1214
1214
1215
1215
1215
1216
1216
1217
1218
1218
1218
1218
1218
1219
1220
1220
1220
1220
1221
1221
1221
1222
1222
1223
1223
1223
1223
1223
1225
1225
1225
1225
1228
1228
1228
1228
1229
1229
1230
1230
1231
1231
1232
1232
1233
1233
1234
1234
1235
1236
1236
1237
1238
1238
1238
1238
1239
1239
1239
1240
1240
1240
1240
1240
1241
1241
1242
1242
1244
1244
1244
1244
1245
1245
1246
1246
1247
1247
1247
1248
1249
1250
1250
1252
1253
1254
1255
1255
1255
1256
1256
1256
1257
1258
1258
1259
1260
1261
1262
1263
1264
1264
1264
1265
1265
1267
1267
1267
1268
1268
1268
1269
1269
1269
1269
1269
1270
1270
1271
1271
1272
1272
1272
1273
1273
1274
1274
1275
1276
1276
1277
1278
1278
1279
1280
1281
1281
1282
1282
1282
1282
1282
1282
1282
1283
1284
1285
1285
1286
1286
1286
1287
1287
1288
1288
1289
1290
1290
1290
1291
1291
1292
1292
1292
1293
1293
1294
1294
1295
1295
1295
1297
1297
1299
1299
1299
1299
1300
1300
1300
1303
1304
1304
1307
1307
1308
1308
1311
1311
1311
1311
1312
1312
1313
1314
1314
1315
1315
1315
1317
1317
1318
1319
1319
1320
1320
1321
1321
1322
1322
1322
1323
1323
1323
1323
1324
1324
1325
1325
1327
1327
1327
1328
1328
1329
1330
1330
1330
1331
1332
1333
1333
1333
1334
1334
1334
1334
1334
1334
1337
1337
1337
1337
1338
1338
1338
1339
1339
1339
1339
1340
1340
1340
1341
1341
1342
1342
1344
1345
1346
1346
1347
1348
1351
1351
1352
1352
1353
1354
1354
1354
1355
1356
1357
1357
1357
1357
1358
1359
1359
1360
1360
1360
1361
1361
1362
1362
1362
1364
1364
1364
1365
1366
1366
1367
1367
1367
1369
1370
1370
1372
1372
1372
1373
1373
1374
1375
1375
1376
1376
1377
1377
1378
1380
1381
1381
1381
1382
1384
1384
1385
1385
1385
1385
1386
1386
1388
1389
1390
1390
1391
1391
1392
1392
1393
1394
1395
1395
1395
1396
1396
1397
1397
1397
1397
1397
1397
1398
1398
1398
1398
1399
1399
1399
1400
1400
1401
1402
1404
1404
1405
1405
1405
1406
1406
1406
1407
1407
1408
1408
1408
1409
1409
1410
1411
1412
1412
1414
1415
1415
1415
1416
1417
1418
1419
1421
1421
1421
1421
1423
1423
1425
1425
1425
1426
1426
1426
1426
1426
1427
1427
1429
1431
1431
1431
1432
1432
1432
1432
1434
1434
1435
1438
1438
1438
1439
1439
1440
1440
1440
1441
1441
1442
1442
1443
1443
1443
1444
1445
1446
1447
1447
1447
1450
1450
1451
1451
1451
1452
1454
1455
1455
1456
1457
1457
1457
1457
1457
1457
1459
1460
1464
1464
1464
1465
1465
1465
1466
1466
1468
1468
1469
1470
1470
1470
1470
1470
1470
1470
1471
1471
1472
1472
1473
1473
1473
1474
1474
1474
1474
1475
1475
1476
1476
1477
1478
1479
1479
1480
1481
1481
1482
1483
1483
1484
1485
1485
1485
1486
1486
1487
1487
1487
1487
1488
1488
1489
1489
1490
1491
1491
1491
1491
1491
1493
1493
1493
1493
1494
1495
1496
1499
1500
1500
1501
1501
1502
1502
1502
1503
1504
1505
1505
1506
1506
1506
1507
1507
1508
1509
1509
1509
1510
1510
1511
1511
1513
1514
1515
1515
1516
1516
1517
1517
1517
1518
1518
1518
1519
1520
1521
1521
1521
1522
1523
1523
1524
1525
1525
1527
1527
1529
1530
1530
1530
1530
1531
1533
1533
1533
1534
1535
1535
1537
1537
1538
1538
1538
1538
1538
1539
1540
1540
1541
1542
1543
1543
1543
1544
1546
1546
1547
1548
1548
1548
1549
1550
1551
1551
1552
1553
1553
1553
1553
1554
1555
1555
1557
1559
1559
1560
1561
1562
1563
1563
1565
1566
1567
1567
1567
1568
1569
1570
1570
1570
1570
1571
1571
1573
1575
1575
1575
1576
1576
1576
1576
1577
1578
1578
1578
1579
1580
1581
1582
1582
1582
1583
1585
1585
1585
1585
1586
1586
1587
1588
1589
1590
1590
1590
1590
1591
1591
1592
1592
1592
1592
1592
1593
1593
1594
1595
1596
1596
1596
1596
1596
1597
1597
1597
1597
1598
1598
1599
1599
1599
1599
1600
1601
1602
1602
1603
1603
1604
1605
1606
1606
1607
1607
1607
1608
1609
1609
1610
1611
1612
1613
1613
1614
1615
1616
1616
1618
1619
1620
1620
1621
1621
1621
1622
1623
1623
1623
1625
1626
1626
1626
1627
1627
1628
1628
1629
1629
1631
1631
1631
1631
1633
1634
1635
1635
1636
1637
1638
1638
1638
1638
1641
1641
1641
1641
1642
1644
1644
1644
1645
1645
1646
1646
1647
1647
1648
1649
1649
1650
1651
1652
1652
1653
1654
1654
1655
1656
1656
1657
1658
1658
1659
1659
1659
1660
1661
1661
1662
1662
1662
1663
1663
1664
1665
1666
1669
1669
1669
1672
1672
1673
1673
1673
1673
1673
1674
1674
1675
1675
1675
1675
1675
1676
1677
1677
1678
1678
1679
1679
1680
1680
1680
1681
1682
1684
1685
1685
1685
1687
1688
1688
1688
1689
1691
1692
1692
1692
1692
1692
1692
1693
1693
1693
1694
1695
1696
1696
1697
1697
1697
1698
1698
1698
1699
1700
1701
1701
1701
1702
1703
1703
1704
1705
1705
1706
1706
1706
1707
1707
1708
1708
1709
1709
1710
1711
1711
1713
1713
1713
1714
1714
1715
1715
1716
1716
1716
1717
1717
1717
1718
1718
1718
1719
1719
1719
1721
1721
1722
1723
1723
1723
1724
1724
1724
1724
1725
1725
1726
1727
1728
1728
1729
1729
1730
1730
1730
1730
1730
1731
1732
1733
1733
1736
1736
1737
1737
1738
1738
1738
1738
1738
1740
1741
1742
1742
1743
1743
1744
1744
1744
1745
1745
1746
1746
1747
1747
1747
1747
1748
1749
1749
1749
1749
1749
1750
1751
1751
1753
1753
1753
1754
1755
1755
1756
1756
1756
1757
1757
1757
1758
1758
1758
1758
1761
1762
1762
1763
1763
1763
1764
1764
1765
1765
1765
1765
1765
1766
1766
1767
1769
1769
1769
1770
1770
1770
1771
1772
1772
1774
1774
1775
1775
1776
1778
1779
1779
1780
1781
1782
1782
1782
1782
1783
1783
1785
1786
1786
1787
1788
1789
1789
1790
1792
1793
1793
1793
1793
1794
1795
1796
1797
1799
1799
1799
1799
1800
1800
1800
1800
1801
1801
1801
1801
1802
1804
1805
1805
1806
1806
1806
1807
1808
1809
1809
1809
1810
1811
1811
1811
1812
1813
1813
1813
1813
1813
1814
1814
1818
1818
1819
1819
1820
1820
1821
1822
1822
1822
1822
1823
1823
1824
1825
1826
1826
1827
1829
1829
1829
1829
1830
1831
1832
1833
1833
1834
1835
1837
1837
1838
1838
1840
1840
1842
1842
1844
1844
1844
1844
1845
1845
1845
1847
1847
1848
1848
1848
1848
1848
1849
1849
1850
1851
1852
1852
1853
1853
1853
1854
1854
1855
1856
1856
1857
1858
1858
1858
1859
1862
1863
1863
1864
1864
1865
1866
1867
1867
1867
1867
1867
1868
1868
1869
1869
1871
1873
1873
1874
1874
1874
1876
1876
1878
1878
1879
1879
1881
1881
1882
1882
1882
1883
1884
1884
1884
1885
1885
1885
1885
1885
1886
1886
1886
1886
1886
1887
1887
1889
1889
1889
1890
1891
1891
1892
1892
1893
1894
1894
1895
1895
1895
1895
1896
1896
1896
1896
1897
1897
1897
1897
1898
1899
1900
1901
1901
1902
1902
1902
1903
1903
1903
1904
1905
1906
1907
1908
1908
1910
1912
1912
1914
1914
1914
1914
1914
1915
1917
1918
1919
1920
1921
1921
1922
1923
1923
1924
1924
1925
1926
1926
1926
1926
1927
1927
1927
1927
1927
1927
1928
1931
1931
1931
1931
1932
1932
1932
1933
1933
1933
1934
1934
1935
1936
1936
1937
1938
1938
1938
1939
1939
1939
1939
1940
1940
1941
1941
1941
1941
1942
1942
1942
1942
1943
1945
1945
1945
1945
1946
1946
1946
1946
1947
1947
1947
1947
1947
1948
1950
1950
1950
1950
1951
1951
1951
1951
1951
1952
1953
1953
1955
1956
1956
1956
1956
1957
1959
1959
1960
1961
1962
1962
1962
1963
1963
1963
1964
1964
1964
1965
1965
1966
1966
1966
1966
1967
1968
1968
1968
1968
1968
1969
1969
1970
1970
1970
1971
1971
1972
1973
1973
1974
1974
1975
1975
1977
1977
1978
1978
1978
1978
1979
1981
1982
1982
1984
1984
1984
1986
1989
1990
1990
1991
1991
1991
1991
1992
1993
1994
1995
1995
1996
1996
1996
1998
2000
2011
2032
2954
3261
3497
3721
3964
