Primero viene la cantidad (n) de timestamps para ambos, luego n líneas que son un timestamp aproximado cada uno separado por una coma (',') del error, y luego n lineas de las transacciones del sospechoso
5505
71,13
89,32
174,25
424,29
830,34
1591,33
90,34
129,33
300,22
546,36
1120,44
7,6
56,9
86,1
169,8
405,50
748,49
1505,34
84,28
119,13
207,29
458,2
966,19
1886,6
100,8
180,11
288,28
594,23
1259,42
79,38
105,37
241,50
477,37
958,11
1886,28
83,50
151,9
257,9
500,16
1068,11
26,13
113,31
160,18
381,29
718,12
1469,48
5,4
72,30
174,50
308,18
588,37
1190,37
74,42
172,26
316,25
575,23
1156,16
74,23
136,37
298,41
560,42
1151,17
79,38
155,16
276,33
598,12
1205,1
43,26
89,37
181,49
316,43
702,35
1396,45
73,50
158,39
262,1
522,33
1102,19
39,14
46,27
173,40
315,2
655,49
1259,39
55,16
126,6
184,13
413,22
845,3
1667,28
77,7
92,25
207,25
407,5
805,50
1624,26
73,29
141,41
312,23
587,33
1166,25
101,5
188,15
327,23
699,16
1384,47
57,37
108,13
175,38
392,28
828,11
1651,48
54,31
93,7
246,44
482,3
886,46
1774,12
24,23
118,11
197,3
403,31
778,13
1599,15
74,3
169,7
283,5
577,43
1174,35
83,28
126,9
231,24
452,5
904,10
1809,48
40,39
115,44
218,45
451,13
845,2
1767,26
21,20
86,5
179,49
374,14
744,11
1417,48
27,26
107,46
234,25
442,43
908,48
1796,2
93,37
114,40
298,47
524,32
1076,8
66,3
93,14
232,12
400,47
848,3
1717,11
93,31
161,11
290,8
633,39
1222,23
64,1
65,49
165,22
364,36
681,46
1409,16
40,31
55,46
188,34
373,22
745,26
1496,4
14,13
74,31
136,10
255,14
495,16
982,24
1912,25
24,23
97,39
202,4
397,28
756,33
1549,41
57,27
63,25
122,5
263,31
561,42
1165,10
75,39
173,43
335,23
654,14
1297,16
64,3
127,11
277,48
496,31
1053,24
16,15
45,9
129,44
256,27
480,16
1026,24
1958,1957
46,27
66,11
154,50
355,23
655,26
1304,25
23,22
116,49
167,2
356,44
697,44
1455,19
97,38
123,19
255,16
530,6
1024,12
84,37
185,26
302,14
646,43
1316,49
57,17
131,21
230,19
433,17
928,50
1834,43
2,1
21,7
50,34
134,47
299,23
586,19
1151,22
91,13
192,3
371,25
685,41
1401,13
2,1
94,5
124,41
259,4
486,5
1043,40
96,40
155,37
268,2
558,10
1105,44
28,27
113,35
187,15
332,17
735,17
1465,11
40,7
140,22
257,36
476,4
983,47
1968,29
24,23
53,8
123,9
287,46
544,13
1110,25
64,35
163,13
259,14
539,38
1047,35
73,24
110,31
277,37
507,27
1044,29
83,10
145,9
235,7
520,38
1015,29
1974,12
70,30
145,31
312,22
583,29
1159,12
52,31
85,21
222,48
367,14
810,15
1636,1
68,9
134,39
264,49
529,31
1086,32
65,25
66,5
180,5
395,47
771,7
1550,47
29,28
55,10
103,39
199,49
469,18
943,14
1845,1
48,43
132,40
255,36
443,9
973,30
1875,46
66,30
116,44
230,49
461,22
952,8
1830,40
43,42
128,47
194,32
459,12
901,8
1789,12
19,18
69,42
157,15
343,49
645,35
1271,46
41,5
79,24
205,29
333,20
720,32
1424,45
77,1
117,47
203,20
496,43
956,37
1854,23
28,27
114,10
233,5
426,26
836,50
1681,4
100,27
159,28
330,16
663,37
1307,2
54,33
117,32
193,50
384,12
828,10
1589,21
67,43
111,42
227,33
447,15
941,16
1873,50
13,12
49,42
147,17
227,41
519,25
1044,6
1970,25
37,19
105,47
162,2
399,42
707,12
1422,17
63,24
131,9
219,10
501,20
924,12
1939,7
52,38
126,34
269,43
503,32
1046,17
1939,12
29,28
92,17
149,14
352,30
673,23
1305,12
20,19
62,16
154,9
303,14
590,47
1163,8
2,1
85,21
90,45
256,44
436,24
944,14
1871,7
28,27
96,47
209,16
353,36
763,10
1479,36
12,1
99,21
194,3
351,11
754,31
1500,24
101,34
150,3
337,11
688,41
1350,5
69,23
170,17
330,39
660,5
1301,1
50,31
134,37
215,18
403,29
860,15
1700,37
13,12
25,22
58,12
152,5
315,4
567,38
1170,24
11,10
102,18
121,21
330,27
625,39
1277,18
39,16
46,45
184,40
312,23
632,3
1260,8
9,8
38,8
102,3
163,32
375,48
761,18
1524,6
55,16
80,12
226,16
460,19
855,13
1734,4
87,41
134,14
293,6
595,12
1115,23
90,19
123,24
251,35
556,13
1073,25
54,8
93,46
247,1
456,30
882,42
1770,40
59,41
89,19
184,36
419,19
812,15
1661,23
81,7
128,43
309,25
589,10
1147,39
76,23
91,3
247,36
514,15
941,9
1895,33
63,1
65,14
160,26
380,31
762,32
1444,17
53,31
153,35
287,25
552,27
1112,24
89,9
185,15
287,37
652,13
1252,34
61,25
154,28
250,4
490,4
991,5
1985,11
2,1
35,24
137,45
257,36
494,47
1021,16
1927,14
37,5
107,19
162,35
323,32
722,26
1431,34
83,14
163,44
267,1
605,28
1203,9
6,5
30,29
68,42
171,34
277,47
584,6
1230,23
31,30
93,15
193,14
345,15
712,19
1453,47
38,35
135,24
252,14
432,35
877,19
1804,6
18,17
41,6
71,20
178,22
318,7
726,13
1408,44
52,41
143,30
292,42
559,33
1113,27
21,20
28,23
97,3
175,6
420,7
791,24
1597,18
51,21
63,48
207,50
353,47
727,20
1421,8
44,31
50,8
177,12
361,13
638,31
1287,8
3,2
11,10
68,10
151,5
275,1
542,32
1129,9
81,33
85,43
257,50
519,32
994,36
1985,7
35,14
130,45
192,35
430,45
864,43
1653,48
62,28
72,16
181,8
334,1
685,32
1412,47
15,3
81,42
106,47
217,5
462,46
897,48
1860,42
35,10
97,1
179,21
386,46
741,18
1467,21
11,5
89,21
177,31
293,5
601,41
1270,16
3,2
65,37
89,46
205,41
442,8
869,10
1764,8
59,25
92,7
197,8
394,2
802,45
1548,12
47,36
136,7
246,15
451,2
934,27
1889,48
61,34
152,33
233,42
524,22
987,36
1962,11
57,12
109,45
217,44
405,17
837,21
1656,28
40,28
116,36
239,29
460,35
865,5
1737,9
94,18
111,42
235,4
529,7
982,11
1939,7
47,35
91,17
221,34
363,44
729,21
1460,6
67,27
141,22
264,49
506,35
1009,32
1964,1963
26,25
61,26
112,39
281,18
543,11
1116,45
10,9
44,32
58,25
128,8
338,43
649,27
1260,46
9,8
37,36
79,1
217,21
356,23
724,41
1459,4
57,36
84,35
208,39
407,46
789,40
1568,45
23,22
86,38
118,41
318,29
620,34
1197,45
38,30
90,3
129,36
287,40
609,3
1218,34
92,36
107,46
287,42
574,33
1097,9
100,32
124,40
254,22
489,7
1004,17
1906,47
1,0
37,3
113,45
247,33
431,24
871,36
1774,15
69,14
151,20
234,39
475,4
959,7
1971,27
80,39
151,11
254,12
573,30
1132,2
33,32
103,25
217,35
359,21
809,7
1558,41
26,24
30,29
72,11
199,17
419,3
801,8
1646,12
61,18
96,10
184,23
395,40
799,20
1613,34
97,50
122,28
282,47
507,26
1031,2
16,15
66,45
110,24
205,43
462,6
888,38
1789,50
71,22
77,19
215,15
409,38
824,38
1685,34
30,4
43,38
159,15
290,33
593,7
1199,16
17,15
115,25
135,37
297,22
613,22
1188,39
95,1
151,38
331,22
579,48
1194,32
23,22
44,42
97,26
223,31
411,5
827,36
1650,22
32,30
117,48
163,2
350,22
713,9
1427,8
10,9
27,15
98,47
216,32
428,44
819,16
1667,14
35,34
106,35
160,36
390,6
771,17
1551,6
51,44
61,9
130,14
269,25
550,16
1137,27
29,28
78,23
208,6
323,3
703,13
1424,48
56,37
146,46
273,7
534,19
1036,4
94,36
106,9
231,9
517,36
1026,36
1963,26
80,8
171,41
293,34
592,15
1152,16
79,32
129,2
216,12
448,6
955,18
1920,13
11,10
48,11
68,24
161,20
338,4
690,15
1367,29
99,11
109,30
233,11
515,39
1012,43
1913,12
80,26
100,3
187,48
405,5
872,43
1669,1
95,27
144,50
319,18
595,2
1205,9
72,47
153,39
232,40
480,3
958,50
1910,19
1,0
65,45
79,15
245,1
440,49
924,46
1766,49
13,12
90,3
112,7
308,17
585,26
1199,45
67,46
160,24
243,37
510,35
1043,2
65,11
85,36
179,34
340,40
703,41
1417,23
43,21
64,26
208,17
411,6
823,21
1647,40
15,14
65,32
90,11
198,18
464,17
887,5
1731,32
2,1
83,24
168,25
283,30
593,30
1220,46
39,35
129,11
194,49
450,35
831,19
1679,31
75,26
150,8
288,2
526,33
1055,8
91,24
140,23
254,13
502,23
1001,43
1922,4
68,47
140,8
236,35
521,15
997,2
1998,1997
58,37
74,43
226,37
365,38
816,3
1619,19
26,25
46,45
112,50
227,11
494,45
915,43
1878,35
97,44
187,44
297,4
610,19
1222,42
63,39
127,25
205,2
431,7
899,31
1825,24
16,15
86,4
135,39
270,39
590,49
1100,12
4,3
65,31
70,13
222,29
379,11
829,44
1589,19
99,15
194,13
374,36
670,50
1417,48
45,23
101,7
199,46
400,47
831,4
1657,14
69,1
137,34
249,9
491,34
1044,1
1998,1997
12,11
94,33
181,35
387,7
700,7
1453,39
21,20
104,47
157,27
365,22
669,43
1367,28
20,19
92,31
120,28
267,26
591,23
1135,3
46,30
111,25
241,11
452,30
851,24
1798,24
11,10
50,24
157,38
278,46
569,1
1113,20
74,1
84,16
175,8
430,37
792,8
1569,38
97,4
164,26
344,6
623,2
1230,27
77,23
105,19
221,24
484,34
982,26
1895,48
9,8
46,17
69,35
183,34
392,20
717,38
1437,48
93,14
180,15
336,39
674,2
1348,8
44,25
126,37
172,8
376,26
740,4
1544,35
20,19
86,17
204,5
354,16
730,18
1450,2
23,22
36,1
104,24
250,26
449,30
959,47
1837,2
12,11
20,19
85,29
166,4
311,25
614,32
1259,46
91,26
172,11
338,44
676,37
1285,3
78,8
91,46
207,28
433,15
870,38
1733,17
76,14
167,49
307,43
640,24
1215,18
71,23
77,12
214,28
389,5
768,50
1597,17
79,20
159,24
261,42
554,3
1144,49
78,12
93,32
223,13
412,39
889,10
1734,27
6,5
69,46
166,47
268,40
517,14
1123,49
81,31
116,20
257,3
490,11
1034,32
1947,23
37,17
64,28
118,22
251,6
536,49
1041,46
82,10
112,38
240,41
459,37
910,44
1821,11
67,42
162,25
254,47
573,2
1124,15
86,10
90,38
223,36
484,35
966,8
1861,14
47,26
122,44
200,45
372,28
779,18
1557,1
41,11
69,18
146,37
354,50
696,33
1366,8
91,37
148,21
316,5
629,8
1280,16
61,28
91,1
219,45
412,38
841,7
1644,19
86,14
170,3
330,15
621,41
1264,33
38,37
69,36
123,35
251,13
554,16
1120,7
23,22
55,44
162,48
270,25
518,36
1094,33
95,25
148,13
255,39
540,11
1136,39
84,32
157,41
265,34
533,8
1083,39
14,13
64,2
169,21
265,15
534,16
1147,22
37,18
64,37
135,28
295,24
579,30
1140,24
14,13
78,4
175,37
339,37
633,16
1245,7
78,8
118,25
260,47
510,35
1035,13
9,1
59,42
132,36
239,44
518,4
994,32
1956,35
70,46
126,38
263,22
473,41
986,25
1930,18
25,24
45,22
91,29
231,18
461,20
867,18
1726,19
31,13
130,2
218,3
448,40
885,27
1729,46
69,15
110,23
274,32
492,29
1030,42
1982,1981
59,43
131,18
234,37
478,28
913,35
1820,35
49,4
114,48
229,27
430,31
891,34
1760,10
55,37
102,35
254,18
478,42
937,14
1886,10
16,3
51,21
161,44
244,27
570,50
1136,31
49,18
97,4
161,40
385,43
785,48
1492,11
93,32
131,37
313,11
593,48
1187,25
8,5
38,8
49,38
136,48
303,21
555,1
1164,38
55,12
65,16
152,31
328,45
612,28
1261,39
11,10
17,16
44,30
89,17
205,8
397,49
862,38
1726,44
24,23
114,13
161,48
375,19
683,45
1451,6
30,29
106,19
216,29
390,49
803,9
1627,28
31,25
115,20
209,47
387,2
774,26
1529,25
25,24
113,43
181,46
408,47
789,8
1537,41
97,15
128,29
236,45
526,14
1078,30
80,47
119,30
263,16
556,42
1030,47
34,29
97,47
147,34
317,13
620,13
1282,31
45,44
146,7
259,9
532,23
997,25
1917,24
39,38
58,29
101,36
215,36
432,12
890,26
1784,5
56,33
124,47
190,20
408,3
815,29
1674,24
81,25
111,4
258,27
501,9
1025,10
1961,14
46,19
87,6
225,41
430,26
807,14
1685,30
57,30
145,46
265,17
470,36
1019,40
1936,9
90,31
162,1
291,3
630,20
1245,26
23,22
120,11
242,47
467,40
874,44
1803,1
2,1
5,4
98,13
127,44
324,3
584,22
1176,50
36,35
117,22
206,29
367,16
815,48
1619,12
80,5
160,43
303,6
554,24
1134,48
73,9
79,6
248,17
449,38
861,21
1807,30
30,11
64,31
164,40
304,23
647,1
1211,21
25,16
75,28
181,21
359,26
681,28
1385,30
1,0
44,8
140,13
203,20
414,48
839,50
1689,1
75,1
114,12
226,6
485,22
922,9
1908,24
97,49
103,38
203,22
452,30
923,20
1819,11
83,47
151,22
289,20
529,39
1139,33
68,35
152,28
312,42
606,25
1202,48
69,10
116,45
203,24
419,15
862,1
1683,28
87,37
159,39
315,41
588,14
1169,47
99,5
104,9
249,43
457,16
921,31
1877,45
10,9
76,50
109,48
232,29
451,47
893,39
1867,50
51,36
57,47
194,28
381,5
766,41
1461,1
95,24
171,36
314,15
669,15
1286,30
50,7
78,44
149,42
375,22
695,9
1391,44
43,33
81,16
207,12
343,34
754,25
1521,14
2,1
83,45
161,33
262,20
551,26
1085,22
29,28
110,1
228,16
399,13
852,17
1697,22
69,26
72,10
142,11
370,38
698,42
1446,19
54,38
96,39
188,13
410,43
844,5
1670,29
1,0
94,45
97,46
209,38
466,15
883,5
1767,40
16,15
82,40
106,20
295,34
592,14
1104,38
13,12
112,33
202,10
343,33
675,43
1444,10
20,19
78,48
184,12
338,15
631,29
1281,33
56,12
74,42
212,19
430,46
781,23
1574,33
10,5
44,18
118,5
257,44
520,22
1029,39
1925,12
62,47
145,15
268,38
527,22
1043,31
85,12
136,23
312,35
539,40
1136,10
84,25
124,25
243,22
455,7
915,43
1922,18
82,30
159,19
330,23
614,2
1266,46
11,2
69,7
157,20
306,47
550,48
1187,50
7,6
10,9
49,12
124,33
249,47
501,10
1030,11
1990,1989
17,5
44,43
98,3
201,27
439,7
838,1
1651,37
25,24
99,2
187,12
315,23
644,26
1342,47
24,20
104,46
159,39
304,1
595,33
1231,22
18,17
55,33
138,31
296,16
555,43
1152,18
86,20
133,42
301,13
607,25
1133,44
88,49
128,39
274,17
505,28
1006,32
82,31
136,17
224,7
444,24
908,37
1889,24
28,22
123,15
242,14
421,48
836,24
1742,32
35,15
115,2
207,23
367,20
778,27
1519,34
57,27
100,43
223,16
429,16
820,2
1689,25
88,45
174,31
270,49
623,13
1228,19
37,29
117,2
253,29
479,45
926,35
1813,44
89,49
95,49
190,22
443,35
905,18
1812,10
14,13
26,25
70,46
160,10
326,6
631,19
1321,17
86,16
136,50
306,1
615,34
1242,35
62,15
90,6
209,18
393,33
852,44
1653,34
82,8
174,16
265,4
533,13
1140,2
90,8
146,23
246,23
507,5
1001,11
2000,1999
17,16
118,24
167,47
320,6
656,16
1313,24
80,11
156,15
304,15
558,33
1111,29
42,41
55,48
191,40
337,1
671,14
1394,10
32,7
97,19
140,41
305,29
675,34
1299,14
37,16
123,12
189,41
351,7
749,28
1536,12
3,2
100,6
203,41
347,43
666,39
1415,44
70,49
125,26
284,12
491,4
995,29
1978,7
60,11
132,19
285,7
495,25
983,9
1911,2
67,22
71,23
180,16
380,11
792,24
1550,26
48,33
98,31
175,4
336,10
744,36
1458,7
62,9
76,40
233,14
397,35
869,32
1715,28
38,25
50,24
181,37
277,14
568,43
1146,14
13,12
53,47
154,17
270,2
585,31
1097,23
94,44
146,43
292,44
586,47
1143,14
57,44
118,12
190,40
401,10
800,41
1645,32
75,48
138,17
217,14
503,4
1001,4
1939,4
86,39
152,35
320,26
657,33
1268,31
41,6
54,35
163,17
268,33
580,17
1114,46
39,29
91,47
175,3
328,49
670,1
1314,37
28,27
100,34
188,50
380,5
707,14
1488,8
63,22
133,8
266,17
519,6
1031,30
95,31
159,5
272,29
537,14
1143,39
18,17
87,38
149,17
346,36
688,45
1291,48
98,21
194,35
316,20
704,29
1346,23
72,3
81,47
198,29
354,28
777,2
1533,44
75,15
93,19
207,25
472,29
852,7
1736,32
48,42
72,24
131,25
259,7
535,45
1119,50
48,12
77,20
200,34
355,25
717,10
1485,41
56,49
135,36
236,22
441,38
890,4
1781,37
8,7
101,3
135,13
270,20
608,48
1141,19
86,22
133,31
280,27
569,21
1079,9
97,22
147,35
321,27
608,23
1198,11
30,29
88,37
169,6
359,32
718,37
1401,27
76,28
125,50
281,20
515,28
1062,39
88,12
157,28
300,49
614,19
1189,29
89,5
178,5
340,8
676,31
1338,43
84,37
117,48
238,2
453,42
980,23
1876,37
29,28
113,37
196,2
402,44
749,8
1500,5
14,13
85,42
167,41
293,37
582,48
1180,19
84,16
140,15
276,45
586,30
1123,7
76,20
150,44
322,17
621,4
1219,37
59,16
100,12
254,8
423,20
934,16
1836,37
26,25
58,9
151,19
267,28
527,3
1096,31
85,10
141,11
262,24
491,6
1021,22
53,48
118,44
214,31
428,26
836,28
1686,28
63,4
86,48
239,35
463,7
899,5
1847,30
97,16
156,25
340,13
672,5
1360,26
7,6
79,3
181,30
368,10
636,19
1360,49
45,19
144,6
236,44
438,9
902,5
1796,10
3,2
94,2
172,45
359,46
728,37
1441,6
28,7
123,14
207,50
422,42
830,22
1657,2
12,11
24,23
67,10
141,19
340,37
615,30
1255,9
10,8
82,41
131,20
291,27
592,35
1137,27
35,34
93,18
214,41
348,34
750,10
1528,21
21,20
101,29
177,20
371,6
733,17
1419,21
77,18
84,3
167,38
330,13
748,45
1433,8
21,20
43,42
121,34
272,49
531,31
1024,13
50,43
58,50
119,32
292,13
609,40
1213,33
62,4
112,14
220,36
494,28
962,19
1927,48
53,7
82,19
165,40
351,15
654,14
1397,40
35,34
65,44
154,30
324,8
636,21
1232,37
37,36
129,41
211,36
409,38
850,31
1672,12
94,21
122,24
236,24
544,8
1077,33
3,2
34,32
131,8
200,36
446,47
865,17
1689,32
24,23
71,31
111,39
296,9
551,42
1144,15
9,8
93,8
183,7
376,49
701,25
1411,34
100,37
191,4
383,1
692,41
1431,7
6,5
19,18
73,32
178,15
371,17
665,23
1363,31
9,8
25,9
101,49
221,42
393,25
794,11
1553,43
20,4
104,27
174,36
366,36
668,48
1340,45
7,6
13,12
65,6
124,25
231,11
463,21
990,29
1989,1988
90,13
104,49
249,42
459,38
964,31
1894,41
62,46
126,16
198,22
398,42
836,15
1668,33
94,4
138,37
265,37
561,43
1147,4
77,11
126,22
255,18
520,29
997,21
2000,1999
52,15
117,49
209,11
425,42
878,49
1684,35
89,31
161,20
285,48
627,36
1217,10
30,29
62,18
118,28
245,36
526,35
993,10
1922,8
24,23
37,36
124,7
228,10
416,49
894,28
1812,42
97,38
160,31
282,35
545,20
1179,9
24,12
76,12
143,25
278,6
606,33
1147,18
50,4
80,2
197,38
412,46
840,44
1654,18
15,14
96,26
134,11
275,25
598,19
1135,24
12,4
29,15
84,29
160,39
384,40
748,40
1437,46
96,37
136,26
278,16
563,24
1129,32
21,20
69,22
97,16
238,6
455,32
973,5
1886,36
17,5
63,26
134,23
239,20
522,17
1052,30
62,18
146,31
266,32
568,12
1141,11
72,24
135,31
257,48
534,14
1049,16
16,3
28,27
108,5
162,34
368,37
737,36
1470,43
3,2
44,22
108,15
175,29
388,11
799,32
1593,17
9,8
26,25
105,14
189,46
355,47
710,15
1439,35
23,22
45,5
123,41
202,33
491,46
979,22
1940,46
77,19
163,39
308,8
580,29
1140,7
99,14
168,4
352,2
659,10
1301,36
16,15
68,27
123,25
229,17
521,26
1003,40
1954,31
58,46
66,5
215,7
422,28
768,29
1553,22
19,18
89,25
133,49
287,23
618,12
1191,38
43,42
71,46
131,42
275,21
573,26
1170,6
81,27
132,4
303,8
568,14
1122,45
3,2
39,38
95,32
226,38
417,33
823,19
1609,20
79,2
122,39
263,43
490,10
1030,49
1982,3
6,5
97,19
194,7
377,35
675,25
1438,32
44,16
138,21
208,37
397,16
862,36
1697,1
53,40
63,25
178,34
380,24
733,33
1442,1
43,38
47,43
137,36
251,45
531,31
1017,13
19,6
34,11
57,45
186,28
343,14
713,36
1407,6
82,43
177,11
263,18
542,11
1123,29
19,18
92,43
182,8
315,13
623,50
1265,43
29,28
111,14
162,24
361,38
755,23
1513,18
83,37
122,39
283,4
555,43
1112,26
45,23
48,47
168,49
288,45
575,25
1191,14
64,26
95,36
215,42
444,3
904,41
1735,24
62,49
73,34
178,2
333,24
737,9
1466,5
85,46
93,47
200,28
431,50
836,38
1702,18
9,1
81,12
146,24
263,48
533,37
1109,13
31,30
93,37
183,28
379,6
764,2
1515,6
71,38
74,18
239,18
425,44
862,47
1713,22
72,22
153,4
293,42
526,14
1119,12
36,19
114,48
221,34
444,47
900,43
1760,5
20,9
53,45
125,24
233,42
530,36
1024,20
1962,21
28,27
44,21
161,40
254,6
550,48
1058,35
18,8
27,1
74,41
147,35
349,29
702,9
1348,33
47,15
130,27
183,6
433,7
805,20
1660,40
38,37
101,36
220,13
457,35
863,47
1687,39
63,37
96,4
223,13
406,21
813,21
1616,29
68,47
152,3
313,27
587,17
1131,29
59,22
90,44
195,16
417,4
808,11
1622,10
70,37
165,35
321,46
613,12
1215,22
71,43
138,29
223,41
490,39
1000,23
1981,1980
5,4
37,36
116,7
219,33
384,10
769,4
1545,18
79,37
119,5
266,9
533,8
1093,50
82,2
170,31
348,4
615,47
1238,28
99,24
177,32
373,22
714,49
1381,7
85,24
186,1
321,12
623,41
1308,39
100,48
119,33
221,22
472,24
998,24
1933,43
11,10
109,19
204,22
325,48
725,7
1441,33
42,41
44,32
95,20
251,23
456,19
895,26
1876,40
14,13
57,44
126,43
297,43
496,8
993,6
1995,1994
40,39
49,37
99,30
275,45
484,43
1023,7
1920,25
87,27
93,10
253,13
476,37
965,31
1967,1966
41,5
55,5
191,5
361,1
733,34
1405,43
21,11
30,12
96,40
188,11
354,21
709,43
1487,6
91,19
178,26
326,5
633,12
1276,9
56,29
153,35
226,47
506,1
975,6
1920,43
45,44
93,36
162,15
368,10
713,1
1480,26
61,48
63,5
136,48
352,31
644,34
1296,1
90,32
143,17
250,46
575,18
1093,33
53,20
89,4
204,44
423,40
861,4
1660,42
73,32
137,30
310,12
612,31
1187,8
25,15
88,8
171,34
324,25
645,21
1277,3
26,7
114,14
211,12
365,50
732,35
1512,13
14,13
16,15
95,20
153,37
312,6
667,47
1323,27
81,25
96,30
205,8
426,31
826,40
1714,49
15,12
26,25
141,12
256,6
539,18
979,31
1921,48
21,20
56,23
156,46
320,27
610,10
1235,23
39,31
82,29
166,30
353,23
647,48
1346,24
26,25
29,10
79,39
149,26
359,35
700,11
1429,16
68,40
138,33
272,50
558,37
1091,6
16,15
99,46
160,34
339,30
715,4
1337,33
79,6
126,22
259,28
509,18
1060,42
40,4
134,42
207,6
440,29
897,27
1748,46
32,17
95,45
155,10
382,20
719,16
1401,3
25,18
62,40
134,24
268,5
536,34
1126,28
38,37
56,21
129,21
324,22
570,36
1197,23
61,6
71,42
225,31
416,10
849,49
1629,5
49,37
102,42
190,36
433,2
805,41
1619,16
12,11
56,12
115,9
199,20
418,3
824,45
1651,1
19,18
40,13
61,43
135,26
313,29
611,33
1196,20
32,31
63,42
127,31
224,13
476,36
987,49
1977,7
23,10
27,18
132,6
257,9
536,26
1038,33
8,7
33,32
140,46
224,31
463,37
938,21
1833,40
23,20
47,28
99,11
258,7
515,10
981,24
1948,50
38,4
97,12
225,28
388,38
834,33
1629,38
52,4
72,31
125,27
317,41
661,37
1326,43
79,30
164,22
281,30
528,4
1121,50
1,0
86,31
181,44
362,8
727,33
1446,6
59,8
64,35
124,33
332,16
623,19
1227,46
45,1
48,45
149,20
329,37
597,2
1200,13
10,9
50,22
91,25
161,20
383,34
737,18
1490,46
18,17
111,39
184,31
381,3
721,9
1445,8
81,9
181,7
319,34
657,24
1317,6
40,39
97,6
238,38
378,34
790,43
1627,37
41,23
95,13
184,14
392,7
715,29
1486,34
37,21
101,48
154,10
327,21
659,34
1295,11
45,44
131,16
266,27
480,39
996,43
1927,48
61,16
81,21
182,17
353,28
764,43
1481,48
69,50
75,39
162,23
329,48
667,4
1352,8
12,11
97,37
196,22
313,35
686,1
1332,31
1,0
9,2
83,13
129,39
271,37
562,48
1067,21
36,9
87,20
192,18
321,46
637,16
1352,39
19,18
49,37
96,27
236,3
479,39
889,37
1783,16
78,37
152,18
237,19
523,24
1063,47
43,6
74,5
129,2
311,47
651,27
1278,13
8,7
38,28
118,36
214,4
396,16
836,9
1666,8
34,33
126,7
238,43
466,50
912,16
1845,39
77,3
96,44
196,16
387,29
810,10
1617,10
70,50
126,29
217,10
444,31
901,15
1839,29
89,15
124,47
218,48
435,23
944,12
1811,33
82,15
109,8
285,33
547,20
1045,41
101,16
182,27
365,25
663,28
1385,21
86,5
106,31
218,29
485,20
962,36
1870,32
89,27
138,22
267,36
567,9
1088,50
54,47
122,33
224,14
415,8
881,24
1777,21
2,1
103,14
150,16
335,4
678,21
1330,8
12,11
14,13
80,38
180,23
319,37
650,31
1261,23
45,3
128,31
245,37
506,17
992,15
1978,12
45,37
133,49
240,20
475,47
976,9
1954,30
85,37
166,29
271,7
541,8
1160,4
99,10
170,15
324,18
693,35
1309,30
78,15
164,7
286,3
567,25
1105,20
4,3
46,13
83,3
218,38
420,14
790,26
1584,10
75,13
122,47
208,39
440,27
872,50
1811,41
9,4
108,13
167,35
302,24
594,45
1191,4
60,39
79,13
158,27
354,40
713,48
1383,6
85,12
150,34
262,29
596,27
1139,32
70,20
115,43
270,32
506,12
983,19
1962,26
48,42
92,32
194,39
387,42
777,10
1538,18
72,28
130,49
214,35
483,30
947,9
1874,34
11,6
51,46
137,48
286,1
576,39
1100,9
52,47
54,42
149,20
287,31
618,9
1236,24
37,36
109,47
162,30
379,36
782,36
1519,16
74,13
78,19
200,29
447,7
857,9
1692,22
27,26
35,9
140,1
254,31
557,33
1087,40
39,5
65,45
175,25
342,19
684,43
1349,35
10,5
80,8
175,23
272,39
544,48
1167,28
14,13
42,27
79,11
142,28
295,45
651,28
1307,2
66,15
98,41
205,36
417,15
796,50
1600,19
97,12
113,18
274,35
543,17
1062,25
4,3
74,11
124,48
217,32
438,23
904,27
1853,14
64,32
144,26
218,50
483,30
941,12
1909,33
15,7
103,29
119,2
257,26
507,4
1028,9
94,44
150,24
324,2
604,12
1257,8
54,23
132,36
253,17
482,10
999,19
1977,4
85,21
100,5
225,50
423,37
857,33
1770,4
40,3
80,1
196,34
337,21
710,10
1413,18
64,33
117,6
236,17
499,5
954,29
1910,23
85,38
152,21
332,46
599,18
1170,44
31,30
37,8
108,6
212,17
399,42
793,32
1640,2
100,13
130,36
319,15
625,26
1259,24
89,12
93,14
203,24
395,30
845,18
1697,23
95,18
106,7
269,48
485,10
973,49
1934,9
42,41
91,47
153,29
362,48
729,27
1422,45
64,36
121,50
270,10
509,38
1020,2
1908,38
59,6
151,38
302,18
532,45
1089,47
99,4
174,22
310,43
647,14
1318,47
80,7
127,40
294,16
583,22
1094,47
68,34
99,31
171,27
410,36
762,5
1592,48
23,22
25,9
83,46
231,17
452,13
826,9
1714,44
56,38
61,46
169,28
296,29
677,41
1332,14
45,8
51,23
123,6
264,20
541,44
1058,40
74,17
102,14
258,18
450,21
895,2
1814,19
13,12
39,38
127,3
276,27
501,1
959,41
1962,9
39,24
129,14
181,15
387,43
766,8
1504,13
61,45
87,50
179,33
354,44
703,22
1467,2
34,33
81,15
132,34
285,45
622,36
1221,24
77,2
93,44
249,48
510,7
961,24
1984,14
65,22
126,42
228,24
474,46
906,8
1849,40
4,2
35,34
91,33
172,7
370,29
758,43
1524,46
86,7
93,42
199,12
461,30
857,24
1758,34
24,23
63,27
188,32
345,24
711,5
1338,25
78,18
178,6
350,30
641,16
1272,41
50,44
63,48
166,6
346,40
647,37
1348,4
54,7
95,25
166,13
404,38
734,28
1541,29
94,44
129,37
307,6
579,15
1190,21
88,2
174,5
320,48
677,24
1299,37
57,4
129,44
257,17
524,37
1006,13
1940,27
38,9
89,12
189,32
323,42
705,25
1395,9
37,29
66,35
112,45
305,24
612,13
1143,35
41,28
140,14
196,3
408,39
860,46
1727,36
12,11
52,33
115,14
262,45
540,33
1029,25
98,27
118,15
267,8
579,6
1096,31
9,8
85,42
195,12
321,44
686,25
1384,25
72,35
86,37
202,37
437,3
838,19
1691,15
49,44
144,6
276,28
479,32
1017,16
1956,34
37,20
64,42
146,50
286,33
590,31
1221,20
56,8
91,33
169,12
378,38
741,14
1481,25
37,27
84,39
142,21
345,43
632,23
1294,40
57,28
157,36
263,40
544,37
1058,40
19,18
54,31
75,22
238,30
436,9
855,29
1764,7
88,6
141,46
300,2
572,5
1119,23
81,20
101,34
221,2
495,18
899,35
1881,46
77,24
135,50
231,46
491,6
1016,9
1911,29
75,45
133,37
265,48
572,38
1141,34
94,3
125,32
308,34
594,49
1161,46
67,7
118,42
245,14
464,9
940,49
1869,33
55,48
151,10
289,37
544,26
1085,3
48,11
109,17
162,18
395,47
759,45
1525,44
65,35
103,11
188,32
408,25
828,14
1595,7
56,33
74,25
151,11
291,4
583,7
1229,42
21,7
28,27
107,1
256,1
449,30
949,47
1837,7
23,17
53,28
102,40
207,26
473,16
908,22
1794,11
62,24
143,30
251,10
464,38
958,15
1932,14
70,42
138,16
275,24
509,47
1058,40
72,13
168,43
266,12
534,39
1129,6
72,38
150,8
243,8
492,36
958,20
1936,34
35,14
46,28
86,28
267,28
530,27
1011,6
1982,1981
71,9
146,46
290,38
590,31
1169,24
47,37
68,41
176,1
307,32
618,17
1259,12
84,11
107,36
251,31
487,1
965,13
1943,13
100,22
160,26
347,2
671,21
1293,41
25,8
35,15
154,25
307,5
607,33
1219,26
72,43
120,6
221,24
500,31
959,49
1893,6
37,36
72,45
196,1
308,40
702,48
1388,23
37,36
110,14
209,29
360,18
739,28
1529,9
24,23
79,34
129,23
256,12
515,5
1044,21
83,22
136,28
282,13
554,13
1069,42
23,20
43,12
93,24
172,25
373,20
766,48
1519,25
84,28
88,21
188,48
457,10
863,1
1770,32
48,19
70,10
190,31
387,6
747,7
1443,3
98,6
114,42
312,9
530,37
1103,7
84,15
86,33
232,44
411,27
820,26
1719,21
47,9
125,23
244,34
444,6
935,9
1808,1
77,21
139,29
273,42
541,21
1094,7
65,31
122,11
239,27
486,3
982,18
1968,1967
69,45
145,8
254,12
494,3
1038,14
11,10
21,13
34,33
100,21
182,3
380,46
761,12
1587,4
34,32
54,33
175,22
311,25
581,19
1226,34
55,7
155,34
292,21
505,34
1099,18
76,25
121,1
224,34
480,28
931,30
1931,35
46,34
103,34
187,43
391,16
827,35
1646,30
70,10
138,29
215,19
451,10
896,16
1794,26
85,12
164,15
261,21
568,1
1144,15
53,23
70,37
132,10
298,3
568,6
1206,26
76,38
168,7
257,22
602,31
1152,8
60,37
108,15
232,44
461,34
878,12
1826,46
15,14
116,38
183,37
332,14
689,11
1392,31
41,36
102,10
173,9
389,50
730,25
1446,1
81,19
122,32
276,2
520,40
1043,9
42,2
123,5
188,2
425,15
861,49
1697,49
79,23
139,6
224,12
445,50
964,12
1865,5
38,15
106,49
187,40
385,5
748,36
1529,50
89,5
97,4
270,44
464,25
997,24
1966,32
68,13
157,34
292,34
579,3
1113,34
27,26
82,25
148,49
351,40
684,43
1306,6
56,27
67,24
224,37
400,2
781,19
1603,34
98,2
148,36
329,7
606,42
1250,16
13,12
63,47
161,30
304,1
618,2
1208,12
21,18
41,39
85,4
197,47
382,8
747,11
1503,47
43,33
88,32
221,49
437,1
802,30
1608,36
85,8
100,17
232,11
444,40
894,1
1821,37
80,3
123,17
246,36
539,48
989,10
1910,43
29,23
48,24
111,33
217,38
472,27
942,44
1837,24
90,20
175,9
330,20
635,35
1290,15
36,31
38,1
78,16
178,15
404,42
792,36
1561,28
94,28
181,15
336,2
634,34
1316,2
63,18
120,25
269,49
525,30
1012,21
1918,17
89,5
125,27
275,48
569,36
1099,36
98,43
186,49
331,38
669,45
1318,11
67,1
161,36
319,9
636,10
1258,22
91,24
152,24
259,30
590,6
1170,35
93,18
115,29
297,26
541,9
1145,39
46,45
139,13
234,17
458,32
962,2
1897,29
13,12
64,4
141,35
248,49
497,2
1005,44
1979,1978
24,23
90,2
150,8
307,19
658,21
1295,46
86,28
95,18
195,8
388,44
768,42
1604,9
23,22
120,46
236,42
380,28
851,30
1626,40
2,1
45,28
114,21
260,45
494,10
1014,45
1954,44
78,49
134,1
230,1
516,17
1042,4
8,7
79,22
123,25
290,3
550,16
1068,31
61,11
139,38
284,47
543,44
1041,3
98,36
149,5
325,10
625,47
1280,10
44,38
88,38
208,38
349,9
706,46
1409,25
62,38
86,39
242,45
411,33
872,6
1677,16
94,20
105,22
290,34
562,19
1055,11
79,34
114,50
257,49
511,6
974,21
1937,42
41,1
86,25
182,37
398,13
768,2
1485,26
68,11
154,9
308,19
573,8
1187,19
97,3
184,25
372,6
694,49
1435,38
80,34
171,9
281,11
549,8
1125,41
89,32
138,3
282,15
589,37
1183,43
73,7
85,34
210,7
371,42
814,9
1578,47
87,28
129,34
310,30
568,39
1118,11
42,39
143,8
252,18
461,18
911,27
1810,28
49,37
142,13
249,28
525,31
1032,21
1946,32
78,23
143,44
253,48
556,45
1093,21
54,31
70,29
218,33
385,12
739,45
1469,49
48,17
127,14
254,27
514,29
946,8
1954,25
29,28
79,49
124,29
307,38
596,36
1153,24
54,49
143,19
296,27
590,48
1098,24
4,3
13,12
67,8
124,27
255,39
511,38
1022,43
1916,23
11,10
96,42
198,22
378,16
721,29
1502,12
99,29
162,6
292,9
634,22
1239,30
9,8
15,14
69,32
186,40
325,32
685,20
1376,7
6,5
86,7
180,22
324,1
687,41
1287,30
35,20
118,45
225,17
456,17
884,23
1773,33
75,21
175,20
341,21
592,6
1254,9
15,14
49,33
83,46
165,3
315,50
667,15
1357,30
50,5
122,34
176,34
362,31
779,24
1529,37
28,7
113,38
199,33
439,16
826,34
1609,20
101,10
144,48
279,44
576,50
1168,9
14,13
31,30
125,12
238,40
465,25
915,16
1833,15
91,19
137,42
291,17
541,42
1087,41
67,21
94,37
165,5
379,33
794,16
1554,6
45,13
54,14
185,44
285,48
576,49
1243,33
1,0
49,12
82,29
189,2
393,46
797,4
1605,23
47,6
85,6
205,14
420,28
819,21
1591,26
5,4
51,12
141,48
257,16
525,7
1069,3
59,38
70,47
223,5
435,48
879,11
1748,26
83,38
180,6
351,4
629,20
1290,41
69,35
74,47
201,19
404,16
764,36
1583,11
40,32
50,1
185,13
293,47
630,23
1249,45
90,46
101,48
203,1
418,3
904,48
1776,17
40,2
95,41
190,2
362,35
782,32
1532,6
40,10
63,23
149,30
331,10
620,25
1260,49
81,17
179,38
270,25
583,47
1165,7
24,20
83,49
187,36
387,26
763,13
1509,50
49,7
94,37
190,12
416,38
803,40
1633,15
1,0
19,18
41,4
100,33
172,49
394,32
744,42
1544,10
93,31
176,25
354,49
718,26
1395,9
26,17
82,14
151,43
281,31
639,49
1202,36
84,44
118,41
220,9
443,10
883,39
1824,33
97,8
168,40
298,4
611,28
1218,4
52,32
83,9
223,5
411,41
814,24
1617,27
66,44
84,2
211,28
415,42
859,43
1669,25
92,39
122,15
315,14
553,4
1120,8
28,25
112,39
168,1
368,21
750,24
1446,22
25,24
93,2
195,17
322,27
705,24
1359,49
17,11
59,20
84,5
236,10
457,40
950,16
1895,10
78,48
82,44
199,33
419,16
804,22
1674,23
93,21
145,17
331,5
629,41
1233,50
18,17
90,24
189,3
353,26
750,1
1416,6
96,48
139,12
310,39
645,38
1288,13
79,10
107,29
200,21
456,12
907,6
1768,30
53,22
90,38
221,10
439,6
830,17
1648,32
101,36
129,50
331,42
604,29
1172,23
82,46
96,26
245,25
495,7
974,6
1928,20
25,11
79,18
138,19
285,30
576,2
1181,40
6,3
80,17
140,1
318,41
622,19
1262,19
63,41
65,6
206,29
389,46
804,7
1567,28
91,11
173,8
324,30
628,1
1224,15
89,2
93,37
280,27
541,31
1077,23
30,9
46,6
147,49
253,8
503,32
1002,29
1983,1982
37,15
129,42
241,30
456,47
939,12
1816,5
91,47
116,48
215,36
473,4
941,7
1880,26
95,4
153,30
295,1
627,18
1231,49
18,17
110,7
140,50
276,30
638,44
1242,12
4,3
88,14
134,48
300,16
600,26
1176,32
52,19
114,42
239,26
476,7
909,48
1810,43
85,28
169,45
351,21
629,2
1299,26
50,24
131,2
191,13
429,44
827,35
1664,39
18,17
105,3
162,15
305,39
652,37
1288,32
69,42
132,47
246,9
501,25
1018,27
1970,13
31,30
52,23
180,26
356,18
717,4
1410,7
49,7
57,41
152,32
279,13
630,31
1189,20
96,6
177,20
310,8
684,43
1298,46
32,17
132,28
184,43
422,37
800,9
1643,20
4,3
48,35
115,15
255,45
474,31
984,9
1928,33
79,40
131,12
262,28
547,29
1064,24
97,28
188,13
335,37
641,14
1340,38
35,34
72,24
206,21
317,8
661,2
1323,17
13,12
66,34
106,2
197,43
393,12
841,36
1714,42
40,7
114,31
184,17
421,23
831,44
1662,30
2,1
47,8
57,32
116,42
247,26
483,34
1033,47
1985,1984
35,17
134,30
176,19
409,24
767,5
1531,21
100,20
199,5
345,44
722,11
1415,44
64,26
98,12
191,26
381,30
801,34
1624,31
33,25
108,4
228,15
429,10
889,9
1776,33
13,12
94,10
198,5
334,49
642,38
1358,8
22,15
49,26
89,20
181,41
367,46
752,22
1495,41
52,13
149,29
219,19
485,15
994,49
1958,21
88,42
188,6
316,32
647,5
1340,31
57,40
86,50
244,35
484,15
903,9
1804,4
29,28
66,12
164,8
353,37
671,39
1344,17
80,41
158,37
339,12
652,4
1249,32
45,11
66,14
130,31
301,29
603,43
1150,11
33,32
112,17
147,7
305,4
669,22
1328,44
25,24
116,35
165,38
326,50
644,22
1341,1
4,3
11,10
22,21
115,26
179,5
355,28
723,32
1476,30
101,15
163,2
335,15
666,50
1317,38
55,15
91,24
235,50
431,10
844,26
1686,25
91,34
180,13
335,29
617,24
1253,27
98,42
169,29
277,45
579,20
1155,28
18,4
76,14
171,19
301,32
602,43
1214,31
33,32
98,8
155,42
373,42
692,5
1411,41
76,28
144,34
283,16
510,31
1025,38
65,26
112,32
185,23
449,5
867,16
1723,48
66,45
128,24
200,44
412,25
893,29
1748,15
36,26
132,47
267,33
517,43
968,17
1992,1991
75,19
113,25
279,7
474,26
953,20
1946,19
70,23
86,32
181,18
351,14
731,25
1515,12
67,28
91,6
177,35
408,16
827,32
1583,30
23,22
57,4
147,13
321,17
617,9
1201,1
4,3
74,30
179,5
282,16
629,5
1216,40
10,9
75,9
92,19
267,22
461,3
963,7
1922,22
38,37
46,16
154,18
299,22
549,16
1106,7
93,25
149,40
332,18
638,48
1301,45
24,23
48,43
146,23
270,33
510,24
1086,37
82,12
148,34
310,12
581,26
1214,49
30,6
70,29
133,37
235,25
502,36
1049,13
34,33
67,22
127,23
280,33
563,46
1100,50
7,6
105,15
119,13
238,41
500,18
1000,44
1973,24
100,34
174,19
324,37
607,19
1246,26
32,20
94,20
145,22
329,42
644,37
1315,34
71,44
122,33
259,12
462,1
936,49
1916,14
12,11
38,34
91,1
223,43
402,31
849,39
1707,48
63,15
148,24
305,27
553,4
1144,24
11,10
48,9
72,28
213,3
409,35
853,42
1684,33
97,36
186,2
354,47
675,42
1405,48
38,33
87,36
157,5
303,20
649,12
1275,13
71,12
123,40
210,27
479,27
959,11
1881,2
97,32
108,14
282,17
562,22
1124,21
98,12
113,35
310,16
597,31
1150,14
27,21
79,49
123,20
284,33
520,10
1052,37
101,26
136,27
328,44
566,50
1134,28
82,33
151,13
293,34
570,49
1176,43
61,42
100,10
214,22
399,25
828,14
1612,6
73,30
79,27
229,50
423,11
807,7
1616,2
51,14
145,32
277,29
492,19
967,40
1971,10
37,18
132,16
200,18
382,50
774,12
1585,49
86,11
162,18
328,39
638,2
1310,39
97,33
171,49
359,19
635,23
1350,43
17,7
87,42
115,1
253,26
546,11
1060,14
11,10
17,16
127,15
188,9
372,3
814,31
1542,6
35,7
63,33
178,24
282,12
575,19
1137,23
43,24
126,3
245,37
482,34
942,8
1931,49
16,10
79,13
128,13
310,23
564,29
1153,47
61,46
104,18
191,50
362,7
772,26
1522,9
97,11
98,2
237,45
436,49
946,22
1850,29
4,3
86,45
172,45
342,7
659,6
1338,44
24,11
51,12
165,18
308,48
620,18
1267,9
99,38
193,36
293,33
634,28
1281,33
36,6
69,29
135,18
258,48
547,34
1065,20
12,11
80,38
116,28
223,10
455,11
946,5
1854,35
85,28
159,6
308,27
591,28
1172,50
62,13
79,36
155,3
372,16
714,44
1433,41
35,33
80,2
151,33
302,12
591,29
1248,40
24,8
89,30
195,18
333,18
737,42
1403,1
16,2
43,42
110,30
248,49
466,38
915,14
1849,45
34,33
74,34
175,19
309,35
664,7
1286,4
5,4
65,3
127,14
219,34
440,31
903,44
1813,42
73,7
121,28
260,38
538,13
1025,11
57,28
128,42
191,39
411,20
795,11
1664,49
16,15
107,6
157,5
345,24
665,29
1364,7
7,6
32,31
125,3
221,24
395,31
826,33
1698,1
92,38
102,5
256,36
544,3
1046,20
92,26
184,48
302,41
609,22
1265,22
80,7
101,36
236,42
420,9
902,43
1761,20
26,1
71,50
103,23
221,47
504,21
936,8
1958,20
72,22
167,15
266,18
559,25
1122,31
70,32
134,26
230,18
468,6
968,43
1967,12
56,16
108,49
213,19
466,13
860,18
1801,36
24,21
54,23
157,29
321,48
560,25
1203,43
51,28
84,24
194,28
418,7
806,35
1578,26
10,9
44,43
64,17
202,3
405,6
781,19
1571,50
43,9
110,24
242,38
439,13
889,3
1750,5
36,8
118,18
225,24
404,28
880,34
1760,2
48,2
83,31
200,19
376,38
759,48
1500,33
46,45
71,42
167,42
340,20
721,39
1382,44
41,19
117,10
238,30
409,50
866,17
1753,41
87,35
143,7
265,44
505,49
1035,7
69,42
79,32
223,30
375,23
780,10
1613,6
72,19
150,49
306,15
558,36
1160,27
37,28
108,18
216,41
437,28
841,37
1721,27
92,40
161,32
348,50
640,45
1251,31
54,17
71,4
171,33
374,35
721,5
1414,9
95,26
180,19
340,22
700,11
1399,5
87,38
142,2
309,7
566,25
1112,45
47,1
79,25
183,40
375,43
758,1
1463,13
47,11
138,21
206,13
397,40
814,43
1638,33
12,11
81,9
190,26
326,43
655,25
1282,29
83,13
139,26
245,6
561,24
1081,22
92,46
93,48
199,36
450,18
862,31
1754,12
95,33
132,17
253,37
573,2
1093,31
96,4
133,24
266,10
512,41
1075,15
77,41
129,48
271,31
566,3
1128,28
83,19
150,24
324,36
609,16
1231,40
22,21
26,25
72,5
194,37
331,3
677,38
1402,50
89,30
145,9
277,47
534,38
1138,13
46,6
85,32
172,6
404,34
719,25
1486,40
55,26
145,15
255,24
506,49
1040,46
10,9
17,16
101,37
228,42
379,18
737,21
1564,2
81,44
133,5
290,7
599,43
1190,23
84,29
114,14
276,37
530,39
1009,17
65,43
154,44
248,23
515,28
992,9
1924,42
73,46
107,23
253,35
451,20
953,45
1873,3
2,1
101,1
125,24
329,28
624,32
1272,25
73,20
116,32
225,48
495,47
940,36
1860,37
46,17
112,35
237,43
479,47
956,4
1858,7
36,13
121,25
244,24
460,25
897,30
1841,33
2,1
84,48
153,41
338,28
623,27
1234,31
15,14
81,37
170,31
339,44
689,49
1333,25
90,26
155,46
284,37
584,38
1175,2
92,21
113,21
215,31
489,20
924,35
1870,5
24,16
81,24
144,30
265,31
547,19
1115,2
9,8
24,19
76,5
168,35
350,10
664,36
1294,50
18,17
115,30
202,10
390,18
805,24
1545,6
13,12
55,4
97,20
248,19
453,11
963,26
1888,15
33,10
89,43
161,24
318,19
615,16
1229,14
37,31
78,10
161,2
337,29
685,43
1354,42
94,35
167,28
345,45
702,45
1384,17
89,1
96,7
246,20
499,47
971,3
1922,2
37,36
107,12
243,30
431,41
870,43
1765,26
94,49
105,11
253,13
484,43
999,22
1907,41
26,25
60,45
145,26
275,43
509,6
1079,42
27,14
125,32
225,34
458,17
887,15
1736,9
47,41
106,50
222,9
378,47
853,8
1629,8
1,0
18,17
62,25
93,26
264,43
477,27
946,12
1913,9
15,1
114,35
199,37
362,26
694,2
1386,10
73,16
113,4
216,7
445,12
897,39
1843,20
17,16
29,10
56,2
173,15
291,44
576,5
1147,37
51,7
148,32
296,5
552,32
1118,9
93,30
183,48
372,41
655,20
1386,32
83,39
152,26
308,37
575,3
1147,18
55,27
93,34
202,39
382,33
806,16
1548,37
54,31
62,18
138,38
329,33
641,36
1243,38
41,40
95,37
208,1
440,21
827,2
1631,8
72,21
127,16
280,27
497,18
1021,49
1979,1978
19,3
32,18
60,37
185,44
369,12
745,45
1482,34
49,2
70,6
196,45
363,3
762,21
1489,2
99,18
146,45
292,49
611,18
1171,36
9,8
71,36
123,38
262,19
559,41
1032,45
84,43
162,41
260,21
596,7
1174,3
25,24
44,23
87,41
184,23
345,3
766,49
1501,13
41,40
114,39
193,44
414,40
844,14
1614,28
50,18
79,13
140,46
277,14
641,34
1219,21
19,18
89,12
196,16
322,23
699,29
1348,24
94,37
187,8
305,47
634,47
1286,28
81,36
91,23
232,33
462,34
897,5
1862,24
23,7
93,29
214,15
419,13
791,3
1560,26
100,38
179,33
336,28
625,35
1300,11
52,24
62,32
116,27
278,39
514,20
1090,44
17,16
97,15
205,47
409,35
753,25
1559,1
28,21
90,44
134,38
260,9
524,6
1043,23
29,28
94,38
200,20
414,42
808,10
1590,10
68,30
161,35
245,34
546,12
1119,10
96,46
142,33
255,27
522,23
1017,41
56,3
77,38
182,39
349,25
740,3
1433,45
13,12
84,46
178,9
368,19
673,38
1392,9
90,43
178,26
276,17
623,25
1235,36
7,6
32,31
135,13
227,34
428,46
912,1
1770,42
79,2
119,9
244,48
472,22
1012,11
1986,1985
53,39
140,7
195,36
426,18
823,37
1729,41
52,42
105,34
222,35
406,15
854,48
1676,24
57,32
65,41
156,24
279,6
637,36
1279,38
35,29
46,2
145,23
256,9
567,20
1
1
1
1
1
1
1
1
1
1
1
1
1
1
1
1
1
1
1
1
1
1
1
1
1
2
2
2
2
2
2
2
2
2
2
2
2
2
2
2
3
3
3
3
3
3
3
3
3
3
3
3
3
3
3
3
4
4
4
4
4
4
4
4
4
4
4
4
4
4
4
5
5
5
5
5
5
5
5
5
5
5
5
5
5
6
6
6
6
6
6
6
6
6
6
6
6
6
7
7
7
7
7
7
7
7
7
7
7
7
7
8
8
8
8
8
8
8
8
8
8
8
8
9
9
9
9
9
9
9
9
9
9
10
10
10
10
10
10
10
10
10
10
11
11
11
11
11
11
11
11
11
11
11
11
11
11
11
11
12
12
12
12
12
12
12
12
12
12
12
12
12
13
13
13
13
13
13
13
13
13
13
14
14
14
14
14
14
14
14
14
14
14
15
15
15
15
15
15
15
15
15
15
16
16
16
16
16
16
16
16
16
16
17
17
17
17
17
17
17
18
18
18
18
18
19
19
19
19
19
19
19
19
19
19
19
19
19
20
20
20
20
20
20
20
20
20
20
20
20
21
21
21
21
21
21
21
21
21
21
21
21
22
22
22
22
22
22
22
23
23
23
23
23
23
23
24
24
24
24
24
24
24
24
25
25
25
25
25
25
25
25
26
26
26
26
26
26
26
26
26
26
26
26
26
26
27
27
27
27
27
27
27
27
27
27
27
27
27
27
28
28
28
28
28
28
28
28
28
28
28
28
28
28
28
28
28
28
29
29
29
29
29
29
29
30
30
30
30
30
30
30
30
31
31
31
31
31
31
31
31
31
31
32
32
32
32
32
32
32
32
32
32
33
33
33
33
33
33
33
33
33
33
33
33
33
33
33
33
34
34
34
34
34
34
34
34
34
34
34
34
34
35
35
35
35
35
35
35
35
35
35
35
35
36
36
36
36
36
36
36
36
36
36
36
36
36
37
37
37
37
37
37
37
37
37
37
38
38
38
38
38
38
38
38
38
38
38
38
38
38
38
38
38
39
39
39
39
39
39
39
39
39
39
39
39
39
39
40
40
40
40
40
40
40
40
40
40
40
41
41
41
41
41
41
41
41
41
41
41
41
41
41
41
41
41
41
42
42
42
42
42
42
42
42
42
42
43
43
43
43
43
43
43
43
43
43
43
43
44
44
44
44
44
44
44
44
44
44
44
44
44
45
45
45
45
45
45
45
45
45
45
45
46
46
46
46
46
46
46
46
46
46
46
47
47
47
47
47
47
47
47
47
47
47
47
48
48
48
48
48
48
48
48
48
48
48
49
49
49
49
49
49
49
49
49
49
49
50
50
50
50
50
50
50
50
50
50
50
50
50
50
50
50
51
51
51
51
51
51
51
51
51
51
51
51
51
51
51
51
51
51
52
52
52
52
52
52
52
52
52
52
52
52
52
53
53
53
53
53
53
53
53
53
53
53
53
53
53
53
54
54
54
54
54
54
54
54
54
54
54
54
54
54
54
54
54
54
55
55
55
55
55
55
55
55
55
55
56
56
56
56
56
56
56
56
56
56
56
56
56
57
57
57
57
57
57
57
57
57
57
57
57
57
57
57
57
58
58
58
58
58
58
58
58
58
58
58
58
58
58
58
59
59
59
59
59
59
59
59
59
59
59
59
59
60
60
60
60
60
60
60
60
60
60
60
60
60
60
61
61
61
61
61
61
61
61
61
61
61
61
61
61
61
62
62
62
62
62
62
62
62
62
62
62
62
62
62
62
62
62
62
62
62
62
63
63
63
63
63
63
63
63
63
63
63
63
64
64
64
64
64
64
64
64
64
64
64
64
64
64
64
64
64
64
64
64
64
65
65
65
65
65
65
65
65
66
66
66
66
66
66
66
66
66
66
66
66
66
66
66
66
66
66
66
67
67
67
67
67
67
67
68
68
68
68
68
68
68
68
68
68
68
68
68
68
68
68
68
68
69
69
69
69
69
69
69
69
69
69
69
69
69
69
69
69
69
69
69
69
69
70
70
70
70
70
70
70
70
70
70
70
70
70
71
71
71
71
71
71
71
71
71
71
71
71
71
71
71
71
72
72
72
72
72
72
72
72
72
72
72
72
72
72
72
72
72
72
72
72
73
73
73
73
73
73
73
73
73
73
73
73
73
74
74
74
74
74
74
74
74
74
74
74
74
74
74
74
75
75
75
75
75
75
75
75
75
75
75
75
75
75
75
75
75
75
76
76
76
76
76
76
76
76
76
77
77
77
77
77
77
77
77
77
77
77
77
77
77
77
77
77
77
77
77
77
77
78
78
78
78
78
78
78
78
78
79
79
79
79
79
79
79
79
79
79
79
79
79
79
79
79
79
79
79
79
79
80
80
80
80
80
80
80
80
80
80
80
80
80
80
80
80
80
80
80
81
81
81
81
81
81
81
81
81
81
81
81
81
81
81
81
81
81
81
81
81
81
81
81
81
81
82
82
82
82
82
82
82
82
82
82
82
82
82
83
83
83
83
83
83
83
83
83
83
83
84
84
84
84
84
84
84
84
84
84
84
84
84
84
84
84
84
84
84
84
84
84
84
84
84
84
85
85
85
85
85
85
85
85
85
85
85
85
85
85
85
85
85
85
85
85
85
86
86
86
86
86
86
86
86
86
86
86
86
86
86
86
86
86
86
86
87
87
87
87
87
87
87
87
87
87
87
87
87
87
87
87
87
87
88
88
88
88
88
88
88
88
88
88
88
88
88
88
88
88
88
88
88
88
88
89
89
89
89
89
89
89
89
89
89
89
89
89
89
89
89
89
89
89
89
89
90
90
90
90
90
90
90
90
90
90
90
90
90
90
90
90
90
91
91
91
91
91
91
91
91
91
91
91
91
91
91
91
91
91
91
91
91
92
92
92
92
92
92
92
92
92
92
92
92
92
92
92
93
93
93
93
93
93
93
93
93
93
93
93
93
93
93
93
93
94
94
94
94
94
94
94
94
94
94
95
95
95
95
95
95
95
95
95
95
95
95
96
96
96
96
96
96
96
96
96
96
97
97
97
97
97
97
97
97
97
97
97
97
97
97
97
97
97
97
97
98
98
98
98
98
98
98
98
98
98
98
98
98
98
98
98
98
98
98
98
99
99
99
99
99
99
99
99
99
99
99
99
99
100
100
100
100
100
100
100
100
100
100
100
100
100
101
101
101
101
101
101
101
101
101
102
102
102
102
102
102
102
102
102
102
102
102
102
102
102
102
102
103
103
103
103
103
103
103
103
103
103
103
103
103
103
103
103
103
103
103
104
104
104
104
104
104
104
104
104
105
105
105
105
105
105
105
105
105
105
105
105
106
106
106
106
106
106
106
106
106
107
107
107
107
107
107
107
107
107
107
108
108
108
108
108
108
108
108
108
108
108
108
108
108
109
109
109
109
109
109
109
110
110
110
110
110
110
110
111
111
111
111
111
111
111
111
111
111
111
111
111
111
112
112
112
112
112
112
112
112
112
112
112
112
112
112
112
113
113
113
113
113
113
113
113
113
113
113
113
114
114
114
114
114
114
114
114
114
114
115
115
115
115
115
115
115
115
115
115
115
115
115
115
116
116
116
116
116
116
116
116
116
116
116
117
117
117
117
117
117
117
117
117
117
117
118
118
118
118
118
118
118
118
118
118
118
119
119
119
119
119
119
119
119
119
119
119
119
119
120
120
120
120
120
120
120
120
120
120
120
120
120
121
121
121
121
121
121
121
121
121
121
121
121
121
122
122
122
122
122
122
122
122
122
122
122
122
122
122
122
123
123
123
123
123
123
123
124
124
124
124
124
124
124
124
124
124
124
124
124
124
125
125
125
125
125
125
125
125
125
125
126
126
126
126
126
126
126
126
126
126
126
126
126
126
126
126
126
127
127
127
127
127
127
127
127
127
127
128
128
128
128
128
128
128
128
128
128
128
128
128
128
129
129
129
129
129
129
129
129
129
129
130
130
130
130
130
130
130
130
130
130
130
130
130
130
130
130
130
130
131
131
131
131
131
131
131
131
132
132
132
132
132
132
132
132
132
132
133
133
133
133
133
133
133
133
133
133
133
134
134
134
134
134
134
134
134
135
135
135
135
135
135
135
135
135
135
136
136
136
136
136
136
136
136
136
136
136
136
136
137
137
137
137
137
137
137
137
138
138
138
138
138
138
138
139
139
139
139
139
139
139
139
139
139
139
139
140
140
140
140
140
140
140
140
140
140
140
140
141
141
141
141
141
141
141
141
141
142
142
142
142
142
142
142
142
142
142
142
142
142
143
143
143
143
143
143
143
144
144
144
144
144
144
145
145
145
145
145
145
145
145
145
145
145
146
146
146
146
146
146
146
146
146
146
146
146
146
147
147
147
147
147
147
147
147
147
148
148
148
148
148
148
148
148
148
148
149
149
149
149
149
149
149
149
149
149
149
149
149
149
149
150
150
150
150
150
150
150
150
150
150
151
151
151
151
151
151
152
152
152
152
152
153
153
153
153
153
153
154
154
154
154
154
154
154
154
155
155
155
155
155
155
156
156
156
156
156
156
156
156
156
156
156
156
157
157
157
157
157
157
157
157
158
158
158
158
158
158
158
158
159
159
159
159
159
159
159
159
159
160
160
160
160
160
160
160
160
160
161
161
161
161
161
161
162
162
162
162
162
162
163
163
163
163
163
163
163
163
163
164
164
164
164
164
164
164
164
164
164
165
165
165
165
166
166
166
166
166
166
166
166
166
166
166
166
167
167
167
167
167
167
167
167
167
168
168
168
168
168
168
168
168
168
168
169
169
169
169
169
169
169
169
170
170
170
170
170
170
170
170
170
171
171
171
171
171
171
171
172
172
172
172
172
172
172
172
172
172
173
173
173
173
173
173
173
173
173
173
173
173
174
174
174
174
174
174
174
174
175
175
175
175
175
176
176
176
176
176
177
177
177
177
177
177
177
177
177
178
178
178
178
178
178
178
179
179
179
179
179
179
179
179
179
179
179
179
180
180
180
180
180
181
181
181
181
181
181
181
181
181
181
181
181
182
182
182
182
182
182
182
183
183
183
183
183
183
183
184
184
184
184
184
184
185
185
185
185
185
186
186
186
186
186
186
186
186
186
186
186
187
187
187
187
187
187
187
187
187
187
188
188
188
188
188
188
188
188
188
189
189
189
189
189
189
189
190
190
190
190
190
190
191
191
191
191
191
191
191
192
192
192
192
192
192
192
192
192
192
192
193
193
193
193
193
193
193
194
194
194
194
194
195
195
195
195
195
195
195
195
195
195
196
196
196
196
196
196
196
196
196
196
196
196
197
197
197
197
198
198
198
198
198
199
199
199
199
199
199
199
200
200
200
200
200
200
200
200
200
200
200
200
201
201
201
201
201
201
201
202
202
202
202
202
202
202
203
203
203
203
203
203
203
204
204
204
204
204
204
204
204
205
205
205
205
205
205
205
205
205
205
206
207
207
207
207
208
208
208
208
208
209
209
209
209
210
210
210
210
210
210
211
211
212
212
212
212
212
213
213
213
213
213
213
213
213
213
214
214
214
214
214
214
215
215
215
216
216
216
216
216
216
217
217
217
217
217
217
217
217
217
218
218
218
218
218
218
219
219
219
219
219
220
220
220
220
220
220
220
221
221
221
221
221
221
221
221
221
221
221
222
222
222
222
222
222
222
223
223
223
223
223
223
223
224
224
224
224
225
225
225
225
225
225
226
226
226
226
226
226
226
226
227
227
227
227
227
227
227
228
228
228
228
228
228
228
228
229
230
230
231
231
231
231
231
231
231
231
231
231
231
232
232
232
232
232
232
232
233
233
233
233
234
234
234
234
235
235
235
235
236
236
236
236
236
236
236
237
237
237
238
238
238
238
238
239
239
239
239
239
239
239
240
240
240
240
241
241
241
241
241
242
242
242
243
243
243
243
243
244
244
244
244
244
244
244
245
245
245
245
245
245
246
246
246
246
246
246
246
246
246
246
246
247
247
247
248
248
248
248
248
248
248
249
249
249
250
250
250
250
250
250
250
251
251
251
252
252
252
253
253
253
253
253
254
254
254
254
254
254
255
255
255
255
255
255
255
255
256
256
256
256
256
256
256
257
257
257
258
258
258
258
258
258
258
258
259
259
259
259
259
259
260
260
260
260
260
260
260
260
261
261
261
261
261
261
261
262
262
262
262
262
263
263
264
264
264
264
264
264
265
265
265
265
265
265
265
266
266
266
266
266
266
266
267
267
267
267
268
268
268
269
269
269
269
269
269
270
270
270
270
270
270
270
271
271
271
271
271
271
271
272
272
272
272
272
273
273
273
273
273
273
273
274
274
275
275
275
275
276
276
276
277
278
278
278
278
279
279
279
279
279
279
281
281
281
281
281
281
281
282
282
282
282
282
282
282
282
283
283
283
283
283
284
284
284
284
284
284
284
285
285
286
286
287
287
287
287
288
288
288
288
288
288
289
289
289
289
290
290
290
290
290
290
290
291
291
291
291
291
291
292
292
292
292
292
292
292
292
292
293
293
293
293
293
294
294
294
294
294
294
294
295
295
295
295
295
295
296
297
297
297
297
297
298
298
298
298
298
298
299
299
299
299
299
299
299
300
300
300
300
300
300
301
301
301
301
301
302
302
302
302
303
303
303
303
304
304
304
304
304
304
304
305
305
305
305
305
305
306
306
306
306
306
306
307
307
307
308
308
308
308
309
309
309
309
310
310
310
310
310
310
310
310
310
311
311
311
311
311
311
312
312
312
312
312
312
313
313
314
314
314
314
314
314
314
314
315
315
315
315
315
315
316
316
317
317
317
317
318
318
319
319
319
319
319
320
320
320
320
320
321
321
321
321
321
321
321
322
322
322
323
323
323
324
324
324
324
324
325
325
326
326
326
326
327
327
327
327
327
328
328
329
329
329
329
329
330
330
330
330
331
331
331
331
331
331
332
332
332
332
332
333
333
333
334
334
334
334
334
334
334
334
335
335
335
335
335
336
336
336
336
336
336
336
337
337
337
337
338
338
338
338
339
339
339
340
340
340
341
341
341
341
341
342
342
343
343
343
343
344
344
344
344
344
344
346
346
346
346
347
347
347
348
348
348
348
348
349
349
350
350
350
350
350
351
351
351
352
353
353
353
354
354
354
355
355
355
355
355
356
356
356
356
357
357
357
357
357
357
357
358
358
359
359
359
360
361
361
362
362
362
362
363
363
363
363
363
364
364
364
365
366
366
367
367
368
368
368
368
369
369
369
369
370
370
370
370
370
370
371
371
371
371
371
372
372
372
372
372
373
373
373
373
374
374
374
374
375
375
375
375
376
377
377
378
378
378
378
379
379
380
380
380
381
381
381
382
382
382
383
383
383
383
383
384
384
384
384
384
384
384
384
385
385
385
385
386
386
386
387
387
387
387
388
389
389
389
389
389
389
389
390
391
391
391
392
392
393
394
394
395
395
395
395
395
396
396
396
396
396
396
396
396
396
397
398
398
399
400
400
401
401
402
402
402
403
403
404
404
405
405
405
406
407
408
409
409
409
409
410
410
411
412
412
413
413
414
414
414
414
414
414
415
415
415
415
415
417
417
418
418
418
418
418
419
419
419
420
420
420
420
420
421
421
421
421
422
422
423
424
424
424
425
425
425
426
426
426
426
426
427
427
427
427
427
428
428
428
429
429
429
430
430
431
431
431
431
432
432
432
432
433
433
433
433
434
434
434
434
434
434
435
436
436
436
436
436
437
437
437
437
438
438
438
439
439
439
440
440
440
441
441
441
441
442
442
442
443
443
443
443
444
444
444
444
444
444
445
445
445
445
445
445
446
447
447
447
447
448
448
448
448
448
448
449
450
450
451
451
451
451
452
452
452
452
453
453
454
454
454
455
455
456
458
458
459
460
460
460
460
460
461
461
462
462
463
463
463
464
464
464
464
465
466
466
466
467
467
468
468
468
469
469
469
470
470
470
471
472
472
472
472
472
473
473
474
474
474
475
476
476
476
477
478
478
478
479
479
480
480
480
481
482
482
483
483
483
483
483
484
484
484
485
485
486
486
486
487
487
487
489
489
489
489
490
490
490
490
490
490
490
490
491
491
491
492
492
492
492
492
492
493
493
493
493
494
494
494
494
494
496
496
496
496
497
497
498
498
498
498
498
499
499
500
500
500
502
502
502
502
502
503
503
503
504
504
504
504
505
505
505
505
506
506
506
506
507
507
507
508
508
508
509
509
509
509
510
510
510
510
510
511
511
511
512
512
513
514
514
515
515
516
517
518
518
518
519
520
520
521
521
522
522
522
523
523
523
523
523
523
525
525
525
525
526
526
527
527
528
528
530
530
530
531
531
532
532
533
533
534
534
534
535
535
535
535
535
536
537
537
538
538
538
538
539
539
540
541
541
541
542
542
542
542
543
543
543
543
544
544
545
545
545
545
545
546
546
547
547
547
547
547
547
548
548
548
548
549
549
549
550
551
551
552
553
553
553
553
555
555
555
555
556
556
556
556
557
558
558
558
558
559
559
561
561
562
562
563
564
564
565
565
565
565
566
567
567
567
567
567
568
568
569
569
569
570
570
571
571
571
572
572
572
572
573
573
574
574
575
575
575
575
575
576
576
576
576
577
577
577
577
578
578
578
579
579
579
579
580
580
580
581
581
581
582
582
582
582
583
583
584
584
585
585
586
586
588
588
589
589
590
590
590
590
591
591
591
591
592
592
592
594
594
594
594
595
596
596
597
597
598
598
599
601
601
603
603
603
604
604
605
605
606
606
607
607
607
607
607
608
608
608
609
609
609
610
610
610
611
612
612
612
612
612
612
613
614
615
615
615
615
616
616
616
617
617
617
617
617
618
620
620
620
621
621
622
622
622
622
623
623
623
624
624
624
624
624
625
625
625
625
625
625
626
626
626
626
626
627
627
627
628
628
628
628
628
628
628
629
629
630
630
630
630
632
632
633
633
633
634
634
636
636
637
637
638
639
639
639
640
640
640
640
640
640
640
640
640
641
642
642
642
644
644
644
646
647
648
648
649
649
650
650
651
652
654
654
655
656
656
657
657
657
657
659
660
660
660
660
661
661
661
662
662
663
663
663
663
664
665
665
666
666
667
668
668
669
669
669
669
669
669
669
670
670
670
671
671
671
672
674
675
675
675
675
675
677
679
679
679
681
682
683
683
684
686
687
687
687
690
690
692
693
693
693
694
695
695
696
697
697
700
701
701
704
704
704
705
705
706
706
706
707
707
707
707
707
708
708
708
709
709
711
711
712
712
713
714
714
714
714
715
715
715
716
716
716
717
717
717
717
717
718
718
719
722
723
724
724
725
726
727
727
727
728
728
729
730
731
732
733
733
734
734
735
735
735
736
737
738
738
740
740
740
740
741
742
742
742
742
743
743
743
744
744
744
745
746
746
747
748
749
749
750
750
750
750
751
752
753
754
754
756
756
757
757
758
759
761
762
762
763
764
765
766
766
766
766
766
767
767
767
769
769
769
770
771
771
771
771
772
773
773
774
775
775
776
776
777
777
778
778
778
779
782
782
782
783
785
785
785
786
789
789
789
790
792
793
793
793
794
794
794
794
794
796
796
796
796
798
798
799
800
800
800
801
801
802
803
804
804
805
805
805
807
808
808
809
809
809
811
811
811
815
815
815
817
817
817
818
818
819
819
819
819
820
820
820
821
821
823
823
823
823
825
826
827
827
828
828
828
829
829
830
831
832
832
833
835
835
835
835
835
836
837
837
838
840
841
841
843
843
843
843
844
846
846
847
847
847
847
848
848
849
849
850
850
850
851
852
855
856
856
856
858
858
859
859
859
860
862
862
863
863
864
864
865
865
866
868
868
868
869
869
869
870
870
871
872
874
875
876
877
877
878
878
878
878
879
880
880
881
882
882
886
887
888
888
889
889
890
890
891
891
892
892
892
892
893
893
893
894
894
895
896
896
896
896
899
899
900
900
900
901
902
903
903
904
905
906
906
907
908
908
909
911
911
911
912
914
916
918
918
924
925
925
925
925
928
929
930
930
931
932
932
934
936
937
937
938
939
939
940
941
941
942
942
943
944
945
945
945
946
946
947
947
947
947
948
948
948
948
948
950
951
952
952
953
953
955
956
956
956
957
957
957
958
958
959
960
960
961
962
962
962
963
964
964
965
966
967
969
970
970
970
970
970
972
973
974
974
974
975
976
977
977
978
980
980
981
984
984
985
985
986
986
989
989
990
991
991
992
993
993
993
994
994
994
995
995
996
997
998
998
1001
1002
1002
1002
1003
1004
1004
1005
1007
1007
1009
1009
1009
1009
1009
1009
1010
1011
1012
1013
1013
1013
1014
1015
1017
1017
1019
1021
1021
1022
1023
1024
1025
1026
1029
1030
1030
1031
1031
1031
1031
1032
1032
1032
1032
1033
1033
1033
1034
1034
1034
1036
1037
1037
1037
1037
1038
1039
1040
1040
1040
1042
1042
1043
1043
1044
1045
1046
1047
1047
1050
1051
1052
1052
1053
1054
1055
1055
1056
1056
1057
1057
1057
1057
1058
1060
1060
1060
1061
1063
1063
1064
1065
1066
1067
1068
1069
1070
1072
1073
1073
1075
1075
1076
1076
1076
1077
1078
1081
1081
1081
1083
1084
1086
1086
1087
1087
1088
1088
1088
1090
1091
1092
1093
1096
1096
1097
1098
1098
1098
1099
1099
1100
1102
1103
1103
1105
1106
1107
1107
1107
1108
1110
1110
1110
1110
1111
1114
1116
1117
1117
1117
1118
1119
1120
1120
1121
1122
1122
1122
1124
1124
1124
1125
1125
1125
1125
1126
1126
1126
1126
1126
1127
1127
1127
1128
1129
1130
1132
1132
1133
1133
1134
1134
1135
1135
1136
1137
1137
1137
1138
1138
1138
1140
1140
1142
1142
1144
1144
1144
1144
1145
1145
1145
1145
1146
1146
1146
1147
1148
1148
1149
1149
1149
1150
1151
1152
1153
1154
1154
1155
1155
1157
1157
1158
1158
1159
1159
1160
1163
1164
1164
1164
1164
1165
1165
1165
1166
1166
1167
1169
1171
1172
1173
1174
1175
1175
1175
1175
1175
1177
1177
1177
1180
1182
1182
1183
1184
1186
1186
1187
1187
1188
1190
1192
1193
1193
1194
1195
1196
1196
1197
1197
1199
1199
1201
1201
1202
1205
1207
1207
1208
1210
1210
1210
1211
1211
1212
1212
1213
1214
1214
1215
1216
1216
1217
1217
1217
1217
1217
1218
1218
1219
1220
1222
1223
1224
1225
1226
1227
1228
1228
1229
1230
1230
1233
1234
1234
1234
1235
1235
1235
1236
1238
1239
1242
1244
1246
1246
1247
1247
1248
1249
1250
1251
1251
1252
1252
1256
1257
1258
1258
1258
1259
1259
1260
1260
1260
1260
1262
1263
1265
1265
1265
1266
1267
1268
1268
1270
1270
1271
1271
1272
1272
1272
1274
1274
1276
1279
1280
1281
1282
1282
1282
1284
1285
1286
1286
1287
1287
1289
1290
1292
1292
1295
1295
1296
1298
1299
1300
1300
1300
1300
1301
1301
1301
1302
1302
1304
1305
1306
1306
1308
1308
1312
1315
1316
1317
1318
1319
1319
1319
1319
1322
1322
1323
1328
1328
1328
1329
1329
1330
1331
1332
1333
1334
1334
1334
1334
1335
1338
1338
1342
1342
1343
1343
1344
1344
1344
1345
1345
1346
1346
1347
1348
1352
1354
1356
1360
1361
1361
1361
1362
1362
1363
1364
1364
1364
1366
1370
1372
1373
1376
1377
1378
1379
1386
1387
1390
1390
1391
1392
1393
1393
1394
1394
1395
1395
1397
1398
1398
1398
1399
1399
1401
1402
1404
1406
1407
1408
1409
1411
1411
1412
1412
1413
1415
1418
1419
1419
1420
1422
1423
1423
1423
1424
1427
1428
1428
1430
1431
1432
1434
1435
1436
1437
1438
1438
1440
1440
1441
1441
1441
1443
1444
1447
1447
1447
1447
1447
1447
1448
1448
1450
1450
1451
1455
1455
1455
1457
1459
1459
1461
1461
1463
1465
1465
1467
1467
1469
1469
1470
1476
1477
1482
1483
1484
1485
1486
1486
1487
1487
1488
1489
1491
1493
1494
1494
1497
1497
1500
1504
1504
1504
1506
1507
1509
1510
1511
1513
1515
1516
1517
1518
1519
1520
1521
1525
1527
1529
1529
1533
1534
1534
1535
1539
1540
1543
1543
1545
1546
1548
1548
1549
1550
1552
1553
1555
1556
1556
1556
1558
1558
1558
1558
1562
1562
1564
1564
1570
1573
1574
1576
1579
1581
1584
1584
1584
1585
1585
1586
1587
1590
1592
1593
1594
1595
1596
1596
1597
1599
1602
1603
1605
1605
1606
1607
1607
1607
1608
1608
1611
1612
1612
1613
1614
1614
1614
1615
1616
1616
1617
1618
1619
1625
1625
1625
1626
1627
1632
1632
1632
1632
1633
1633
1637
1639
1640
1641
1641
1642
1644
1645
1646
1647
1648
1649
1650
1651
1652
1655
1657
1658
1660
1660
1660
1662
1664
1667
1668
1668
1668
1672
1672
1674
1675
1675
1677
1678
1679
1680
1681
1684
1686
1687
1689
1690
1691
1691
1691
1691
1691
1692
1693
1696
1696
1696
1697
1698
1698
1699
1701
1705
1705
1706
1709
1711
1713
1713
1713
1717
1717
1717
1718
1718
1724
1725
1728
1733
1734
1734
1734
1735
1736
1736
1736
1738
1739
1743
1744
1746
1747
1748
1749
1751
1752
1756
1757
1757
1757
1757
1762
1762
1768
1769
1771
1772
1772
1774
1775
1777
1777
1777
1778
1781
1781
1782
1784
1784
1787
1787
1788
1788
1789
1791
1793
1795
1795
1797
1798
1801
1802
1803
1805
1808
1808
1810
1812
1813
1816
1817
1818
1819
1821
1822
1824
1827
1827
1828
1831
1832
1833
1834
1834
1839
1840
1842
1844
1845
1846
1848
1849
1849
1850
1852
1853
1853
1855
1857
1858
1860
1861
1862
1863
1864
1865
1868
1868
1869
1870
1870
1871
1872
1873
1873
1873
1874
1877
1879
1883
1884
1884
1884
1887
1887
1887
1888
1891
1891
1893
1893
1894
1894
1896
1897
1898
1898
1901
1901
1901
1905
1909
1909
1909
1912
1913
1913
1915
1917
1917
1918
1918
1919
1919
1920
1920
1922
1922
1922
1923
1924
1924
1926
1927
1928
1929
1929
1930
1933
1935
1935
1937
1938
1938
1940
1940
1943
1943
1944
1944
1944
1945
1945
1947
1947
1951
1954
1957
1958
1958
1960
1961
1962
1962
1964
1967
1967
1968
1969
1970
1970
1970
1972
1972
1974
1975
1977
1977
1980
1981
1982
1984
1985
1985
1991
1992
1995
1998
2085
2482
2629
2660
2794
3060
3633
3738
3908
