Primero viene la cantidad (n) de timestamps para ambos, luego n líneas que son un timestamp aproximado cada uno separado por una coma (',') del error, y luego n lineas de las transacciones del sospechoso
6000
1028,941
849,568
1458,236
1318,516
989,807
1192,534
665,532
645,268
1337,661
773,687
1127,492
1292,613
706,651
1314,645
1275,417
1018,576
163,122
1335,649
1665,272
1707,239
941,262
1054,904
348,349
795,464
1033,888
1489,376
329,294
661,387
841,381
1400,512
1027,355
1269,653
1731,189
983,803
1520,197
1172,402
1101,632
1146,748
465,448
1229,198
875,744
1187,570
669,248
908,808
972,488
904,578
769,276
418,343
1467,434
951,648
760,494
1197,717
1016,976
1016,727
594,582
927,857
1583,363
455,403
550,301
457,395
1055,739
947,592
791,411
400,341
1353,567
1111,835
1289,454
1314,432
1384,454
1701,295
1065,191
1825,124
945,394
1146,276
1702,100
707,689
956,143
702,656
1032,680
1392,539
1845,73
1001,808
957,728
647,565
1885,107
1224,596
1238,610
807,414
691,666
855,447
928,249
911,147
1163,634
1428,339
937,732
1873,45
792,597
1038,240
990,673
473,431
243,185
1288,498
765,764
833,734
1288,575
1560,399
812,382
1147,812
1470,317
876,319
1059,212
1496,463
506,74
1431,549
890,872
1661,318
391,367
1131,599
1044,567
719,504
1470,468
1102,717
612,491
608,559
1141,787
1860,120
1486,395
1433,336
803,87
1424,256
298,237
1809,56
1230,330
1510,485
1437,555
1072,895
370,262
522,266
1292,393
1253,720
801,163
1456,398
667,294
740,706
1131,111
774,155
1121,860
1076,694
882,726
1242,271
1258,462
716,599
611,579
284,281
1086,791
729,494
1275,572
738,395
1055,255
210,156
1504,343
627,536
1424,547
1153,649
1583,328
1545,78
1084,830
1142,179
954,242
1378,429
495,382
973,687
690,686
1009,391
838,555
1392,502
692,688
877,645
1163,468
1570,182
575,301
497,105
1066,804
1141,746
1051,789
629,557
721,586
1608,382
1704,270
719,509
450,218
1266,429
690,515
1114,714
1018,981
793,782
914,490
431,366
1026,406
607,211
844,762
871,280
562,353
1311,605
1492,494
643,612
1184,754
987,598
846,596
900,526
1113,656
1138,797
592,501
998,986
817,691
881,646
1827,163
1101,391
1354,552
309,225
794,333
269,206
1343,646
709,547
972,488
943,156
1259,307
1107,802
734,594
1620,377
1307,664
1037,771
1468,510
1570,303
1393,569
1508,420
1361,394
816,809
959,623
1471,506
615,226
689,511
912,731
921,282
1589,70
1070,855
1858,138
1296,541
1075,905
914,361
803,640
1157,794
991,573
1614,282
831,777
711,183
1215,649
944,860
1249,725
1402,117
1073,156
367,279
1968,29
527,134
254,173
1170,728
658,369
706,488
662,446
1216,669
620,593
975,777
1772,147
1168,327
1789,133
435,350
979,925
1343,173
871,372
1326,595
533,472
484,448
1307,465
1212,528
912,911
834,161
432,403
412,304
969,762
738,727
1093,508
1101,446
794,652
1006,193
460,360
697,558
1207,348
647,629
1370,386
1063,351
1617,133
125,95
1371,333
814,632
476,391
710,613
1156,334
1078,527
1074,835
877,611
996,178
775,629
945,581
333,108
819,525
954,812
754,481
598,520
956,665
1144,729
1691,309
741,640
493,463
1088,223
281,203
797,679
1088,711
1109,697
873,213
1274,592
1025,819
1131,407
514,487
893,621
671,301
1014,227
1037,907
619,358
370,128
1159,417
586,537
1261,726
527,380
1450,456
645,534
799,628
1308,623
514,354
1286,616
1293,681
1430,321
1127,183
982,718
1711,232
1188,805
809,665
750,743
1843,144
1069,853
705,637
1289,404
1491,337
507,463
938,533
1475,466
1049,934
1136,536
957,911
978,477
780,330
1140,451
410,269
1451,543
715,444
623,615
1003,979
740,430
772,518
1451,376
664,374
1489,250
1528,179
926,505
1563,260
1228,656
1502,456
499,314
1772,226
994,338
1954,12
1094,865
995,412
820,729
1117,876
1337,663
1065,506
904,865
595,431
628,548
796,358
1844,156
1330,382
659,338
959,938
1075,813
1206,665
681,584
1532,307
839,694
1488,473
1240,745
1292,562
1339,365
972,700
1121,830
858,345
1016,689
1286,692
1444,357
1195,620
981,880
1255,246
957,834
787,664
1042,817
1444,388
277,156
960,443
1193,709
921,448
1230,374
1428,59
1106,867
773,133
1188,754
463,255
1400,467
670,611
1444,524
1557,442
1266,374
1040,811
1609,294
1578,337
1253,702
732,223
796,249
352,335
1257,441
1288,490
1519,407
972,324
576,504
1116,700
699,684
1339,468
539,390
1110,735
1281,472
1048,428
661,264
1056,479
1415,477
1417,439
1126,484
1395,595
1071,916
1715,221
443,432
1124,844
1107,788
1548,437
1047,502
1481,353
1653,286
787,757
1410,457
225,156
1013,917
971,691
1155,573
552,547
601,599
498,495
1134,203
1058,897
1168,596
1052,505
1478,510
1218,354
395,318
1204,687
979,615
679,458
1212,703
865,848
1709,289
908,896
1031,438
152,147
774,564
855,806
1118,778
1091,515
971,476
1249,711
1256,693
1293,274
1010,786
1030,621
190,158
1011,520
1015,620
1059,870
1100,82
289,260
689,663
1400,387
1005,670
1433,447
1122,748
755,512
814,363
1118,722
585,561
1666,251
1294,510
508,304
996,621
1649,351
966,895
260,256
646,644
885,421
292,73
1083,878
1059,727
937,556
1123,363
393,370
1041,347
1129,737
1047,940
586,568
863,777
790,290
1177,794
931,773
880,741
229,163
1149,621
820,583
1113,722
1081,423
696,697
807,523
969,523
1201,728
499,219
823,441
626,465
1072,891
1197,664
330,257
133,130
1334,640
1620,244
507,379
733,146
1414,473
678,245
1203,188
1411,531
875,801
1480,487
984,861
1356,633
817,807
1121,858
1724,246
854,805
510,381
884,717
516,199
992,214
1006,955
834,775
1094,810
998,268
640,54
1249,361
315,288
1073,790
767,746
873,834
874,496
557,502
1046,491
1094,446
892,826
1015,979
387,317
593,239
751,427
1125,860
462,301
960,511
1250,263
1011,39
1641,214
1192,806
961,435
817,749
1049,807
667,395
1240,532
696,577
1340,529
744,644
1089,896
1635,251
659,598
1453,302
479,455
1006,852
1253,702
1495,244
1338,367
690,572
1557,328
867,307
1010,919
1667,154
1005,419
1065,374
950,948
793,768
961,943
873,658
961,616
621,616
855,585
758,599
249,241
965,665
1536,172
1206,760
234,66
623,286
1570,179
683,661
172,113
1280,696
1074,702
433,263
829,674
412,273
596,557
522,444
1102,488
970,461
972,592
1283,561
1132,374
189,83
1610,344
290,265
859,666
1368,624
814,183
347,313
1147,631
929,875
1296,525
520,191
1166,774
1247,113
860,524
1059,386
839,827
1367,361
829,803
1048,683
669,541
1147,792
1526,448
1412,518
805,762
982,970
876,285
829,714
807,430
885,821
488,203
1189,738
943,941
863,100
635,627
692,580
369,113
651,547
1140,832
432,421
954,440
915,828
876,233
1619,90
1552,117
505,462
1780,58
1866,106
783,249
1063,843
1356,437
1410,551
688,649
716,711
806,412
452,370
314,296
1433,216
971,447
604,588
1096,700
1408,536
986,919
322,75
315,141
1231,645
1140,536
1284,678
707,159
1206,523
795,684
1219,417
546,442
1274,654
766,477
1715,179
1060,875
1002,935
652,586
1375,424
1251,333
1178,800
1858,68
644,505
1275,690
865,551
769,412
1541,400
1058,924
854,767
1190,634
1336,625
1145,645
961,855
1434,444
1297,577
630,568
1037,391
787,646
253,248
993,230
453,317
1654,279
1281,715
1666,277
710,656
1550,427
639,565
1515,463
812,554
663,549
793,658
882,850
763,462
1129,542
815,499
831,493
552,543
1400,593
1575,316
991,477
1246,303
1199,767
1055,897
1664,158
744,466
482,417
1016,524
380,218
945,625
833,491
534,483
858,491
1751,218
977,813
495,367
362,360
902,718
1401,529
1426,229
661,586
956,187
151,145
1184,609
854,729
936,822
1065,746
747,654
872,713
1214,405
900,761
1525,397
320,258
1597,308
1004,410
994,856
1302,666
1132,590
1105,501
1533,275
290,272
773,641
996,856
703,693
1235,711
1030,871
900,278
621,581
780,433
1070,684
1577,283
952,401
1651,320
1011,564
1058,211
1602,398
224,111
1529,417
640,458
1670,270
420,376
1042,759
1176,340
1211,764
1087,502
519,460
214,111
1241,480
265,242
495,482
1065,924
1064,910
997,899
897,884
434,389
767,506
626,606
786,776
561,415
930,134
1622,340
1093,782
923,770
1698,240
1624,313
862,852
620,323
680,445
934,780
1310,533
1082,872
379,238
854,721
714,573
1124,549
1189,673
1170,701
996,966
1651,186
964,709
940,873
930,763
1184,814
832,698
1230,247
1287,585
1910,23
950,887
1679,206
1197,742
637,523
697,664
509,102
736,627
1507,458
1331,623
1289,426
516,503
1422,274
1752,234
776,238
1021,966
1452,537
933,868
400,391
680,196
1128,511
1851,34
1417,387
808,339
1263,478
1299,212
1127,821
965,954
310,240
1523,307
685,542
853,436
1247,502
1320,324
1197,726
764,720
937,69
1424,379
942,513
1979,1
1018,313
1593,153
939,527
1057,943
1512,414
1065,548
1607,175
515,510
984,501
1140,828
729,644
511,424
1227,621
1667,295
992,828
422,336
1642,157
900,621
1027,961
1382,557
320,304
411,132
881,742
1059,747
346,136
1727,94
1287,137
466,406
556,286
1017,258
1393,526
713,461
545,479
450,314
769,114
1073,780
1359,358
358,320
616,358
1718,272
821,331
1322,230
916,685
905,341
1110,842
1058,339
782,572
692,667
201,201
1529,356
1006,841
913,854
979,744
260,170
882,804
1065,733
1225,455
919,716
1148,839
946,889
1351,632
436,437
1373,52
1098,817
1638,325
1317,467
569,542
1405,354
1076,572
1317,466
1264,610
1776,180
1740,180
876,681
660,281
739,626
948,916
1080,596
929,895
196,119
1183,636
809,722
1375,496
1204,449
961,958
1340,537
1169,728
1776,200
1472,502
1193,723
1524,450
774,731
888,638
740,698
964,893
1381,591
1058,899
1080,609
1220,349
776,655
1117,686
924,507
544,527
586,535
440,430
864,496
282,199
396,304
1829,139
790,592
1054,537
626,306
375,289
418,97
815,468
801,592
1505,219
1600,298
1031,923
1669,309
961,678
1416,504
652,603
286,285
1265,708
1668,242
1080,871
1195,612
714,712
730,690
1065,668
505,120
1093,144
1762,189
877,689
794,548
1577,285
630,244
964,882
1034,549
1094,331
1156,293
1506,332
975,480
1004,986
892,455
279,101
813,580
1200,284
718,391
314,122
466,415
896,837
510,48
1076,491
1635,170
664,634
1633,212
852,521
949,401
865,605
1395,445
904,250
1056,649
1308,400
564,62
833,828
1082,896
562,523
1129,830
980,925
1329,610
1519,378
884,827
910,845
1503,220
856,468
797,633
1030,666
1296,472
193,189
1346,405
731,682
1607,116
1284,654
1060,219
1826,57
1127,816
365,206
750,482
697,460
883,475
815,357
1085,223
1299,550
170,120
1798,138
1176,483
567,73
470,113
1129,382
1074,846
1322,657
1378,459
906,558
1468,448
989,858
547,347
1731,230
1186,809
1023,687
758,700
697,259
1288,536
1359,385
1409,586
173,44
1219,586
796,435
865,683
943,131
809,347
1451,435
182,105
1012,482
894,565
1147,809
562,466
979,952
810,309
1098,775
1794,199
936,755
1385,179
779,307
1615,218
688,637
929,900
772,325
933,933
866,602
816,807
1014,401
1042,958
1447,291
760,585
1206,758
1283,624
1000,637
1287,604
1091,708
410,379
1255,711
761,744
693,669
321,242
1442,390
1880,100
1156,826
299,193
667,295
809,612
509,247
607,462
1045,928
945,423
1407,531
873,442
658,657
1548,429
754,180
1091,386
168,133
1099,734
1258,583
1124,681
1527,429
1246,474
1183,458
1077,592
695,664
246,240
1011,908
455,405
340,150
1424,316
895,354
737,229
945,783
973,823
766,404
434,307
748,299
1291,461
1225,767
1344,558
1181,803
847,377
550,551
1512,398
1143,725
628,381
1104,711
1074,660
1479,371
1265,391
910,725
870,632
1702,145
739,535
948,452
651,340
1033,305
947,684
811,712
1089,625
546,527
1231,622
1360,404
1831,118
982,966
994,728
974,972
1105,867
1270,722
917,596
1138,609
1139,317
1237,529
1084,658
315,183
1256,322
666,649
585,231
886,536
1000,704
1499,248
1854,133
982,352
719,670
814,275
848,845
839,568
352,304
1172,451
740,740
1060,223
1023,891
992,351
1078,444
1229,467
1795,202
1221,571
759,716
971,829
599,595
694,477
866,457
859,805
404,229
1500,326
955,653
1418,477
915,596
635,604
1092,206
1383,433
787,774
1004,725
132,83
846,487
876,175
988,556
1616,157
691,511
1224,330
1051,936
1418,555
1645,212
1100,779
1314,488
1198,780
1090,900
933,748
969,889
884,358
1069,865
1041,636
556,215
644,428
828,476
1141,597
653,649
1069,501
745,468
1040,152
1111,473
1005,989
1629,228
1078,280
358,41
1171,113
1211,497
931,350
1974,25
1082,119
1285,519
1221,672
1383,532
1653,282
1432,482
798,429
1164,407
852,819
783,345
1035,802
766,517
955,550
1418,580
966,901
458,178
1420,130
1874,114
1139,805
1148,826
1096,788
886,342
1504,375
153,117
996,963
638,469
681,427
200,189
1217,589
906,511
1004,812
1173,508
958,796
1569,274
1194,373
1209,326
506,496
1739,251
1327,436
1242,692
764,605
793,291
953,371
1401,447
1044,315
829,726
1827,145
1114,345
1654,282
699,608
1628,244
1178,746
1436,470
857,764
663,357
983,222
1012,315
390,354
889,814
1723,242
1355,570
1101,313
306,300
532,465
1184,630
180,118
1308,553
957,956
1022,548
1314,621
543,83
917,608
1084,621
1384,432
1414,445
1738,201
1050,795
310,185
1387,139
1111,564
1058,331
1139,655
1150,717
1525,401
1209,758
957,761
1449,358
947,531
575,426
1123,863
1794,56
894,803
639,525
961,551
719,419
988,362
768,701
1049,897
1564,67
768,123
973,875
1369,327
1596,368
816,220
655,82
1106,66
1306,672
914,623
624,342
1511,328
1488,479
1881,114
696,559
1254,620
830,193
984,812
1379,523
1347,536
1473,390
684,124
1028,531
1029,744
849,423
93,78
1299,637
1166,522
989,690
871,367
983,638
232,226
1022,816
1276,385
1288,669
771,485
1762,79
882,823
788,509
1384,340
892,876
475,428
1302,644
1891,61
1409,508
1491,310
375,314
1205,521
1193,548
674,473
799,245
1848,103
830,727
988,958
566,457
405,344
1089,709
1844,123
1474,520
938,157
1397,530
529,282
361,101
1449,547
1119,615
535,469
1487,251
1168,761
1475,499
1195,554
1740,256
563,467
1015,901
792,617
850,696
953,397
504,408
692,676
1184,623
938,652
1167,696
947,931
1873,38
1823,96
1463,295
1472,171
1143,752
512,327
586,384
1131,489
725,117
609,461
593,417
964,552
1402,452
839,818
1244,724
528,496
540,236
952,807
1440,532
793,651
1534,248
1514,476
701,507
928,627
1657,321
1850,135
330,313
875,310
789,771
728,635
1130,573
988,987
589,544
1127,156
1152,493
1672,182
1328,122
1106,707
364,177
258,177
840,385
684,510
684,652
1470,504
636,281
907,215
1916,72
1296,679
824,745
1235,521
1208,475
1008,822
857,839
842,652
280,224
825,633
258,168
1489,393
1027,942
1814,186
953,856
1827,123
741,550
1272,657
455,216
1188,438
872,821
498,214
926,513
1042,541
1415,445
1876,114
582,535
767,760
1109,706
907,793
769,688
925,851
481,387
1204,598
1428,492
545,524
907,246
1694,214
824,593
1220,619
864,441
1137,435
1116,807
371,82
676,441
354,75
1489,455
1211,150
593,538
1143,711
802,509
960,768
1134,287
765,617
1042,769
1146,663
877,633
1332,149
574,552
1877,80
1341,642
350,330
790,228
1026,416
683,542
1063,436
1023,909
1007,933
502,73
1939,36
960,954
1092,158
1606,316
692,389
618,609
1177,799
1079,653
365,142
1506,343
983,939
868,788
808,763
616,24
874,606
609,364
1511,248
931,591
1261,352
1567,94
1442,355
1094,878
1204,652
1452,455
1066,829
1647,181
1008,6
566,560
1387,571
384,214
1631,360
1736,237
1348,499
1714,257
1038,718
933,869
1016,950
896,331
1694,287
1600,232
913,802
613,286
1430,147
1530,164
1096,881
1698,148
1969,14
943,720
1456,167
993,977
1130,504
1377,601
979,975
239,232
1128,806
469,224
554,494
985,972
810,431
1222,387
641,366
1154,304
884,875
88,83
948,881
1664,175
1635,131
661,499
960,888
865,566
836,716
1190,350
660,311
1084,536
611,544
1234,619
1132,629
312,296
441,48
1152,554
1085,509
963,358
1073,357
903,823
815,631
900,796
936,872
596,538
632,586
844,843
1436,315
622,580
1612,91
248,203
1329,621
955,938
973,957
1015,696
889,682
1187,478
721,554
1182,473
612,475
1086,756
745,722
1687,287
1064,539
1056,302
1144,848
306,250
644,430
969,767
1925,59
925,796
483,482
359,243
1177,274
850,579
1883,97
996,921
863,621
1379,250
1248,672
692,516
1469,366
696,316
1431,542
668,615
1539,433
1307,539
1147,819
167,128
554,465
1384,585
516,333
891,663
643,442
703,555
420,160
1439,347
610,218
970,677
932,839
475,307
1481,124
765,555
1596,260
1202,756
1272,632
696,411
1404,439
1451,379
869,713
945,894
1005,912
1416,285
1143,741
1328,514
771,623
915,558
971,462
192,91
124,112
1088,740
475,366
1046,703
737,735
568,265
1327,659
1424,575
382,341
1371,524
1440,415
1520,441
1051,760
1187,447
1013,533
974,691
1021,537
533,462
1128,727
1047,889
1293,557
539,226
989,541
685,459
600,290
1135,417
916,537
1036,396
1116,640
989,984
1341,608
819,456
794,731
1499,299
578,342
1010,553
657,648
739,336
1073,373
320,177
955,943
999,889
830,784
570,504
1275,596
774,575
616,581
885,770
977,774
1240,647
399,212
937,707
1260,689
900,620
126,34
1062,685
959,803
1583,417
699,442
915,688
1026,929
1049,777
1368,525
548,375
1022,942
1162,594
871,744
1165,308
1861,53
1351,523
273,174
1020,514
653,247
766,380
1329,377
750,690
986,673
1142,788
1768,194
958,850
1127,850
1023,497
476,441
408,336
1013,516
1222,158
1940,60
849,566
1247,713
603,443
225,181
676,643
1290,621
1052,611
922,899
955,725
1042,31
1799,98
543,518
1698,187
1244,469
553,394
1010,932
760,184
220,114
504,376
626,193
570,542
930,594
359,188
1068,765
1020,883
721,707
1760,231
1659,207
878,572
823,699
727,625
1593,280
1001,805
494,465
1117,655
700,675
1062,332
1097,424
1402,374
1183,479
720,717
1126,678
1610,161
1253,522
628,230
1258,561
863,575
1326,516
982,404
902,852
824,342
712,568
379,210
1623,232
903,639
1373,142
1178,518
764,615
1086,771
1313,666
583,192
1618,335
649,319
1395,423
567,388
688,683
1116,293
351,275
523,282
992,978
1058,930
1428,557
928,918
1626,279
1485,463
670,475
1064,601
820,174
150,124
1163,698
880,878
423,76
1372,539
1278,385
1388,266
800,693
399,373
991,661
1407,553
1140,435
1302,579
142,101
1229,359
1317,82
745,673
1418,376
818,175
255,130
501,418
544,537
1145,755
1629,326
820,252
1716,62
389,321
701,406
487,427
1156,638
1455,249
1389,487
1152,605
389,141
1251,213
1382,534
864,782
1490,218
1148,492
317,289
1191,360
1557,282
995,423
1919,71
1503,470
1391,485
1002,284
1014,844
1159,703
295,222
1617,344
1361,618
1520,126
950,866
107,94
907,692
670,665
852,568
948,556
900,857
456,418
439,437
642,495
538,311
756,411
1053,822
892,830
972,841
1117,630
760,541
1261,712
1011,736
1439,557
1353,582
1322,567
1441,522
831,820
1112,740
1036,253
1566,414
1372,371
941,761
1106,820
1354,398
790,318
444,74
1255,576
1507,148
913,345
581,252
1251,609
777,771
1094,765
1035,879
544,486
940,877
1109,783
1787,147
984,970
864,855
1145,621
210,187
1373,165
955,594
801,634
1058,308
836,832
1165,614
665,426
828,72
1099,377
1166,512
1336,561
1074,762
1282,97
1283,543
1588,329
613,454
898,635
1718,277
1555,373
1027,389
1294,635
495,360
1041,777
1067,489
1167,479
1194,579
975,284
1207,211
1441,501
914,841
1441,192
998,927
921,914
1081,505
1462,533
1068,457
1014,968
1407,517
727,684
1192,759
1343,316
862,779
1049,652
943,912
1186,529
849,457
1066,141
1146,581
551,448
1782,127
483,281
1205,593
522,32
402,400
1052,424
573,535
1140,605
1607,321
1416,355
1853,143
1504,423
583,534
1297,588
875,563
1064,935
473,257
928,788
359,317
617,374
1013,123
1086,800
941,824
799,742
1049,489
1311,517
1075,871
684,103
1436,468
1397,333
916,878
1048,264
1050,561
1245,691
1059,670
786,318
1464,179
890,482
690,554
1539,240
955,159
1098,271
1014,955
889,309
1757,220
481,215
927,913
1335,505
950,909
1114,670
1295,683
1213,717
1610,122
888,499
1060,498
1041,940
1538,277
1448,483
961,76
723,208
1674,269
550,536
754,465
1301,469
183,166
1386,524
1060,872
953,701
836,215
1451,492
1202,784
945,114
631,241
1089,824
578,536
1081,918
1860,125
1222,415
1405,505
1055,739
933,808
1155,618
992,587
493,209
862,845
505,305
761,631
995,927
1096,813
1127,590
766,627
894,485
484,331
1045,51
944,677
780,393
836,765
934,850
901,882
1194,184
1435,348
1240,759
515,484
931,509
1054,922
1242,641
1322,447
932,138
947,942
795,333
880,524
726,434
1088,809
696,304
648,395
903,471
962,832
1220,294
1944,35
983,636
742,627
86,59
1175,721
844,564
1189,739
1275,307
1445,277
1694,132
1701,246
1389,562
1335,531
367,261
875,396
1368,625
1037,912
1432,525
926,869
908,689
1341,317
1795,108
353,294
656,435
770,720
425,116
356,293
811,609
944,380
965,904
756,78
289,260
326,289
488,246
1062,749
1012,663
1643,45
784,510
1082,403
1504,415
429,376
920,883
835,755
1027,788
756,680
517,476
239,169
1018,948
1205,767
1342,571
1032,871
802,309
903,856
664,398
513,238
670,525
1778,141
1015,854
987,830
1578,213
980,770
1151,782
1231,322
767,733
825,698
514,471
417,268
1182,483
775,608
1298,324
757,118
407,371
1018,396
805,784
1317,480
262,221
871,576
954,672
1434,394
1180,749
868,369
1206,487
1389,18
1739,205
28,21
802,693
1657,338
1124,466
456,452
577,574
1371,588
906,711
855,269
1374,548
1026,817
1043,742
1504,445
933,804
961,947
641,98
982,140
628,421
1401,524
833,660
988,872
694,274
1238,462
959,618
1247,574
1229,766
988,539
816,356
1036,900
1263,587
818,344
890,604
894,795
221,211
1293,393
926,541
829,231
1468,292
701,637
1126,833
949,561
656,543
927,818
1007,910
619,310
1384,465
529,463
1332,651
789,186
921,871
927,360
1008,647
1059,719
514,321
882,553
1055,632
914,391
620,280
1323,232
1542,438
609,573
124,73
1316,584
882,837
390,345
836,320
1284,616
557,458
1232,658
1074,715
704,344
1206,230
838,529
1087,837
882,740
1529,426
582,458
1050,574
699,347
824,546
764,381
1380,227
1242,477
1158,756
1320,661
893,860
1284,624
873,551
115,108
117,109
1357,141
1028,698
192,186
1236,664
1105,800
1594,191
849,638
1349,650
911,611
887,848
1095,812
950,874
765,745
1328,561
1016,831
845,770
1044,906
1495,245
1203,602
896,695
1440,287
1152,725
742,525
1059,467
1790,139
691,458
1085,774
652,548
1015,947
1695,304
1195,683
840,441
1017,609
958,531
858,788
893,865
1231,569
1117,614
786,734
1260,518
986,239
1214,350
593,514
717,420
636,391
1581,132
727,416
695,411
1320,491
1064,839
1107,843
616,572
586,411
1133,814
1540,315
342,274
438,413
630,440
1079,622
1371,393
181,178
858,734
1059,862
992,712
802,402
969,520
1333,538
675,595
1224,673
1439,213
1043,847
959,893
790,787
1153,826
1149,283
1016,464
1367,461
536,467
1749,30
1496,101
205,188
762,96
1287,508
602,93
701,426
1044,361
1071,711
1024,793
1409,578
844,727
924,325
1776,183
354,212
1247,569
972,616
532,235
816,737
991,844
1004,664
1418,540
520,134
636,480
874,507
1238,538
997,262
1188,786
1917,51
1125,713
1044,952
1159,653
693,497
1088,617
570,292
527,168
1437,438
1456,535
1083,817
895,844
923,876
376,357
1010,931
744,717
1396,559
231,164
1626,276
873,855
1119,703
1374,445
1448,540
1119,237
1044,322
1796,134
591,550
1543,411
760,151
1100,493
795,590
1132,837
937,603
1283,524
756,543
1192,690
776,600
729,570
1056,648
1343,612
454,187
1691,189
1035,604
1187,526
1031,713
996,282
1625,302
1061,592
972,900
1057,555
1431,424
985,819
448,283
1087,652
1451,543
819,555
368,279
1486,467
1225,716
1632,281
1140,849
1001,721
1556,430
999,901
1666,245
231,194
906,593
595,440
1259,624
124,106
1541,314
1154,769
798,419
1105,889
1238,406
978,157
1641,262
530,301
776,340
1216,385
652,459
882,770
1741,231
1546,322
1333,662
1646,278
532,375
491,260
544,317
1241,595
754,718
907,94
578,566
620,195
760,394
894,307
1076,776
695,476
497,456
623,453
892,759
1877,95
463,400
765,537
1377,259
1080,505
490,323
530,350
1499,270
1391,590
1256,588
576,522
1252,100
980,812
1338,303
864,703
196,186
1711,266
1071,556
210,141
1506,478
689,284
978,722
1407,334
1102,162
1050,320
754,609
1377,588
1205,719
1731,149
1439,552
544,488
1805,165
1151,840
1163,807
1053,419
701,549
1085,881
1493,321
739,725
1273,703
881,537
1085,422
882,833
915,254
1080,904
404,214
696,541
705,582
434,425
846,343
585,581
1175,728
1830,152
220,83
1517,453
411,157
463,91
929,587
637,328
1520,416
1286,684
192,128
1169,205
1033,945
513,318
1058,452
294,59
989,631
708,363
1335,577
1119,821
446,231
1078,565
974,780
1386,428
1214,671
122,99
1326,449
498,275
1220,359
94,92
1317,500
910,236
960,794
1502,454
931,438
1032,853
1125,872
1121,591
918,780
932,871
868,851
1856,142
830,777
677,524
1021,808
522,429
526,438
1079,627
138,137
724,357
1393,540
1108,599
1235,389
518,507
221,84
149,76
731,124
1068,169
687,566
1192,671
1166,266
676,447
1576,339
1074,926
1224,554
363,344
978,537
1500,484
627,398
718,668
953,767
1244,219
1070,168
1315,581
468,320
544,371
604,464
1435,284
1044,616
1142,732
718,569
923,338
778,642
1330,616
730,709
1238,739
605,147
555,488
1000,332
1142,710
579,435
811,372
890,864
714,649
999,880
728,719
374,330
1108,818
1091,684
986,747
931,184
1343,587
1153,787
1135,551
1218,397
1315,459
904,501
436,319
438,290
1753,184
1621,303
524,270
959,789
1089,904
710,626
457,365
1023,666
1496,396
1891,39
1371,272
1767,221
526,254
1469,144
1024,868
1291,619
1088,847
1538,439
797,611
949,807
1343,645
1182,601
1349,495
995,690
1137,814
1292,449
827,448
633,618
937,577
949,435
1109,743
1456,372
993,771
240,136
998,503
1238,479
1102,758
774,741
1236,663
414,204
691,669
924,690
1001,845
1733,37
1042,928
1026,925
701,286
918,633
691,613
863,854
1132,767
1197,435
858,505
940,608
1007,98
1460,502
1005,728
970,553
357,347
797,606
872,374
318,277
1052,550
1442,547
1395,359
1092,246
1926,45
1810,164
560,215
1297,559
1326,455
1583,305
1258,309
990,787
769,586
199,190
1029,907
1366,581
706,624
995,522
829,213
638,263
1368,491
641,222
490,401
526,311
1217,651
893,708
672,668
993,907
1136,784
854,595
1381,416
526,122
1412,439
513,501
656,412
1215,610
652,303
694,610
623,578
935,490
480,474
714,659
1461,236
1355,519
1237,214
1184,636
1132,680
1651,37
777,550
648,358
394,384
1364,471
594,206
489,291
1847,91
1077,902
1449,424
1048,939
1762,144
1055,943
1474,175
1272,627
1711,235
1544,97
507,433
720,577
1595,275
765,600
810,355
1125,245
1317,563
1206,628
1413,364
916,875
1305,645
1119,711
876,874
1719,272
656,415
954,855
824,140
447,417
625,596
1717,279
576,357
1145,688
998,878
1197,547
563,478
825,720
1086,622
572,333
1662,284
403,323
545,507
764,565
963,581
175,143
1427,421
242,66
1156,353
1143,686
942,858
1132,577
851,539
785,604
455,212
947,392
1564,432
1250,703
1114,748
759,628
193,170
1967,16
681,631
1261,231
734,730
1030,726
359,304
682,209
1117,322
1167,597
1235,296
850,314
921,568
229,101
1386,127
991,710
1343,574
872,344
1027,802
801,298
543,120
307,286
930,639
991,986
1369,467
1186,529
523,144
395,332
560,543
1382,497
1115,452
1425,8
1413,53
1055,917
1235,690
1173,742
806,754
934,737
946,934
1097,757
949,691
634,578
1525,419
597,238
708,596
1031,794
792,82
791,480
1219,545
161,116
1255,722
858,733
1202,722
1133,857
1405,398
1260,558
1071,845
300,273
971,616
905,458
542,534
412,233
1161,787
1878,100
1644,313
1124,438
1035,386
995,927
366,320
1478,156
811,555
889,724
911,728
1011,353
1187,108
1116,511
1074,648
1484,383
815,477
498,380
557,518
1167,251
888,848
843,754
434,426
1699,261
444,444
1146,691
801,445
1030,615
756,340
1521,210
887,874
1000,425
449,209
789,188
1288,162
945,925
362,219
1162,288
1304,646
804,651
1083,514
1346,407
1007,841
1067,904
1482,355
1299,205
397,351
1060,340
813,809
1160,811
1301,664
798,667
1067,473
1258,169
1258,723
623,415
309,267
1096,201
436,285
1733,98
1668,301
1219,763
835,819
773,759
1220,267
1747,216
1674,323
1008,960
403,331
897,729
1068,764
838,795
245,234
1109,530
1732,182
1148,422
830,742
1283,699
1008,613
905,902
209,172
1090,772
1334,607
1139,474
1526,296
1503,90
1655,232
552,372
778,488
722,408
1165,568
1191,609
1783,138
1064,556
1070,848
403,164
1521,378
1171,785
951,527
1339,604
1293,539
1490,115
972,152
1181,484
904,823
1640,316
1296,360
604,454
1366,577
719,444
803,585
1087,841
1177,383
848,348
1167,344
550,479
1377,316
724,259
1250,744
953,756
717,434
1230,690
1064,864
1371,593
1506,461
1479,291
1168,764
1001,988
1357,343
1195,557
1285,362
712,255
1448,137
501,388
1270,615
841,705
805,306
1171,645
867,792
675,566
1461,290
1190,737
315,274
1102,578
263,220
1401,488
1295,416
1476,399
309,264
986,799
1625,354
1428,498
1327,146
759,722
746,411
1099,257
715,545
619,221
737,510
1037,648
900,482
294,250
775,666
830,762
827,664
1545,442
940,938
1324,394
1776,72
1461,459
1718,281
1075,674
864,427
1160,721
1421,500
1391,550
1615,373
1734,166
977,808
779,377
1259,443
774,757
838,766
1068,730
338,277
1690,304
437,422
1733,237
661,499
1030,968
767,549
431,227
1220,173
1023,434
1439,490
1399,356
356,97
1137,792
998,453
926,254
599,383
1118,431
913,723
760,756
1152,811
1238,447
890,277
1597,351
887,263
679,275
414,233
638,234
747,322
1163,234
625,328
1006,578
1654,244
318,194
1095,612
368,127
1475,356
1488,66
937,489
1144,546
269,141
1247,134
1088,699
847,697
1587,368
661,617
1173,724
1167,195
1201,584
927,809
509,222
652,185
1014,715
1246,295
1307,611
1444,296
1627,319
1488,512
943,64
1042,698
1365,600
1002,975
1006,800
1467,261
849,706
686,394
1181,545
306,262
444,384
1889,107
614,520
514,437
541,403
277,244
1526,453
119,68
998,965
1144,453
836,754
481,320
1314,547
1116,654
468,311
795,791
756,392
1431,493
989,807
1202,500
762,573
253,235
622,515
1026,918
947,397
653,478
1108,704
1897,76
1098,688
1066,500
641,172
763,741
74,74
942,580
990,848
1006,953
1182,733
1091,441
1235,694
1274,713
1479,414
794,674
756,579
913,809
1107,172
944,828
247,248
1058,872
1395,497
879,829
624,509
548,513
685,500
800,509
736,652
1331,449
989,715
1708,32
1511,445
1479,499
1244,527
899,489
1546,409
789,570
1317,494
1677,311
1256,683
620,238
504,379
529,188
801,645
1352,640
1260,675
958,628
914,817
425,361
951,927
265,208
1086,899
442,95
877,864
1046,780
808,366
1036,537
1135,379
889,646
765,302
755,545
568,355
1314,205
1509,290
814,454
1089,325
989,759
1406,177
723,539
999,873
1664,147
1198,743
1043,922
584,270
1240,450
1075,788
638,512
1302,135
751,718
1281,446
1437,144
1342,606
1532,468
1103,763
946,875
1169,338
1398,422
1173,793
803,795
1532,22
686,420
473,309
1071,479
1347,357
1453,366
1612,381
724,291
1180,554
1089,698
331,322
974,537
1295,696
999,397
1579,140
1007,719
1215,622
648,625
955,790
718,458
568,276
1370,224
1098,306
890,843
636,317
1210,784
1058,798
1084,252
1272,689
707,400
952,200
1005,834
913,738
1709,240
987,857
780,360
1026,613
1361,214
683,653
961,731
667,469
1302,521
1211,739
1086,836
1276,145
591,540
1023,520
102,49
667,247
685,572
890,600
891,889
727,726
1197,677
1267,211
1379,603
1421,567
1012,691
245,239
1136,604
1075,505
1674,319
1576,300
1438,149
1108,321
1360,422
395,260
1025,558
940,934
736,680
1198,758
755,647
1163,734
1188,784
1437,298
817,436
696,629
1032,614
1235,397
613,438
915,875
476,436
964,386
1324,437
1149,819
477,380
12,4
1009,870
1480,297
821,752
839,206
822,607
378,219
967,919
988,893
505,459
1532,430
1405,125
1186,377
995,738
1233,292
1663,44
1021,758
1112,859
722,547
1417,265
1239,621
885,223
1087,794
805,354
728,265
538,348
1609,332
1116,442
818,668
1092,881
1600,198
1175,485
782,658
1001,660
457,274
1072,500
1366,452
1359,540
945,926
947,928
1654,300
996,187
1142,478
1208,555
1121,842
958,905
767,744
914,773
519,269
1200,716
1426,508
1105,544
639,498
878,624
1245,746
1478,493
891,328
1761,15
1391,221
1170,564
1074,892
790,237
224,191
1322,645
404,212
1518,468
1348,451
1343,460
1010,935
685,625
1524,19
1012,340
1019,398
660,633
1019,772
725,483
1468,417
1236,730
1777,129
968,762
712,133
1573,313
29,11
1269,710
896,409
687,608
1602,331
1413,347
704,245
1206,434
1489,431
1017,635
1106,876
1175,604
707,180
357,299
602,523
1085,895
670,632
1005,992
56,40
711,352
936,810
1040,502
846,344
548,320
723,719
935,725
838,729
806,442
1527,183
543,192
1140,485
1858,51
559,374
1105,685
126,120
834,648
1343,468
1340,197
734,677
801,735
953,707
1368,170
315,131
1373,417
1043,522
1194,654
1775,164
726,654
1122,741
964,911
484,279
149,142
1201,412
1765,193
794,778
1407,446
770,642
860,323
1017,830
577,469
564,532
808,660
961,707
570,248
1320,474
1179,635
879,602
722,355
1293,695
983,435
1621,332
964,38
683,291
918,583
1499,487
937,871
366,165
1985,15
821,723
818,300
265,48
1038,703
1748,153
1314,595
912,829
1035,950
1069,308
706,688
1001,354
1275,702
937,836
817,570
1311,179
1807,162
887,615
1510,143
886,632
1265,513
1089,421
1394,150
1061,312
1095,847
1138,843
529,60
1002,816
914,903
796,741
967,729
981,768
851,668
276,264
1085,542
431,222
993,446
744,734
1302,645
980,961
307,301
364,86
734,722
762,325
996,726
1100,823
1207,666
691,542
944,489
975,743
854,780
987,899
435,326
1166,473
1171,542
772,757
899,652
1022,503
1086,807
931,694
671,582
749,749
910,417
1170,393
978,823
1017,551
1281,643
309,231
1268,596
1033,772
1088,559
1064,731
972,826
1136,740
1230,705
1215,564
890,873
145,26
1303,386
777,739
862,545
1431,396
1520,399
1510,285
123,80
1362,597
444,263
1048,856
1446,534
1453,506
428,407
1149,624
1048,46
975,904
1071,569
1282,292
299,259
1642,347
1148,422
464,410
1078,478
1163,634
756,505
1430,542
1486,416
1864,82
810,212
973,708
855,194
822,297
1189,783
484,315
492,411
1319,404
153,143
956,919
239,232
930,820
899,727
1018,857
515,505
1175,787
743,628
574,535
903,669
1707,283
1176,658
1111,485
470,321
1210,416
617,366
1695,156
1438,405
1231,261
938,282
837,660
1417,262
726,320
954,659
599,479
1272,400
909,691
997,681
946,791
764,332
529,524
1003,851
1129,554
1471,259
967,410
538,498
1789,164
1125,447
1275,639
1068,534
988,912
1374,237
1173,787
1227,51
990,915
1687,179
1036,871
1049,767
197,197
1689,300
1099,637
1046,897
828,246
1542,332
352,257
1109,580
1115,849
863,224
1368,568
1392,576
560,545
1136,799
760,566
188,150
1502,443
1122,272
926,786
850,329
977,960
1107,818
1847,79
1345,294
507,376
1139,790
764,718
743,104
418,318
567,550
860,549
1321,363
912,905
601,304
1945,55
1495,317
468,324
1001,63
1679,305
1226,425
799,445
1105,315
1772,27
314,275
989,516
1010,391
1178,351
778,732
243,221
993,858
928,596
1376,621
1216,776
335,309
1446,235
1124,866
928,600
609,222
1073,214
1204,472
1548,162
1270,325
970,164
779,729
1436,434
539,519
1448,533
609,587
1255,740
1607,219
1119,581
960,670
855,538
1117,762
1323,412
1031,86
1256,623
856,823
1430,541
735,336
736,381
579,393
1437,555
771,355
853,224
921,630
746,294
170,161
1073,832
1080,787
952,494
579,315
1038,568
939,539
1589,313
1031,625
1551,291
496,295
1030,520
563,317
708,672
991,973
708,356
1442,499
1057,869
584,576
1758,233
1811,162
1335,580
1082,230
1186,454
889,744
937,808
1385,153
131,128
1038,517
299,243
1286,451
1273,546
172,162
1289,691
366,347
509,376
1028,235
541,403
924,776
1001,656
1291,691
981,909
975,931
896,237
1297,641
1024,466
1875,109
1181,689
1711,260
852,555
1202,422
1209,750
1090,444
779,595
1452,462
1168,766
1144,517
1107,271
604,490
1221,732
780,257
511,375
944,880
1127,531
758,715
996,889
1087,748
564,337
1179,787
762,462
1085,587
743,657
959,797
1002,960
135,121
1204,583
828,691
1317,378
986,716
1430,476
1572,139
1020,960
1054,477
1180,707
1356,268
1310,653
1145,835
1206,204
634,478
1169,50
808,476
1056,942
1261,563
885,624
657,337
656,279
1081,544
421,397
806,52
1307,691
1197,708
1044,833
903,903
197,37
385,326
725,362
1263,485
784,464
1542,265
896,883
750,742
1021,869
188,89
1804,182
1065,642
1100,780
495,195
745,514
686,535
736,526
1288,669
1286,695
1152,608
375,302
913,808
1498,333
915,744
1439,556
1069,875
1181,602
855,804
942,724
1461,536
1031,329
501,184
450,285
1011,930
1476,484
894,863
726,588
519,462
1369,225
713,481
1366,506
540,477
340,190
288,53
706,518
1170,561
576,441
1031,650
645,77
701,679
826,760
609,311
774,767
1582,401
1065,855
531,218
1127,381
1071,859
130,66
1234,568
1131,335
898,775
874,328
822,537
875,710
694,635
1721,132
1300,341
903,740
1382,567
607,218
1094,572
711,658
1335,601
770,311
1460,153
1161,837
983,442
1339,624
442,271
901,868
609,517
1445,402
1840,119
530,475
1179,626
1765,72
988,691
878,384
1090,712
930,785
735,722
689,594
1280,714
1326,647
454,98
102,70
576,59
1873,77
922,392
376,116
1636,107
940,258
1217,689
1033,754
1599,228
1184,721
1426,568
1566,254
727,517
1262,634
992,410
1335,273
1432,560
1072,814
795,785
1018,261
1848,80
914,878
836,629
766,680
1570,334
741,721
686,629
1225,666
996,977
1029,641
664,321
913,850
905,865
829,631
1140,768
970,954
456,312
1099,622
870,689
1445,473
1040,286
832,373
745,598
1655,316
1161,740
944,883
867,630
1076,393
1293,466
368,47
1268,431
826,531
1633,209
796,701
964,837
1935,65
671,665
1214,562
1804,190
547,340
1097,629
675,618
1126,778
970,280
912,741
377,347
1024,766
549,477
1071,820
414,402
1022,194
944,778
592,550
1436,534
1191,488
883,858
1286,442
210,66
1389,178
1054,879
1646,250
213,28
1589,408
791,718
1387,318
685,322
295,229
1049,863
1446,161
1392,563
864,701
1141,372
726,484
1046,229
922,881
968,226
631,618
1165,686
941,740
820,455
1467,334
844,813
1140,163
1236,606
1138,70
1091,801
1593,394
199,89
965,914
962,914
628,458
1368,491
1723,269
1634,104
943,697
1201,604
1050,917
845,343
1293,682
1069,574
768,715
1505,202
1411,524
1159,748
970,200
1155,694
1456,345
1118,665
292,289
1223,437
679,602
799,463
584,468
583,268
1005,636
1061,225
1275,480
1136,564
514,419
1275,604
247,170
685,585
1299,687
1644,297
1424,318
1118,683
1346,649
1126,519
1038,913
1117,463
1309,425
1154,504
661,371
878,212
1169,718
530,184
489,470
1336,526
1362,407
524,323
1092,540
322,309
649,437
1089,667
1556,120
765,610
1314,570
781,762
1268,297
1424,482
1075,894
1683,184
973,611
890,821
1245,270
769,602
1179,474
1088,853
756,755
1271,75
1097,235
729,639
1563,417
337,319
804,460
995,300
1371,541
1315,474
1198,441
561,469
741,265
908,773
1131,813
1177,767
1095,831
496,369
932,502
1178,686
317,254
1086,519
1273,629
802,793
988,813
1093,704
846,768
205,150
1225,386
768,647
1168,650
1071,714
1505,495
1195,793
947,544
1165,680
736,691
746,546
837,297
977,743
1652,242
577,507
715,435
1139,237
813,696
1038,659
1295,473
319,306
1064,789
1434,503
364,71
743,432
476,464
961,531
909,504
437,212
1087,738
709,540
1199,721
1620,313
517,323
1056,657
141,125
1299,274
746,343
681,420
94,28
808,346
1333,506
993,825
1606,387
1282,34
943,886
816,696
978,616
1225,742
1229,720
1162,352
1470,528
370,82
988,932
397,34
450,135
1206,61
481,447
628,324
1266,510
628,460
718,637
1300,632
1657,193
338,283
1291,335
1065,729
945,875
900,890
1097,900
731,633
646,336
1497,486
1955,42
224,190
1104,217
472,186
627,318
1097,394
1469,515
1299,573
1215,651
1235,746
1254,726
1301,649
1283,707
1383,427
257,190
238,47
1022,944
829,337
759,717
472,131
1155,499
995,816
1072,826
1419,560
1289,481
868,608
862,685
793,742
1581,392
1114,764
230,174
854,21
1280,322
1300,687
537,312
1182,675
558,533
1379,437
1080,320
1082,770
888,427
1109,543
310,129
1170,674
1283,507
435,233
1480,143
1008,961
561,515
1041,391
415,254
1013,718
1374,562
913,879
1501,463
198,173
864,851
1440,399
561,460
1370,275
515,305
1345,590
1099,420
513,447
1450,412
490,356
803,38
991,984
650,377
1244,644
421,229
915,808
997,617
385,332
1134,605
568,376
1076,550
987,977
108,97
800,609
872,819
888,487
494,274
1034,532
464,448
1010,934
688,275
427,342
1100,681
1400,419
1086,874
317,289
527,392
603,586
679,529
699,336
1021,858
940,498
647,549
1116,759
668,554
1157,800
1112,873
744,702
260,201
1195,260
982,871
1605,313
1178,377
1595,405
414,289
690,520
1359,637
874,332
1535,162
1914,80
1266,309
781,672
1274,277
229,188
1740,126
795,511
1587,310
615,532
939,534
764,519
989,377
936,727
1019,913
600,591
1387,499
1283,489
1147,475
898,627
943,360
1780,183
1872,118
580,552
1287,610
1424,485
655,198
1308,367
642,598
941,852
816,300
843,419
762,446
946,529
779,676
750,620
1032,834
1030,355
828,429
1627,73
947,285
1012,953
1118,679
1446,397
1063,328
691,638
357,201
957,661
1177,768
956,938
508,443
484,349
488,296
972,635
1153,714
704,702
1238,484
1550,400
1060,894
300,286
698,390
385,59
1574,376
586,537
1844,142
694,628
1275,573
677,11
1530,293
678,532
486,282
243,51
590,468
1027,330
868,354
830,628
644,477
1570,412
975,452
1293,431
1345,646
620,501
1595,227
838,636
958,909
455,419
537,492
1385,420
1307,616
1089,825
1317,534
1763,110
1266,651
954,437
560,273
503,273
981,790
1523,392
1072,717
1847,131
1063,300
820,781
1551,246
879,490
1119,711
1031,826
1245,436
1241,613
320,77
1176,246
1341,548
1462,504
718,593
1218,625
1571,325
1151,434
1068,452
85,78
1244,534
1198,545
1194,521
533,496
1023,966
989,803
595,464
1239,499
903,637
1238,661
1143,704
268,77
828,720
1264,731
1073,521
1571,151
1414,21
641,627
1339,456
1139,414
841,456
1382,349
1335,570
269,256
1110,818
776,676
1101,807
623,482
1295,599
838,464
1418,499
185,157
984,705
60,53
1481,232
1593,256
1217,365
894,308
1077,390
454,376
981,893
1234,629
681,578
570,419
1151,176
1007,761
871,725
361,354
612,611
1441,546
956,928
1046,911
906,770
1165,341
1420,477
1879,17
1305,387
1135,731
1077,542
588,268
715,600
1313,675
1773,218
1323,421
772,679
326,167
1453,176
1597,250
814,363
1057,113
1677,276
540,160
1809,183
812,702
1200,675
1178,365
1487,468
422,244
710,576
1575,394
1052,858
1397,395
1301,487
1364,377
1138,613
1571,416
1198,767
1289,431
1064,431
702,143
1055,297
1026,920
843,820
933,878
734,547
70,60
869,746
1041,496
1144,682
756,674
970,900
1313,441
1477,455
707,327
806,651
465,361
324,220
893,806
989,594
1052,559
1142,561
665,294
921,918
1038,510
1311,427
656,649
161,155
981,752
1014,572
635,556
834,500
1032,662
301,51
1130,862
553,401
736,672
1566,219
894,822
1103,844
1112,869
1445,408
963,167
237,148
1067,647
972,748
1382,446
745,443
1528,183
978,881
989,962
815,401
766,442
1110,847
691,404
783,717
1332,654
1064,463
1044,604
1128,705
1239,213
1068,922
766,694
1384,535
1427,453
866,434
1001,975
1226,715
949,949
1062,936
760,580
505,282
551,131
1053,912
609,406
1005,935
1472,426
828,797
940,890
1057,853
1629,338
194,191
1584,309
649,604
536,476
931,653
314,199
906,826
971,535
1153,299
1420,407
640,477
1052,307
786,489
1014,817
1431,520
1269,495
1117,853
1522,191
1403,271
1546,209
1388,207
932,906
1392,531
449,385
1338,144
1015,481
1641,223
1249,548
1106,707
844,371
990,696
783,622
239,168
831,817
1523,19
1021,927
1345,616
479,464
780,496
1400,350
797,775
1547,197
899,439
1017,776
624,475
951,848
1181,731
1499,491
408,145
581,520
1081,469
965,616
888,862
1686,229
593,547
1460,124
1738,144
1421,354
1098,857
493,441
841,842
1041,914
1187,787
975,883
759,393
898,592
1248,722
821,571
1030,381
797,617
1619,285
515,427
1463,255
761,756
984,756
767,570
991,808
1238,746
1059,778
679,543
1067,933
1063,887
806,765
1265,213
772,532
854,439
385,152
281,238
1340,571
648,372
1313,658
461,356
559,537
111,67
1441,549
406,216
1007,641
492,345
1367,463
1199,718
1195,304
1134,360
1019,771
388,358
906,856
637,403
932,629
1010,893
936,635
1612,370
702,357
853,440
1101,634
378,363
1189,721
990,876
1145,757
317,208
395,355
632,586
672,669
477,315
1097,792
575,489
241,120
1109,707
1119,794
1490,489
903,577
1294,413
645,525
1473,361
1205,391
1280,400
229,185
834,714
800,699
1141,622
667,433
1050,615
738,735
975,968
1200,194
876,263
1170,716
681,617
1010,603
1145,279
1570,259
1607,312
1092,665
806,264
908,877
1054,168
1445,341
1263,427
826,816
657,627
633,315
596,516
962,611
930,587
993,629
731,486
461,423
943,800
927,304
1413,281
1090,726
1760,237
1218,708
1198,657
747,465
1486,513
729,68
543,467
946,267
961,807
1240,450
843,694
827,131
1925,8
991,798
1343,617
1484,418
1008,755
1109,500
974,534
744,741
447,431
279,145
1163,751
1098,709
1349,596
389,246
1386,517
839,708
1313,634
1357,560
572,389
880,603
1208,682
539,210
375,97
1334,354
1084,140
943,588
1029,855
1552,343
1033,860
848,236
982,616
733,117
1372,516
1300,595
622,316
852,835
964,950
1308,417
569,555
384,241
1065,447
941,846
1285,427
1197,614
635,470
1740,159
226,194
1007,940
1817,183
1434,355
1038,240
1324,135
1420,300
1166,723
1526,420
930,645
938,287
961,703
1045,948
1123,216
1008,283
1044,638
231,192
251,202
864,471
765,547
1101,687
1503,260
1169,691
848,634
536,362
1356,644
620,454
1491,484
1134,644
1649,256
739,682
560,472
1223,711
238,201
515,445
735,536
1635,340
1143,449
893,748
1278,547
225,189
1107,706
747,739
1418,565
1085,795
829,545
1215,232
185,41
1398,308
1345,381
994,539
401,239
928,704
786,734
953,750
223,177
542,478
1004,984
1242,186
620,323
1211,764
972,171
1156,553
917,256
630,561
301,223
1762,94
1133,810
561,522
822,532
1450,429
1092,610
1055,461
827,144
908,871
1725,206
391,150
237,112
426,371
1079,832
982,815
815,784
1511,120
1153,632
1309,536
751,587
1035,887
1562,434
1032,651
1030,952
1578,354
1145,360
1393,181
859,395
460,303
977,768
634,381
868,570
896,688
710,318
1163,693
878,720
184,79
42,43
539,467
1502,285
890,876
1139,683
614,360
1033,957
910,340
519,387
765,712
1312,359
24,11
1233,326
859,791
996,935
622,440
934,779
924,487
811,656
370,185
1011,788
792,715
783,408
208,105
1071,839
629,580
190,129
1294,652
976,563
895,829
995,557
535,421
971,683
979,718
1355,484
1335,631
49,46
844,746
1129,834
993,625
1380,112
996,987
979,644
1089,876
1175,266
459,457
949,821
767,749
1718,218
213,206
1203,327
1497,381
813,690
1164,640
463,136
1832,107
1432,411
646,368
1252,741
1771,193
1345,543
507,373
622,575
667,640
1001,889
1384,503
617,595
953,600
1558,386
995,874
1023,918
973,915
919,413
1041,769
1245,407
963,530
693,270
691,273
870,788
920,657
424,394
1088,746
1352,409
1088,841
1055,360
1562,65
1240,597
1574,377
1105,743
749,734
716,244
592,291
642,169
1136,226
632,208
1403,489
1662,257
415,353
694,385
1796,199
1226,677
242,62
944,578
854,504
1353,499
1157,833
672,666
570,354
948,888
1267,248
501,268
1149,392
1102,481
928,273
1283,263
716,269
1224,748
948,436
401,294
1012,887
1227,547
1007,870
1097,864
189,172
1594,378
666,462
1343,222
311,217
1153,841
932,376
1606,350
1077,863
850,836
1117,160
1288,603
387,359
1100,420
734,673
1586,341
624,589
1830,167
973,58
973,323
1542,281
439,240
1094,773
1214,745
1634,351
1397,485
1690,232
870,540
1023,959
955,769
651,524
804,625
1229,321
1219,583
1239,702
987,671
1806,182
1267,578
1007,752
1426,540
1447,242
1085,301
758,470
1061,620
1246,209
1615,265
1773,68
1318,542
1007,949
955,398
1362,305
765,747
378,228
1363,252
1623,373
1111,576
1231,515
672,612
394,200
1244,683
941,891
348,254
1120,850
493,305
994,572
1743,226
597,69
118,107
1093,584
1470,481
946,562
659,510
1091,742
1239,447
1488,235
283,261
1454,491
1154,627
1398,163
473,387
441,96
860,727
1568,404
560,395
1530,376
1098,300
1304,315
559,550
621,432
1168,445
194,182
564,65
895,712
1098,569
1235,681
730,650
685,403
1172,531
875,697
1124,763
1040,664
813,791
518,228
1302,126
1489,267
741,646
557,476
639,493
1777,175
454,116
232,187
1018,929
1278,695
1405,440
965,530
667,632
1280,518
629,488
165,111
825,717
1387,197
1043,601
674,477
862,408
435,426
1709,67
1007,932
1017,749
1568,404
1009,188
683,669
1243,311
986,740
931,906
702,303
911,225
1305,624
1302,265
949,941
1581,218
1242,723
703,694
801,663
1745,230
613,216
740,513
501,268
1364,582
707,540
1206,183
1091,717
314,284
301,280
1781,184
1172,772
1005,976
891,637
1111,736
1478,456
1052,309
1086,474
784,359
1278,693
308,176
1270,495
666,514
1715,173
930,232
1006,991
1885,94
1269,433
1121,865
1258,657
1360,615
682,497
673,648
1580,339
1743,241
864,608
1322,363
1817,144
460,325
1129,823
1389,433
521,327
509,439
1339,474
1554,375
583,205
596,554
1147,610
1103,859
962,204
1301,695
405,382
1161,419
416,270
793,764
1769,231
1232,384
1794,166
633,421
1139,486
233,163
1189,531
952,749
859,641
1715,261
964,498
1369,356
1244,705
1007,427
1071,837
519,422
953,945
1308,274
1361,614
740,296
976,294
1351,621
1832,168
1209,783
1759,204
1007,535
969,621
1113,517
1169,809
429,321
300,68
623,521
1600,257
908,723
1023,921
924,546
953,583
970,600
766,572
1561,347
1328,491
669,557
1244,740
947,835
997,713
631,603
1342,165
89,51
1052,686
644,620
1633,310
577,545
938,736
1265,667
1905,48
545,503
1305,666
561,483
1334,502
626,626
613,350
694,424
884,802
1321,650
1827,53
493,148
775,280
1025,888
889,499
579,376
662,451
1603,390
1222,80
1341,311
1389,469
1120,254
1107,630
567,448
911,449
1358,385
782,696
801,769
927,614
1606,301
1240,221
1130,557
903,495
535,108
927,590
1301,512
1320,250
958,611
241,137
1011,853
577,562
1220,778
1046,820
1084,656
976,936
430,284
875,585
1015,532
1312,668
1880,114
481,204
1570,398
1497,125
966,352
1607,335
1651,275
548,158
1021,782
988,507
1304,387
1423,394
1357,334
807,671
1587,266
1160,418
1287,470
1417,430
794,396
966,883
1367,378
1515,334
1253,525
1276,378
1769,184
1011,938
1314,671
627,119
1131,309
1372,596
1226,509
1228,757
1014,761
1005,784
1395,325
732,637
612,560
204,193
1230,405
1551,287
1377,523
456,446
474,443
1115,525
1095,523
982,332
927,887
1515,459
758,743
1569,420
700,689
309,176
1356,425
1522,415
1483,448
1223,562
555,158
830,46
905,893
1443,156
917,739
731,120
905,700
1113,478
1066,760
901,730
554,464
972,965
975,209
722,674
1176,750
447,442
408,364
579,489
1563,280
1576,415
637,361
1225,730
1275,485
1065,743
820,621
965,689
531,465
383,41
1624,293
496,396
1040,460
1558,374
1088,712
986,987
805,246
1557,362
818,613
544,353
170,86
727,497
723,388
1310,621
1569,416
331,27
819,819
840,817
1238,678
1131,604
873,651
1242,756
688,685
1275,551
584,320
1044,948
1120,620
305,228
999,904
1657,342
897,620
1082,781
716,644
1091,149
485,482
1378,532
744,483
646,605
885,755
858,753
339,145
943,921
741,502
1840,146
1136,263
700,195
837,594
1006,234
986,802
1624,299
1000,292
774,555
1186,693
1097,825
1176,318
1001,595
1099,157
424,408
1531,365
951,844
373,367
527,266
984,949
1637,283
1433,444
724,580
1304,685
746,507
994,74
1531,438
958,753
1155,582
1428,364
976,973
1451,310
774,706
1189,247
997,554
1351,286
106,57
592,289
830,754
613,430
645,92
710,626
1041,591
870,666
1073,224
453,168
1064,786
1160,344
437,363
565,427
999,942
1176,344
989,480
1150,590
387,348
283,266
400,400
704,457
936,936
874,250
790,606
672,104
1181,607
147,21
1527,55
101,74
1247,413
887,743
1534,451
732,725
1806,75
1250,54
816,772
915,318
709,273
1177,710
1180,420
883,420
1015,657
1483,30
1102,708
1552,247
846,686
1173,677
1602,346
1467,489
1038,286
978,764
1279,507
427,420
985,902
825,522
1010,861
887,263
1048,277
922,879
1257,671
970,876
1144,819
929,530
203,151
1304,490
150,24
807,790
660,476
994,211
600,136
1040,915
1069,345
1083,861
1735,114
1298,268
1017,614
1273,616
888,805
1085,893
347,233
824,631
799,399
1481,483
1142,519
1722,199
1972,20
691,556
523,522
1201,707
1524,320
1652,236
879,598
1155,313
1265,657
1002,412
133,127
824,194
1022,579
762,704
975,600
1720,264
1307,431
366,209
1091,631
1208,605
576,45
1370,619
1065,832
1491,455
227,214
985,570
922,477
553,486
586,368
1506,397
1476,499
1517,141
1777,37
797,485
749,687
1228,395
727,704
1045,587
939,818
966,765
663,292
1325,617
728,714
653,634
548,340
613,591
1297,513
635,497
573,221
958,247
453,350
957,590
855,686
960,858
927,495
1439,398
1212,426
1245,624
843,277
641,548
785,768
1496,491
558,531
978,326
1044,952
927,717
853,550
1010,985
848,456
969,949
230,56
931,819
1002,744
614,348
958,618
1804,164
1315,475
1370,593
221,182
1000,711
671,607
1126,837
1043,710
1473,372
108,75
1809,105
978,396
1514,260
1222,507
873,822
1181,471
668,152
817,479
1360,347
1524,441
608,376
838,790
1088,851
1174,240
1284,712
671,666
1920,80
907,824
1601,338
1004,754
1053,694
908,135
864,527
772,591
1408,556
623,526
550,505
546,489
962,903
1283,570
928,849
943,791
1956,18
430,184
1034,881
613,479
1080,710
318,319
1562,416
724,576
881,383
970,550
843,653
1142,768
1025,218
895,211
734,641
466,201
1392,544
745,669
1254,596
1034,773
950,343
230,231
1268,476
863,388
1195,491
1499,313
1363,323
1378,397
602,530
1863,94
1244,559
857,724
1221,571
908,486
1387,554
969,902
1183,624
1225,560
1300,636
1434,562
1866,82
1656,89
1529,463
981,958
881,667
1354,201
1087,584
463,360
992,925
211,126
678,588
201,168
1182,560
560,287
1730,243
977,789
982,101
1155,626
654,634
134,55
1216,651
1174,641
343,341
1056,700
485,242
955,410
1354,476
928,896
1031,797
1086,579
1090,804
1428,516
1211,597
633,303
602,595
671,546
1013,857
1237,623
979,853
1451,529
978,513
781,426
1503,479
1170,614
595,450
920,336
959,687
1610,368
1057,846
698,478
894,319
832,273
1337,381
387,384
847,775
1305,650
1100,790
164,143
1656,233
1272,601
263,251
644,76
1089,625
1175,811
1077,904
736,456
1178,517
1446,395
1362,606
1215,593
204,97
803,788
1135,407
221,167
1361,382
795,713
1007,810
1051,809
781,699
985,564
1314,612
796,417
547,475
830,830
614,271
632,502
1522,80
1022,780
1588,211
1105,813
1213,391
699,508
1002,902
1072,826
1221,383
0
0
0
3
3
3
4
4
5
5
6
6
7
7
8
8
8
9
10
10
10
10
11
11
12
12
13
13
13
13
14
14
15
15
16
17
18
19
20
20
20
20
20
21
21
21
21
21
22
22
22
22
22
22
22
22
22
23
24
26
27
27
27
28
28
28
28
29
29
30
31
31
31
31
32
33
34
34
34
34
34
34
34
35
36
36
36
37
37
37
38
38
38
38
38
39
39
39
39
40
40
40
40
41
41
41
41
42
42
43
44
44
44
44
45
45
45
45
45
46
46
46
46
46
46
46
47
47
48
48
48
48
49
49
49
49
49
49
50
50
50
51
51
51
52
52
53
53
53
53
54
54
54
54
54
54
55
55
55
55
55
56
56
56
57
57
57
57
58
58
58
59
59
59
59
59
60
61
63
63
63
64
64
64
65
66
66
66
66
67
67
67
67
68
68
69
70
70
71
71
71
73
73
73
74
74
74
75
75
75
75
75
76
77
77
77
77
78
78
78
79
79
80
80
80
81
81
81
82
82
83
83
83
84
84
84
85
85
86
86
86
87
87
88
88
89
89
89
89
89
90
90
90
90
91
91
91
91
91
92
93
94
94
94
95
95
96
97
97
97
98
98
99
99
100
100
100
101
101
101
101
102
102
102
102
103
103
103
103
104
104
105
105
106
106
106
107
107
107
108
109
109
109
109
109
110
110
111
111
111
111
111
111
112
112
112
112
113
113
113
113
113
114
114
114
114
115
115
115
115
116
116
116
116
116
117
117
117
117
117
117
118
118
118
118
118
119
119
119
120
120
120
122
122
123
124
124
124
124
125
125
126
128
128
128
129
129
131
131
132
132
132
133
134
135
135
137
137
138
138
138
138
139
139
139
139
139
139
140
140
140
141
141
141
143
143
143
143
144
144
144
144
144
145
145
145
145
147
147
147
147
148
148
149
149
149
149
149
149
149
149
150
150
150
151
151
151
152
152
153
153
153
153
154
154
155
155
155
155
156
156
156
156
156
157
157
157
158
158
158
158
158
158
159
159
160
160
160
160
160
160
161
161
161
161
163
163
165
165
165
166
166
166
166
166
166
167
167
167
167
168
168
169
170
170
171
171
171
172
172
173
173
174
174
175
175
175
176
177
177
178
178
178
178
178
178
179
179
179
179
180
180
180
181
181
181
181
181
181
181
181
181
182
182
183
183
183
184
185
185
185
185
185
186
186
187
187
187
188
188
188
189
189
190
190
190
190
191
191
191
193
193
193
194
194
195
195
195
196
196
196
197
197
198
198
198
199
199
199
200
200
201
201
201
202
202
202
203
203
203
203
203
203
204
205
205
205
206
206
206
207
207
207
208
208
208
209
209
209
209
210
210
210
210
210
210
211
211
211
211
211
212
213
213
213
214
214
214
215
215
216
216
216
216
217
217
217
217
217
217
217
218
218
218
219
220
220
220
220
220
222
222
222
223
224
224
224
225
225
225
225
226
227
227
228
228
228
229
229
230
230
230
230
230
230
231
231
232
233
233
233
234
234
234
234
235
235
235
236
236
236
236
237
237
237
238
238
238
238
239
239
239
239
239
240
240
240
241
241
241
241
242
243
243
243
243
244
244
244
244
244
245
245
245
246
246
246
247
247
247
248
248
248
248
249
249
249
250
250
251
251
252
252
252
253
253
254
254
254
254
254
254
255
255
256
256
257
258
259
260
260
261
261
261
263
263
263
263
263
263
263
264
264
265
265
265
265
266
266
266
267
267
267
267
267
267
267
267
267
267
268
268
268
268
268
268
269
269
270
270
271
272
272
272
272
272
273
273
274
274
274
275
275
275
275
276
276
279
279
279
279
279
279
280
281
281
281
281
282
282
282
283
284
284
284
284
285
285
285
285
285
285
287
287
287
288
289
289
289
290
290
290
291
292
292
292
292
294
294
294
294
294
295
295
295
295
296
296
297
298
298
298
298
299
299
300
301
301
303
303
303
303
304
304
305
305
305
305
306
306
306
306
306
307
307
307
307
307
307
308
308
308
308
308
309
309
310
310
310
310
310
310
310
311
311
311
312
313
313
314
314
315
315
315
315
315
315
316
316
317
317
317
318
318
318
319
319
319
320
320
321
321
322
323
323
323
324
325
325
325
325
325
325
326
326
327
327
327
328
328
328
329
329
330
330
330
330
330
330
330
331
331
334
334
335
336
336
337
337
337
338
338
339
339
339
339
339
339
340
340
340
340
341
341
342
342
343
344
344
344
344
345
345
345
345
346
346
346
346
346
347
347
347
349
351
351
351
351
351
352
352
352
353
353
353
353
354
354
354
354
355
356
356
356
356
357
358
358
358
358
358
358
358
359
359
359
359
360
360
360
360
360
361
361
363
363
363
364
364
364
365
366
366
366
366
366
367
367
367
367
367
368
368
368
368
369
369
369
369
369
370
370
371
372
372
372
372
373
373
373
373
374
374
374
374
374
374
375
375
376
376
376
376
376
377
377
378
379
379
379
380
380
380
381
381
381
382
383
383
383
384
384
384
384
384
385
385
386
386
386
387
387
387
387
388
388
388
388
389
389
389
389
391
391
391
392
393
393
393
394
394
394
394
394
395
396
396
397
397
398
398
398
399
399
400
400
400
401
401
401
401
401
402
403
404
404
404
405
405
405
406
406
406
406
406
406
406
408
408
408
409
410
411
411
412
414
414
414
414
416
416
416
416
417
417
418
419
419
419
420
420
421
422
422
422
422
423
423
423
423
423
423
424
424
424
425
425
425
426
426
426
426
427
428
428
428
428
428
428
429
429
429
429
430
431
431
431
432
432
432
432
433
433
433
433
434
434
434
435
435
435
436
437
437
437
438
438
438
438
439
439
440
440
441
441
441
441
441
441
441
441
441
441
441
442
442
442
443
443
444
444
445
445
445
445
446
446
446
446
447
447
448
448
449
449
449
449
450
450
450
450
450
450
451
451
451
451
453
454
454
454
454
455
455
456
456
456
456
457
457
457
457
457
457
458
458
458
459
459
459
460
460
460
460
461
462
462
463
463
463
463
464
464
464
464
464
465
466
466
467
467
467
468
468
468
469
469
469
469
469
469
469
469
470
471
471
471
472
472
473
473
473
474
474
474
475
475
476
476
476
476
476
477
477
477
477
478
478
478
478
479
480
480
481
481
481
482
482
483
483
483
483
483
484
484
485
485
485
486
486
486
486
487
487
487
487
487
488
488
488
488
488
488
489
489
490
490
490
490
490
490
491
491
491
491
491
492
492
492
492
493
494
495
495
497
497
497
497
498
498
498
499
499
499
500
500
500
500
500
501
503
503
503
503
503
504
504
505
505
505
506
506
507
507
508
508
508
508
508
509
509
510
510
510
510
510
510
511
512
512
513
513
514
514
514
516
516
516
516
517
518
518
519
519
520
520
520
521
523
523
523
524
524
525
525
526
526
526
526
526
526
527
527
527
527
528
528
529
529
529
530
530
530
530
530
530
530
530
530
531
531
532
532
532
533
533
533
533
533
533
534
534
534
535
536
536
538
538
538
538
539
540
540
540
540
541
541
541
543
543
543
543
543
543
544
545
545
545
545
545
545
546
546
546
547
547
547
548
548
548
548
548
549
549
549
550
550
550
550
550
551
551
551
552
553
553
553
553
553
553
554
554
554
555
555
556
556
556
556
557
557
557
557
558
558
558
559
559
559
559
560
560
560
560
561
563
563
563
563
563
563
563
564
564
564
564
565
565
565
565
566
566
566
566
567
568
568
568
568
568
569
569
569
569
570
571
571
572
573
573
574
574
574
574
574
575
575
577
577
577
578
578
578
578
579
579
579
579
580
580
580
580
581
581
581
581
582
582
582
583
583
584
584
584
584
584
585
585
585
585
586
586
586
587
587
587
587
588
588
588
588
589
589
589
589
589
590
590
590
590
590
591
591
591
591
592
592
592
592
593
594
594
594
595
596
596
596
596
596
597
597
597
597
597
598
598
598
599
599
599
600
600
600
601
601
601
601
601
602
602
602
602
603
603
603
603
603
604
604
605
606
606
607
607
607
608
609
609
609
609
609
609
610
610
610
611
611
612
613
613
613
613
613
614
614
615
615
616
616
616
616
616
617
618
618
619
619
619
619
619
619
620
621
621
622
622
622
622
624
624
625
625
625
625
626
627
627
627
627
627
627
627
627
628
628
629
629
630
630
630
631
631
631
632
632
633
633
633
633
634
634
634
634
635
635
635
635
636
636
636
636
637
637
637
637
637
638
638
639
639
640
640
641
641
641
641
641
641
641
641
641
642
642
643
643
643
643
644
644
644
645
645
645
646
646
647
647
647
647
647
648
648
648
648
648
649
649
649
649
649
650
650
651
651
651
651
652
652
652
653
653
653
654
656
657
657
657
657
658
658
658
658
658
659
660
660
661
661
662
662
663
663
663
663
663
663
664
665
665
665
666
666
666
666
667
668
668
669
669
669
669
670
670
670
671
672
672
672
673
673
673
674
675
675
675
675
676
676
676
676
676
676
677
677
677
678
678
678
679
679
679
680
680
681
681
681
682
682
684
684
684
684
684
685
686
686
687
688
688
689
689
689
689
690
691
691
691
692
692
692
693
693
693
693
693
693
694
694
694
695
695
696
696
697
697
697
697
698
698
699
699
699
699
699
699
701
701
702
702
702
703
703
703
703
704
704
704
704
705
705
705
706
706
706
707
707
707
708
708
708
708
709
709
710
710
710
711
711
711
711
711
711
712
712
712
713
713
713
713
714
714
714
715
715
715
715
716
717
717
717
717
718
718
718
718
719
720
720
720
720
720
720
720
720
722
722
722
723
723
723
723
724
724
724
725
725
725
725
725
725
725
726
726
727
727
727
727
728
729
729
729
730
730
730
731
731
731
731
732
732
732
732
732
733
733
733
734
734
734
734
734
734
734
734
734
735
736
737
737
738
738
738
739
740
741
742
742
742
742
742
742
742
742
742
743
743
744
744
744
744
744
745
745
745
745
745
746
746
746
746
746
746
747
747
747
747
747
748
748
748
749
749
749
749
750
750
750
750
750
751
751
753
753
755
755
755
755
755
755
755
757
758
758
758
759
759
759
759
759
760
760
761
761
761
761
761
762
762
763
764
764
764
765
765
765
765
766
766
766
766
767
767
767
768
768
768
769
769
769
769
770
771
771
771
771
771
772
772
772
772
772
774
774
774
775
775
775
776
776
776
776
777
777
777
778
779
779
779
780
780
780
780
781
783
783
783
783
783
785
785
785
785
786
786
786
787
787
788
788
789
789
791
791
791
791
792
792
792
792
792
792
793
793
793
793
794
794
794
794
795
795
795
796
797
798
798
798
798
798
799
799
799
799
799
799
800
801
801
801
802
802
803
803
803
803
803
804
804
804
805
805
805
806
806
806
807
807
807
808
809
809
809
810
810
810
810
811
811
811
812
812
812
812
813
813
813
813
813
814
814
815
815
815
815
815
815
815
816
817
817
817
818
818
818
819
820
820
822
823
823
823
824
825
825
825
826
826
826
826
826
827
828
828
828
829
829
829
829
830
830
830
830
830
830
831
831
831
832
833
833
833
834
834
834
834
835
835
835
835
835
836
836
837
838
838
838
838
839
840
840
840
841
841
841
841
842
843
843
843
844
844
844
844
845
845
845
846
847
847
847
847
847
847
848
848
848
848
849
849
850
851
851
851
851
852
853
853
853
854
854
855
855
855
855
855
855
855
856
858
858
858
858
858
858
858
858
858
859
859
860
861
861
862
862
863
863
863
863
863
864
864
865
865
865
865
865
865
866
866
866
866
867
867
868
868
869
869
871
872
872
872
873
874
874
874
875
875
875
875
878
878
878
878
879
879
879
879
880
880
880
880
880
880
881
881
881
882
883
884
884
884
884
885
885
885
885
886
886
886
886
887
888
888
888
889
889
889
890
890
890
890
891
891
891
892
892
893
893
894
896
896
897
897
898
898
898
898
899
899
899
899
900
900
901
901
901
901
902
902
902
902
903
903
903
903
903
904
904
904
904
904
906
906
907
907
907
907
907
908
908
908
909
909
909
909
910
910
910
911
911
912
912
912
913
914
914
915
915
915
915
915
916
917
917
917
918
918
918
918
919
919
919
919
919
920
920
921
921
921
921
921
921
922
922
922
924
924
924
925
925
925
926
926
927
927
927
927
927
928
928
928
928
928
929
929
929
929
930
930
930
931
931
932
932
933
933
933
933
933
934
934
934
934
934
935
936
936
936
936
937
937
937
938
938
939
939
939
939
940
941
941
941
942
942
943
943
943
944
944
944
944
945
945
946
946
947
947
947
947
948
948
948
948
949
949
949
949
949
949
950
950
950
951
951
951
951
951
952
952
952
952
953
953
953
953
953
953
953
954
954
954
955
955
956
956
956
956
956
956
957
957
958
959
959
959
960
960
960
960
960
960
961
961
961
962
962
963
963
963
963
964
964
964
964
965
966
966
966
968
968
968
968
968
969
969
969
970
970
970
971
971
971
971
972
972
973
973
974
974
974
976
976
977
977
977
977
978
978
978
978
978
978
979
979
979
980
981
982
982
983
983
986
986
987
987
987
987
987
988
988
988
988
988
988
990
990
990
991
992
992
993
993
993
993
993
993
993
993
994
994
994
994
994
994
994
994
994
995
995
995
996
996
996
997
997
997
997
998
998
998
999
1000
1000
1000
1000
1001
1001
1001
1001
1001
1002
1002
1002
1003
1003
1004
1005
1005
1005
1006
1006
1006
1007
1007
1007
1007
1008
1008
1008
1008
1008
1008
1009
1009
1009
1010
1010
1011
1011
1011
1011
1011
1011
1012
1014
1015
1015
1015
1016
1016
1016
1016
1016
1017
1018
1018
1018
1018
1018
1019
1019
1019
1020
1020
1020
1020
1020
1021
1021
1021
1021
1022
1023
1023
1024
1026
1026
1026
1027
1027
1027
1027
1027
1028
1028
1029
1029
1029
1029
1029
1030
1030
1030
1030
1030
1030
1030
1031
1031
1031
1031
1032
1032
1032
1032
1033
1035
1035
1035
1035
1035
1036
1036
1036
1036
1036
1037
1037
1037
1037
1037
1038
1038
1038
1038
1039
1039
1039
1039
1040
1040
1040
1040
1040
1040
1041
1041
1042
1044
1044
1045
1045
1045
1045
1046
1046
1047
1047
1047
1047
1047
1048
1048
1048
1049
1049
1050
1051
1051
1052
1052
1052
1053
1053
1053
1054
1054
1055
1055
1055
1055
1056
1056
1056
1056
1056
1057
1057
1057
1058
1058
1058
1058
1058
1058
1059
1059
1059
1060
1060
1060
1060
1061
1061
1062
1062
1062
1062
1062
1063
1063
1063
1064
1064
1064
1064
1064
1065
1065
1065
1065
1065
1065
1066
1066
1066
1066
1066
1067
1067
1067
1068
1068
1068
1069
1069
1070
1070
1070
1071
1071
1071
1072
1072
1072
1072
1073
1073
1074
1074
1074
1075
1075
1075
1075
1075
1075
1076
1076
1077
1077
1077
1077
1077
1078
1079
1080
1080
1081
1081
1081
1081
1082
1082
1082
1082
1083
1083
1083
1083
1083
1084
1084
1085
1085
1085
1085
1085
1085
1086
1087
1087
1087
1087
1088
1088
1089
1089
1089
1089
1089
1089
1089
1090
1090
1090
1090
1091
1092
1092
1092
1093
1093
1094
1094
1094
1095
1095
1095
1095
1096
1096
1096
1096
1097
1097
1097
1097
1098
1098
1098
1099
1099
1100
1101
1101
1101
1102
1102
1102
1103
1103
1103
1103
1104
1104
1104
1105
1105
1105
1105
1105
1105
1105
1105
1107
1107
1108
1108
1108
1108
1109
1109
1109
1109
1110
1110
1111
1111
1111
1112
1112
1113
1113
1114
1114
1114
1115
1115
1116
1118
1118
1119
1120
1120
1120
1120
1121
1121
1121
1122
1122
1122
1122
1123
1123
1123
1123
1123
1124
1124
1124
1126
1126
1126
1127
1127
1127
1128
1128
1128
1128
1128
1128
1129
1129
1129
1129
1130
1131
1132
1132
1132
1132
1132
1132
1133
1133
1133
1133
1133
1134
1134
1134
1134
1134
1135
1135
1135
1136
1136
1136
1137
1137
1138
1138
1138
1139
1139
1139
1139
1139
1140
1140
1140
1140
1141
1141
1142
1142
1142
1142
1143
1143
1143
1143
1144
1144
1145
1145
1146
1146
1147
1147
1147
1147
1148
1148
1148
1148
1148
1149
1149
1149
1149
1149
1149
1150
1150
1150
1150
1150
1151
1152
1152
1152
1153
1153
1153
1154
1154
1155
1155
1155
1155
1156
1156
1156
1156
1156
1157
1157
1157
1158
1158
1158
1158
1158
1158
1159
1159
1159
1160
1160
1160
1160
1161
1161
1161
1161
1161
1162
1162
1162
1164
1164
1165
1165
1165
1166
1166
1166
1167
1168
1168
1169
1169
1170
1171
1172
1173
1173
1173
1174
1174
1174
1174
1175
1175
1175
1175
1175
1175
1175
1176
1176
1176
1177
1177
1178
1178
1178
1178
1178
1178
1178
1179
1179
1179
1179
1180
1180
1180
1181
1181
1181
1183
1183
1183
1184
1184
1185
1185
1185
1186
1186
1186
1186
1187
1187
1187
1188
1189
1189
1189
1191
1192
1192
1192
1192
1192
1193
1193
1193
1193
1194
1194
1194
1194
1194
1195
1195
1195
1195
1195
1196
1196
1197
1197
1198
1198
1199
1200
1200
1200
1201
1201
1202
1202
1202
1203
1203
1203
1203
1203
1204
1204
1204
1204
1205
1205
1205
1205
1205
1205
1206
1206
1206
1206
1206
1207
1208
1208
1208
1208
1209
1209
1209
1211
1211
1211
1211
1211
1212
1212
1212
1213
1213
1213
1213
1214
1214
1215
1215
1215
1215
1216
1216
1216
1217
1217
1217
1217
1218
1218
1220
1221
1221
1221
1222
1222
1222
1223
1223
1224
1224
1224
1225
1225
1225
1226
1227
1227
1229
1229
1229
1229
1229
1229
1229
1230
1230
1230
1230
1231
1231
1232
1232
1232
1232
1232
1233
1233
1233
1234
1235
1236
1236
1236
1237
1237
1237
1238
1238
1239
1239
1239
1239
1239
1239
1240
1240
1240
1240
1241
1241
1241
1241
1241
1242
1242
1243
1244
1244
1244
1244
1246
1247
1247
1247
1247
1248
1249
1249
1250
1250
1250
1250
1252
1253
1253
1254
1254
1255
1255
1255
1255
1256
1256
1257
1257
1257
1257
1257
1258
1258
1259
1260
1260
1261
1261
1261
1262
1263
1263
1264
1265
1265
1265
1265
1266
1266
1266
1266
1266
1267
1267
1267
1267
1268
1268
1268
1268
1268
1269
1269
1269
1269
1269
1270
1270
1270
1271
1271
1271
1272
1272
1273
1273
1273
1274
1274
1275
1275
1275
1275
1275
1276
1276
1276
1276
1276
1277
1277
1277
1277
1278
1278
1278
1279
1279
1279
1279
1280
1280
1281
1281
1282
1282
1282
1284
1284
1285
1285
1285
1286
1287
1287
1288
1289
1289
1290
1290
1290
1290
1290
1291
1291
1291
1291
1291
1291
1292
1292
1292
1292
1293
1293
1294
1294
1295
1295
1296
1296
1297
1298
1299
1299
1300
1300
1300
1301
1302
1302
1302
1302
1303
1303
1303
1304
1304
1305
1305
1305
1306
1306
1306
1308
1309
1309
1309
1309
1310
1310
1310
1311
1312
1312
1312
1312
1312
1312
1313
1313
1313
1314
1314
1314
1314
1314
1315
1315
1316
1317
1317
1317
1318
1318
1318
1318
1318
1318
1319
1319
1319
1320
1320
1320
1320
1321
1321
1322
1322
1323
1323
1324
1324
1325
1325
1325
1325
1325
1325
1326
1326
1327
1327
1329
1329
1329
1330
1330
1330
1330
1330
1331
1331
1331
1331
1331
1331
1331
1332
1332
1333
1333
1333
1334
1334
1335
1335
1335
1335
1335
1336
1337
1337
1338
1338
1339
1339
1339
1339
1340
1340
1340
1341
1343
1343
1343
1343
1343
1343
1344
1344
1344
1344
1345
1345
1346
1346
1346
1346
1346
1346
1347
1348
1348
1348
1349
1349
1349
1350
1350
1350
1351
1351
1351
1351
1352
1352
1352
1352
1352
1352
1352
1353
1353
1353
1354
1355
1355
1356
1356
1356
1357
1357
1357
1357
1358
1358
1359
1360
1360
1360
1360
1361
1361
1361
1362
1362
1362
1362
1362
1362
1363
1363
1363
1363
1363
1364
1364
1364
1364
1365
1365
1365
1366
1366
1366
1366
1366
1367
1367
1367
1367
1368
1368
1368
1368
1368
1368
1368
1368
1369
1369
1369
1369
1370
1370
1370
1370
1371
1371
1371
1371
1371
1371
1372
1372
1372
1373
1373
1374
1374
1374
1375
1376
1376
1376
1376
1377
1377
1377
1378
1379
1379
1379
1379
1379
1380
1380
1380
1380
1381
1381
1382
1383
1383
1384
1384
1385
1385
1385
1386
1386
1386
1386
1387
1387
1388
1388
1388
1389
1389
1389
1389
1390
1391
1391
1392
1392
1392
1393
1393
1393
1394
1394
1394
1394
1396
1396
1396
1397
1397
1397
1398
1398
1398
1398
1398
1398
1399
1399
1399
1400
1400
1400
1400
1400
1402
1402
1403
1403
1404
1404
1404
1404
1404
1405
1405
1405
1405
1405
1405
1405
1406
1406
1406
1406
1406
1406
1406
1407
1407
1407
1408
1409
1410
1410
1410
1411
1411
1411
1412
1412
1413
1414
1415
1415
1415
1416
1416
1416
1417
1417
1418
1418
1418
1418
1419
1419
1419
1419
1419
1420
1420
1420
1420
1421
1421
1421
1422
1423
1423
1424
1424
1425
1425
1425
1425
1425
1425
1426
1427
1427
1427
1427
1427
1427
1428
1428
1428
1428
1429
1429
1429
1429
1429
1430
1431
1431
1431
1432
1432
1432
1433
1434
1434
1434
1434
1435
1435
1435
1435
1435
1438
1438
1439
1439
1440
1441
1441
1442
1442
1443
1443
1443
1444
1445
1446
1447
1447
1447
1447
1448
1448
1448
1449
1449
1449
1449
1450
1450
1450
1450
1451
1451
1451
1453
1453
1453
1453
1454
1454
1454
1454
1455
1456
1456
1457
1457
1457
1458
1458
1458
1458
1458
1458
1458
1459
1459
1460
1460
1460
1460
1461
1462
1462
1462
1462
1462
1463
1463
1463
1464
1465
1465
1465
1465
1466
1468
1468
1468
1469
1469
1469
1469
1469
1470
1470
1471
1471
1471
1471
1471
1472
1472
1473
1473
1473
1473
1475
1475
1475
1476
1476
1476
1477
1478
1478
1478
1478
1479
1479
1480
1480
1480
1481
1482
1482
1483
1483
1483
1483
1484
1484
1485
1485
1485
1486
1487
1487
1487
1488
1488
1489
1490
1490
1490
1491
1491
1492
1492
1492
1493
1493
1493
1493
1494
1494
1494
1494
1495
1495
1495
1495
1495
1495
1495
1496
1496
1496
1498
1498
1498
1498
1498
1498
1499
1499
1499
1499
1499
1499
1499
1499
1500
1500
1500
1501
1501
1501
1502
1502
1502
1503
1503
1503
1503
1503
1503
1503
1503
1504
1504
1504
1504
1505
1505
1505
1505
1505
1505
1506
1506
1506
1506
1507
1507
1507
1507
1508
1508
1508
1508
1509
1509
1510
1510
1510
1510
1510
1510
1510
1511
1511
1511
1511
1512
1513
1513
1513
1513
1514
1514
1515
1516
1516
1517
1518
1518
1518
1518
1518
1519
1519
1519
1519
1520
1520
1521
1521
1521
1521
1522
1522
1522
1522
1522
1522
1522
1523
1523
1524
1524
1524
1525
1525
1525
1525
1526
1526
1527
1527
1527
1527
1528
1528
1529
1529
1529
1530
1530
1530
1531
1531
1531
1532
1533
1533
1533
1534
1534
1534
1534
1534
1535
1535
1535
1535
1536
1536
1536
1536
1537
1537
1537
1538
1538
1538
1538
1538
1538
1538
1539
1540
1541
1542
1542
1542
1542
1543
1543
1543
1544
1544
1544
1545
1545
1545
1545
1545
1546
1547
1547
1548
1548
1549
1549
1549
1549
1549
1550
1550
1550
1550
1550
1551
1551
1552
1552
1552
1552
1552
1552
1552
1552
1553
1553
1554
1555
1555
1555
1556
1556
1556
1556
1557
1557
1558
1558
1558
1559
1559
1559
1559
1560
1560
1560
1561
1561
1561
1562
1563
1563
1564
1564
1564
1564
1565
1565
1566
1566
1566
1566
1566
1566
1567
1567
1568
1568
1568
1568
1569
1569
1569
1569
1570
1570
1571
1571
1571
1571
1572
1572
1573
1573
1573
1573
1573
1573
1574
1576
1576
1576
1576
1576
1577
1577
1577
1577
1578
1578
1578
1578
1578
1579
1580
1580
1580
1581
1581
1581
1581
1581
1581
1582
1582
1583
1583
1583
1583
1584
1584
1584
1584
1585
1585
1585
1586
1586
1586
1586
1587
1587
1587
1587
1587
1588
1588
1588
1588
1589
1590
1590
1591
1591
1591
1591
1591
1591
1592
1592
1592
1592
1592
1592
1592
1593
1593
1594
1594
1594
1595
1595
1595
1595
1595
1596
1596
1596
1596
1596
1597
1597
1598
1598
1599
1599
1600
1600
1601
1601
1601
1601
1601
1602
1602
1602
1603
1603
1603
1603
1603
1604
1604
1604
1605
1605
1605
1605
1606
1606
1607
1608
1609
1609
1609
1609
1609
1609
1609
1609
1611
1611
1611
1611
1612
1612
1612
1613
1613
1613
1613
1613
1614
1615
1615
1615
1616
1616
1617
1617
1617
1617
1617
1619
1620
1620
1621
1621
1621
1621
1621
1622
1622
1622
1623
1623
1623
1624
1624
1625
1625
1625
1625
1625
1626
1626
1626
1627
1627
1627
1628
1628
1629
1629
1629
1629
1630
1630
1630
1630
1630
1631
1631
1632
1632
1632
1632
1632
1632
1633
1633
1634
1634
1635
1636
1636
1636
1637
1637
1638
1638
1638
1638
1638
1639
1639
1639
1640
1640
1640
1640
1640
1640
1642
1642
1642
1642
1642
1643
1643
1643
1643
1644
1644
1644
1645
1646
1646
1646
1646
1647
1647
1647
1648
1648
1649
1649
1649
1649
1650
1651
1651
1651
1651
1651
1652
1652
1652
1652
1652
1653
1654
1654
1654
1654
1654
1654
1655
1655
1655
1655
1656
1657
1657
1657
1657
1657
1658
1658
1659
1659
1659
1659
1659
1660
1660
1660
1660
1661
1661
1661
1662
1662
1662
1662
1663
1663
1663
1664
1665
1665
1665
1665
1666
1666
1666
1666
1667
1668
1668
1669
1669
1669
1669
1670
1670
1670
1670
1671
1671
1671
1673
1673
1673
1673
1673
1674
1674
1674
1674
1675
1675
1675
1675
1675
1676
1676
1676
1677
1677
1677
1678
1678
1678
1679
1679
1679
1680
1681
1681
1681
1682
1682
1683
1683
1683
1684
1684
1684
1685
1685
1686
1686
1686
1686
1686
1686
1687
1687
1688
1688
1689
1689
1689
1689
1690
1690
1690
1690
1690
1691
1691
1692
1693
1693
1693
1693
1693
1694
1694
1694
1694
1694
1695
1695
1695
1695
1695
1696
1696
1696
1696
1697
1698
1698
1699
1699
1699
1699
1699
1699
1700
1700
1700
1701
1701
1702
1703
1703
1703
1703
1704
1704
1705
1706
1706
1706
1706
1707
1707
1707
1710
1710
1710
1710
1711
1711
1711
1711
1712
1712
1712
1713
1713
1713
1714
1714
1715
1715
1716
1716
1717
1717
1717
1718
1718
1719
1720
1720
1721
1721
1721
1722
1722
1722
1722
1722
1723
1723
1723
1724
1724
1725
1725
1725
1726
1726
1727
1727
1727
1727
1727
1727
1728
1729
1729
1729
1729
1729
1730
1731
1731
1732
1732
1732
1732
1732
1733
1734
1734
1735
1736
1736
1736
1736
1736
1736
1737
1737
1738
1738
1739
1740
1740
1740
1740
1741
1741
1741
1741
1742
1742
1742
1742
1742
1742
1743
1743
1743
1743
1743
1744
1744
1744
1744
1745
1745
1745
1746
1746
1746
1746
1747
1747
1747
1747
1748
1748
1748
1748
1749
1749
1751
1751
1751
1751
1752
1752
1752
1753
1753
1754
1755
1755
1756
1757
1757
1757
1758
1758
1758
1758
1759
1760
1761
1761
1761
1761
1761
1761
1761
1762
1762
1762
1762
1762
1763
1764
1764
1764
1764
1764
1764
1764
1765
1765
1765
1765
1765
1766
1766
1767
1767
1767
1767
1767
1768
1770
1770
1770
1770
1770
1770
1771
1772
1772
1772
1772
1772
1772
1772
1772
1773
1773
1774
1774
1775
1775
1776
1776
1776
1777
1777
1777
1777
1777
1778
1778
1778
1778
1778
1778
1779
1779
1779
1779
1779
1779
1779
1780
1780
1781
1781
1781
1781
1781
1781
1782
1782
1783
1784
1784
1784
1784
1785
1785
1786
1786
1786
1786
1786
1788
1789
1789
1789
1789
1789
1790
1790
1790
1790
1791
1791
1791
1791
1791
1792
1792
1792
1792
1792
1793
1793
1793
1794
1794
1795
1795
1795
1795
1796
1796
1797
1797
1797
1798
1798
1798
1799
1799
1799
1799
1800
1800
1800
1801
1801
1802
1802
1802
1803
1803
1804
1804
1804
1804
1805
1805
1805
1805
1805
1806
1806
1806
1807
1808
1808
1808
1808
1808
1808
1809
1809
1809
1810
1810
1811
1811
1811
1811
1812
1812
1812
1813
1813
1813
1813
1813
1814
1815
1815
1816
1816
1817
1817
1817
1817
1818
1819
1819
1820
1820
1820
1821
1821
1821
1821
1821
1821
1822
1822
1822
1822
1822
1822
1822
1823
1823
1823
1824
1824
1824
1824
1825
1825
1825
1825
1825
1826
1826
1826
1826
1826
1827
1828
1828
1828
1828
1828
1828
1828
1829
1829
1829
1829
1829
1830
1830
1831
1831
1831
1831
1831
1832
1832
1832
1832
1833
1833
1834
1834
1835
1835
1835
1836
1836
1836
1837
1837
1837
1837
1837
1838
1838
1838
1839
1839
1840
1840
1840
1840
1840
1841
1841
1841
1842
1842
1843
1843
1844
1844
1844
1844
1844
1845
1846
1846
1846
1847
1847
1847
1848
1848
1848
1850
1850
1850
1850
1850
1850
1851
1851
1852
1852
1852
1852
1852
1853
1853
1853
1853
1854
1854
1854
1854
1854
1854
1854
1855
1855
1856
1856
1856
1857
1857
1858
1858
1858
1858
1858
1858
1858
1859
1859
1859
1860
1860
1860
1861
1861
1861
1861
1861
1861
1862
1862
1862
1863
1863
1863
1864
1864
1864
1864
1864
1864
1865
1865
1865
1867
1867
1867
1868
1868
1868
1868
1869
1869
1870
1870
1870
1871
1871
1871
1871
1873
1874
1874
1874
1875
1876
1876
1877
1877
1878
1878
1879
1879
1879
1879
1879
1880
1881
1881
1881
1882
1882
1882
1882
1883
1883
1883
1884
1884
1885
1885
1885
1885
1885
1886
1886
1887
1887
1887
1887
1887
1887
1888
1888
1888
1888
1891
1891
1891
1892
1892
1892
1893
1893
1893
1894
1894
1895
1896
1896
1897
1897
1897
1897
1897
1898
1898
1898
1898
1898
1898
1898
1898
1899
1899
1899
1899
1899
1900
1900
1900
1900
1900
1902
1902
1903
1903
1904
1904
1905
1905
1905
1905
1906
1906
1906
1907
1907
1907
1908
1909
1909
1910
1910
1910
1910
1910
1912
1912
1913
1913
1913
1914
1914
1914
1914
1915
1916
1916
1916
1916
1916
1916
1917
1917
1917
1917
1917
1918
1918
1918
1918
1919
1919
1919
1919
1919
1919
1919
1920
1920
1920
1921
1921
1922
1923
1923
1923
1924
1924
1924
1925
1925
1925
1925
1926
1926
1926
1926
1927
1928
1928
1928
1928
1929
1929
1930
1930
1930
1931
1931
1932
1932
1933
1933
1933
1934
1934
1934
1935
1935
1935
1936
1936
1937
1937
1937
1938
1938
1938
1938
1938
1939
1940
1940
1940
1940
1940
1942
1942
1942
1942
1942
1942
1943
1943
1943
1944
1944
1944
1944
1944
1945
1945
1945
1946
1946
1946
1947
1947
1948
1948
1948
1949
1949
1949
1950
1950
1950
1950
1951
1951
1952
1952
1955
1955
1955
1955
1956
1957
1957
1958
1958
1958
1959
1959
1959
1959
1959
1959
1960
1960
1961
1961
1961
1962
1962
1963
1963
1963
1963
1964
1964
1964
1964
1964
1965
1965
1965
1966
1966
1967
1968
1968
1969
1969
1969
1969
1971
1971
1971
1971
1972
1972
1972
1972
1972
1973
1973
1973
1973
1974
1974
1974
1974
1975
1975
1976
1976
1976
1976
1977
1978
1979
1979
1979
1979
1979
1979
1979
1980
1980
1980
1981
1981
1982
1982
1982
1982
1982
1983
1983
1984
1984
1984
1985
1985
1985
1986
1986
1986
1987
1987
1987
1988
1988
1988
1988
1989
1989
1989
1989
1990
1990
1990
1991
1991
1991
1992
1992
1993
1994
1994
1994
1994
1995
1995
1995
1995
1995
1996
1996
1997
1997
1998
1999
2000
2000
2000
2000
2000
