Primero viene la cantidad (n) de timestamps para ambos, luego n líneas que son un timestamp aproximado cada uno separado por una coma (',') del error, y luego n lineas de las transacciones del sospechoso
6005
3,2
79,27
161,23
298,19
575,8
1186,37
74,1
148,38
274,48
523,10
1069,6
84,14
141,37
235,5
557,30
1115,39
24,23
109,12
224,33
412,35
854,43
1671,38
85,38
166,19
260,49
571,44
1088,25
17,16
47,12
162,48
290,9
557,35
1124,5
52,7
61,38
158,26
360,21
659,31
1321,20
8,7
69,9
130,31
215,17
502,28
1002,31
1945,47
88,13
188,23
277,24
566,18
1169,33
32,31
50,34
97,10
242,29
466,24
896,18
1816,3
89,32
185,5
364,1
675,11
1387,41
59,26
140,43
259,10
463,9
1022,11
1958,5
52,10
76,40
221,17
379,6
809,19
1629,33
75,27
148,41
309,13
575,48
1191,2
100,2
112,5
213,20
453,16
973,14
1926,31
57,36
60,43
171,41
350,27
721,41
1430,27
63,15
155,21
295,46
553,48
1078,34
101,15
105,8
264,37
483,42
979,30
1996,1995
21,20
82,24
187,42
366,13
740,44
1487,45
59,6
111,36
194,44
381,14
818,27
1623,28
34,14
98,15
161,47
336,20
690,47
1382,13
50,45
148,29
234,14
485,47
982,32
1978,1977
48,12
55,47
128,46
332,32
579,5
1188,5
98,4
187,7
295,17
647,14
1234,35
23,22
79,28
135,45
295,1
551,40
1098,6
82,38
87,47
249,2
483,22
988,10
1984,1983
43,20
88,46
197,43
338,28
689,43
1389,22
29,28
115,8
157,31
353,14
660,50
1324,11
73,13
112,37
264,23
462,42
973,7
1891,2
60,32
63,35
172,49
335,17
675,45
1395,32
43,6
55,30
168,28
360,27
673,14
1339,6
88,3
161,35
286,47
568,30
1131,50
6,5
100,27
188,7
353,42
665,39
1410,5
59,1
114,48
201,11
383,9
774,46
1575,31
51,9
67,46
184,46
335,44
696,8
1347,30
44,4
145,19
265,17
487,43
948,49
1897,21
99,48
154,36
346,16
628,36
1266,14
16,6
86,32
201,33
346,2
700,34
1390,18
25,24
91,40
159,3
333,2
668,14
1328,47
69,48
145,18
301,44
538,9
1143,3
89,32
174,38
283,42
553,22
1133,39
7,6
106,26
149,1
308,41
603,29
1221,21
15,14
23,22
115,34
213,39
452,50
841,7
1728,1
49,31
116,41
177,47
420,4
817,49
1650,44
44,20
49,24
185,44
318,9
669,45
1298,16
8,7
21,20
62,36
113,47
290,47
534,32
1109,9
87,30
172,1
301,24
591,38
1219,22
46,2
115,48
249,10
493,44
971,30
1895,10
63,8
84,15
222,50
380,21
775,6
1580,47
29,10
90,25
168,24
344,31
676,26
1323,50
83,29
126,26
294,34
537,30
1043,4
46,24
122,6
241,48
422,8
832,6
1687,11
54,1
68,24
146,45
324,7
665,14
1335,21
36,35
82,17
172,44
354,42
723,30
1388,8
13,12
82,15
173,34
333,44
668,26
1282,47
46,16
119,30
265,38
518,33
990,21
1957,31
64,37
109,31
193,19
396,20
792,1
1584,34
67,44
74,40
146,44
332,23
663,39
1360,29
92,2
142,13
284,15
552,13
1120,19
99,49
138,23
275,7
580,20
1166,42
67,49
79,42
179,6
391,32
782,42
1591,45
45,44
97,23
145,50
344,24
681,16
1343,2
83,22
142,24
254,10
535,14
1025,49
100,14
174,17
359,7
673,37
1371,16
82,36
122,49
267,33
542,3
1036,7
18,14
82,40
147,6
271,26
587,45
1135,29
36,13
115,34
183,49
392,41
743,17
1529,22
87,26
125,7
219,44
448,36
904,23
1798,3
81,14
105,40
189,40
381,28
852,12
1645,11
46,27
136,30
278,35
525,4
987,25
1956,2
47,11
82,6
130,45
282,1
555,25
1099,27
93,34
106,7
208,9
437,8
902,46
1782,1
73,46
90,9
184,30
403,35
839,13
1593,50
5,4
44,4
58,32
145,42
260,41
602,1
1181,43
76,33
166,16
333,50
615,35
1233,8
34,33
41,40
84,7
177,49
416,26
765,26
1543,14
2,1
77,34
159,47
309,48
623,24
1198,47
91,40
192,18
302,3
684,8
1329,15
46,43
99,2
224,26
425,42
895,5
1711,1
86,24
136,47
248,2
477,30
971,38
1998,1997
88,42
141,8
268,12
589,36
1131,11
13,12
42,15
82,23
222,28
429,24
880,35
1693,16
64,34
73,16
213,5
380,8
765,49
1523,30
62,49
162,2
265,20
521,18
1081,34
10,9
54,16
66,27
200,3
410,4
804,15
1583,43
12,11
15,14
39,11
98,50
247,8
448,36
960,39
1832,25
11,10
73,14
153,27
337,28
601,41
1190,23
29,28
118,34
158,44
362,20
693,14
1406,20
47,16
69,20
171,30
356,9
655,48
1374,6
60,42
161,46
315,32
576,33
1141,18
44,35
138,17
234,22
478,25
939,5
1887,20
94,47
183,10
286,18
662,38
1240,8
41,6
104,3
164,24
340,9
711,46
1390,37
75,1
110,46
277,11
480,30
1026,41
1985,1984
58,36
157,44
263,30
556,45
1077,15
24,23
123,35
172,30
327,10
672,38
1359,23
52,49
99,13
182,15
349,1
779,43
1502,5
17,15
71,3
137,32
299,11
617,34
1188,21
90,48
108,3
199,49
459,24
921,9
1848,23
21,6
79,15
118,17
253,47
474,4
1040,12
1950,7
35,18
49,18
129,20
233,14
522,31
1068,24
53,42
100,31
219,9
444,40
866,24
1724,47
12,11
27,26
117,17
250,10
453,16
951,27
1898,15
28,19
128,36
159,18
390,50
800,49
1538,32
20,19
45,10
83,1
227,15
462,12
895,17
1779,20
31,26
44,7
171,46
330,10
636,18
1291,26
11,10
33,5
45,37
97,49
278,43
502,11
1067,8
94,21
174,32
301,48
577,5
1228,35
38,19
131,28
173,8
343,21
772,29
1480,1
100,12
118,49
235,21
498,50
1029,7
1995,1994
81,7
83,34
200,3
450,35
902,41
1748,38
53,15
135,37
273,30
535,45
1013,21
5,4
81,33
182,16
364,10
725,34
1413,6
77,14
149,40
326,41
624,24
1252,39
56,11
102,24
192,39
351,8
719,50
1505,50
26,8
95,45
200,31
400,25
748,42
1519,3
1,0
50,3
152,30
287,50
539,40
1069,12
63,25
156,23
251,33
527,36
1075,18
51,43
114,33
242,34
443,8
945,34
1886,22
8,1
56,24
105,16
267,29
468,48
940,12
1911,36
24,23
62,48
183,18
341,8
690,20
1338,39
10,9
55,7
145,39
231,44
442,14
892,19
1857,11
5,4
53,28
144,32
221,7
443,12
891,40
1800,41
7,6
32,10
108,40
203,6
387,43
754,41
1548,46
31,30
80,40
140,47
352,35
699,45
1330,11
21,17
48,45
137,14
247,33
467,21
951,14
1971,4
90,7
172,7
264,28
542,35
1158,43
38,26
114,19
225,2
388,20
838,42
1699,9
1,0
98,28
134,2
299,1
598,30
1206,2
53,47
59,9
145,10
304,13
563,16
1141,16
6,5
103,42
123,41
256,8
520,5
1030,19
76,28
118,5
276,7
556,25
1044,7
85,28
145,49
258,1
540,14
1108,44
61,42
93,14
211,33
382,34
808,7
1576,3
35,18
95,49
150,15
322,28
613,48
1269,40
75,20
171,5
344,32
646,39
1329,49
50,46
73,1
216,42
399,3
785,9
1587,44
29,28
92,25
203,18
335,34
684,40
1412,18
1,0
21,6
52,37
112,38
263,6
498,35
980,30
1961,35
96,37
151,18
346,39
668,46
1332,41
83,28
171,36
341,24
656,27
1280,43
79,28
167,1
265,41
557,2
1117,48
40,30
116,13
240,43
418,37
828,24
1715,13
11,5
37,7
83,10
232,30
413,21
805,21
1662,29
48,30
122,8
178,10
363,9
787,20
1514,19
19,18
21,20
122,12
209,46
454,4
880,35
1760,43
93,46
163,43
270,33
540,9
1153,7
17,16
43,35
148,38
275,12
512,45
1001,12
1980,1979
54,11
150,1
299,25
534,21
1128,43
9,8
68,26
114,20
252,31
467,21
987,38
1969,27
88,17
151,5
265,12
576,34
1100,1
90,9
175,46
319,32
600,22
1277,37
42,19
44,18
177,18
324,50
628,39
1309,31
72,49
98,7
242,20
492,14
979,27
1884,14
66,9
127,6
286,3
536,46
1092,34
63,29
150,4
299,20
539,1
1152,25
78,35
103,24
190,10
458,5
923,27
1754,5
47,1
116,5
261,16
513,16
1013,45
1939,43
9,8
93,40
127,42
242,2
490,12
1025,2
1906,33
43,42
96,22
232,8
434,8
842,36
1659,38
95,18
156,14
347,20
640,50
1247,4
28,16
112,12
159,8
314,32
670,41
1344,14
27,24
49,29
154,42
295,31
624,12
1243,22
17,8
80,13
137,24
305,12
566,8
1109,4
71,14
76,22
170,34
318,1
726,7
1386,26
11,10
55,43
135,46
269,50
502,24
1045,19
52,30
122,42
251,43
479,10
970,37
1929,44
37,36
47,46
179,9
299,49
566,7
1156,19
12,11
63,36
162,47
268,35
531,25
1120,48
11,10
80,20
166,13
292,20
635,6
1237,47
45,44
55,6
150,18
275,29
572,49
1116,3
91,48
189,2
307,16
636,29
1287,43
37,29
130,48
232,32
497,10
960,44
1930,17
95,24
104,22
288,13
564,33
1078,33
89,36
111,45
259,15
478,7
1000,32
1908,41
79,50
109,35
251,7
535,10
1021,15
1944,39
97,13
158,46
291,46
549,8
1135,37
99,1
148,38
305,42
633,3
1207,49
67,26
160,20
326,7
580,50
1162,22
72,30
129,50
289,46
579,50
1119,37
73,48
89,4
197,15
390,17
750,19
1506,23
74,40
86,22
248,48
474,9
955,25
1846,42
5,4
7,6
70,25
128,4
272,5
511,17
1087,31
35,1
92,34
196,28
346,1
673,40
1384,45
53,14
145,15
244,31
524,44
969,9
1947,3
59,25
78,7
186,20
362,22
762,26
1522,44
85,21
173,3
265,9
583,29
1171,31
40,8
99,47
207,14
393,9
759,17
1597,27
51,25
137,33
242,29
482,33
1013,12
1979,1978
52,38
98,35
214,38
415,47
818,4
1634,28
74,17
112,11
234,34
481,44
957,33
1913,4
66,10
98,47
200,21
377,44
841,20
1599,40
59,35
104,28
200,12
417,1
795,49
1632,24
38,14
139,9
216,22
432,10
837,28
1682,17
36,35
59,14
191,31
289,12
657,44
1271,3
99,12
122,19
318,11
571,27
1132,39
82,22
155,34
274,20
524,1
1106,25
27,26
103,46
222,8
367,46
772,29
1537,36
54,25
87,13
187,20
341,18
769,13
1530,29
49,2
118,32
239,32
476,28
975,4
1956,11
23,17
64,49
143,18
327,5
643,18
1210,9
26,25
124,3
240,29
486,8
879,21
1770,4
94,25
129,44
276,25
508,11
1061,15
99,43
165,24
353,27
646,30
1360,34
49,35
126,29
264,23
529,39
1022,8
1937,15
19,18
87,7
158,1
325,3
650,50
1331,38
77,47
145,24
289,7
571,44
1122,37
35,34
39,3
92,19
239,13
419,21
890,46
1790,3
56,47
108,16
179,11
363,32
711,46
1463,7
80,22
87,17
197,25
453,7
917,34
1788,36
44,43
51,17
112,24
225,49
499,38
970,15
1903,19
12,11
77,19
137,7
320,41
583,2
1219,12
71,11
157,14
256,3
556,49
1065,27
63,24
127,35
289,38
566,4
1081,1
99,24
107,38
279,22
492,30
1060,36
72,17
136,43
238,18
546,18
1055,32
14,13
69,47
141,17
267,12
571,43
1152,40
57,2
72,32
159,14
295,23
663,9
1334,4
83,48
170,25
290,50
593,33
1174,34
87,8
172,12
332,35
618,22
1255,6
4,3
56,29
113,11
198,32
445,4
913,32
1783,37
25,24
40,26
142,26
225,27
473,9
935,43
1902,11
44,12
111,26
237,26
488,7
957,49
1924,33
62,27
158,13
251,32
509,15
1080,36
28,22
116,37
200,9
394,29
752,7
1553,8
100,9
193,20
389,24
724,16
1491,41
19,18
32,31
71,18
216,32
366,41
732,28
1506,43
21,20
117,4
232,29
416,44
887,42
1707,34
19,18
72,49
167,39
279,23
553,30
1101,4
40,39
127,32
250,39
462,49
962,22
1852,6
25,24
90,25
149,42
309,7
650,48
1271,28
33,19
132,28
207,24
425,23
822,10
1668,23
59,7
138,50
224,3
514,5
1035,28
1951,36
55,33
111,6
196,15
449,5
812,12
1705,31
39,29
133,43
232,25
414,13
919,27
1796,24
21,20
44,41
126,39
244,13
449,44
969,24
1931,12
99,8
171,44
297,5
659,3
1253,32
53,21
100,49
245,11
460,31
933,27
1831,14
14,13
52,9
124,31
244,34
436,48
930,35
1842,35
61,49
99,18
184,32
417,36
792,1
1620,37
73,17
172,5
307,33
616,25
1228,6
22,21
119,23
201,19
427,22
826,34
1647,14
32,3
51,2
151,40
290,20
593,31
1148,35
25,12
71,27
186,38
339,49
622,28
1259,37
93,31
171,49
337,29
644,4
1281,6
16,15
57,12
147,43
263,7
509,18
1074,44
4,3
7,6
63,2
160,48
276,7
571,3
1086,41
101,25
192,39
302,22
617,14
1228,11
60,43
95,50
174,42
421,26
785,30
1565,25
58,8
124,33
210,18
484,30
969,7
1854,29
47,46
90,6
228,2
388,36
811,20
1628,45
65,32
126,6
268,28
551,3
1088,44
98,9
141,35
246,25
519,19
1060,46
59,40
105,39
210,47
459,35
925,8
1826,50
95,4
100,22
214,1
485,9
957,46
1901,39
60,44
66,17
151,30
325,24
637,50
1245,38
26,16
40,7
145,20
253,26
524,1
1037,48
87,27
142,26
280,4
606,46
1205,32
68,45
110,23
248,7
499,16
1009,6
1991,6
75,38
95,9
196,38
386,12
761,30
1529,36
2,1
16,15
87,32
169,13
336,47
652,22
1327,43
34,10
43,38
94,9
205,3
440,1
849,19
1762,6
22,15
104,4
139,10
267,14
623,7
1246,26
54,40
154,47
266,4
496,11
1050,7
4,3
44,37
142,42
196,50
458,39
856,45
1733,13
57,5
77,34
202,1
396,11
808,33
1545,10
82,18
180,47
297,4
608,23
1208,39
15,1
81,10
131,15
250,16
568,27
1134,25
1,0
32,3
38,21
99,29
177,31
430,15
839,21
1685,22
38,37
65,3
112,14
272,6
573,44
1092,12
84,12
132,48
288,36
508,45
1078,11
97,38
144,24
285,2
626,40
1235,46
70,7
170,43
308,6
570,50
1175,8
39,35
88,36
149,4
303,43
627,26
1209,45
40,32
80,36
188,39
377,26
751,36
1463,21
56,17
153,50
254,18
518,39
1052,38
34,28
127,9
230,42
411,50
893,50
1779,46
13,12
81,24
119,1
245,21
471,45
938,19
1934,7
4,3
91,41
152,36
258,20
595,23
1153,34
89,7
105,28
204,47
440,11
859,30
1703,7
53,28
72,32
224,4
431,29
872,17
1705,1
69,34
135,3
300,9
519,35
1044,15
13,12
82,20
108,4
296,15
520,8
1034,40
59,19
83,2
229,3
428,33
881,39
1699,4
31,22
129,49
179,15
409,36
799,46
1579,34
95,2
157,22
351,29
671,49
1329,35
30,7
84,7
206,18
382,17
737,47
1497,37
7,6
93,48
174,11
368,44
677,8
1327,21
96,21
144,3
246,38
558,19
1119,46
53,15
147,3
268,49
500,47
1010,5
1979,1
21,20
98,30
138,34
324,17
623,22
1272,17
1,0
2,1
78,46
104,16
195,38
462,50
911,40
1792,9
13,5
24,11
133,2
236,7
506,7
926,31
1857,33
84,31
183,25
356,10
707,4
1367,39
33,32
71,50
116,31
244,9
481,14
1004,18
1951,10
17,16
92,14
155,2
289,14
585,2
1176,48
95,16
139,12
287,48
576,10
1118,5
49,6
91,47
160,21
319,15
687,7
1320,24
15,10
108,48
220,17
398,47
744,25
1565,30
82,32
163,38
247,6
533,21
1116,49
87,36
113,31
226,3
443,21
948,2
1872,34
70,29
115,41
265,50
457,39
1000,22
2000,1999
56,10
132,37
213,31
488,17
987,2
1924,46
14,13
21,20
105,44
190,13
379,29
734,1
1501,16
54,20
76,26
132,37
352,22
623,44
1303,18
38,8
45,35
97,21
261,27
523,10
1000,48
1975,1974
17,16
91,1
152,29
353,42
711,6
1392,31
79,50
179,39
280,31
623,14
1163,24
8,7
96,21
125,13
252,33
549,14
1035,33
74,39
161,45
313,11
617,20
1168,4
66,9
143,50
307,49
517,17
1057,3
25,7
92,26
137,47
286,48
609,2
1204,19
51,49
54,44
165,5
293,40
639,17
1215,42
6,5
12,11
117,8
194,14
360,35
769,6
1514,27
61,27
123,26
250,36
445,3
914,1
1820,25
14,13
18,17
79,7
204,9
382,41
748,39
1458,16
97,15
124,7
313,39
618,16
1246,31
68,20
99,43
221,34
404,6
820,25
1630,31
43,34
135,46
192,2
393,44
811,33
1603,4
101,6
142,14
249,23
582,23
1102,1
26,24
105,22
201,23
345,4
709,28
1445,17
98,43
137,12
303,39
540,46
1090,28
31,30
48,13
108,21
203,14
408,35
806,13
1614,29
40,13
129,1
222,4
441,21
862,38
1742,46
18,17
76,10
117,16
312,10
551,21
1157,25
62,34
127,33
217,7
448,20
920,43
1830,45
64,2
92,5
161,12
376,39
696,6
1471,11
36,11
112,8
179,10
412,28
746,26
1495,2
28,12
69,46
158,43
269,20
612,28
1177,43
63,33
98,32
261,31
466,21
963,17
1876,18
25,22
97,39
169,2
349,34
688,43
1337,26
13,12
35,34
122,10
260,23
436,25
902,43
1773,32
50,44
135,4
254,18
539,10
1071,7
29,9
99,41
138,9
341,36
610,45
1262,24
38,26
91,20
212,27
410,24
759,7
1523,42
19,18
97,17
176,36
300,32
637,33
1245,25
46,15
92,50
188,29
392,25
814,28
1631,33
54,49
141,33
216,8
495,34
995,24
1996,1995
29,23
92,38
199,21
371,39
774,14
1549,42
48,20
145,13
252,1
484,26
955,28
1974,7
49,19
118,7
224,37
407,32
889,17
1748,5
19,11
62,24
134,50
262,29
503,36
1079,5
54,46
58,3
115,30
269,27
581,41
1081,24
55,41
138,13
222,19
460,40
924,8
1879,46
63,17
115,36
210,15
426,32
834,17
1723,25
21,20
98,8
171,39
299,30
633,25
1225,19
51,29
94,11
182,21
391,30
790,21
1603,10
48,3
99,35
183,33
397,16
738,12
1518,10
92,2
144,25
250,45
537,17
1121,33
16,15
35,14
147,29
252,11
488,43
973,15
1956,4
69,34
165,29
261,37
528,30
1066,41
12,11
86,9
151,39
327,14
638,5
1250,26
54,23
155,49
295,32
545,5
1130,30
62,11
81,4
198,33
427,43
818,30
1686,7
25,17
101,8
132,39
303,28
572,16
1180,4
47,4
85,36
232,49
449,37
860,33
1696,19
66,28
97,13
208,25
449,50
890,23
1733,7
71,31
82,42
165,1
366,14
770,35
1537,24
23,22
70,48
156,36
320,10
652,38
1246,3
55,1
102,18
234,8
454,30
880,49
1748,4
16,4
57,42
111,49
195,2
387,45
855,33
1651,27
29,15
76,29
204,49
390,19
744,1
1487,26
29,8
40,39
128,37
236,46
469,17
973,6
1974,4
39,31
81,32
175,30
331,18
712,37
1436,17
56,4
127,24
192,4
444,31
890,35
1737,43
38,21
119,41
168,49
406,43
736,42
1567,13
35,4
55,14
172,15
305,35
580,37
1150,13
24,23
66,39
152,38
330,27
656,44
1243,7
75,10
160,5
276,11
602,1
1153,32
20,19
21,11
85,29
206,22
351,38
721,41
1492,36
58,46
98,12
209,15
369,17
759,31
1542,38
18,6
115,5
148,29
360,12
728,49
1469,25
70,35
120,35
198,11
392,8
867,21
1663,24
71,29
155,6
246,17
534,2
1075,26
10,9
81,35
167,39
313,21
667,14
1281,45
83,6
151,24
244,12
539,49
1052,16
96,19
133,39
316,42
549,18
1192,6
95,34
195,45
351,8
705,40
1432,19
40,11
75,47
163,4
315,12
595,13
1273,2
2,1
50,23
83,31
138,8
285,21
562,24
1147,23
43,23
56,41
152,12
255,29
527,38
1035,9
98,32
111,15
294,36
599,11
1137,45
71,40
118,43
250,42
445,34
972,45
1857,32
8,7
106,23
167,15
326,45
631,4
1327,18
85,10
120,19
230,45
494,37
963,21
1920,36
33,32
87,32
145,18
309,40
608,10
1188,45
57,29
147,34
232,21
487,33
949,44
1886,21
86,25
165,30
301,17
639,8
1250,43
93,39
99,48
202,50
443,9
890,10
1804,7
44,20
99,8
147,47
311,43
607,49
1283,39
98,41
180,6
355,39
714,21
1360,5
41,30
71,28
166,22
376,37
658,42
1398,1
65,40
94,35
199,50
448,17
885,25
1721,14
80,44
179,34
325,14
648,20
1332,10
60,43
135,27
286,11
504,13
1078,7
38,37
96,27
169,21
390,37
705,8
1460,36
14,4
111,12
153,23
375,48
733,36
1476,43
59,24
141,22
254,35
506,15
982,9
1962,26
65,39
107,8
250,12
499,36
922,29
1891,43
72,25
129,20
245,1
456,36
923,28
1851,14
9,8
97,24
191,6
327,38
716,23
1426,29
62,47
140,37
222,8
468,25
911,16
1826,42
82,25
152,47
262,37
557,17
1063,22
53,33
100,14
227,40
404,27
833,38
1618,36
57,24
89,7
175,16
391,29
714,47
1431,38
97,29
164,1
356,22
712,20
1379,4
62,28
143,49
286,13
589,19
1092,4
20,19
107,1
223,25
388,42
792,44
1608,2
87,27
126,32
255,23
550,5
1075,18
52,6
145,19
224,24
520,42
1005,31
1973,1972
26,25
65,40
129,26
245,50
534,19
1068,15
43,28
143,40
225,3
447,45
872,45
1830,26
83,38
159,45
305,32
611,33
1212,14
17,5
40,27
102,24
257,23
507,1
933,42
1947,7
86,14
187,10
365,36
695,14
1354,32
29,28
111,17
215,5
426,45
855,21
1663,49
68,20
75,34
160,4
345,44
653,16
1362,4
86,30
181,31
324,10
679,49
1358,1
23,22
75,16
148,20
323,22
670,8
1297,41
36,20
129,23
260,29
508,1
970,50
1993,1992
66,13
103,13
186,26
421,44
859,24
1706,34
99,11
125,43
285,20
512,39
1103,50
37,23
85,44
194,33
339,8
710,36
1446,37
42,31
125,22
189,41
434,42
850,30
1711,49
30,5
68,46
170,18
366,9
655,45
1296,14
33,32
84,50
179,23
395,36
787,26
1575,40
60,47
96,47
159,46
343,10
680,47
1430,13
87,17
146,43
327,31
562,17
1202,23
86,35
186,39
326,34
688,7
1336,29
90,27
133,31
291,12
578,36
1118,5
80,31
168,38
276,21
609,38
1190,34
37,23
74,6
170,29
347,5
709,28
1424,45
18,17
118,11
196,27
342,4
693,16
1405,23
52,1
121,44
208,14
387,1
847,20
1698,31
38,9
115,14
237,32
399,12
839,42
1690,49
99,41
122,21
314,31
594,2
1202,24
29,28
64,47
184,18
308,4
592,23
1242,34
92,13
98,19
211,6
416,16
896,48
1721,14
10,9
106,50
198,50
395,25
747,39
1457,44
33,10
49,35
155,50
275,37
578,34
1122,9
97,49
114,16
309,50
555,39
1082,33
12,11
77,41
187,30
285,1
575,38
1182,22
101,41
190,47
336,17
705,37
1338,34
54,37
69,19
138,48
293,40
582,5
1142,13
37,36
94,29
219,24
397,3
848,34
1650,48
58,9
154,36
287,35
524,3
1048,21
93,13
112,39
256,21
522,41
1041,48
66,38
136,22
274,6
559,11
1037,14
22,21
66,6
92,34
240,44
484,36
930,23
1935,46
59,18
152,2
229,31
498,39
958,2
1975,1974
101,25
167,42
289,33
643,37
1209,43
97,22
101,22
235,10
529,18
1032,48
1993,1992
57,3
141,30
225,36
465,8
907,45
1808,1
27,26
86,29
156,30
328,33
671,41
1271,38
51,15
58,49
133,45
322,11
637,49
1253,45
15,14
106,18
211,9
408,24
761,1
1595,36
43,37
125,3
183,16
366,3
761,22
1536,42
33,32
39,13
79,45
155,9
339,15
652,20
1357,20
3,2
85,30
160,41
264,42
595,47
1177,14
77,33
113,6
236,36
468,24
951,20
1883,31
4,3
82,22
155,7
290,44
582,17
1187,7
100,38
174,36
347,40
687,45
1361,47
8,7
109,33
123,15
271,17
512,22
1052,17
60,3
132,30
271,33
522,23
1083,37
49,48
95,37
213,44
371,41
741,47
1492,37
60,41
100,33
194,50
367,10
745,31
1515,35
3,2
71,3
142,39
311,39
538,15
1133,45
12,11
88,40
129,3
257,30
585,11
1097,33
83,25
128,5
292,3
565,47
1157,32
91,40
152,4
280,49
585,12
1111,22
90,6
189,3
369,17
678,41
1388,32
32,11
71,23
188,44
305,8
634,33
1282,8
25,24
50,4
146,22
227,5
469,34
987,38
1993,1992
46,33
82,15
133,21
356,41
645,4
1283,47
59,10
146,35
234,42
515,10
1044,39
1915,42
24,23
44,39
161,41
330,4
617,26
1196,6
69,1
165,11
323,14
578,10
1157,9
79,36
173,27
311,14
601,46
1199,7
100,43
145,48
282,46
538,41
1129,5
22,11
43,42
118,28
223,7
461,12
935,34
1862,16
29,17
36,29
149,30
247,49
505,23
1053,39
95,21
122,39
240,1
468,14
979,36
1936,41
7,6
92,48
189,45
383,14
747,48
1511,3
2,1
35,34
110,25
199,49
397,13
794,29
1627,32
15,14
74,9
177,31
342,3
697,17
1376,19
6,5
50,42
97,49
198,50
380,20
780,19
1538,47
34,14
94,37
161,4
359,4
748,4
1452,7
36,15
51,36
89,33
219,37
430,10
845,16
1679,37
76,44
171,5
328,6
660,49
1316,13
40,37
110,30
183,46
381,46
727,13
1463,49
91,48
135,19
236,2
512,13
1021,36
1976,1975
33,23
61,2
152,26
293,13
584,9
1150,42
78,42
158,47
251,44
534,25
1062,11
101,43
133,3
325,32
619,13
1235,16
64,46
98,10
240,28
435,23
892,8
1775,12
34,21
70,16
198,27
324,33
650,31
1370,5
1,0
21,20
70,4
162,34
293,4
585,10
1133,47
82,6
178,12
335,27
657,47
1316,26
73,30
128,7
231,14
434,2
897,48
1834,3
70,3
144,31
273,18
538,30
1094,18
57,31
66,26
152,27
366,50
688,29
1418,4
53,38
113,42
189,35
360,20
731,45
1527,19
5,4
84,20
189,31
364,13
703,18
1420,38
85,37
149,11
285,9
572,12
1095,44
76,4
134,22
226,5
531,31
1048,32
62,40
138,50
260,17
551,31
1092,41
10,9
91,34
151,8
298,37
640,26
1204,26
69,2
160,3
234,29
490,9
1019,43
1973,4
39,36
52,7
185,32
363,25
725,30
1375,18
55,15
60,5
157,22
275,11
630,14
1249,9
99,38
189,37
332,40
642,27
1348,37
27,26
125,17
232,18
455,22
917,1
1813,12
21,10
53,2
104,33
220,21
482,29
908,35
1809,13
24,23
62,47
186,47
311,41
654,49
1291,48
12,11
50,1
132,27
224,44
485,27
955,39
1951,15
100,19
120,1
273,22
548,40
1061,30
98,36
122,6
248,34
538,8
1035,22
40,32
130,18
228,50
479,3
890,7
1839,4
101,8
130,47
299,6
596,15
1177,40
66,3
139,48
245,48
550,47
1064,27
34,30
43,23
137,5
254,14
501,33
995,24
1931,29
78,8
120,3
207,26
428,15
892,39
1812,6
77,17
175,36
265,21
531,10
1089,23
98,9
106,35
287,43
525,50
1031,50
5,4
92,28
197,48
296,2
673,21
1361,16
32,31
103,48
219,29
379,36
781,14
1559,29
39,2
117,11
195,30
377,26
811,4
1557,38
38,22
112,33
210,17
444,41
846,43
1668,30
16,15
66,10
120,23
261,7
494,49
961,3
1921,46
1,0
41,7
134,38
179,26
387,16
842,41
1644,38
35,31
39,22
151,28
249,37
488,35
1022,27
1937,31
100,43
201,45
303,3
638,30
1267,24
95,18
164,15
267,36
627,22
1174,29
59,47
101,10
203,22
461,4
895,36
1782,8
4,3
57,35
96,22
212,13
413,21
796,17
1668,24
25,24
33,22
150,18
258,38
523,31
1090,15
74,19
153,42
230,28
479,21
1017,14
1957,1956
93,42
177,15
311,31
635,37
1247,43
88,42
155,37
337,14
629,20
1298,43
50,18
71,32
172,35
363,13
682,36
1391,4
53,18
69,30
219,16
395,8
786,28
1599,25
47,14
93,24
151,7
325,6
637,20
1281,25
65,25
83,10
152,26
328,32
661,23
1300,18
25,24
80,39
179,27
346,21
703,42
1357,21
76,8
126,22
218,33
471,28
894,26
1826,31
79,13
123,46
257,37
523,23
1044,8
32,31
123,34
165,26
331,23
677,33
1390,30
61,35
76,7
177,43
370,12
700,21
1422,4
54,43
97,22
233,34
412,48
864,22
1736,9
61,43
84,48
235,46
437,23
872,34
1784,32
83,20
146,10
254,4
521,9
1007,11
83,41
113,44
223,45
494,39
1012,22
1979,1978
20,4
102,36
151,9
336,28
702,23
1390,39
53,38
95,43
199,38
407,35
762,36
1593,3
30,29
101,43
215,46
407,25
807,35
1584,34
47,25
82,43
132,29
266,2
535,18
1091,39
43,25
47,31
178,25
274,43
546,35
1176,48
43,24
62,8
155,25
271,27
594,19
1167,47
96,3
164,6
346,13
636,32
1304,31
100,30
132,27
304,42
592,20
1147,7
88,34
135,35
253,3
560,19
1135,35
45,14
93,14
198,29
424,34
826,19
1623,13
46,20
55,34
125,18
264,49
545,47
1054,40
85,36
101,22
265,6
504,3
1036,14
1962,4
21,17
119,9
236,25
424,46
899,42
1765,23
98,47
108,7
285,26
541,47
1045,13
99,26
144,33
286,19
572,33
1131,37
91,50
129,34
284,7
513,26
1087,2
63,14
83,9
166,21
385,38
731,26
1457,50
82,15
150,20
263,26
594,13
1122,19
14,13
68,48
150,25
312,32
569,14
1115,48
44,42
62,39
145,14
281,49
568,4
1167,42
25,24
30,29
129,12
236,35
505,44
1016,37
1980,1979
56,38
97,9
237,11
423,14
818,44
1684,9
87,50
130,2
227,50
530,23
979,23
1997,1996
15,14
16,15
96,4
145,50
351,30
706,9
1401,35
68,3
89,42
251,2
430,32
909,24
1833,47
72,23
89,33
257,24
444,6
950,8
1893,1
57,47
137,33
248,30
480,37
1012,6
1946,43
80,30
146,10
308,20
603,42
1229,19
51,36
101,42
242,25
442,38
857,9
1722,36
21,12
97,35
189,4
384,9
725,18
1436,41
84,2
140,50
280,43
544,44
1065,23
46,10
137,30
198,27
395,25
829,16
1645,24
56,8
101,18
197,9
455,4
865,20
1730,3
91,14
159,37
284,33
571,50
1167,41
88,42
132,16
258,19
485,27
972,34
1959,1958
27,20
32,31
151,25
251,49
541,11
1097,1
92,23
112,41
235,4
463,6
942,4
1847,43
20,19
57,45
136,25
303,14
612,1
1212,7
53,18
113,5
237,5
503,34
909,9
1862,27
98,5
120,27
301,10
520,33
1121,29
27,26
92,32
170,3
317,5
695,26
1363,23
15,14
100,36
155,38
312,44
680,30
1335,7
90,45
171,10
337,35
630,34
1313,13
9,8
19,18
39,36
122,39
248,17
523,45
1043,10
58,33
121,27
194,40
454,16
853,45
1769,18
62,16
108,29
231,1
409,5
865,1
1740,3
7,6
25,19
65,26
151,36
257,21
604,11
1210,43
37,26
100,24
191,31
335,30
759,1
1500,8
6,5
37,31
130,42
202,49
387,33
824,42
1675,35
74,11
175,14
323,19
623,5
1274,23
55,6
114,2
250,10
480,28
916,30
1860,37
37,36
137,24
193,39
411,18
860,31
1651,20
12,11
95,14
143,28
300,25
565,40
1186,26
78,30
120,20
242,38
467,43
923,48
1912,8
6,5
96,6
145,9
328,36
629,16
1284,30
92,15
141,23
264,12
530,30
1073,29
79,4
89,20
191,27
425,12
810,24
1688,43
65,13
154,37
237,44
512,27
987,24
1909,34
72,5
104,4
268,21
511,47
1035,30
1987,1986
39,19
46,7
101,46
188,22
433,13
817,2
1679,25
19,18
31,8
102,18
195,31
378,26
727,3
1453,26
14,13
52,49
107,26
238,33
468,22
904,42
1843,49
46,10
60,38
145,32
320,5
576,27
1162,3
68,21
69,50
175,20
400,21
741,18
1547,46
16,15
71,9
139,20
297,18
577,48
1145,39
26,13
104,37
188,34
391,28
775,10
1517,2
68,10
146,17
226,39
456,5
927,1
1869,8
74,16
125,28
263,43
469,36
1001,10
1952,1951
66,20
147,19
215,7
529,9
968,28
1934,44
13,12
20,19
118,12
245,23
435,16
842,33
1763,45
68,8
161,34
265,26
584,22
1144,15
81,1
125,33
256,41
480,48
1038,40
1951,44
10,9
37,36
57,15
147,41
317,21
639,25
1271,31
99,21
149,21
251,49
592,13
1104,10
53,49
131,40
244,21
450,47
950,44
1838,17
95,25
111,15
250,21
494,42
954,23
1905,48
2,1
54,12
100,28
164,23
393,22
776,2
1515,47
54,47
140,35
270,42
508,34
1072,2
95,45
136,18
245,48
491,31
1013,28
1986,1985
81,21
92,36
272,23
481,27
995,46
1935,13
75,12
110,35
186,35
405,33
835,15
1623,22
33,8
73,9
110,12
300,1
561,8
1096,23
76,46
165,47
243,17
500,48
1014,12
1997,1996
62,14
160,41
245,23
484,36
1009,48
1917,11
5,4
17,16
74,29
128,27
292,21
536,45
1058,9
82,2
183,34
320,24
603,35
1257,36
55,12
136,32
257,46
456,19
991,38
1985,1984
1,0
34,33
119,44
250,7
474,35
940,24
1917,12
86,39
136,42
301,18
600,48
1193,46
99,50
148,30
322,7
654,23
1252,4
10,9
107,6
176,36
323,16
705,8
1330,20
77,5
137,44
265,30
553,25
1084,12
52,25
121,50
186,18
365,25
750,44
1518,9
15,1
33,7
149,2
226,25
488,37
967,2
1977,1976
5,4
60,11
118,19
213,2
478,27
936,2
1869,26
75,8
159,11
296,30
555,2
1163,27
62,42
120,39
202,6
474,42
866,50
1824,2
51,7
75,7
169,6
338,29
634,44
1325,25
23,20
37,7
129,4
195,21
482,40
874,9
1799,13
16,15
95,1
152,25
348,4
691,49
1379,33
18,17
113,21
170,42
334,47
717,14
1447,36
55,42
107,13
218,15
480,7
897,43
1854,30
52,6
98,25
173,38
379,27
738,19
1493,11
94,24
186,9
309,20
608,22
1234,20
33,32
88,13
212,37
340,45
733,17
1473,25
26,25
121,17
242,5
427,39
864,33
1748,30
76,36
109,39
257,32
459,33
951,21
1869,44
35,8
126,38
190,15
374,44
743,37
1545,40
1,0
59,32
150,12
249,1
484,21
945,41
1964,1963
31,9
43,42
100,48
198,9
405,4
831,11
1672,41
85,35
151,50
253,26
556,2
1053,7
11,10
97,40
167,42
373,40
746,23
1454,6
97,31
124,1
230,4
502,37
1017,30
1956,25
87,4
108,25
197,8
467,8
902,35
1768,38
84,50
132,6
254,14
476,2
1016,2
1978,1977
72,42
136,13
259,39
543,15
1014,9
42,25
123,48
179,17
410,49
781,35
1578,3
87,42
117,9
260,50
537,49
1024,45
61,13
138,50
273,43
501,25
998,11
1938,41
38,27
77,18
116,15
265,12
596,32
1124,22
41,40
120,30
241,39
417,20
912,36
1763,8
69,31
133,10
207,33
461,37
952,18
1918,13
56,49
149,36
304,3
583,29
1183,49
76,37
163,12
338,8
609,13
1190,36
12,11
62,30
170,17
320,18
637,36
1212,34
75,19
93,48
195,38
428,7
861,5
1657,38
34,33
72,29
145,36
279,5
604,26
1148,7
52,14
87,46
232,23
468,1
880,22
1780,14
71,11
73,24
151,42
336,17
684,11
1404,43
7,2
58,12
106,42
250,24
522,26
969,7
1996,1995
44,25
90,34
160,27
315,26
621,12
1320,22
41,14
45,37
154,50
258,32
586,34
1097,50
35,34
92,7
180,9
395,2
766,27
1541,10
32,31
68,15
128,4
244,10
481,48
1009,22
1977,6
20,19
91,31
168,25
350,49
700,16
1430,29
68,41
103,36
264,44
476,2
935,13
1850,16
57,23
111,10
216,17
475,33
927,30
1815,50
77,10
78,7
188,42
402,46
799,19
1559,31
46,28
74,19
215,31
372,27
747,26
1522,7
28,20
33,32
66,48
217,12
443,14
870,6
1661,24
24,23
86,44
154,13
316,45
623,23
1302,7
40,38
42,11
122,50
289,13
501,25
1058,44
96,27
149,30
286,46
610,4
1232,16
59,46
86,5
208,5
429,43
853,31
1686,43
20,2
90,31
152,26
264,28
579,9
1128,39
101,40
176,48
283,20
610,13
1211,49
93,16
118,44
214,45
523,47
960,11
1926,6
37,7
114,9
216,19
398,7
836,45
1657,50
18,17
117,29
226,30
409,16
807,3
1652,15
36,18
86,13
179,1
398,20
781,38
1493,21
70,45
118,30
249,3
523,40
980,9
1943,13
99,40
170,29
342,39
674,46
1365,11
11,10
62,41
120,19
220,1
467,4
930,14
1892,31
64,10
70,47
225,9
444,2
900,35
1742,12
38,13
42,27
162,33
271,42
563,13
1141,43
95,27
185,21
336,33
647,28
1278,40
95,29
178,35
307,7
650,27
1264,23
32,13
35,34
127,19
203,14
475,43
951,20
1919,18
57,14
80,17
193,45
382,46
748,44
1480,48
19,18
86,22
171,1
298,36
612,9
1239,42
39,10
74,5
174,19
335,3
715,48
1387,29
91,43
135,23
280,34
530,28
1080,19
7,4
81,7
95,38
258,28
497,36
1025,38
1905,15
52,10
146,12
237,25
445,34
904,43
1879,21
19,18
76,47
194,44
363,29
675,20
1398,30
77,18
146,48
297,28
597,49
1175,14
44,7
100,27
159,23
351,30
729,45
1446,34
24,6
103,18
203,25
374,34
759,44
1503,33
64,2
86,8
188,12
397,28
745,30
1545,42
38,7
121,28
256,49
444,16
912,19
1849,23
31,4
113,7
245,24
463,15
933,30
1806,21
63,22
105,38
221,10
464,40
906,36
1835,26
99,11
134,21
255,33
539,35
1037,32
44,31
93,49
184,34
353,34
722,49
1430,20
71,48
172,7
297,9
631,46
1220,45
56,34
149,38
247,30
543,12
1034,44
72,26
113,29
225,14
508,13
971,19
1920,5
53,41
72,24
170,1
315,24
615,29
1273,40
25,24
33,4
88,32
207,30
435,25
855,5
1704,25
39,38
96,43
180,3
369,50
782,6
1519,29
32,9
72,20
120,2
250,42
538,42
1045,12
69,22
92,26
252,44
463,19
973,15
1950,32
56,45
71,24
191,19
387,2
725,14
1472,32
91,35
168,26
307,48
587,45
1167,46
22,21
99,31
217,20
381,26
792,32
1542,1
25,23
79,40
140,50
319,29
613,27
1261,34
68,6
99,45
193,32
390,48
774,47
1607,39
40,28
85,2
141,33
334,42
658,45
1348,13
19,18
91,44
207,18
411,41
742,5
1489,23
61,33
162,32
313,31
580,15
1194,1
53,15
142,14
254,47
511,3
1012,33
1937,30
17,9
115,36
179,3
375,45
754,19
1473,41
10,9
89,45
145,36
279,1
593,25
1149,22
14,13
64,34
171,45
342,33
676,7
1316,39
54,40
92,16
190,37
406,50
794,15
1633,3
55,47
74,8
157,46
315,43
684,20
1372,25
51,20
75,39
141,39
284,20
598,8
1212,9
89,15
99,37
277,44
466,28
934,40
1965,4
13,9
84,36
131,36
282,44
520,21
1072,6
5,4
22,21
58,37
116,22
252,31
518,20
1066,12
51,50
56,9
197,8
345,37
664,11
1350,26
10,9
43,42
89,20
159,31
311,36
705,1
1352,25
71,29
140,32
223,4
492,4
1021,29
1963,12
74,41
171,5
296,28
559,19
1105,9
75,21
130,30
275,16
498,5
1076,35
75,15
76,49
246,6
492,36
953,3
1889,29
91,13
112,39
263,1
489,32
983,50
1989,1988
27,26
101,46
181,11
373,18
734,46
1513,36
42,31
123,25
250,24
476,18
992,31
1980,1979
36,11
81,6
190,12
350,2
690,48
1428,43
33,16
60,12
127,48
287,33
569,12
1088,16
83,15
157,10
306,47
568,13
1180,29
17,16
100,28
152,26
308,43
608,26
1204,33
16,11
109,21
225,26
407,36
830,29
1681,20
66,5
109,33
185,46
417,15
848,16
1664,33
87,33
116,26
296,13
590,15
1121,14
93,21
144,23
262,1
595,5
1174,2
39,38
69,31
199,12
350,13
709,3
1459,23
80,29
158,43
333,10
576,10
1184,48
78,1
163,27
330,8
572,48
1184,17
12,11
110,14
217,25
436,48
844,49
1647,11
87,4
111,6
210,45
442,43
887,2
1784,6
67,29
166,26
261,33
533,21
1114,14
86,15
133,8
288,27
513,47
1082,2
95,41
134,48
242,35
524,7
1005,11
97,27
181,24
374,5
748,10
1480,22
88,44
104,47
257,3
468,8
1000,36
1939,47
11,10
97,44
144,42
277,41
536,26
1096,43
82,19
151,46
287,15
573,34
1115,45
69,41
115,47
285,32
538,13
1084,38
77,38
134,34
243,23
471,11
963,13
1955,43
79,10
123,19
214,33
512,38
936,28
1870,3
79,50
88,35
186,30
429,20
881,8
1737,41
56,29
99,33
176,40
398,7
777,4
1561,34
25,24
31,30
108,39
246,40
417,25
876,11
1790,32
53,23
122,2
183,47
434,47
888,12
1761,25
22,2
55,28
167,8
299,26
598,46
1142,9
9,8
81,41
91,15
196,38
389,45
784,47
1584,37
79,47
167,42
340,11
609,13
1226,26
20,19
117,44
159,9
309,38
699,6
1317,28
56,26
104,27
226,24
467,19
912,7
1847,11
4,3
63,9
142,2
233,2
504,35
1032,7
1960,37
74,41
163,13
312,28
598,10
1179,35
72,10
116,41
238,35
489,4
1009,42
1940,31
1,0
12,11
65,36
144,23
319,5
579,35
1140,38
46,44
75,30
129,48
256,20
594,31
1134,8
14,13
24,23
95,20
209,19
365,12
803,11
1604,39
53,16
75,49
182,43
367,1
747,46
1451,3
34,26
56,27
121,17
271,49
507,19
997,23
1949,17
56,31
72,47
166,26
375,16
683,45
1385,35
5,4
103,39
124,25
260,28
548,48
1054,7
96,6
122,14
223,22
462,21
992,48
1954,10
7,6
67,27
171,17
247,16
536,37
1097,22
45,19
134,24
273,40
496,36
977,47
1935,5
7,6
59,7
137,15
281,19
526,9
1013,50
4,3
102,5
158,45
364,6
711,17
1436,44
3,2
10,9
50,47
68,2
191,34
328,20
679,24
1383,26
4,3
60,21
146,13
260,7
564,45
1126,37
1,0
53,28
147,23
238,27
514,46
960,41
1949,50
62,17
161,15
271,32
590,5
1133,43
37,24
107,41
150,47
324,34
646,36
1266,13
98,44
140,36
250,8
546,39
1059,9
96,30
99,17
221,50
514,45
956,18
1897,15
60,17
103,24
226,11
421,41
856,47
1729,40
55,50
114,33
194,1
365,37
749,46
1507,9
55,20
60,50
214,6
405,22
796,9
1564,21
40,34
95,27
229,13
403,32
805,40
1618,21
54,16
82,11
233,44
436,28
866,3
1731,18
28,27
84,31
145,32
283,22
628,47
1171,44
4,3
100,14
139,27
280,14
622,35
1229,10
91,19
151,46
342,19
659,41
1330,21
72,29
132,14
275,14
554,38
1040,10
83,34
164,2
328,28
601,11
1257,1
23,22
50,20
155,41
305,8
573,48
1144,47
52,38
86,47
200,21
359,8
736,43
1448,18
3,2
99,29
172,30
341,44
665,20
1352,9
37,3
97,10
181,23
362,1
709,9
1444,30
69,46
121,38
199,48
420,38
825,8
1691,2
26,25
100,23
190,9
416,35
764,7
1585,30
14,13
96,24
155,1
338,1
610,36
1259,26
87,41
142,48
268,24
539,22
1091,30
57,16
138,2
238,3
447,34
967,49
1893,16
70,47
163,43
268,27
592,9
1126,2
39,5
135,19
180,28
387,8
769,20
1545,6
48,47
87,46
222,12
364,41
766,33
1562,32
99,35
172,27
320,30
612,24
1205,47
23,22
38,37
96,42
242,47
485,37
921,24
1839,49
34,31
38,35
130,16
218,39
501,17
927,18
1943,9
93,20
172,13
343,39
673,6
1289,5
65,49
110,17
186,23
404,38
802,45
1665,4
53,1
152,16
245,30
535,39
1019,38
34,11
58,35
173,3
280,25
615,45
1210,23
9,8
48,35
107,27
211,44
411,43
885,23
1771,4
59,18
106,27
221,40
415,30
859,14
1677,37
60,28
145,35
235,4
445,9
908,38
1797,45
22,21
63,41
104,6
253,44
445,33
972,43
1888,9
3,2
57,13
139,49
271,37
472,12
1003,46
1978,4
46,13
96,40
169,40
367,41
696,6
1396,22
42,41
50,4
176,42
340,12
642,33
1325,31
52,19
70,8
201,13
357,41
768,17
1535,3
97,50
134,47
269,12
558,27
1107,8
61,40
67,45
196,8
410,27
764,24
1532,21
101,22
159,37
265,19
556,46
1152,15
28,14
50,49
107,32
198,5
437,22
850,44
1697,27
52,21
136,47
213,8
417,48
861,50
1700,14
6,5
78,48
94,5
230,36
416,36
873,39
1784,49
75,35
147,22
313,43
546,11
1127,23
36,35
101,41
197,47
362,23
775,16
1547,29
68,44
104,23
241,48
457,43
877,17
1836,43
83,20
120,41
209,26
491,34
926,2
1909,40
98,24
160,33
319,28
661,45
1311,5
81,24
126,20
255,44
470,20
1003,3
1949,48
92,5
123,16
304,22
535,14
1133,14
56,10
61,49
155,5
319,20
649,42
1290,10
46,28
111,23
161,28
394,21
748,1
1514,26
67,6
130,24
233,17
472,48
967,20
1902,40
5,4
63,19
123,36
289,16
511,44
1086,25
18,17
77,34
130,49
284,3
586,11
1108,21
64,48
128,35
219,19
484,17
948,18
1897,36
71,29
161,43
252,14
530,33
1081,38
36,4
69,9
125,20
283,15
538,29
1107,25
73,8
158,16
234,10
510,7
1030,9
84,20
156,16
312,8
559,49
1122,21
85,39
159,25
250,18
497,29
1008,41
1978,1977
48,42
73,5
149,48
359,39
690,21
1336,1
30,29
41,34
125,45
269,31
544,24
1047,7
73,50
97,44
205,34
434,23
871,2
1777,2
59,8
74,18
229,10
419,8
812,28
1669,14
13,12
91,7
112,13
268,16
580,20
1125,14
68,3
139,43
227,24
479,38
943,7
1932,39
9,8
17,13
68,22
122,23
230,47
537,35
997,23
1930,33
74,25
115,6
223,1
483,24
993,16
1930,33
21,20
120,46
144,4
342,35
657,15
1298,13
8,7
46,2
86,21
203,4
411,1
801,5
1615,34
93,49
96,40
290,9
510,9
998,46
1933,5
52,44
101,5
171,18
392,17
740,17
1479,28
95,43
196,10
346,19
728,39
1379,18
52,17
148,34
264,38
557,37
1044,5
46,5
133,48
238,1
457,27
957,24
1905,41
56,23
81,37
160,50
342,10
739,1
1385,35
101,38
130,3
284,23
556,12
1157,32
19,13
40,39
113,28
234,5
460,4
905,50
1872,14
56,14
67,28
219,10
373,49
734,15
1500,12
33,3
91,5
126,31
337,4
672,17
1269,2
84,25
183,13
336,28
663,41
1352,32
57,43
141,17
263,12
546,47
1038,25
29,4
45,33
75,40
188,49
420,22
837,12
1675,6
2,1
35,5
69,39
146,42
345,24
660,22
1315,46
68,20
117,18
227,3
456,22
957,23
1914,42
93,5
135,20
246,5
575,47
1067,49
34,33
88,25
223,47
410,4
764,47
1532,13
20,18
118,22
147,31
367,24
714,27
1424,46
94,19
129,45
235,37
527,19
1078,16
36,23
55,34
108,40
291,24
546,24
1103,1
9,8
93,2
159,21
315,37
612,25
1215,48
80,30
160,34
251,18
492,20
1006,14
1981,17
58,33
91,16
217,22
463,19
884,47
1810,32
36,35
129,20
210,48
464,11
924,3
1841,26
69,7
143,4
297,36
595,10
1107,9
46,1
51,47
126,43
281,44
591,19
1189,14
92,6
95,28
255,45
501,42
987,5
1936,10
24,11
90,44
125,48
288,50
591,15
1204,33
99,11
167,8
316,3
623,49
1255,11
13,5
81,22
117,19
306,6
596,7
1199,27
62,50
65,40
132,13
273,28
545,42
1176,3
9,6
70,3
172,41
294,42
642,4
1241,29
58,17
126,23
230,6
431,45
916,18
1835,17
92,17
101,50
232,43
440,29
912,19
1862,6
7,6
75,8
142,14
288,2
525,9
1056,39
30,8
48,47
172,23
313,20
628,32
1195,15
93,38
172,27
270,25
622,29
1187,20
54,26
74,41
136,16
343,39
689,48
1391,29
41,39
115,16
226,38
386,22
821,5
1647,17
48,14
61,45
144,25
305,41
629,21
1267,1
20,19
53,28
94,37
234,8
473,24
966,43
1873,31
27,23
36,27
142,49
224,30
517,44
989,39
1997,1996
86,47
169,48
339,50
630,24
1234,23
20,10
76,41
140,44
280,16
582,50
1145,36
43,21
131,43
231,39
461,34
912,36
1861,24
76,19
135,31
288,6
515,26
1085,45
10,9
65,2
163,1
307,29
588,15
1213,21
81,22
94,4
248,16
468,2
988,17
1971,9
85,13
139,5
248,20
564,47
1061,41
91,10
157,45
266,48
565,31
1160,42
10,9
57,13
110,23
259,32
451,43
988,44
1960,20
35,33
79,48
209,28
330,42
742,14
1486,43
71,42
102,45
270,2
492,30
1032,22
1942,4
55,2
84,15
170,27
364,33
767,28
1534,36
65,31
133,39
241,29
496,31
988,46
1968,31
54,3
120,5
251,48
433,40
926,20
1817,37
21,20
82,40
104,7
264,37
519,32
1085,16
19,17
73,25
175,9
315,24
603,42
1228,45
32,7
127,20
167,3
338,35
724,20
1435,26
70,27
136,45
284,18
514,35
1091,10
5,4
46,17
115,6
241,27
452,4
921,37
1861,24
1,0
101,4
170,17
372,24
709,22
1376,27
37,36
107,21
206,24
414,1
840,22
1624,36
96,21
189,29
378,32
685,1
1390,22
47,13
124,41
221,43
439,29
858,43
1702,48
18,17
33,32
78,12
164,11
330,2
661,28
1285,18
57,23
139,2
296,24
525,41
1040,32
85,22
147,11
244,40
570,30
1111,47
42,15
89,18
154,23
341,14
693,6
1372,46
4,3
55,22
89,46
240,21
487,5
950,11
1826,12
72,20
163,50
335,7
597,35
1214,4
60,10
134,28
203,43
413,11
885,50
1756,26
45,43
66,3
190,20
306,18
699,6
1319,40
74,43
156,12
288,45
613,8
1215,35
3,2
10,3
43,24
134,7
237,38
512,44
954,35
1953,20
39,1
138,28
274,18
492,43
972,44
1968,19
21,20
64,33
111,47
242,14
476,35
987,41
1995,1994
5,4
18,17
74,8
112,45
219,33
501,7
980,46
1988,1987
44,26
108,18
209,13
419,24
852,39
1680,38
74,25
134,30
268,13
561,37
1110,38
15,14
72,8
163,26
318,6
667,40
1319,21
58,11
128,10
237,22
467,37
941,44
1894,6
54,44
152,35
207,27
479,12
921,3
1838,41
44,35
60,35
139,11
327,43
596,31
1239,7
33,6
101,48
207,46
388,36
766,7
1547,38
69,10
86,12
175,2
408,21
828,32
1579,14
4,3
23,22
75,50
203,42
387,37
726,1
1445,31
8,7
63,6
112,29
283,19
489,43
1017,8
1930,49
90,28
104,19
291,21
578,2
1123,16
83,38
158,17
311,19
631,12
1228,43
91,39
163,40
348,35
669,14
1273,15
42,40
66,25
169,3
329,39
687,26
1368,36
90,14
136,20
310,14
622,45
1173,13
60,37
87,12
215,43
398,26
849,9
1629,37
73,33
111,41
215,50
494,37
974,30
1911,24
13,12
66,22
155,5
242,2
563,32
1046,32
72,11
121,7
263,30
521,33
980,27
1987,1986
39,3
90,20
223,18
409,13
793,38
1595,12
81,39
97,30
179,19
394,27
780,20
1559,20
22,7
98,26
151,38
336,27
682,25
1315,27
94,17
195,31
358,8
662,41
1334,16
65,49
123,48
277,22
565,7
1036,46
6,3
26,25
125,15
198,35
380,30
754,14
1553,8
97,37
149,47
298,21
566,34
1159,41
64,2
154,27
279,43
597,41
1146,36
84,11
173,8
313,26
583,47
1169,38
79,18
151,25
314,10
643,28
1267,12
7,6
28,21
132,46
190,39
447,9
887,33
1725,29
90,18
175,5
274,32
607,19
1214,9
88,15
119,3
220,12
518,45
1043,6
1909,44
65,39
118,28
258,20
479,41
936,5
1891,12
26,25
69,41
96,1
238,31
529,12
960,2
1910,47
11,10
64,23
142,45
239,31
548,24
1086,25
83,3
127,31
251,49
548,30
1021,5
29,17
68,27
109,17
237,22
522,48
1032,50
1949,19
21,20
116,46
204,24
429,25
866,3
1641,26
45,28
110,33
236,13
421,5
854,43
1679,15
60,29
131,16
206,38
418,23
897,38
1776,16
96,15
165,27
287,36
598,44
1221,45
17,16
79,46
164,24
337,17
691,24
1327,32
54,14
136,33
241,45
483,8
992,25
1917,45
17,16
62,8
156,19
281,32
577,39
1176,36
3,1
29,28
63,48
99,5
268,30
464,41
976,45
1926,27
58,27
90,7
206,46
448,26
806,23
1668,29
90,33
188,41
365,29
733,8
1452,3
11,6
30,9
91,7
133,4
299,11
572,8
1181,23
19,18
89,47
117,26
324,30
579,3
1184,28
84,8
144,24
282,46
589,42
1136,13
42,41
137,39
212,3
418,45
811,14
1713,2
22,18
120,7
154,35
340,22
643,11
1355,29
56,46
144,39
292,45
515,15
1054,36
69,33
75,10
155,49
391,23
791,20
1562,17
75,21
122,18
297,32
496,7
991,44
1995,1994
13,12
23,19
58,31
179,7
277,44
557,16
1197,18
63,20
156,20
311,29
555,48
0
0
0
0
0
0
0
0
0
0
0
0
0
0
0
0
0
0
1
1
1
1
1
1
1
1
1
1
1
1
1
1
1
2
2
2
2
2
2
2
2
3
3
3
3
3
3
3
3
3
4
4
4
4
4
4
4
4
5
5
5
5
5
5
5
5
5
5
6
6
6
6
6
6
6
6
6
7
7
7
7
7
7
7
8
8
8
8
8
8
8
8
8
8
8
9
9
9
9
10
10
10
10
10
10
10
11
11
11
11
11
11
11
11
11
12
12
12
12
12
12
12
13
13
13
13
13
13
13
13
14
14
14
14
15
15
15
15
15
16
16
16
17
17
17
17
17
17
17
17
17
18
18
18
18
18
18
18
18
18
19
19
19
19
19
19
19
19
19
20
20
20
20
20
20
20
21
21
21
21
21
21
21
22
22
22
22
23
23
23
23
23
23
23
24
24
24
24
24
24
24
24
25
25
25
25
25
25
25
25
25
26
26
26
26
26
26
26
26
26
26
26
26
26
27
27
27
27
27
27
27
27
27
28
28
28
28
28
28
29
29
29
29
29
29
29
30
30
30
30
30
30
30
30
31
31
31
31
31
31
31
32
32
32
32
32
33
33
33
33
33
33
34
34
34
34
34
34
34
34
35
35
35
35
35
35
35
36
36
36
36
36
36
36
36
37
37
37
37
37
37
37
37
37
37
37
38
38
38
38
38
38
38
38
38
39
39
39
39
39
39
40
40
40
40
40
40
40
40
40
40
41
41
42
42
42
42
43
43
43
43
43
43
43
43
44
44
44
44
45
45
45
46
46
46
46
46
46
46
46
46
46
46
46
46
46
46
46
47
47
47
47
47
47
47
47
47
47
47
48
48
48
48
48
48
48
48
48
48
48
48
48
48
48
48
48
49
49
49
49
49
49
49
49
50
50
50
50
50
50
50
51
51
51
51
51
51
51
51
51
52
52
52
52
52
53
53
53
53
53
53
53
53
53
53
53
54
54
54
54
54
54
54
54
54
55
55
55
55
55
55
55
55
55
55
55
55
55
56
56
56
56
56
56
56
56
57
57
57
57
57
57
57
57
57
58
58
58
58
58
58
58
58
59
59
59
59
59
59
59
60
60
60
60
60
61
61
61
62
62
62
62
62
62
62
62
63
63
63
63
63
63
63
63
63
63
63
64
64
64
64
64
64
64
64
64
64
64
64
64
64
65
65
65
65
65
65
65
65
65
65
65
66
66
66
66
66
66
66
66
66
66
66
67
67
67
67
67
67
67
67
67
67
68
68
68
68
68
68
68
68
68
68
68
69
69
69
69
69
69
69
69
69
70
70
70
70
70
70
70
70
70
70
70
70
71
71
71
71
71
71
71
72
72
72
72
72
72
72
72
72
72
72
72
72
72
72
72
72
73
73
73
73
73
73
73
73
73
73
73
73
73
74
74
74
74
74
74
74
74
74
75
75
75
75
75
75
75
75
75
75
75
75
76
76
76
76
76
76
76
77
77
77
77
77
77
77
77
78
78
78
78
78
78
78
78
78
78
78
78
79
79
79
79
79
79
79
79
79
79
80
80
80
80
80
80
80
80
80
80
80
80
81
81
81
81
81
81
81
81
81
81
81
81
81
81
82
82
82
82
82
82
82
82
82
82
82
82
83
83
83
83
83
83
83
83
83
83
83
83
84
84
84
84
84
84
84
84
84
84
85
85
85
85
85
85
85
85
85
85
85
86
86
86
86
86
86
86
86
86
86
86
86
86
86
86
86
86
86
86
87
87
87
87
87
87
87
87
87
87
88
88
88
88
88
88
88
88
88
88
89
89
89
89
89
89
89
89
89
89
89
89
89
89
90
90
90
90
90
90
90
90
90
91
91
91
91
91
91
91
91
91
91
91
91
91
91
91
92
92
92
92
92
92
93
93
93
93
93
93
93
93
93
93
94
94
94
94
94
94
94
94
94
94
94
94
94
94
95
95
95
95
95
95
95
95
95
95
96
96
96
96
96
96
96
96
96
96
97
97
97
97
97
97
97
97
97
98
98
98
98
98
98
98
98
98
98
98
98
99
99
99
99
99
99
99
99
99
100
100
100
100
100
101
101
101
101
101
101
101
101
102
102
102
102
102
102
103
103
103
103
103
103
103
103
103
104
104
104
104
104
104
104
105
105
105
105
105
105
105
105
105
105
105
105
106
106
106
106
106
106
106
106
106
106
106
107
107
107
108
108
108
108
109
109
109
109
109
110
110
110
110
110
110
110
110
110
110
110
110
110
111
111
111
111
111
111
111
112
112
112
112
112
112
112
112
112
112
112
112
113
113
113
113
113
113
114
114
114
114
114
114
114
114
114
114
115
115
115
115
115
115
115
115
115
115
115
115
116
116
116
116
117
117
117
117
117
117
117
117
118
118
118
118
118
118
118
119
119
119
119
119
119
119
119
119
120
120
120
120
120
120
121
121
121
121
121
121
121
122
122
122
122
122
122
122
122
122
123
123
123
123
123
123
123
123
123
123
124
124
124
124
124
125
125
125
125
125
125
125
125
125
125
126
126
126
126
126
127
127
127
127
127
127
127
128
128
128
128
128
129
129
129
129
129
129
129
129
129
130
130
130
130
130
130
131
131
131
131
131
131
131
131
131
131
131
131
131
132
132
132
132
132
132
132
133
133
133
133
133
133
133
134
134
134
134
134
134
134
134
134
134
135
135
135
135
135
135
135
135
135
136
136
136
136
136
136
136
136
136
137
137
137
138
138
138
138
138
138
138
138
138
138
138
139
139
139
139
139
139
139
139
139
139
140
140
140
140
140
140
140
141
141
141
141
141
141
142
142
142
142
142
142
142
142
142
142
142
142
143
143
143
143
143
144
144
144
144
144
144
145
145
145
145
145
145
145
146
146
146
146
146
147
147
147
147
147
147
147
147
147
147
148
148
148
148
148
148
148
148
148
149
149
149
150
150
150
150
150
151
151
151
151
151
151
152
152
152
152
153
153
153
153
153
153
154
154
154
154
154
154
154
154
155
155
155
155
155
155
156
156
156
156
156
156
157
157
157
157
157
157
158
159
159
159
159
159
159
159
159
159
160
160
160
160
161
161
161
162
162
162
162
162
162
162
162
163
163
163
163
163
163
163
163
163
164
164
164
164
165
165
165
165
166
166
166
166
166
166
167
167
167
167
167
168
168
168
168
168
168
169
169
169
169
169
170
170
170
170
170
170
170
170
170
170
171
171
171
171
171
172
172
172
172
172
172
173
173
173
173
173
173
173
173
173
174
174
174
174
174
174
174
175
175
175
175
175
175
175
175
176
176
176
176
176
176
176
177
177
177
178
178
178
178
178
178
179
179
179
179
179
180
180
180
180
181
181
181
181
181
181
181
182
182
182
182
182
182
183
183
183
183
183
183
184
184
184
184
184
184
184
185
185
185
185
185
186
186
186
186
186
187
187
187
187
188
188
189
189
189
189
190
190
190
190
191
191
191
191
191
191
191
192
193
194
194
194
194
194
195
195
195
195
196
196
196
196
197
197
197
197
198
198
198
198
198
198
198
198
199
199
199
199
199
200
200
200
200
200
200
201
201
201
201
201
202
202
203
203
203
203
203
203
204
205
205
205
205
205
206
206
207
208
208
208
208
209
209
209
209
210
210
210
210
211
211
211
211
211
212
212
212
212
213
213
213
213
213
214
214
214
214
214
214
214
214
215
215
215
215
215
215
216
216
216
216
217
217
217
217
217
217
217
218
218
219
220
220
220
220
220
220
220
220
220
221
221
221
222
222
222
222
222
222
222
223
223
223
223
223
223
224
224
224
224
225
225
225
225
225
225
226
226
226
227
227
227
227
228
228
228
228
229
229
229
230
230
230
231
231
231
231
231
231
232
232
232
232
232
232
232
232
232
232
233
233
233
233
233
234
235
235
235
235
236
236
236
236
236
236
236
236
238
238
238
238
238
239
239
239
240
240
241
241
241
241
241
241
241
241
242
242
242
242
243
243
243
243
243
244
244
244
244
244
245
245
245
245
246
246
246
247
247
247
247
247
247
248
248
248
248
248
249
249
249
249
249
250
250
250
251
251
251
251
251
251
252
252
252
252
252
252
253
253
253
253
253
254
254
254
255
255
255
255
255
255
255
256
256
256
257
257
257
257
258
258
258
258
259
259
259
260
260
260
260
261
261
261
261
261
261
262
262
262
262
262
262
263
263
263
264
264
264
264
264
265
265
265
266
266
266
266
266
266
267
267
267
267
268
268
268
269
269
269
269
270
270
270
271
271
271
271
272
272
272
273
273
273
273
273
273
273
274
274
274
274
274
274
275
275
275
275
275
275
275
275
276
276
276
276
276
277
277
278
278
278
278
279
279
279
279
279
279
280
280
280
280
280
280
280
280
281
281
281
281
282
282
282
282
283
283
283
284
284
284
285
286
286
286
286
287
287
288
288
288
289
289
289
289
290
290
290
290
290
290
290
290
290
290
291
291
291
291
291
292
292
293
293
293
293
293
293
294
295
295
296
296
296
296
296
296
297
297
297
298
298
298
299
299
299
299
300
300
300
300
300
300
301
301
301
301
301
301
301
301
301
302
302
302
302
302
302
303
303
303
304
304
305
305
306
306
307
307
307
307
308
308
308
308
308
309
309
309
310
311
311
311
311
311
312
312
312
312
312
312
313
313
313
313
313
314
314
314
315
315
315
315
315
315
315
316
317
317
317
317
318
318
318
318
318
319
319
319
319
319
319
320
320
320
320
320
321
321
322
322
322
322
322
323
323
323
323
323
323
324
324
324
325
325
325
325
326
326
326
326
326
327
327
327
329
329
329
329
329
329
329
330
330
330
330
330
330
330
330
331
332
333
333
333
334
334
334
336
336
336
336
336
337
337
337
337
338
338
338
338
338
339
339
340
340
340
340
340
340
341
342
342
342
343
343
343
343
344
344
344
344
344
344
345
346
346
346
346
346
347
347
347
347
348
348
349
349
349
350
350
351
351
352
352
352
352
353
353
354
354
354
354
354
355
355
355
356
356
356
356
357
357
357
357
357
357
357
358
358
358
358
359
359
360
360
361
361
361
361
362
362
362
362
362
362
362
363
363
363
363
363
363
364
364
365
365
365
365
366
366
366
367
367
367
367
367
368
368
369
369
369
369
369
370
370
370
370
370
370
370
370
370
371
371
372
372
372
373
373
373
375
375
375
376
376
376
377
377
378
378
379
379
380
380
380
381
381
382
382
382
383
383
383
384
384
384
384
385
385
385
385
386
386
386
386
387
387
387
387
387
388
388
388
389
389
389
390
390
390
390
391
391
391
392
392
392
392
392
393
393
393
394
395
395
396
396
396
396
396
397
397
397
398
398
398
399
399
400
400
400
400
401
401
402
402
402
403
403
403
403
404
404
404
405
405
405
406
406
406
406
406
406
407
407
407
408
408
409
409
410
410
410
411
411
411
411
411
411
411
412
412
412
412
413
413
413
413
414
415
416
416
416
417
417
417
419
419
419
419
420
420
420
420
421
421
422
422
422
422
422
422
422
422
423
423
424
425
425
425
425
425
426
426
426
426
427
427
427
427
427
428
428
428
428
428
428
428
429
429
429
429
431
431
431
432
432
432
432
433
433
434
434
434
434
435
435
435
435
435
436
436
437
437
437
437
437
437
438
438
438
438
438
438
439
439
439
439
440
440
441
441
441
441
441
441
441
442
442
443
443
443
443
444
445
445
445
446
446
446
446
447
447
447
448
448
448
448
449
450
450
450
450
450
451
451
451
452
452
452
453
454
454
455
455
456
456
456
456
456
457
458
460
460
460
461
461
461
462
462
462
463
463
463
463
464
464
465
466
466
466
466
467
467
467
467
468
468
468
468
468
468
469
469
470
470
471
471
471
471
472
472
472
473
473
473
474
475
475
475
475
475
475
475
475
475
476
476
476
477
477
477
477
477
478
478
478
478
478
478
478
478
479
479
479
479
479
480
480
480
480
481
481
481
482
482
482
482
482
482
483
484
484
484
485
485
485
485
486
486
487
488
488
489
489
489
489
489
489
489
489
490
490
490
490
490
490
491
491
492
492
492
493
493
493
494
494
495
495
496
496
497
497
497
498
498
498
498
498
499
499
499
500
500
500
500
501
501
501
501
502
502
503
503
504
505
505
506
506
507
507
508
508
508
509
509
509
510
510
510
511
511
511
511
512
512
512
512
513
513
514
514
514
515
515
515
515
515
515
515
516
517
517
517
518
518
519
519
519
520
520
521
522
522
522
522
522
522
523
523
523
523
524
524
525
525
525
525
526
526
526
526
526
527
527
527
527
527
528
528
529
529
530
530
530
531
531
532
533
533
534
534
534
534
534
534
534
534
534
535
535
535
535
536
536
536
536
537
538
538
540
541
541
541
541
541
542
542
543
543
543
543
544
545
545
545
546
546
546
547
547
548
548
548
548
548
549
549
549
549
549
550
551
551
552
552
552
553
553
553
554
554
555
556
556
556
556
556
557
557
557
557
558
559
559
559
560
560
561
561
562
562
562
562
562
563
563
563
563
564
564
564
565
565
565
565
565
566
567
567
567
568
568
568
568
568
568
568
569
569
570
570
571
571
572
572
573
573
573
573
573
574
575
575
575
576
577
577
577
577
578
579
579
579
579
580
580
580
580
582
582
583
583
583
583
583
583
584
584
585
585
585
586
586
586
586
587
587
588
589
590
590
590
591
591
591
591
592
592
592
593
593
593
593
594
594
595
595
596
597
597
597
598
598
598
599
599
599
600
600
600
600
600
600
600
601
601
601
601
601
601
602
602
602
602
602
602
603
604
604
604
605
605
605
606
606
606
606
606
606
607
607
607
608
608
608
609
610
610
610
610
611
611
611
612
612
612
613
613
613
613
614
615
616
616
616
616
616
616
617
618
618
619
619
620
620
620
620
620
621
621
621
621
622
623
623
624
624
624
625
625
626
627
627
627
627
627
628
628
629
629
629
629
630
630
630
630
631
631
632
632
633
633
633
633
633
634
634
634
635
635
635
635
636
636
637
637
637
637
638
638
638
638
639
639
640
640
640
641
641
641
641
642
642
642
642
643
643
643
644
644
645
645
646
648
648
648
649
649
649
650
650
652
652
652
652
653
653
653
653
654
654
654
654
655
655
656
658
659
659
660
660
661
661
661
661
661
662
662
662
662
662
663
663
664
664
664
665
665
665
666
666
667
667
668
668
669
669
669
669
670
671
671
671
672
672
672
672
673
673
673
674
674
674
675
675
675
675
675
675
675
676
676
677
678
678
678
678
680
680
681
681
681
682
682
682
683
683
683
684
684
684
684
685
685
685
686
686
686
687
688
689
689
690
690
691
691
691
691
692
693
694
694
694
695
695
696
696
697
697
699
700
700
701
701
702
702
702
702
704
704
705
705
705
705
706
706
707
707
708
708
709
709
709
710
711
711
711
712
712
712
712
712
714
714
714
715
715
716
716
718
719
719
719
719
719
720
721
721
721
722
724
724
725
725
726
728
730
730
730
732
733
734
734
734
735
735
736
736
736
736
738
738
738
738
738
738
739
739
739
740
740
741
741
741
741
741
741
742
742
743
743
743
743
743
745
745
746
747
747
747
748
748
749
749
749
750
750
750
750
751
751
751
751
751
752
754
755
755
755
756
756
757
757
757
758
758
759
760
760
760
760
760
761
762
762
763
763
763
763
764
764
764
764
765
765
765
765
765
767
767
767
767
767
767
769
770
770
772
772
772
772
772
773
773
774
774
775
775
775
776
776
776
778
778
779
779
780
780
780
781
781
781
781
782
782
783
783
783
784
784
784
785
785
785
785
786
786
786
787
788
789
790
790
791
791
791
791
791
792
792
793
793
794
795
796
796
796
796
797
797
797
797
797
798
799
800
801
802
802
802
802
803
803
804
804
804
805
805
805
805
806
806
806
807
807
808
808
809
812
813
813
813
814
814
815
815
816
816
816
816
816
817
818
818
820
820
820
820
820
821
821
822
822
822
822
822
823
823
823
825
825
825
825
825
826
826
827
827
828
829
829
829
830
830
832
832
834
834
834
834
835
836
837
838
838
839
839
839
839
840
841
841
841
841
843
843
843
843
844
844
844
845
845
845
845
846
847
847
849
850
850
850
850
850
852
852
852
853
853
853
853
855
855
856
856
856
856
857
857
859
860
860
861
862
863
863
863
863
864
864
864
865
865
865
866
866
867
868
868
868
868
869
871
871
871
871
871
872
872
872
873
874
874
874
875
875
876
877
878
878
880
881
882
882
882
883
884
884
885
885
885
885
885
885
886
886
887
887
889
890
891
891
891
892
892
892
892
893
893
893
893
894
894
895
896
897
898
898
899
899
900
900
902
902
903
903
904
904
905
905
905
905
905
905
906
906
906
906
907
908
908
908
908
909
909
909
910
910
911
912
912
913
913
913
914
914
915
915
917
917
917
917
917
917
918
919
919
920
920
921
921
921
922
922
922
924
924
924
926
926
926
927
927
927
928
928
928
928
929
929
930
930
930
931
931
932
932
932
932
933
933
933
933
934
934
935
935
935
935
935
936
936
937
937
937
937
938
940
941
942
942
942
942
943
944
944
944
944
945
946
947
947
947
948
948
949
949
949
950
950
951
951
951
952
953
954
955
955
955
955
955
956
957
958
958
958
959
959
959
960
960
960
961
962
962
962
964
965
966
966
967
967
968
968
969
969
970
970
971
971
971
971
972
972
972
972
973
973
973
974
974
975
975
975
977
978
979
979
980
980
981
981
981
982
982
983
983
984
984
985
985
985
985
985
986
986
986
986
986
987
987
987
988
988
988
988
988
989
989
990
993
993
993
994
994
995
995
995
996
997
997
997
997
998
998
999
999
999
1000
1000
1000
1000
1001
1002
1002
1002
1003
1004
1004
1005
1005
1006
1006
1006
1006
1006
1006
1007
1007
1007
1007
1008
1009
1009
1009
1009
1010
1010
1012
1012
1012
1012
1012
1013
1014
1015
1015
1015
1015
1016
1017
1017
1017
1018
1019
1019
1019
1020
1020
1020
1022
1022
1022
1023
1023
1024
1024
1025
1026
1027
1028
1028
1029
1030
1030
1030
1030
1031
1032
1032
1032
1032
1034
1034
1035
1036
1036
1036
1037
1037
1038
1038
1039
1039
1039
1039
1039
1040
1041
1042
1043
1043
1043
1043
1043
1044
1044
1044
1045
1045
1046
1046
1047
1047
1047
1048
1048
1048
1049
1050
1051
1051
1051
1052
1052
1052
1052
1052
1053
1053
1055
1055
1056
1056
1056
1057
1058
1058
1058
1058
1059
1059
1060
1060
1061
1062
1063
1063
1063
1064
1064
1064
1065
1065
1065
1066
1067
1067
1068
1068
1068
1069
1070
1070
1071
1071
1072
1073
1073
1074
1074
1074
1074
1075
1076
1077
1077
1077
1077
1077
1077
1077
1078
1078
1078
1078
1078
1078
1079
1079
1079
1079
1079
1080
1080
1080
1080
1081
1081
1082
1082
1082
1083
1083
1083
1083
1083
1084
1084
1084
1085
1085
1086
1086
1086
1086
1086
1087
1087
1088
1089
1090
1091
1091
1091
1091
1092
1093
1094
1094
1094
1095
1096
1096
1096
1097
1097
1098
1098
1098
1099
1099
1099
1101
1101
1101
1101
1101
1101
1101
1102
1102
1103
1103
1103
1103
1103
1104
1104
1104
1104
1105
1105
1105
1105
1105
1106
1106
1107
1107
1109
1109
1109
1110
1112
1112
1112
1112
1113
1113
1113
1114
1114
1115
1116
1116
1116
1117
1117
1117
1117
1117
1118
1118
1118
1119
1120
1120
1121
1121
1121
1121
1121
1122
1122
1122
1123
1123
1124
1126
1126
1127
1127
1127
1127
1127
1127
1127
1127
1128
1128
1129
1129
1129
1130
1130
1130
1131
1131
1132
1133
1134
1134
1134
1134
1134
1134
1135
1135
1135
1136
1136
1137
1138
1138
1139
1140
1140
1141
1142
1142
1143
1143
1143
1144
1144
1144
1144
1144
1144
1145
1146
1146
1146
1146
1147
1147
1147
1148
1149
1149
1149
1150
1152
1152
1153
1153
1153
1153
1154
1154
1154
1155
1155
1155
1156
1156
1157
1158
1160
1160
1161
1161
1162
1162
1162
1163
1163
1164
1165
1165
1166
1166
1167
1167
1167
1168
1168
1168
1168
1168
1168
1168
1169
1169
1170
1172
1172
1172
1173
1173
1173
1173
1174
1174
1175
1175
1175
1176
1176
1177
1178
1178
1180
1182
1182
1183
1183
1183
1183
1183
1183
1184
1185
1185
1185
1186
1186
1187
1187
1187
1187
1187
1189
1189
1189
1190
1190
1191
1191
1192
1192
1192
1192
1192
1193
1193
1194
1194
1196
1196
1196
1196
1196
1197
1197
1197
1198
1198
1198
1198
1198
1199
1199
1200
1200
1200
1200
1201
1201
1201
1202
1202
1202
1202
1203
1204
1204
1204
1206
1206
1206
1206
1206
1206
1208
1208
1209
1210
1210
1210
1211
1212
1212
1212
1214
1215
1215
1217
1217
1217
1217
1218
1218
1218
1219
1219
1220
1220
1220
1224
1225
1225
1226
1226
1226
1228
1229
1229
1230
1231
1231
1232
1232
1232
1233
1233
1233
1234
1234
1235
1236
1236
1236
1236
1236
1237
1237
1237
1237
1237
1237
1239
1239
1239
1240
1240
1240
1241
1241
1242
1242
1244
1244
1244
1244
1244
1245
1245
1246
1246
1246
1247
1248
1248
1248
1249
1250
1250
1251
1252
1252
1253
1253
1254
1254
1255
1255
1255
1256
1256
1256
1256
1256
1257
1257
1259
1259
1259
1261
1261
1263
1263
1263
1264
1264
1265
1265
1266
1266
1266
1266
1267
1267
1267
1268
1268
1269
1269
1270
1270
1270
1270
1270
1271
1272
1272
1272
1272
1274
1275
1275
1276
1277
1279
1279
1280
1280
1282
1282
1282
1283
1283
1283
1283
1284
1285
1285
1285
1286
1287
1287
1287
1287
1287
1288
1288
1289
1289
1289
1289
1289
1289
1289
1290
1290
1291
1292
1293
1293
1293
1294
1294
1295
1296
1296
1296
1297
1298
1298
1299
1299
1300
1300
1301
1302
1302
1302
1302
1305
1307
1307
1307
1308
1308
1309
1309
1310
1311
1312
1313
1314
1317
1317
1317
1318
1318
1319
1319
1319
1320
1320
1321
1321
1322
1322
1323
1323
1324
1324
1325
1325
1325
1325
1325
1325
1326
1327
1327
1328
1328
1328
1328
1329
1329
1329
1330
1330
1330
1330
1331
1332
1334
1334
1334
1335
1335
1335
1335
1336
1337
1337
1338
1338
1338
1338
1338
1339
1339
1340
1341
1341
1341
1341
1342
1342
1344
1345
1345
1345
1346
1346
1347
1347
1348
1348
1348
1349
1349
1349
1349
1349
1350
1350
1351
1352
1352
1353
1353
1355
1356
1356
1357
1357
1357
1358
1359
1359
1359
1360
1360
1360
1363
1363
1363
1364
1364
1364
1364
1365
1366
1367
1367
1367
1367
1368
1369
1369
1369
1370
1370
1370
1372
1373
1374
1375
1375
1376
1377
1377
1377
1378
1378
1380
1380
1380
1380
1381
1381
1382
1382
1382
1384
1385
1387
1387
1387
1387
1387
1388
1388
1388
1389
1389
1390
1391
1391
1392
1392
1392
1393
1394
1394
1395
1395
1396
1397
1397
1398
1399
1399
1400
1400
1401
1401
1401
1402
1402
1403
1404
1404
1405
1405
1405
1407
1407
1408
1408
1408
1409
1410
1410
1410
1410
1411
1412
1412
1413
1413
1413
1415
1415
1416
1416
1417
1417
1417
1417
1417
1418
1419
1419
1419
1419
1420
1421
1422
1423
1423
1423
1424
1425
1425
1427
1428
1428
1428
1429
1431
1432
1432
1433
1433
1434
1434
1434
1435
1435
1435
1436
1437
1437
1438
1439
1439
1440
1440
1441
1441
1442
1442
1443
1443
1444
1444
1444
1444
1444
1445
1445
1445
1445
1446
1446
1447
1447
1447
1448
1448
1448
1448
1449
1449
1449
1449
1450
1450
1450
1450
1450
1452
1452
1453
1453
1454
1454
1454
1455
1455
1455
1455
1457
1457
1457
1458
1458
1459
1459
1459
1459
1460
1460
1462
1463
1464
1465
1465
1465
1465
1466
1466
1466
1466
1466
1467
1468
1469
1469
1470
1470
1470
1471
1472
1472
1472
1473
1473
1477
1477
1477
1478
1479
1479
1479
1479
1480
1481
1482
1484
1484
1485
1486
1487
1488
1488
1488
1488
1488
1489
1491
1491
1493
1494
1494
1494
1494
1494
1494
1494
1496
1498
1498
1498
1499
1500
1500
1501
1501
1501
1501
1502
1503
1503
1505
1506
1506
1506
1506
1507
1507
1508
1510
1510
1510
1511
1512
1512
1512
1513
1513
1514
1514
1514
1515
1515
1516
1517
1517
1517
1517
1518
1518
1518
1518
1520
1520
1520
1521
1521
1522
1523
1524
1524
1524
1525
1526
1526
1526
1527
1527
1527
1528
1528
1528
1529
1529
1532
1532
1533
1533
1534
1534
1534
1535
1535
1536
1536
1536
1537
1537
1538
1538
1539
1539
1539
1539
1539
1539
1541
1542
1542
1543
1543
1543
1544
1544
1545
1545
1545
1546
1546
1547
1547
1547
1548
1548
1548
1548
1549
1550
1550
1551
1551
1551
1551
1551
1552
1552
1552
1552
1552
1553
1554
1554
1554
1554
1555
1555
1555
1556
1556
1557
1557
1557
1557
1558
1560
1562
1563
1565
1565
1566
1567
1567
1568
1569
1569
1569
1569
1570
1570
1570
1570
1570
1571
1571
1572
1573
1574
1574
1575
1575
1576
1577
1577
1577
1578
1578
1579
1579
1579
1580
1580
1580
1581
1583
1583
1584
1584
1585
1586
1586
1588
1589
1590
1590
1590
1591
1591
1591
1592
1592
1592
1592
1592
1592
1593
1593
1593
1593
1593
1594
1594
1594
1594
1595
1595
1595
1597
1597
1597
1598
1598
1599
1599
1600
1600
1600
1601
1602
1602
1602
1603
1603
1604
1604
1604
1605
1605
1605
1606
1606
1606
1607
1608
1608
1609
1609
1610
1610
1610
1611
1611
1611
1614
1614
1615
1615
1616
1616
1618
1619
1621
1621
1621
1622
1623
1623
1624
1625
1625
1625
1625
1626
1626
1627
1627
1628
1628
1628
1629
1629
1631
1631
1631
1632
1632
1634
1634
1634
1635
1636
1636
1636
1636
1636
1639
1639
1640
1641
1641
1642
1642
1643
1643
1643
1644
1645
1645
1645
1646
1646
1646
1647
1648
1648
1649
1649
1650
1651
1651
1651
1651
1652
1653
1653
1654
1654
1654
1655
1657
1657
1658
1658
1659
1659
1659
1660
1661
1661
1662
1662
1663
1664
1664
1664
1665
1665
1666
1666
1667
1668
1668
1668
1668
1669
1669
1670
1670
1671
1671
1672
1672
1673
1674
1675
1676
1676
1676
1676
1677
1677
1677
1677
1678
1679
1680
1680
1681
1681
1681
1682
1683
1683
1684
1684
1685
1685
1685
1685
1685
1686
1687
1687
1687
1687
1687
1688
1689
1689
1690
1691
1691
1693
1693
1695
1696
1696
1697
1697
1699
1699
1699
1700
1700
1700
1701
1701
1702
1702
1702
1702
1703
1703
1704
1705
1706
1706
1707
1707
1707
1707
1707
1708
1709
1709
1710
1711
1711
1712
1712
1713
1713
1714
1714
1714
1716
1716
1716
1717
1717
1718
1718
1718
1719
1719
1719
1720
1721
1721
1721
1722
1722
1724
1725
1725
1725
1725
1726
1726
1727
1727
1727
1727
1727
1727
1727
1728
1728
1729
1729
1730
1730
1730
1730
1730
1731
1731
1731
1732
1732
1733
1733
1735
1736
1736
1736
1737
1737
1738
1738
1739
1739
1739
1740
1740
1740
1742
1742
1742
1742
1743
1744
1744
1744
1744
1745
1745
1745
1745
1746
1746
1748
1748
1749
1750
1750
1750
1753
1753
1753
1754
1755
1755
1756
1756
1757
1758
1758
1758
1759
1760
1761
1762
1762
1763
1763
1763
1763
1764
1764
1765
1766
1766
1768
1768
1768
1769
1769
1771
1772
1773
1773
1774
1775
1776
1776
1777
1777
1778
1779
1781
1781
1782
1782
1782
1783
1784
1785
1785
1786
1786
1786
1786
1787
1788
1789
1790
1790
1791
1791
1792
1793
1793
1793
1794
1794
1794
1794
1794
1795
1795
1795
1795
1795
1797
1798
1799
1799
1800
1800
1801
1802
1803
1803
1803
1803
1804
1805
1805
1806
1807
1807
1807
1807
1808
1809
1809
1809
1809
1810
1811
1812
1812
1812
1812
1814
1815
1816
1818
1819
1819
1819
1819
1819
1820
1820
1821
1822
1822
1822
1823
1824
1825
1825
1826
1826
1826
1826
1827
1828
1828
1828
1829
1829
1830
1830
1830
1831
1831
1832
1832
1832
1833
1834
1835
1835
1836
1836
1837
1837
1838
1838
1838
1838
1839
1840
1841
1841
1841
1842
1842
1842
1843
1844
1844
1844
1846
1846
1846
1847
1848
1848
1848
1848
1849
1850
1850
1851
1851
1852
1852
1852
1853
1853
1853
1854
1854
1854
1855
1856
1856
1856
1858
1858
1858
1859
1859
1860
1861
1861
1861
1862
1864
1864
1864
1864
1864
1865
1866
1866
1866
1866
1867
1867
1868
1868
1868
1869
1869
1870
1870
1871
1871
1873
1875
1876
1876
1877
1877
1877
1878
1878
1878
1879
1879
1879
1880
1881
1882
1882
1883
1883
1883
1883
1884
1884
1884
1885
1885
1886
1886
1886
1886
1887
1887
1887
1888
1888
1890
1891
1892
1892
1892
1893
1893
1893
1895
1895
1896
1896
1896
1896
1896
1897
1898
1898
1898
1898
1898
1898
1898
1898
1901
1901
1901
1902
1902
1903
1903
1904
1904
1905
1905
1906
1906
1906
1907
1907
1908
1909
1909
1909
1909
1909
1910
1910
1910
1911
1912
1913
1913
1913
1914
1914
1915
1916
1916
1917
1917
1918
1920
1920
1920
1920
1920
1921
1921
1922
1923
1923
1924
1925
1926
1926
1927
1927
1928
1929
1929
1929
1929
1930
1930
1931
1932
1932
1932
1933
1933
1934
1934
1935
1936
1938
1938
1938
1938
1939
1939
1941
1941
1942
1943
1943
1943
1944
1944
1944
1944
1945
1945
1945
1945
1946
1946
1946
1946
1947
1947
1948
1950
1950
1951
1951
1952
1952
1953
1953
1954
1954
1954
1954
1957
1957
1958
1958
1958
1960
1960
1960
1960
1961
1961
1961
1962
1963
1963
1964
1964
1964
1964
1966
1967
1967
1967
1967
1968
1968
1968
1968
1969
1969
1969
1970
1971
1971
1971
1971
1972
1972
1972
1973
1974
1974
1976
1976
1977
1977
1977
1977
1978
1978
1979
1979
1980
1981
1981
1982
1982
1983
1984
1984
1984
1985
1985
1986
1986
1987
1988
1988
1988
1989
1989
1990
1990
1991
1992
1992
1992
1993
1993
1993
1995
1995
1996
1996
1996
1997
1997
1998
1998
1998
1998
2000
2160
2255
2361
2512
2711
2771
2787
2972
2999
3268
3513
3562
3708
3871
3900
