Primero viene la cantidad (n) de timestamps para ambos, luego n líneas que son un timestamp aproximado cada uno separado por una coma (',') del error, y luego n lineas de las transacciones del sospechoso
6005
56,1
112,3
173,19
386,36
751,25
1504,34
67,26
164,19
271,49
553,48
1079,43
100,17
135,28
329,39
596,5
1260,3
27,17
104,49
174,8
385,30
740,14
1515,14
30,22
72,28
198,30
356,36
703,24
1440,33
79,13
93,18
260,3
480,38
919,27
1900,11
19,15
22,21
112,8
238,26
473,3
950,14
1885,30
29,28
36,35
106,16
234,45
430,16
855,3
1752,33
66,41
87,18
242,21
467,25
880,22
1768,7
62,41
127,3
228,38
453,39
875,8
1794,45
58,27
73,41
149,29
311,10
604,20
1221,33
51,12
72,5
213,15
430,48
784,50
1588,43
68,10
164,23
329,23
632,45
1266,27
40,8
117,38
254,42
496,22
952,25
1931,5
34,28
74,23
153,37
313,28
633,22
1280,15
1,0
88,40
137,10
268,23
537,39
1103,44
31,30
47,43
110,42
226,9
459,30
902,27
1806,7
95,16
132,19
247,29
476,43
995,40
1991,1990
61,32
129,11
240,1
467,42
929,48
1885,45
44,43
81,16
205,30
370,43
765,7
1563,29
76,50
93,45
269,22
488,27
1000,12
1920,9
48,39
60,5
153,41
270,25
601,17
1232,8
25,24
100,37
185,33
392,36
776,20
1498,30
94,2
131,37
232,46
475,10
969,45
1955,12
32,2
128,46
239,17
456,42
875,18
1748,3
80,1
163,8
252,42
582,49
1165,8
37,15
80,42
199,1
347,36
693,2
1426,2
43,23
116,44
205,18
441,50
891,31
1708,29
74,48
103,6
266,36
496,4
944,27
1964,5
66,9
95,28
214,19
413,19
828,21
1671,24
15,14
69,48
129,18
292,11
587,46
1114,42
96,28
176,23
341,23
676,43
1363,17
97,41
137,32
315,42
647,48
1252,47
37,36
104,30
180,49
383,35
740,25
1470,32
39,38
112,44
237,19
433,20
861,46
1716,5
100,28
185,37
352,13
731,7
1437,18
41,33
76,40
189,3
380,49
751,8
1532,16
59,2
120,5
180,24
396,50
769,45
1598,2
16,15
47,41
114,20
210,8
438,29
898,41
1773,30
16,15
84,15
162,30
319,11
604,41
1192,23
11,10
84,15
135,13
231,34
496,22
963,4
1940,36
73,23
74,9
182,2
392,32
731,5
1519,42
39,3
126,45
254,48
453,35
924,8
1866,18
27,26
69,44
130,8
264,26
517,18
1054,14
88,27
126,6
271,6
529,44
1027,16
94,32
164,27
342,4
633,35
1236,23
67,4
105,49
198,34
422,36
884,37
1746,9
11,10
38,37
127,24
181,8
418,41
790,33
1658,23
58,14
120,12
259,16
439,31
974,50
1907,15
19,18
83,34
128,33
302,24
627,13
1188,49
84,34
145,5
280,3
540,22
1138,45
54,12
93,30
188,44
422,15
818,22
1611,30
16,15
54,21
166,47
337,12
590,1
1253,34
100,2
154,6
339,45
668,4
1267,10
24,23
115,15
197,48
416,18
771,2
1617,27
7,6
76,48
179,29
264,31
550,6
1085,30
54,50
154,43
226,14
513,11
1012,20
1971,1970
69,31
120,35
288,43
505,47
1013,22
1998,1
11,10
105,50
192,30
336,21
656,14
1325,10
36,35
73,28
160,36
367,22
717,1
1374,24
70,46
82,44
249,1
405,37
819,43
1687,30
66,3
70,41
199,27
362,8
776,29
1560,8
47,33
89,24
138,32
366,12
685,18
1366,23
61,19
64,10
154,35
344,44
692,13
1404,16
26,1
46,43
170,31
331,12
616,14
1256,42
74,40
152,17
286,46
606,27
1163,3
37,1
125,22
237,42
453,23
878,49
1820,14
2,1
10,9
26,25
93,48
152,36
287,41
664,29
1294,22
41,40
56,19
114,39
263,27
541,48
1051,34
75,46
164,1
339,13
617,45
1286,44
1,0
101,11
195,15
341,46
667,4
1405,15
27,14
59,25
117,35
216,48
507,20
1014,5
1964,1963
50,40
93,33
232,8
405,31
827,2
1679,49
1,0
19,18
39,38
143,5
285,50
583,22
1145,11
32,31
125,39
170,15
350,30
727,26
1415,1
38,27
105,6
216,20
365,21
804,38
1560,19
89,40
166,41
353,42
707,14
1366,39
28,25
118,10
245,27
477,26
911,4
1839,38
72,9
112,46
200,24
448,16
892,34
1821,25
24,23
91,45
117,27
315,1
566,33
1118,35
71,23
103,46
194,44
383,4
801,6
1595,48
72,3
141,43
272,27
556,17
1134,25
76,14
100,20
183,9
405,9
800,16
1624,41
7,6
91,17
111,15
235,14
510,7
966,34
1962,25
22,21
50,17
167,30
294,34
605,32
1169,15
30,15
61,42
182,48
279,17
585,16
1144,24
35,30
105,25
217,18
452,35
814,43
1624,38
46,45
136,8
267,6
455,45
973,47
1955,13
22,11
112,10
140,27
362,3
665,7
1364,12
70,42
75,34
245,21
482,41
965,43
1872,7
46,32
99,41
237,38
423,28
905,17
1747,31
24,17
28,4
81,29
146,31
292,36
584,50
1242,49
37,36
104,26
144,8
383,6
680,49
1422,16
17,16
111,34
187,10
381,45
759,50
1472,1
66,21
93,24
244,26
446,36
862,48
1728,33
69,5
162,9
246,20
545,31
1072,44
5,4
92,8
121,50
219,18
472,9
1008,35
1968,31
88,16
160,20
340,21
612,35
1202,7
23,4
67,17
94,2
221,40
495,17
941,35
1940,39
31,30
129,17
255,39
490,34
980,45
1900,35
56,15
93,15
249,35
444,29
917,50
1846,36
66,16
131,4
199,49
482,26
934,24
1904,41
74,47
168,19
337,21
620,25
1231,19
18,7
53,23
77,3
246,8
460,21
904,26
1781,26
39,23
113,47
166,22
357,2
695,35
1430,20
35,14
59,9
148,1
316,2
630,8
1274,41
94,33
164,16
304,32
630,23
1248,48
68,30
148,36
266,47
497,47
1061,1
3,2
50,33
147,21
234,7
468,41
989,17
1957,34
35,10
82,35
202,19
362,47
696,21
1463,14
92,43
147,15
251,2
519,39
1041,26
29,19
112,5
144,48
338,33
643,23
1355,29
42,41
112,29
247,48
469,1
908,24
1877,39
77,26
102,40
232,7
494,41
990,22
1938,42
37,4
109,28
240,16
415,4
866,25
1734,24
79,11
93,37
208,35
382,43
767,3
1621,33
45,21
126,31
246,38
454,16
911,26
1815,45
75,41
174,39
304,38
601,35
1200,49
43,16
86,15
150,16
366,20
670,40
1354,5
41,10
85,1
199,19
340,16
696,25
1418,4
74,14
101,5
220,1
467,34
915,37
1778,26
45,19
115,17
213,17
456,37
860,45
1698,34
55,23
115,33
230,40
414,47
855,47
1756,31
85,49
144,48
315,17
591,12
1160,4
3,2
91,31
120,44
262,32
520,40
1073,22
45,20
126,15
208,21
402,33
857,50
1739,26
47,11
126,16
246,16
428,37
920,6
1806,22
33,28
65,34
161,3
313,3
610,2
1264,28
11,10
27,10
75,22
181,37
374,33
767,7
1488,34
48,47
51,21
130,49
250,4
535,34
1043,22
49,2
98,34
153,1
308,17
643,40
1280,37
65,16
97,18
177,25
350,38
740,50
1496,37
21,20
47,17
166,14
309,2
557,6
1176,36
59,7
94,19
164,21
364,7
688,12
1398,31
67,35
99,7
235,45
481,32
906,28
1863,41
17,16
60,1
126,48
216,14
512,18
1006,20
1975,1974
72,7
159,50
255,6
534,7
1070,24
79,36
151,40
289,30
546,9
1144,15
48,40
147,4
211,27
410,16
863,2
1750,18
62,17
147,6
263,23
555,11
1128,45
7,6
10,9
49,24
69,41
208,35
356,10
784,29
1520,19
101,29
182,22
351,21
710,46
1421,45
29,28
67,49
173,27
352,17
640,24
1360,49
19,18
50,2
81,8
238,13
417,37
811,15
1645,27
22,21
76,8
113,45
215,19
487,34
915,28
1903,31
97,11
188,43
303,22
669,45
1315,20
98,24
137,18
328,24
620,18
1235,50
82,45
163,8
298,25
594,48
1237,33
90,43
127,31
245,8
546,43
1086,38
85,38
169,39
314,10
602,43
1220,21
36,8
132,13
248,37
471,28
912,43
1805,37
57,42
155,13
231,48
494,26
1031,21
1978,1977
35,26
85,2
201,36
353,10
732,12
1473,18
44,1
135,33
222,42
456,27
904,8
1841,17
98,23
140,31
300,14
561,29
1117,39
3,2
29,15
62,40
134,42
327,48
588,4
1192,44
69,24
131,21
218,16
480,5
932,49
1835,33
59,38
144,32
291,42
527,21
1028,47
55,49
139,10
283,26
578,38
1145,47
34,8
64,9
170,23
291,2
653,26
1250,1
101,44
104,7
291,38
594,1
1148,25
78,31
111,11
211,28
488,27
987,11
1967,1966
61,19
161,40
274,35
534,4
1068,47
63,28
66,8
200,21
336,11
762,12
1436,41
92,10
161,28
344,9
609,2
1305,5
67,46
77,32
161,5
387,25
728,27
1442,30
90,2
93,30
235,44
432,14
943,38
1850,35
28,13
78,8
127,24
310,45
594,30
1165,38
19,18
59,44
135,23
217,2
512,4
961,17
1993,1992
79,39
134,35
286,48
596,48
1154,42
42,26
68,45
152,23
272,7
543,40
1116,45
54,13
79,42
139,46
339,33
659,12
1348,40
60,12
87,14
155,16
370,15
723,16
1483,40
61,6
149,50
307,38
610,7
1170,43
87,13
154,49
244,25
494,2
989,32
1993,1992
13,10
84,14
148,1
298,36
558,28
1191,31
92,42
155,9
331,45
644,47
1298,45
11,8
32,30
98,44
236,15
414,29
840,12
1672,10
9,8
69,39
138,16
310,17
559,14
1142,9
56,5
122,26
258,9
457,12
994,31
1908,45
100,41
115,31
287,6
562,8
1086,19
51,43
148,45
272,1
483,42
988,11
1951,20
68,48
96,13
201,37
420,38
846,44
1708,4
99,34
113,38
237,47
526,29
1015,3
1970,1969
93,4
120,18
255,43
500,43
1052,27
97,43
160,6
279,4
610,12
1245,28
65,28
154,26
313,32
559,50
1113,7
45,17
93,48
143,20
345,10
650,3
1336,10
50,15
84,12
154,29
294,12
657,43
1331,35
73,47
154,12
231,27
470,37
1021,31
1966,1
22,5
55,38
167,33
323,3
613,37
1215,27
14,13
80,16
149,3
277,27
592,26
1123,10
57,15
127,44
250,9
444,34
894,10
1830,11
99,28
140,14
331,5
598,44
1175,36
92,8
145,14
315,1
584,8
1163,16
81,9
146,38
247,33
508,44
1022,30
13,12
30,9
46,30
135,14
278,22
515,34
1101,39
9,8
107,11
138,37
338,49
629,3
1305,4
95,45
112,3
222,41
520,1
968,7
1974,1973
58,13
107,32
235,8
423,43
890,12
1745,32
27,26
109,9
140,11
377,11
731,10
1454,13
7,6
67,40
86,29
171,17
374,27
798,43
1537,13
45,44
81,10
140,45
305,49
587,20
1222,28
93,9
188,34
372,18
723,31
1402,1
66,3
111,13
251,2
440,23
913,28
1879,32
72,46
123,16
295,33
513,37
1008,18
63,43
78,49
177,44
410,25
815,32
1565,1
10,9
86,22
171,48
353,34
652,21
1342,18
87,29
132,47
281,17
563,28
1077,18
38,11
53,47
132,44
282,45
538,7
1116,38
94,3
154,46
283,50
586,1
1148,11
69,40
93,28
202,49
408,41
773,8
1548,5
30,13
123,46
236,42
485,40
971,26
1875,39
84,24
134,20
278,35
526,47
1026,50
62,7
85,10
170,35
360,8
761,2
1475,29
10,9
50,12
124,40
257,32
451,24
903,16
1817,7
34,2
121,46
208,1
397,26
829,1
1600,39
50,6
126,47
271,15
529,33
1060,11
80,29
139,2
304,27
576,14
1135,11
46,31
128,17
201,16
459,13
915,31
1794,7
44,8
83,41
219,24
360,13
710,45
1478,1
85,1
167,12
294,20
606,26
1187,23
44,1
63,19
125,9
323,5
584,39
1189,41
13,12
32,7
99,47
182,49
391,50
766,28
1531,33
39,26
117,2
198,18
411,42
859,37
1653,6
23,7
116,38
205,16
413,9
856,1
1700,23
22,21
101,11
187,24
361,31
693,41
1384,37
14,13
82,14
184,29
368,33
731,27
1466,32
46,19
145,43
215,41
445,35
929,49
1784,49
68,17
93,43
222,13
474,21
919,30
1852,13
91,12
93,46
213,48
498,12
939,8
1868,46
79,48
93,4
217,6
472,48
942,38
1831,10
60,1
117,13
217,2
442,10
874,34
1803,42
91,31
161,36
296,21
627,13
1182,11
25,14
77,9
131,48
316,3
567,35
1165,48
100,23
116,11
299,22
606,31
1124,22
33,32
124,20
206,45
379,49
815,33
1636,25
19,16
85,6
190,20
363,35
675,26
1350,22
26,17
89,30
169,42
309,2
595,39
1220,45
36,5
132,46
182,44
359,30
750,16
1461,34
87,45
118,35
256,30
555,19
1059,36
75,11
95,21
187,47
421,6
792,13
1574,36
47,46
92,14
182,17
333,50
702,12
1364,9
22,21
109,37
174,39
400,48
770,35
1484,3
70,23
167,22
257,13
594,50
1149,39
88,36
133,9
295,12
579,21
1140,46
84,1
146,38
255,30
563,34
1135,4
101,17
166,6
347,10
713,30
1411,10
37,15
68,50
113,11
269,44
514,46
1078,22
14,13
57,20
123,11
241,50
527,38
976,39
1929,35
52,23
80,43
213,19
427,32
828,28
1630,47
49,43
70,1
191,10
336,17
690,2
1396,36
33,32
134,3
235,8
453,7
879,30
1827,30
82,37
144,8
300,46
621,50
1225,15
13,9
35,6
91,47
151,25
386,3
733,30
1482,43
49,28
112,7
233,44
472,13
876,28
1811,34
67,47
146,17
232,49
448,23
914,14
1871,38
11,10
76,9
145,36
295,38
620,38
1245,35
95,34
145,29
334,21
595,34
1183,5
69,20
152,4
316,32
577,44
1177,36
96,2
162,18
335,15
604,27
1245,34
12,11
76,42
140,25
251,40
580,18
1090,47
84,31
144,23
243,24
512,46
998,40
1991,1990
66,39
67,41
173,6
335,32
721,33
1454,33
75,33
91,29
252,18
483,27
951,8
1901,29
56,37
148,40
254,6
536,13
1026,39
28,1
108,30
216,43
357,37
775,45
1561,23
29,28
46,15
162,12
310,3
557,12
1148,3
40,32
61,4
177,18
346,14
697,46
1337,25
88,39
167,31
297,47
646,16
1282,44
10,9
98,30
134,31
275,49
581,23
1149,31
95,33
104,24
250,16
504,47
965,5
1907,13
10,9
85,38
133,44
276,6
595,16
1167,3
10,9
106,33
177,11
299,45
607,22
1247,47
73,33
112,20
203,11
410,16
882,7
1718,50
89,9
159,38
329,37
587,36
1230,8
55,40
64,19
191,14
364,25
686,29
1440,15
75,44
149,1
307,45
621,34
1178,46
6,5
105,25
124,38
327,7
617,26
1240,32
101,9
136,46
245,31
552,28
1062,17
62,42
153,28
286,48
524,23
1102,25
6,2
42,41
51,44
168,12
359,3
722,41
1424,32
43,40
128,2
250,19
427,43
854,43
1750,2
65,18
75,26
201,32
436,18
798,16
1627,32
32,31
77,46
186,13
328,18
704,8
1422,50
76,16
80,43
184,16
382,15
768,45
1491,34
89,6
179,22
348,7
656,11
1319,37
15,14
91,39
175,11
373,45
748,45
1460,8
30,29
109,9
199,7
376,2
790,4
1564,27
47,22
115,36
243,50
434,21
861,33
1718,15
77,21
122,10
222,30
518,46
979,49
1989,1988
61,1
147,18
209,6
497,8
994,23
1955,22
91,37
136,20
310,13
575,19
1146,15
94,18
114,47
221,25
473,43
936,23
1875,44
85,7
97,11
206,10
437,46
878,36
1738,38
71,26
150,5
256,36
483,43
1043,24
29,28
52,6
163,46
307,17
553,42
1111,4
29,13
101,48
194,34
346,10
734,44
1437,39
32,31
62,34
117,19
259,9
539,27
1091,16
32,30
103,40
206,18
412,24
817,40
1660,5
80,2
150,32
231,50
474,50
959,27
1967,1966
9,8
87,22
159,43
281,38
626,13
1178,4
20,19
31,30
72,7
140,29
324,44
621,38
1304,15
43,26
118,44
191,6
452,33
878,45
1718,18
17,16
21,14
74,37
173,12
361,3
661,44
1377,14
88,32
112,10
276,16
548,14
1043,23
52,6
102,21
181,11
362,50
762,46
1503,8
10,9
66,39
104,17
270,24
533,8
1038,19
100,41
184,5
335,25
624,10
1249,8
14,13
61,6
176,21
327,19
674,15
1336,2
61,30
132,5
293,44
500,10
1084,17
47,26
107,13
189,43
367,47
811,4
1574,14
45,39
95,48
152,22
312,5
632,7
1286,32
29,28
43,25
128,29
256,33
541,48
1039,11
10,9
14,6
26,4
104,18
186,21
376,41
817,22
1544,41
93,9
110,45
282,25
576,15
1110,37
93,20
152,20
289,12
627,44
1231,33
75,41
120,49
246,27
539,39
1032,28
83,37
110,34
199,48
436,19
860,28
1763,9
30,29
130,24
194,12
447,32
810,24
1616,2
8,7
101,24
165,35
298,29
658,25
1233,46
85,16
131,21
219,31
519,16
964,13
1932,22
28,27
66,31
143,42
334,6
618,47
1245,10
80,1
94,47
232,10
497,27
911,19
1838,3
37,17
112,8
203,47
430,9
877,3
1668,9
101,12
171,13
345,20
690,7
1339,36
78,41
125,47
282,22
556,28
1095,9
85,5
169,39
346,24
656,40
1339,12
79,2
114,10
288,49
489,47
1030,48
18,7
83,37
130,4
278,12
602,1
1114,28
64,33
75,19
201,20
438,9
872,16
1751,18
10,9
91,38
118,12
316,34
594,50
1147,43
23,15
55,26
157,49
256,34
518,6
1088,2
6,5
45,33
98,17
150,43
362,9
760,36
1514,34
30,29
35,19
75,50
221,5
414,37
811,4
1677,6
69,35
147,9
226,17
530,35
986,9
1977,14
20,19
108,10
215,14
441,45
883,2
1755,3
81,28
158,1
248,43
583,25
1135,35
32,2
89,26
145,19
363,21
694,39
1342,12
74,49
173,50
250,4
554,6
1140,29
15,7
59,30
149,20
304,1
537,1
1143,29
86,3
120,20
292,40
536,17
1094,21
77,31
172,33
348,15
668,22
1351,26
33,32
94,42
201,22
355,28
686,48
1427,46
4,3
94,3
152,2
346,47
685,12
1354,38
46,10
125,49
245,12
505,10
950,2
1927,46
21,3
100,3
180,22
387,28
691,25
1453,32
20,12
30,20
132,15
215,34
426,3
900,15
1800,23
46,13
59,50
126,4
278,43
530,33
1058,28
14,13
96,46
112,19
227,5
512,26
1000,35
1935,22
93,37
106,3
260,40
509,15
1051,12
99,37
146,21
265,38
534,3
1093,40
13,12
98,40
164,23
326,35
677,38
1359,7
63,48
116,15
264,10
538,7
1014,12
2000,1999
44,24
118,41
190,18
365,31
788,3
1527,5
55,28
151,7
300,19
594,35
1172,26
37,22
99,17
158,40
302,9
615,49
1276,28
25,24
52,5
105,31
227,45
480,25
988,26
1899,44
32,9
65,27
144,21
286,36
621,7
1241,30
101,15
111,27
262,43
558,38
1077,14
64,18
136,48
280,42
493,35
981,28
1928,8
98,41
176,18
306,19
605,46
1232,5
76,4
144,42
260,30
575,10
1100,14
83,34
102,40
261,22
518,18
1065,41
54,6
89,10
213,14
409,1
833,29
1654,2
50,45
85,8
213,16
357,33
762,41
1554,33
13,12
82,13
165,20
349,5
663,23
1303,33
26,25
40,39
164,12
238,44
486,42
1051,5
66,49
155,5
282,12
522,15
1077,10
77,23
108,35
268,8
522,2
1018,20
1963,1962
75,20
139,40
310,39
609,49
1137,29
46,3
72,44
180,8
301,1
637,32
1247,22
57,33
151,49
232,12
490,20
931,26
1906,15
77,42
83,46
241,46
415,1
897,37
1738,31
50,33
119,28
211,33
413,13
867,30
1670,33
43,11
63,11
135,48
335,41
640,39
1261,49
85,43
184,46
348,47
637,48
1270,5
88,25
103,30
199,42
486,40
928,21
1897,35
48,37
95,2
150,26
322,31
695,26
1388,27
99,10
188,20
362,42
724,23
1431,7
68,29
113,5
198,21
480,26
938,9
1889,32
99,6
139,40
326,26
570,32
1177,35
80,32
127,11
225,4
523,7
1023,4
1978,10
4,3
67,44
129,1
285,41
556,10
1075,35
58,24
74,12
221,1
380,30
828,18
1646,43
33,26
74,21
187,42
307,41
618,18
1255,43
59,21
106,33
198,29
382,30
773,32
1616,5
32,31
89,7
135,42
356,32
623,45
1303,2
41,15
101,32
166,39
327,46
680,29
1357,46
37,36
89,49
158,47
289,24
621,43
1213,47
22,7
33,32
76,45
161,48
359,36
742,26
1453,7
51,6
104,45
197,22
380,14
740,11
1506,25
87,6
123,33
284,44
497,3
1049,19
2,1
66,30
111,18
245,30
456,2
970,4
1924,27
11,10
78,15
126,6
218,7
438,39
882,26
1762,36
101,29
102,38
214,47
452,12
935,25
1841,13
11,10
57,11
102,32
239,27
467,34
944,36
1846,21
13,12
57,49
166,28
278,2
585,6
1162,24
72,22
93,25
200,4
459,14
925,45
1810,18
13,12
106,30
213,48
402,18
822,26
1651,1
53,39
78,28
158,22
330,11
687,39
1383,21
19,18
118,17
200,21
367,47
782,39
1517,43
30,29
125,1
174,21
371,25
740,31
1535,3
67,31
73,12
147,34
320,35
665,40
1314,12
37,4
44,7
180,30
313,39
620,46
1284,48
24,15
120,42
196,45
396,4
798,47
1607,5
78,24
88,1
212,19
442,25
916,4
1831,33
97,5
141,47
295,36
617,34
1182,10
86,45
153,1
310,28
566,21
1119,29
23,6
42,21
113,35
236,50
466,20
962,47
1939,27
19,18
92,40
148,2
329,38
658,33
1328,35
24,1
84,8
142,2
277,34
628,38
1195,36
53,15
60,36
171,39
313,38
656,11
1342,1
4,1
5,4
96,27
112,39
260,50
541,5
1044,11
52,5
152,10
269,44
487,34
961,33
1942,31
77,34
159,46
292,12
558,7
1171,23
53,35
91,37
235,14
475,40
894,30
1789,4
27,22
68,50
159,6
309,40
653,47
1264,50
98,42
136,40
308,34
569,50
1191,50
83,16
89,23
242,15
434,15
875,34
1727,11
62,22
91,49
229,30
407,4
860,11
1688,37
70,30
75,8
205,21
399,45
763,12
1523,13
18,17
60,29
106,49
238,1
507,2
1009,22
1964,5
33,32
72,22
202,22
327,49
670,36
1391,43
12,11
107,46
169,39
384,24
771,38
1504,42
24,19
64,28
155,43
277,11
620,20
1223,28
95,40
140,17
315,36
565,28
1189,35
14,13
70,20
184,45
362,6
692,22
1380,49
40,3
64,16
137,11
321,38
578,7
1154,48
62,30
138,14
270,26
556,26
1028,4
6,5
76,50
142,35
257,44
514,16
997,23
1984,1983
66,41
128,33
290,11
543,3
1075,50
76,20
129,27
216,50
511,19
955,42
1956,15
11,7
28,27
132,32
264,28
464,48
996,12
1978,9
10,9
58,49
90,50
184,20
411,35
811,41
1614,17
101,30
140,10
258,6
590,7
1167,49
78,4
146,16
246,7
554,16
1064,43
96,34
140,32
262,7
523,43
1083,40
2,1
10,9
85,34
144,31
267,40
565,17
1129,46
13,12
80,41
143,21
313,12
619,37
1245,35
91,49
173,18
265,22
558,3
1104,7
60,43
81,20
189,35
430,15
806,3
1610,7
72,46
168,45
301,30
568,36
1134,46
22,21
57,2
162,35
247,45
574,3
1134,18
34,20
36,13
152,7
232,42
462,10
989,22
1933,44
20,19
117,49
138,7
362,8
672,16
1321,24
67,1
135,11
208,9
468,24
929,5
1843,4
27,26
52,17
82,22
226,33
442,24
917,34
1801,50
43,42
125,4
178,34
399,28
804,20
1564,22
12,10
99,1
125,32
323,46
610,11
1265,12
77,45
125,21
256,37
534,39
1013,43
72,15
109,31
247,32
475,17
951,44
1872,13
42,30
56,31
113,26
245,18
519,44
1069,36
50,31
56,19
112,44
262,31
568,43
1097,37
11,7
51,49
105,16
179,31
431,49
861,34
1722,50
55,11
121,18
215,11
465,16
943,38
1837,6
76,45
174,21
252,9
566,5
1088,40
28,8
45,44
106,1
217,2
469,38
868,3
1820,14
34,26
67,49
135,9
245,2
567,26
1103,26
39,38
56,19
168,20
315,16
637,50
1224,30
75,26
104,10
265,45
446,11
989,1
1939,4
9,8
90,37
148,38
249,13
546,28
1085,20
30,2
37,12
142,7
224,21
464,18
967,13
1943,8
11,6
68,8
180,14
341,7
683,41
1334,10
10,9
62,7
76,28
149,31
299,41
623,22
1248,8
77,45
116,48
228,11
522,38
960,12
1942,36
13,12
111,11
155,31
339,23
627,28
1321,15
79,49
104,4
199,39
422,27
812,28
1674,7
63,5
152,48
223,2
457,34
961,19
1932,46
60,20
117,2
191,28
424,2
853,4
1712,22
86,8
121,23
272,7
575,23
1142,38
40,3
110,39
221,34
391,34
861,35
1667,17
88,16
139,2
247,16
568,38
1045,20
45,31
137,9
255,22
474,35
1012,6
1942,44
59,24
113,32
176,9
426,40
836,21
1679,28
54,44
82,33
177,13
347,30
708,26
1394,42
42,41
99,16
177,1
326,24
681,36
1405,42
21,20
29,28
119,13
248,29
511,6
960,6
1969,23
18,11
63,33
134,50
287,3
535,41
1104,49
24,23
85,8
128,28
337,10
614,10
1194,50
61,38
130,48
240,13
513,9
995,32
1973,16
33,32
70,49
137,32
259,42
585,38
1125,44
58,43
118,14
208,33
399,31
823,17
1692,17
51,40
150,35
240,44
500,49
1006,27
1949,21
21,20
39,36
140,39
202,6
442,45
845,31
1705,47
53,20
88,12
168,18
410,9
776,10
1537,49
48,42
106,37
252,20
479,29
929,2
1904,29
50,2
61,47
134,46
299,19
634,23
1193,39
41,4
138,29
253,44
463,40
985,43
1896,10
49,48
103,39
196,30
377,2
818,36
1639,17
24,5
30,6
86,31
193,23
352,26
702,41
1435,33
65,15
69,42
154,48
340,45
689,41
1323,8
35,14
51,42
142,36
316,16
582,7
1165,49
41,10
60,18
145,46
274,30
585,34
1203,22
80,6
123,23
259,34
541,45
1095,10
69,20
166,16
327,9
603,43
1188,16
58,10
119,14
239,11
514,21
984,45
1978,16
6,5
85,42
102,13
224,23
504,41
953,32
1875,26
88,35
105,27
285,22
512,43
1004,1
1930,16
80,17
113,11
265,30
515,8
1064,42
41,27
126,45
197,41
460,42
829,33
1697,11
18,12
67,23
166,47
282,27
619,37
1226,19
9,8
72,22
121,42
268,45
568,32
1090,19
67,38
152,7
283,36
524,26
1065,2
16,15
92,27
201,35
406,34
807,18
1571,18
97,26
151,20
290,42
633,32
1208,14
46,18
69,45
145,29
267,34
572,48
1196,37
88,28
110,34
246,4
488,28
998,10
1929,18
67,16
125,17
263,29
519,8
1028,4
49,10
93,21
206,3
449,38
865,40
1736,8
88,7
163,30
289,8
586,3
1185,28
81,37
160,45
268,26
573,7
1110,4
40,37
129,34
236,26
439,14
938,23
1834,34
59,41
72,18
227,26
402,32
765,50
1533,5
22,21
102,39
212,36
337,8
744,34
1457,35
38,12
92,5
207,33
365,14
707,33
1422,13
19,18
86,35
189,50
372,29
755,25
1427,21
36,5
40,18
174,23
317,47
654,24
1267,43
36,35
45,27
182,34
311,41
589,19
1219,7
27,11
99,16
188,45
403,41
812,49
1597,37
71,8
79,23
170,45
356,37
687,18
1437,32
14,2
93,20
206,47
359,47
700,43
1447,8
29,28
44,43
85,22
161,41
414,14
791,45
1574,18
84,32
142,7
311,29
632,5
1221,39
10,9
99,41
172,33
363,18
738,47
1452,45
68,46
82,16
234,42
452,15
893,24
1813,15
27,26
108,23
203,44
419,36
802,6
1639,36
90,12
130,18
257,34
493,23
986,47
1989,1988
24,7
47,21
132,7
267,26
496,29
973,35
1909,41
87,14
88,33
194,32
449,43
824,17
1702,21
82,26
170,19
322,15
631,10
1298,25
81,13
134,37
260,5
514,29
1068,47
75,23
97,45
246,2
463,11
899,4
1859,49
35,30
85,47
196,44
416,25
817,16
1626,48
77,46
95,4
256,43
460,23
983,15
1889,2
31,30
115,9
185,21
343,32
690,35
1366,7
88,49
184,20
331,42
683,4
1381,27
18,17
50,25
70,28
151,18
347,46
665,2
1385,9
36,35
104,8
157,35
370,8
703,2
1466,41
56,39
57,12
210,13
393,3
768,50
1585,29
24,14
76,25
102,24
279,20
533,23
1108,35
15,14
16,14
118,21
187,37
368,24
762,17
1554,12
61,19
151,42
254,31
501,43
1045,48
72,17
91,32
185,19
372,32
789,5
1540,49
42,41
142,47
198,36
424,19
817,9
1691,12
36,35
47,42
150,3
251,43
488,1
973,45
1944,43
39,8
46,44
166,49
257,7
516,43
1035,6
47,36
140,29
250,19
455,48
927,13
1849,33
94,21
159,40
335,14
662,38
1270,13
24,6
34,16
114,25
222,20
466,34
891,35
1827,4
64,50
142,24
252,38
477,27
974,40
1993,6
42,20
96,10
214,5
431,29
816,1
1665,40
25,24
107,21
187,38
384,6
793,35
1507,23
63,34
121,2
252,39
472,21
954,33
1889,24
83,47
95,21
250,43
502,15
1002,16
1936,48
16,11
93,31
133,30
296,48
548,11
1129,38
22,21
64,44
99,22
273,22
526,5
1059,41
27,26
54,33
131,48
281,48
503,41
1049,37
20,1
103,28
190,45
332,41
724,41
1394,24
16,15
70,33
110,14
214,37
417,28
886,49
1732,27
15,14
91,20
130,47
298,15
609,39
1155,20
44,43
66,50
156,29
300,16
600,31
1199,45
24,23
61,49
138,17
302,50
530,44
1122,1
77,38
177,36
349,38
677,23
1305,4
72,44
159,16
293,31
578,1
1130,4
47,11
99,15
152,49
363,17
686,4
1400,10
95,40
106,29
295,12
533,16
1038,30
1,0
56,4
95,28
191,38
404,8
761,12
1529,27
36,35
59,45
158,18
289,37
617,24
1204,37
16,7
101,4
159,44
332,15
644,11
1327,45
5,4
6,5
85,9
136,16
327,6
638,9
1289,31
54,6
119,3
227,46
430,14
931,20
1772,38
23,22
53,26
97,40
228,27
458,10
916,23
1800,36
81,2
129,11
283,8
495,28
1084,11
27,1
121,17
220,37
469,31
887,9
1773,13
9,8
53,38
138,47
296,3
553,2
1101,49
58,36
91,30
182,38
336,42
720,48
1437,26
25,24
88,2
190,29
362,21
706,26
1398,21
85,46
182,27
338,34
702,35
1407,38
5,4
48,12
59,36
143,9
306,19
624,48
1285,45
91,42
104,38
197,11
461,18
912,39
1771,48
13,12
91,44
121,32
303,36
533,30
1108,34
72,46
122,23
232,12
471,14
955,23
1897,23
84,48
167,25
278,25
590,50
1150,17
27,20
42,41
80,38
236,35
393,47
820,6
1604,3
87,37
149,40
335,4
605,46
1218,22
37,19
116,36
213,48
387,9
844,49
1686,20
48,35
86,29
231,12
435,7
807,35
1668,33
40,34
112,15
164,6
381,1
785,17
1497,15
29,21
82,5
124,21
309,4
566,27
1111,22
71,17
79,3
190,6
415,12
807,19
1640,22
17,9
108,3
162,8
355,35
681,48
1389,42
32,1
106,35
171,47
349,23
724,39
1476,35
69,19
118,31
276,13
543,13
1058,42
24,9
117,28
205,49
385,49
823,24
1561,19
51,5
144,13
282,3
535,33
1063,4
93,26
119,9
220,31
461,15
932,24
1911,41
17,16
79,49
106,4
224,5
431,13
915,6
1853,32
3,2
42,28
87,34
187,49
395,5
748,48
1470,6
65,36
85,38
205,46
427,21
788,38
1582,1
37,28
83,47
188,15
364,40
716,3
1425,12
8,7
96,36
151,35
337,22
655,5
1300,8
36,25
77,30
134,34
328,2
594,39
1252,20
31,23
85,1
183,24
373,7
718,47
1419,27
42,34
94,47
219,42
384,23
773,46
1523,33
101,36
121,44
301,10
613,31
1187,39
2,1
40,26
101,28
191,33
372,5
748,25
1483,31
34,2
75,5
121,50
265,1
538,35
1076,40
46,40
124,39
265,29
489,34
1015,10
1989,1988
63,21
121,22
259,36
538,47
1062,39
37,36
80,35
216,32
419,38
786,47
1580,39
97,9
162,14
277,6
585,6
1221,16
41,26
57,47
99,25
237,6
470,44
917,11
1895,43
41,3
125,39
173,26
419,3
792,4
1651,18
42,25
62,43
144,6
257,43
580,20
1096,36
99,14
190,32
330,41
716,8
1397,31
91,2
136,46
322,34
617,1
1172,41
95,22
146,3
250,34
499,44
1018,49
54,22
76,23
193,5
374,35
721,1
1489,28
54,45
79,10
183,35
323,21
713,45
1383,6
35,1
50,12
127,26
269,14
552,35
1102,29
28,8
53,43
130,39
280,4
547,31
1138,15
81,19
131,22
239,23
474,11
969,17
1980,1979
2,1
14,13
38,32
91,28
199,33
443,45
839,19
1631,42
68,40
118,10
270,48
556,46
1068,34
81,11
118,12
244,33
534,45
1043,37
44,43
68,11
121,18
291,23
561,28
1103,14
12,11
56,38
78,20
196,49
426,41
795,26
1569,50
20,19
115,31
136,50
276,38
615,9
1184,3
26,10
69,2
124,15
222,21
537,31
1059,17
97,14
152,50
350,47
649,3
1338,42
40,39
124,29
193,37
381,30
809,11
1599,30
73,49
74,33
243,16
393,39
816,8
1637,1
72,8
105,4
276,25
542,41
1025,36
54,6
117,2
172,20
410,8
768,28
1566,11
20,19
21,20
84,18
128,37
265,27
605,50
1186,16
81,9
146,8
287,39
580,35
1180,5
32,31
106,5
206,49
418,11
820,20
1637,22
63,20
108,12
191,30
457,4
872,47
1758,34
37,5
102,18
217,18
403,31
809,19
1661,20
51,23
124,6
186,7
453,35
842,33
1730,33
44,18
90,49
180,8
332,29
714,10
1416,40
51,25
129,12
229,6
450,30
895,1
1812,33
53,3
94,41
205,37
381,16
754,44
1518,11
75,15
164,32
291,7
561,10
1130,33
2,1
75,10
169,11
333,1
604,21
1202,19
94,23
105,5
207,35
452,33
922,34
1861,31
95,37
194,49
350,24
723,10
1383,31
59,45
132,4
234,12
508,39
1025,23
1925,25
78,11
116,48
292,41
559,16
1078,37
63,17
85,24
247,29
411,14
829,18
1658,43
8,4
14,13
120,13
230,24
393,36
844,44
1612,40
23,20
48,4
90,9
190,41
404,45
833,13
1633,45
98,7
104,9
254,21
468,3
992,46
1950,24
78,17
137,27
303,23
528,50
1086,2
67,37
167,47
263,45
573,20
1156,23
30,15
98,23
198,28
372,12
789,3
1512,42
20,19
91,26
175,32
324,9
705,6
1403,27
78,47
104,42
283,47
504,37
1047,37
100,31
146,50
253,15
532,31
1096,21
10,9
98,42
112,22
289,24
586,48
1113,34
74,25
86,29
178,38
439,28
802,22
1679,10
36,34
94,47
158,9
316,3
633,30
1239,18
92,39
133,40
310,39
596,6
1202,29
69,42
123,36
217,26
425,17
930,20
1817,10
78,2
144,8
266,49
583,8
1164,40
100,26
107,30
273,32
579,11
1104,27
51,36
137,4
229,24
461,31
882,41
1806,23
81,25
170,16
315,36
651,38
1248,34
71,50
109,50
186,44
455,26
904,7
1744,11
16,12
112,41
143,32
339,1
671,6
1362,2
49,23
129,46
185,50
400,30
852,13
1616,25
16,10
83,8
126,30
322,49
596,8
1227,49
32,31
116,38
155,13
308,32
704,1
1358,49
23,22
84,7
130,9
278,38
589,11
1146,11
2,1
44,15
141,43
200,41
435,38
835,39
1701,2
29,28
35,34
92,4
180,19
371,42
741,28
1468,36
16,15
32,31
134,29
233,27
510,43
967,3
1923,14
70,20
98,13
211,16
426,29
894,13
1779,1
9,8
72,19
150,46
325,13
612,42
1189,40
5,4
81,50
186,48
340,41
637,48
1344,28
24,23
50,17
113,5
216,8
477,29
915,41
1823,7
25,24
75,22
121,5
238,3
533,25
1069,36
76,23
143,5
258,14
564,15
1102,28
78,14
164,29
319,13
565,39
1206,32
101,37
200,47
322,9
647,39
1322,22
80,45
98,36
228,15
440,45
897,12
1825,37
48,35
142,14
289,27
558,25
1045,33
53,46
61,26
194,22
395,12
783,15
1522,37
25,22
56,43
129,49
264,11
566,36
1089,43
39,30
89,23
212,13
381,46
759,49
1561,1
40,7
56,10
177,17
335,39
686,35
1317,33
71,21
118,41
208,47
421,45
834,40
1716,43
66,18
81,32
188,4
404,33
759,35
1542,36
26,10
64,5
124,41
296,38
540,15
1098,44
79,12
114,22
202,36
460,14
873,3
1820,8
91,10
159,12
284,18
584,30
1140,9
76,37
102,48
187,28
432,45
811,24
1669,24
49,44
91,6
217,45
405,22
778,8
1631,17
34,21
62,44
174,50
353,38
670,21
1343,45
50,33
107,11
201,28
380,48
793,7
1540,16
39,15
119,35
253,1
442,2
896,11
1842,46
44,41
89,18
157,48
304,22
640,27
1314,8
46,17
49,33
169,4
363,50
682,12
1329,6
80,19
99,32
200,45
394,9
781,34
1629,15
30,29
58,5
180,50
312,43
589,10
1240,40
74,25
106,50
216,42
466,26
883,44
1833,17
18,17
58,35
86,16
222,13
476,42
863,1
1824,21
35,24
122,43
200,5
403,46
847,32
1696,13
90,19
172,4
354,31
675,35
1373,13
69,39
168,43
264,27
556,36
1146,20
43,16
86,29
151,30
329,33
683,2
1348,21
56,24
88,33
173,6
334,1
715,49
1377,36
64,32
109,9
224,3
425,19
827,29
1688,30
24,23
41,40
91,2
228,34
430,14
872,40
1764,20
13,12
110,49
223,44
432,38
823,48
1693,31
67,13
107,14
204,24
425,20
851,16
1688,13
77,14
115,3
247,7
485,40
930,18
1900,29
30,13
87,46
154,48
316,12
651,40
1296,21
83,21
107,31
237,32
525,27
1038,36
1941,30
96,11
104,14
267,34
499,37
994,24
1995,1994
48,6
138,27
259,10
499,5
1010,28
1971,1970
26,1
117,47
224,35
378,43
768,31
1576,14
18,3
107,36
156,19
332,44
676,36
1291,7
76,2
176,1
327,7
584,25
1248,50
52,22
79,38
224,39
422,6
799,17
1657,39
17,16
37,36
88,11
169,21
339,15
675,20
1418,19
54,48
102,1
206,14
435,5
840,5
1688,9
25,11
41,40
150,38
240,6
500,5
990,7
1955,1954
59,31
69,25
153,14
382,2
687,6
1387,3
68,16
149,11
262,11
569,5
1086,16
86,3
184,40
313,9
665,20
1302,49
51,1
89,39
156,22
385,34
692,10
1418,35
31,30
121,15
189,2
397,33
755,4
1503,40
26,25
124,47
200,17
373,14
787,49
1611,49
42,15
47,4
99,43
247,16
512,6
979,30
1982,1981
6,5
9,8
113,16
180,50
327,37
708,38
1444,3
93,45
162,7
332,39
637,48
1264,7
11,10
17,6
29,28
139,7
213,35
433,25
942,14
1788,9
61,18
107,44
187,50
390,31
767,49
1572,14
67,19
146,12
238,2
522,27
1048,39
79,17
140,37
248,10
492,41
1022,47
1983,1982
1,0
35,34
76,7
143,19
294,37
634,26
1203,6
47,43
72,1
183,27
317,27
627,26
1320,24
56,11
123,20
254,32
450,7
938,43
1877,2
87,10
104,31
198,39
468,22
862,12
1812,8
92,41
156,36
279,37
530,27
1145,11
61,22
114,25
274,23
512,21
990,49
1957,11
83,22
159,14
270,14
566,9
1138,2
64,11
110,23
195,1
415,20
838,48
1708,9
42,8
111,25
247,33
428,28
896,42
1733,35
70,5
137,45
263,3
525,29
998,41
1991,1990
72,24
81,42
188,35
398,20
753,35
1592,14
49,48
126,41
187,42
388,18
834,3
1647,3
5,4
41,9
87,33
171,30
346,30
736,48
1450,4
35,9
82,31
171,26
309,12
674,10
1366,7
43,37
74,48
217,48
407,20
745,42
1513,47
21,1
86,14
129,19
319,21
596,23
1194,6
57,30
95,5
212,46
370,23
811,42
1585,7
76,37
78,32
179,8
404,10
756,29
1509,31
55,13
85,49
180,2
350,3
756,7
1477,10
46,15
88,2
152,24
387,16
735,15
1419,50
40,39
78,15
137,28
338,24
622,41
1274,2
98,36
114,41
288,20
570,9
1075,9
49,16
57,33
181,9
361,18
706,50
1367,33
26,25
64,10
138,37
299,45
568,12
1140,31
51,49
81,16
207,10
372,32
750,41
1480,41
20,6
50,23
136,39
245,4
454,4
923,12
1845,5
9,8
28,27
44,43
156,33
338,33
658,48
1280,33
93,44
119,7
280,26
495,37
1078,5
41,23
56,25
104,11
229,2
501,20
936,20
1908,12
21,17
64,41
108,14
199,23
493,31
976,39
1920,27
21,20
110,40
151,42
363,18
716,2
1384,48
43,19
131,13
175,32
407,35
801,32
1583,37
89,50
150,2
257,37
566,48
1140,25
23,2
103,35
134,43
339,10
641,46
1326,23
94,4
139,45
287,18
598,15
1190,7
98,16
103,28
284,3
559,39
1065,33
18,11
55,44
104,13
215,27
453,29
851,41
1741,20
85,4
99,14
268,47
543,47
1090,15
24,23
27,19
152,19
257,37
462,30
957,12
1940,39
6,5
43,40
148,42
259,34
476,47
992,32
1980,1979
81,9
113,18
252,12
469,39
974,19
1979,1978
71,4
151,12
323,45
617,40
1258,17
15,6
27,18
131,42
174,1
371,38
772,11
1514,24
89,44
185,34
335,3
709,35
1369,49
47,40
73,4
147,13
341,18
663,25
1330,28
9,8
62,16
95,27
224,29
451,49
923,48
1804,4
38,37
119,25
197,30
442,16
808,42
1693,33
48,13
73,7
166,44
355,11
678,49
1350,2
62,5
84,22
189,42
404,34
770,42
1514,10
39,3
76,21
189,46
321,27
634,46
1267,27
29,22
93,41
160,21
297,11
653,41
1293,2
40,7
131,39
258,13
468,42
929,4
1920,8
44,23
90,6
222,9
423,34
832,44
1676,1
88,32
114,5
250,14
511,23
1005,39
1905,9
84,10
103,20
228,47
512,5
932,17
1925,5
24,16
41,2
116,23
204,5
414,13
898,16
1708,4
56,33
81,3
196,40
343,31
695,40
1465,43
69,20
130,4
287,7
497,33
988,33
1992,1991
100,23
183,29
290,26
591,14
1259,3
37,36
130,21
254,41
430,45
942,34
1799,36
11,9
112,29
206,37
401,9
738,8
1535,25
29,22
104,25
155,24
368,34
752,37
1497,13
7,6
99,24
116,22
306,40
597,20
1178,42
64,40
109,44
230,38
404,41
894,33
1712,30
31,14
64,23
138,31
277,3
532,31
1079,17
62,7
115,43
221,33
481,16
965,36
1944,43
8,7
56,15
74,32
211,27
369,7
777,14
1504,37
87,20
119,3
278,8
548,47
1047,17
61,32
133,41
262,48
538,42
997,16
1921,15
4,3
95,22
104,33
219,7
501,21
966,25
1911,13
8,7
22,13
90,45
198,38
340,32
719,28
1394,42
72,39
149,2
284,6
571,4
1093,1
22,21
82,4
195,43
344,17
693,33
1405,41
53,27
90,7
238,50
445,43
837,3
1714,27
38,8
67,44
121,24
236,38
498,21
971,32
1964,30
33,7
120,33
185,24
432,7
812,14
1612,42
54,28
150,14
220,19
465,47
969,20
1871,15
86,20
144,16
251,11
490,41
978,30
1909,49
32,17
108,33
155,27
300,23
681,40
1329,49
5,4
30,28
132,8
223,47
418,29
843,36
1689,48
60,36
114,11
180,37
373,12
746,40
1537,48
96,37
169,1
339,49
610,8
1256,37
46,6
73,42
131,5
324,23
666,36
1329,6
70,10
167,48
332,11
640,21
1298,34
53,46
62,43
210,31
341,34
758,25
1520,26
30,25
111,27
227,25
417,16
808,38
1614,30
58,15
112,25
228,17
405,37
853,30
1684,24
14,13
82,21
159,2
276,16
632,33
1188,27
63,11
72,2
149,23
335,10
718,4
1366,15
3,2
27,26
89,19
207,46
374,11
708,24
1468,4
2,1
22,21
97,47
215,36
392,19
771,24
1528,34
73,8
127,5
258,43
552,9
1066,31
56,10
69,18
189,12
348,18
722,40
1444,18
57,11
85,32
187,50
397,46
740,23
1514,7
14,13
46,31
107,23
264,11
489,18
970,8
1975,15
39,38
76,42
188,27
310,5
641,19
1347,50
91,48
97,36
268,48
517,7
1050,43
3,2
45,32
104,28
201,4
406,17
804,20
1583,8
49,22
92,23
147,20
357,2
682,47
1342,10
55,27
141,13
241,11
484,41
952,19
1881,23
47,29
111,37
226,39
438,31
866,34
1692,46
39,24
55,49
160,7
305,35
659,13
1264,41
79,33
83,22
163,33
391,5
780,26
1544,14
69,9
89,49
220,6
432,29
858,48
1729,17
85,49
111,26
227,29
435,44
870,38
1774,16
100,33
194,35
333,48
668,41
1321,31
41,25
94,38
213,30
431,35
869,50
1672,13
17,16
107,7
158,3
326,48
621,11
1276,13
40,6
120,20
184,23
393,5
823,41
1598,43
33,28
113,10
174,36
341,41
720,19
1397,19
1,0
75,41
141,39
306,43
562,18
1142,18
60,6
125,50
244,11
460,33
914,24
1826,27
31,16
82,27
182,38
297,5
615,6
1211,50
53,9
129,10
241,31
465,20
948,44
1854,6
79,37
160,30
283,33
582,38
1149,20
51,28
104,22
169,29
375,41
800,37
1600,12
95,28
178,49
322,45
619,21
1236,41
59,45
66,8
141,30
357,43
717,38
1355,1
66,21
155,50
268,40
554,14
1143,18
24,12
31,18
70,38
142,34
303,13
623,5
1284,14
89,41
136,14
249,15
505,40
987,37
1915,18
48,33
79,41
137,16
273,10
578,22
1180,22
67,16
151,27
257,31
571,24
1052,34
92,48
190,31
331,23
692,16
1315,10
19,18
25,22
111,26
209,16
401,7
836,23
1684,38
53,50
72,14
182,28
329,25
645,25
1349,47
53,43
152,11
261,6
560,8
1118,12
89,43
124,28
249,24
549,39
1055,40
31,19
126,23
176,45
342,19
711,28
1456,22
34,33
39,37
135,6
268,9
564,36
1127,5
48,14
127,38
243,23
442,9
887,21
1807,30
68,3
167,4
251,31
518,17
1077,7
94,50
189,46
307,18
659,5
1264,21
89,21
184,21
301,13
627,48
1272,45
63,37
142,43
215,9
487,31
1003,24
1980,18
19,18
109,33
189,35
331,50
678,36
1357,11
86,23
173,39
303,13
578,19
1213,48
97,21
196,15
334,39
705,22
1367,19
30,29
64,50
189,48
359,19
702,34
1416,45
97,1
185,35
296,23
673,50
1261,13
1,0
87,44
177,3
349,30
633,20
1274,39
100,11
126,33
258,23
513,16
1094,28
48,15
63,18
130,11
315,36
575,45
1143,47
14,8
57,40
95,41
257,44
474,45
935,41
1896,43
56,33
72,30
155,14
377,37
740,31
1406,10
60,25
153,1
271,49
550,42
1049,30
92,37
191,34
357,17
672,15
1331,30
29,28
54,17
123,30
294,4
571,16
1080,27
41,15
56,39
170,3
274,43
563,47
1135,41
87,13
90,4
218,20
408,28
829,29
1696,41
45,44
108,8
200,35
429,23
814,20
1604,11
83,10
93,36
241,19
445,35
937,26
1878,16
67,30
117,22
230,13
478,15
992,44
1907,44
22,4
92,42
173,29
362,17
694,31
1375,45
65,13
120,22
266,11
491,42
1013,44
1997,1996
45,14
107,33
234,1
430,1
826,11
1663,4
24,23
99,32
212,29
361,30
788,9
1537,21
30,29
68,9
192,39
360,28
662,12
1351,9
82,11
109,2
224,31
498,41
1012,25
1982,1981
76,11
93,16
266,45
489,49
965,20
1968,1967
8,7
55,6
86,50
245,46
475,38
905,26
1844,12
2,1
76,39
133,14
257,6
471,42
1018,46
1907,33
82,49
110,4
280,6
547,35
1070,49
93,28
135,4
253,36
559,36
1052,19
47,33
73,9
220,50
408,46
778,10
1572,39
96,5
148,13
339,35
614,44
1269,45
28,1
60,23
142,46
316,4
560,9
1116,39
38,37
66,31
171,9
304,42
603,6
1229,43
75,18
161,4
246,1
515,7
1023,30
100,9
114,50
285,47
540,11
1123,37
31,30
46,30
143,27
294,37
584,35
1153,19
25,24
48,43
118,42
224,22
461,23
962,26
1903,15
29,6
127,14
193,36
445,41
838,31
1703,26
93,25
128,35
273,15
500,15
1024,44
100,16
130,18
313,7
567,38
1171,48
81,4
126,19
291,37
591,11
1188,38
68,39
152,38
320,32
542,16
1095,4
25,15
36,10
145,6
255,6
480,25
971,27
1938,34
83,14
183,20
313,34
638,46
1274,31
1,0
79,46
109,42
203,49
419,8
895,15
1777,49
54,15
155,24
292,2
554,17
1127,29
69,1
76,23
193,47
353,5
763,26
1541,12
94,47
132,49
242,22
542,35
1075,41
80,42
161,23
299,27
639,4
1205,47
91,20
109,34
301,4
540,22
1105,1
67,46
92,14
214,22
417,8
882,10
1693,38
16,2
102,28
139,2
273,3
581,8
1193,11
96,14
108,36
238,30
510,31
961,35
1980,1979
80,45
175,8
276,5
609,38
1180,40
31,30
74,46
201,15
356,20
714,41
1476,22
16,6
52,1
108,18
251,49
466,43
941,17
1839,22
69,7
118,35
237,22
520,27
957,25
1988,1987
88,37
158,8
261,46
582,39
1144,42
59,38
106,36
209,27
467,28
860,34
1705,11
20,19
101,8
164,12
321,40
659,20
1317,44
19,18
66,15
173,1
351,28
661,15
1344,17
91,36
161,17
329,28
641,13
1224,26
1,0
26,25
128,17
169,35
370,29
725,27
1428,6
18,4
80,21
114,4
256,23
479,47
987,6
1948,36
1,0
80,35
154,43
272,45
513,9
1072,17
76,31
123,9
290,26
490,29
1002,5
1941,3
93,5
139,26
266,26
565,23
1160,2
59,21
78,46
144,46
349,8
640,41
1361,5
94,20
136,20
258,5
516,32
1084,50
40,39
51,12
117,8
308,32
524,35
1131,33
3,2
59,12
143,25
289,7
509,32
1027,44
72,42
75,3
214,37
375,8
752,19
1517,14
83,8
90,3
178,46
428,25
879,39
1724,47
51,46
112,7
248,13
507,33
941,22
1899,23
101,28
150,14
320,17
644,41
1227,26
51,10
103,29
173,40
428,24
813,21
1586,14
86,5
122,13
282,42
495,46
1057,39
76,28
150,13
241,16
486,26
1034,26
1979,12
61,47
64,34
169,3
308,28
667,6
1324,25
68,46
122,6
243,11
533,23
1035,11
15,14
103,7
143,14
295,2
650,24
1256,40
38,24
42,32
89,26
177,22
367,39
800,27
1608,1
56,38
65,22
172,37
331,31
665,20
1341,8
62,41
99,24
195,48
393,25
797,40
1619,49
25,24
43,42
167,13
244,37
565,25
1071,12
2,1
26,1
39,34
135,32
285,25
567,28
1096,16
38,37
125,36
203,39
396,21
838,25
1609,28
7,6
22,6
62,12
117,21
304,48
550,34
1065,4
96,49
194,11
383,17
690,42
1416,17
57,40
152,7
297,45
546,36
1069,27
73,40
104,21
200,11
407,12
874,16
1706,46
17,16
20,19
81,36
163,8
329,32
672,5
1296,12
47,38
136,37
261,24
506,48
1013,10
1991,1990
49,35
148,19
296,16
528,4
1037,46
64,44
114,19
204,33
454,34
921,30
1761,17
89,37
148,14
256,41
536,14
1096,42
1,0
99,33
110,37
245,16
534,23
1087,29
77,31
99,21
243,32
507,21
1017,26
1979,1978
43,42
107,41
204,5
381,3
766,3
1523,43
89,23
100,49
237,47
474,15
965,12
1958,6
30,29
110,46
166,43
328,33
653,20
1318,42
4,3
17,7
83,46
164,6
282,37
583,15
1191,35
96,30
123,31
270,5
531,46
1083,25
20,19
51,21
119,33
226,4
491,7
924,14
1843,8
51,14
94,47
181,6
376,32
773,40
1484,25
82,21
124,29
266,24
492,24
1019,11
1946,11
36,35
39,30
80,13
181,44
423,26
785,3
1621,5
14,13
23,22
108,28
184,43
402,24
804,38
1550,50
27,17
125,50
229,38
473,6
939,34
1879,7
31,30
102,8
134,20
318,34
675,42
1282,28
69,21
126,8
273,46
565,6
1091,26
56,31
92,11
193,31
363,24
760,32
1524,3
93,26
183,50
286,28
610,38
1199,3
48,12
115,42
246,6
459,2
940,20
1849,19
75,34
145,6
273,9
499,41
1074,45
40,16
82,26
192,26
355,1
710,23
1402,26
56,42
98,35
208,31
432,10
805,6
1681,16
36,35
41,2
153,23
317,29
618,33
1214,9
83,24
86,16
253,33
496,47
977,45
1962,4
15,14
113,43
135,37
264,11
558,37
1149,19
11,10
43,14
61,39
210,35
404,11
779,43
1550,32
78,47
144,20
321,1
640,23
1196,12
34,3
100,46
182,3
324,29
685,6
1413,11
3,2
63,32
162,34
285,27
540,14
1111,2
85,20
186,43
302,12
618,10
1256,14
85,36
180,4
270,35
549,10
1146,16
14,13
36,19
92,37
221,5
372,36
781,27
1534,29
49,8
57,9
205,50
407,9
762,16
1570,37
72,47
121,9
202,13
444,16
900,50
1814,15
53,9
106,11
191,19
362,13
810,49
1576,50
38,27
125,7
213,48
429,13
826,15
1661,21
16,15
82,33
101,42
201,19
497,17
915,27
1888,24
11,10
73,11
153,3
329,40
595,50
1231,36
59,32
119,35
239,17
490,28
915,36
1909,11
12,11
52,1
124,13
189,2
442,11
917,38
1817,14
59,23
155,31
307,29
550,29
1130,44
44,37
54,45
167,23
299,48
567,1
1210,48
56,9
106,28
204,10
372,12
747,6
1524,39
3,2
51,47
155,3
272,19
549,22
1048,17
84,18
131,38
283,6
512,13
1049,49
52,39
110,35
263,9
436,8
953,6
1871,42
4,3
90,5
1
1
1
1
1
1
1
1
1
1
1
1
1
1
1
1
1
1
1
1
1
1
1
1
1
1
1
1
1
1
1
2
2
2
2
2
2
2
2
2
2
2
2
3
3
3
3
3
3
3
3
3
3
3
3
3
3
3
3
3
3
3
3
3
4
4
4
4
4
4
4
4
4
4
4
5
5
5
5
5
5
5
5
5
5
5
5
5
5
6
6
6
6
6
6
6
6
6
6
6
6
6
6
7
7
7
7
7
7
7
8
8
8
8
8
8
8
8
8
9
9
9
9
9
9
9
9
9
9
9
9
9
9
10
10
10
10
10
10
10
10
10
11
11
11
11
11
11
11
11
11
11
11
12
12
12
12
12
12
12
12
12
12
12
13
13
13
13
13
13
13
13
13
14
14
14
14
14
14
14
14
14
14
14
14
14
15
15
15
15
15
15
15
15
15
15
15
15
16
16
16
16
16
16
16
16
17
17
17
17
17
17
17
17
17
17
18
18
18
18
18
18
18
19
19
19
19
19
19
19
19
19
19
19
19
19
19
19
19
19
19
20
20
20
20
20
20
20
20
20
20
20
20
20
21
21
21
21
21
21
21
21
21
21
22
22
22
22
22
22
22
22
22
22
22
22
22
22
22
22
22
22
23
23
23
23
23
23
23
23
23
24
24
24
24
24
24
24
24
24
24
24
24
24
24
24
25
25
25
25
25
25
25
25
25
25
25
25
25
26
26
26
26
26
26
26
26
26
26
26
26
26
26
26
27
27
27
27
27
27
27
27
27
27
27
27
27
27
27
28
28
28
28
28
28
28
28
28
28
28
28
28
29
29
29
29
29
29
29
29
29
29
29
29
29
29
30
30
30
30
30
30
30
30
31
31
31
31
31
31
31
31
31
31
31
31
31
31
31
31
31
32
32
32
32
32
32
32
32
32
32
32
32
32
32
32
32
32
32
32
33
33
33
33
33
33
33
33
33
33
33
33
33
33
33
33
34
34
34
34
34
34
34
34
34
34
34
34
35
35
35
35
35
35
35
35
35
35
35
35
35
36
36
36
36
36
36
36
36
36
36
36
36
36
36
37
37
37
37
37
37
37
37
37
37
37
37
37
37
37
38
38
38
38
38
38
38
38
38
38
39
39
39
39
39
39
39
39
39
39
39
39
39
39
39
39
39
40
40
40
40
40
40
40
40
40
40
40
41
41
41
41
41
41
41
41
41
41
41
41
41
42
42
42
42
42
42
42
42
42
42
42
43
43
43
43
43
43
43
43
43
43
43
43
43
43
43
44
44
44
44
44
44
44
44
44
44
44
44
44
44
44
44
44
45
45
45
45
45
45
45
45
45
45
45
45
46
46
46
46
46
46
46
46
46
46
46
46
47
47
47
47
47
47
47
48
48
48
48
48
48
48
48
48
48
48
48
48
48
48
48
48
48
48
48
48
48
49
49
49
49
49
49
49
49
49
49
49
49
49
49
49
49
49
49
50
50
50
50
50
50
50
50
50
50
50
51
51
51
51
51
51
51
51
51
51
51
51
51
51
51
51
51
52
52
52
52
52
52
52
52
52
52
52
52
52
53
53
53
53
53
53
53
53
53
53
53
53
53
53
53
53
54
54
54
54
54
54
54
54
54
54
54
54
54
55
55
55
55
55
55
55
55
55
55
55
55
55
55
55
55
55
56
56
56
56
56
56
56
56
56
57
57
57
57
57
57
57
57
57
57
57
57
57
57
57
57
57
57
58
58
58
58
58
58
58
58
58
58
58
58
58
59
59
59
59
59
59
59
59
59
59
59
59
59
59
59
59
59
59
60
60
60
60
60
60
60
60
60
60
60
60
60
60
60
60
60
60
61
61
61
61
61
61
61
61
61
61
61
61
61
61
61
61
61
61
61
62
62
62
62
62
62
62
62
62
62
62
62
62
62
63
63
63
63
63
63
63
63
63
63
63
63
63
63
63
63
63
63
63
63
63
63
63
63
63
63
63
64
64
64
64
64
64
64
64
64
64
64
64
64
64
64
64
65
65
65
65
65
65
65
65
65
65
65
65
66
66
66
66
66
66
66
66
66
66
66
66
66
66
66
67
67
67
67
67
67
67
67
67
67
67
67
68
68
68
68
68
68
68
68
68
68
68
69
69
69
69
69
69
69
69
69
69
69
69
69
69
69
69
69
69
69
69
69
69
69
70
70
70
70
70
70
70
70
70
70
70
70
70
70
70
70
70
70
70
70
70
71
71
71
71
71
71
71
71
71
71
71
71
71
71
71
71
71
71
72
72
72
72
72
72
72
72
72
72
72
72
72
72
72
72
72
73
73
73
73
73
73
73
73
73
73
73
73
73
73
73
73
73
74
74
74
74
74
74
74
74
74
74
74
74
74
74
75
75
75
75
75
75
75
75
75
75
76
76
76
76
76
76
76
76
76
76
76
76
76
76
76
76
76
76
76
76
77
77
77
77
77
77
77
77
77
77
77
77
77
77
77
77
77
78
78
78
78
78
78
78
78
78
78
78
78
78
78
78
78
78
78
78
79
79
79
79
79
79
79
79
79
79
79
79
79
79
79
79
79
80
80
80
80
80
80
80
80
80
80
80
80
80
80
80
80
80
81
81
81
81
81
81
81
81
81
81
81
81
81
81
81
81
81
81
81
81
82
82
82
82
82
82
82
82
82
82
82
82
82
82
82
82
82
82
82
82
82
83
83
83
83
83
83
83
83
83
83
83
83
83
83
83
83
83
83
83
83
83
83
83
83
83
83
83
83
83
83
83
84
84
84
84
84
84
84
84
84
84
84
84
84
84
84
84
85
85
85
85
85
85
85
85
85
85
85
85
85
85
85
85
85
85
85
85
86
86
86
86
86
86
86
86
86
86
86
86
86
86
86
87
87
87
87
87
87
87
87
87
87
87
87
87
87
87
87
87
87
87
87
87
87
87
87
88
88
88
88
88
88
88
88
88
88
88
88
88
89
89
89
89
89
89
89
89
89
89
89
89
89
89
89
89
89
90
90
90
90
90
90
90
90
90
90
90
90
90
90
90
90
90
91
91
91
91
91
91
91
91
91
91
91
91
91
91
91
91
91
91
91
91
91
92
92
92
92
92
92
92
92
92
92
92
92
92
92
92
92
92
93
93
93
93
93
93
93
93
93
93
93
93
93
93
93
93
93
93
93
93
93
94
94
94
94
94
94
94
94
94
94
94
94
94
94
94
94
94
94
94
94
94
94
94
94
94
94
94
94
95
95
95
95
95
95
95
95
95
95
95
95
95
96
96
96
96
96
96
96
96
96
96
96
96
96
96
96
96
96
97
97
97
97
97
97
97
97
97
97
97
97
97
97
97
98
98
98
98
98
98
98
98
98
98
98
98
98
98
98
98
98
98
98
98
98
98
99
99
99
99
99
99
99
99
99
99
99
99
99
99
99
99
100
100
100
100
100
100
100
100
100
100
100
101
101
101
101
101
101
101
101
101
101
101
101
102
102
102
102
102
102
102
102
102
103
103
103
103
103
103
103
103
103
103
103
103
103
103
103
103
103
103
103
103
103
103
103
103
103
103
103
103
103
103
104
104
104
104
104
104
104
104
104
104
104
104
104
104
105
105
105
105
105
105
105
105
105
105
105
105
105
106
106
106
106
106
106
106
106
106
106
106
106
106
106
106
106
106
107
107
107
107
107
107
107
107
107
107
107
107
107
107
107
107
107
107
108
108
108
108
108
108
108
108
108
108
108
108
108
108
108
108
109
109
109
109
109
109
109
109
109
109
109
109
109
109
109
110
110
110
110
110
110
110
110
110
110
110
110
111
111
111
111
111
111
111
111
111
111
111
111
111
111
111
111
111
111
112
112
112
112
112
112
112
112
112
112
112
112
112
112
112
112
112
113
113
113
113
113
113
113
113
113
113
114
114
114
114
114
114
114
115
115
115
115
115
115
115
115
115
115
115
115
115
115
116
116
116
116
116
116
116
116
116
116
116
116
116
117
117
117
117
117
117
117
117
117
117
117
117
117
117
117
117
117
117
117
118
118
118
118
118
118
118
118
119
119
119
119
119
119
119
119
119
119
119
119
120
120
120
120
120
120
120
120
120
120
120
120
120
120
121
121
121
121
121
121
121
121
121
121
121
121
122
122
122
122
122
122
122
122
122
123
123
123
123
123
123
123
123
123
123
123
123
123
123
123
124
124
124
124
124
124
124
124
124
124
124
124
124
124
124
124
124
125
125
125
125
125
125
125
125
125
125
125
125
125
125
125
125
125
125
126
126
126
126
126
126
126
126
126
126
126
126
126
126
126
127
127
127
127
127
127
128
128
128
128
128
128
128
128
128
128
128
128
128
128
128
128
129
129
129
129
129
129
129
129
129
129
129
129
129
130
130
130
130
130
130
130
130
130
130
130
130
130
131
131
131
131
131
131
131
131
131
132
132
132
132
132
132
132
132
132
133
133
133
133
133
133
133
133
133
133
133
133
133
133
133
134
134
134
134
134
134
134
134
134
134
134
134
134
135
135
135
135
135
135
135
135
135
135
135
135
136
136
136
136
136
136
136
136
136
136
137
137
137
137
137
137
137
137
137
137
137
137
137
137
137
137
137
138
138
138
138
138
138
138
138
138
138
138
138
138
138
139
139
139
139
139
139
139
139
139
139
139
139
140
140
140
140
140
140
140
140
140
140
140
140
140
141
141
141
141
141
141
141
141
141
142
142
142
142
142
142
142
142
142
142
142
142
143
143
143
143
143
143
143
143
143
143
143
144
144
144
144
144
144
144
144
144
144
144
145
145
145
145
146
146
146
146
146
146
146
146
146
146
147
147
147
147
147
147
147
147
147
147
148
148
148
148
148
148
148
148
148
148
148
148
148
148
149
149
149
149
149
149
149
149
149
149
149
150
150
150
150
150
150
151
151
151
151
151
151
152
152
152
152
152
152
152
152
152
152
152
153
153
153
153
153
153
153
153
153
153
153
153
153
153
153
154
154
154
154
154
154
154
154
155
155
155
155
155
155
155
155
155
155
155
155
156
156
156
156
156
156
156
156
156
156
156
156
156
156
157
157
157
157
157
157
157
157
158
158
158
158
158
158
158
158
158
158
158
158
158
159
159
159
159
159
159
159
159
159
159
160
160
160
160
160
160
160
161
162
162
162
162
162
162
162
162
163
163
163
163
163
163
163
163
163
163
163
163
163
163
163
163
164
164
164
164
164
164
164
164
164
164
164
164
164
165
165
165
165
165
165
165
165
165
166
166
166
166
166
166
166
167
167
167
167
167
167
167
167
167
168
168
168
168
169
169
169
169
169
169
169
169
169
169
169
169
169
170
170
170
170
170
170
170
171
171
171
171
171
171
171
171
171
172
172
172
172
172
172
172
172
172
172
173
173
173
173
173
173
173
173
173
173
174
174
174
174
174
174
174
174
174
174
174
175
175
175
175
175
175
175
175
175
176
176
176
176
176
176
177
177
177
177
177
177
177
177
178
178
178
178
178
178
178
178
178
178
179
179
179
179
179
179
180
180
180
180
180
180
180
180
180
180
181
181
181
181
181
181
181
181
181
182
182
182
182
182
182
182
182
183
183
183
183
183
184
184
184
184
184
184
185
185
185
185
185
185
185
185
186
186
186
186
186
187
187
187
187
187
188
188
188
188
188
189
189
189
189
189
189
189
189
190
190
190
190
190
190
191
191
191
191
191
192
192
192
192
192
192
192
192
192
193
193
193
193
193
193
194
194
194
194
195
195
195
195
195
195
195
195
195
195
195
195
196
196
196
196
196
196
196
196
196
197
197
197
197
197
197
197
197
197
197
197
197
198
198
198
198
198
198
198
198
198
199
199
199
199
199
199
199
199
199
199
199
199
200
200
200
200
200
201
201
201
201
201
201
201
202
202
202
202
202
202
202
202
202
203
203
203
203
203
203
203
203
204
204
204
204
204
204
205
205
205
205
206
206
206
206
206
206
206
207
207
207
207
207
207
207
208
208
208
208
208
209
209
209
209
209
209
210
210
210
210
210
211
211
211
211
212
212
212
212
212
212
212
213
213
213
213
213
213
213
213
214
214
214
214
214
214
214
214
215
215
215
215
215
215
215
216
216
216
216
216
217
217
217
217
217
217
217
217
217
217
217
218
218
218
218
218
218
218
219
219
219
219
220
220
220
220
220
220
220
220
220
221
221
221
221
221
221
221
221
222
222
222
222
222
222
222
222
223
223
223
223
223
223
223
223
223
224
224
224
224
225
225
225
225
225
225
226
226
226
226
226
226
226
227
227
227
227
227
227
227
227
228
228
228
229
229
229
229
229
229
229
229
230
230
230
230
230
231
231
231
231
231
231
231
232
233
233
233
233
233
233
233
233
233
234
234
234
234
234
234
234
235
235
235
235
235
235
236
236
236
236
236
236
237
237
237
237
237
237
237
237
237
237
237
238
238
238
238
238
239
239
240
241
241
241
241
241
241
241
241
241
241
242
242
242
242
242
242
242
242
242
242
243
243
243
243
243
243
244
244
244
244
245
245
245
245
245
245
245
245
245
246
246
246
246
246
246
246
247
247
247
247
247
247
247
248
248
249
249
249
249
249
250
250
250
250
250
250
251
251
251
251
251
251
252
252
252
252
252
252
252
252
252
252
252
253
253
254
254
254
254
254
254
254
254
255
255
255
255
255
255
255
256
256
256
256
256
256
256
256
257
257
257
257
257
258
258
258
258
258
259
259
259
259
259
259
259
260
260
260
260
260
260
260
260
260
261
261
261
261
261
262
262
262
262
262
263
263
263
263
263
264
264
264
264
264
264
265
265
265
265
265
266
266
266
266
266
266
267
267
268
268
268
268
268
268
269
269
270
270
270
270
270
271
271
271
271
271
271
271
271
272
272
272
273
273
273
273
273
273
274
274
274
274
274
275
275
275
275
275
276
276
276
276
276
277
277
277
277
277
277
277
277
278
278
278
278
278
279
279
279
279
279
279
279
279
279
280
280
280
280
280
280
281
281
281
281
281
281
281
282
282
282
282
282
283
283
283
283
283
284
284
284
284
284
284
284
284
285
285
285
285
286
286
286
286
286
286
286
286
286
287
287
287
287
287
287
287
287
288
288
288
288
288
289
289
289
289
289
289
290
290
290
290
291
291
291
291
291
291
292
292
292
292
293
293
293
293
293
293
293
294
294
294
295
295
296
296
296
296
297
297
297
297
297
297
297
297
298
298
298
298
299
299
299
299
299
299
300
300
300
300
301
301
301
302
302
302
302
302
302
303
303
303
303
303
303
303
303
304
304
305
305
305
305
305
306
306
306
306
306
306
306
307
307
307
307
307
307
307
308
308
308
308
308
308
309
309
309
309
309
309
310
310
310
311
311
311
311
312
312
312
313
313
313
313
313
314
314
314
314
314
314
314
315
315
316
316
316
316
316
316
317
317
317
317
317
317
317
318
318
318
318
318
318
318
319
319
319
319
319
320
320
320
320
320
320
321
322
322
323
324
324
324
324
324
324
325
325
325
325
326
327
327
327
327
327
327
328
328
328
329
329
329
329
329
330
330
330
330
330
330
330
331
331
331
331
332
332
332
332
332
332
333
333
334
334
334
334
334
334
335
335
335
336
336
336
337
337
337
337
337
337
338
338
338
339
339
339
340
340
340
341
341
342
343
343
344
344
344
344
344
344
344
345
345
345
345
345
346
346
346
346
347
347
347
347
347
348
348
348
348
348
348
348
349
349
349
349
349
349
349
350
350
350
350
350
351
351
351
351
352
352
353
353
353
353
353
354
354
354
355
355
355
356
357
357
357
357
357
357
358
358
358
358
358
359
359
359
359
359
360
360
360
360
360
360
360
361
361
361
361
361
361
361
362
363
363
363
363
364
365
365
365
365
365
365
366
366
366
367
368
368
368
368
368
368
368
368
369
369
369
369
370
370
370
371
371
371
372
372
372
372
372
373
373
373
373
373
373
374
374
374
374
374
375
376
376
377
377
378
378
378
378
378
378
378
378
378
378
379
379
379
379
380
380
381
381
381
382
382
383
383
384
384
384
384
384
385
386
386
386
387
388
389
389
389
390
390
390
390
391
391
391
391
391
391
391
392
392
392
392
392
393
393
394
394
394
394
394
394
394
395
396
397
397
397
398
398
398
398
398
399
399
399
399
400
400
401
401
402
402
402
403
403
403
403
403
404
404
404
404
405
405
405
405
405
406
406
407
407
408
408
408
408
409
409
409
409
410
410
410
410
410
410
411
411
411
412
413
413
413
413
413
413
413
414
415
415
415
415
415
415
416
416
416
417
417
417
418
418
418
419
419
419
419
419
419
420
420
420
420
420
421
421
421
422
422
423
423
424
424
424
424
425
425
425
427
428
428
428
429
429
429
430
430
430
430
430
430
431
431
431
432
432
433
433
434
434
434
434
434
435
435
436
436
436
436
436
437
437
438
438
438
438
439
439
440
440
440
441
441
441
442
442
443
443
444
444
445
445
445
446
446
446
446
446
446
447
447
447
447
448
448
449
450
450
450
451
451
451
451
452
452
452
454
454
454
454
455
455
455
455
455
457
457
457
458
458
458
458
458
459
459
459
460
460
460
461
461
461
462
462
462
463
463
463
464
464
464
464
464
465
465
465
467
467
467
467
467
468
468
468
468
468
468
468
468
469
469
469
470
470
471
471
472
472
472
472
472
473
473
473
473
473
474
474
474
475
475
475
475
475
476
476
476
476
476
478
479
479
479
479
479
479
479
480
480
480
481
482
482
483
483
484
484
484
484
484
485
485
485
485
485
486
486
486
487
487
487
487
487
488
488
489
489
489
490
490
491
491
491
492
492
492
492
492
492
492
492
492
493
493
493
494
495
495
495
495
495
496
496
497
497
498
499
501
502
502
502
502
503
503
505
505
505
505
505
506
506
507
507
507
507
509
509
510
510
510
510
511
511
511
512
512
512
513
513
513
513
513
514
514
514
515
515
515
515
515
516
516
516
516
517
517
517
517
518
518
518
518
519
519
519
519
520
520
520
520
520
520
521
521
522
523
523
523
524
524
524
525
526
526
526
526
527
527
527
527
528
528
528
529
529
529
530
530
530
531
532
532
533
533
534
534
534
535
535
535
536
536
536
537
537
537
537
537
537
538
538
539
539
539
539
540
540
541
541
541
541
542
542
542
542
543
543
544
544
546
546
546
546
546
546
547
547
547
548
548
548
548
549
549
550
550
550
551
551
552
552
552
552
552
552
553
553
553
553
553
553
553
553
554
554
554
555
555
555
555
556
556
556
556
556
557
557
557
557
557
558
558
560
560
560
560
560
561
561
561
562
562
562
563
563
564
564
564
564
564
565
565
566
566
566
566
566
566
566
567
567
568
568
568
569
569
569
569
569
570
570
570
571
571
572
572
572
573
573
573
574
574
575
575
575
575
576
576
576
576
577
577
577
577
578
578
578
578
580
580
580
580
581
581
581
581
581
582
582
582
582
583
583
583
583
583
583
583
583
583
584
584
584
585
585
585
586
587
587
587
587
588
588
588
588
589
589
590
590
590
591
591
591
591
592
592
593
593
593
593
595
595
596
596
597
597
598
598
599
599
600
601
601
601
602
602
602
603
603
604
604
604
605
605
606
606
606
607
607
607
608
608
608
609
609
609
609
609
610
610
610
611
612
612
612
612
613
613
613
613
613
614
614
614
614
615
615
616
616
616
617
617
618
618
618
618
619
619
620
620
620
620
621
621
621
622
622
622
622
623
623
624
624
624
625
626
626
627
627
627
627
628
628
628
628
628
628
628
629
629
629
631
631
633
633
633
633
635
637
637
638
638
639
641
642
642
642
642
642
643
643
643
644
645
645
645
646
647
648
648
649
649
649
650
650
651
651
651
651
652
652
654
654
654
655
655
655
657
657
657
657
659
660
660
661
661
661
662
662
662
662
662
662
662
663
663
664
664
664
664
665
665
666
666
666
667
668
668
670
671
671
672
672
673
674
675
676
676
676
676
677
677
678
679
680
680
680
680
681
681
682
683
683
684
684
685
687
689
689
689
690
691
691
692
692
693
694
694
696
696
697
697
697
698
698
700
700
700
700
702
702
702
702
702
702
703
703
704
704
704
704
705
705
706
709
709
710
710
712
712
713
714
715
716
716
716
716
716
716
718
718
718
719
719
719
719
719
719
719
720
720
720
721
722
722
722
724
724
724
725
725
726
726
726
726
727
728
728
729
730
731
731
732
734
734
734
734
735
736
736
736
737
737
738
738
740
740
741
741
742
742
742
742
744
745
745
746
748
748
748
749
750
750
751
752
754
755
757
757
757
758
758
758
759
759
760
763
763
763
763
765
765
765
765
766
766
766
767
767
767
768
768
769
770
771
771
771
772
773
773
773
773
773
775
776
777
777
778
778
778
778
779
780
780
782
782
782
782
784
787
787
787
788
788
790
790
792
792
793
793
794
794
794
794
796
797
797
798
800
800
800
801
801
802
802
802
802
804
804
804
805
805
805
806
807
808
808
808
808
808
809
809
809
809
809
810
810
810
811
811
811
812
812
812
812
813
814
815
816
816
817
818
818
818
819
819
820
821
822
822
823
824
825
826
826
827
828
829
829
830
831
831
832
832
832
832
833
834
835
835
837
837
837
839
839
840
840
841
841
843
843
844
844
845
845
849
849
849
850
850
851
852
852
854
855
856
856
856
857
857
859
861
862
863
863
866
867
868
870
870
870
871
872
872
873
875
875
876
876
876
876
878
878
879
880
881
881
881
882
882
882
882
883
884
884
884
885
886
886
888
889
890
890
890
891
892
892
892
894
894
895
896
896
896
896
897
897
898
899
901
902
904
904
904
905
906
906
906
906
907
907
908
908
909
909
910
910
910
911
911
912
912
912
912
913
913
913
915
917
917
918
919
920
921
921
922
923
924
924
925
925
925
926
927
928
928
928
928
928
930
930
930
930
931
932
933
935
936
937
937
937
939
940
940
941
941
941
941
942
942
942
942
944
945
946
946
946
947
947
948
948
949
950
951
951
952
953
954
954
955
956
956
956
956
957
958
959
959
959
960
961
961
961
962
962
963
964
964
965
965
966
966
967
968
968
968
969
970
970
971
971
973
974
974
974
975
975
975
976
976
978
978
979
980
980
981
982
982
982
983
983
985
985
985
986
986
986
987
988
988
988
989
989
990
990
990
990
991
991
993
994
994
995
995
996
997
997
1000
1001
1002
1003
1003
1003
1003
1003
1003
1004
1005
1006
1006
1007
1008
1008
1009
1009
1010
1011
1012
1014
1015
1016
1017
1017
1017
1018
1019
1019
1021
1021
1021
1022
1022
1022
1023
1023
1025
1025
1025
1025
1026
1026
1026
1028
1028
1028
1029
1030
1032
1032
1032
1033
1034
1035
1035
1036
1037
1042
1042
1042
1043
1044
1044
1045
1045
1045
1050
1052
1052
1053
1054
1054
1055
1056
1056
1056
1056
1056
1056
1056
1057
1058
1060
1060
1060
1060
1061
1062
1062
1062
1062
1063
1064
1065
1065
1065
1065
1066
1067
1068
1069
1070
1070
1071
1072
1073
1074
1074
1074
1075
1077
1077
1078
1078
1078
1078
1080
1080
1081
1081
1082
1082
1083
1084
1084
1084
1084
1084
1084
1084
1086
1086
1087
1087
1088
1088
1088
1088
1089
1090
1090
1091
1091
1092
1092
1092
1093
1093
1093
1094
1094
1095
1096
1096
1097
1098
1098
1099
1100
1100
1101
1101
1102
1102
1102
1102
1105
1105
1105
1106
1107
1107
1107
1108
1108
1110
1110
1110
1110
1111
1112
1113
1114
1114
1115
1116
1116
1116
1117
1118
1118
1121
1121
1121
1121
1122
1122
1123
1124
1124
1124
1125
1125
1126
1126
1127
1127
1127
1127
1129
1130
1130
1131
1131
1132
1132
1132
1133
1133
1134
1136
1136
1137
1138
1139
1139
1140
1140
1141
1141
1141
1142
1142
1143
1144
1144
1144
1145
1146
1146
1147
1147
1148
1150
1150
1151
1151
1152
1153
1153
1155
1155
1155
1157
1158
1158
1159
1159
1159
1160
1160
1160
1162
1163
1165
1165
1165
1166
1167
1168
1170
1170
1171
1172
1174
1175
1175
1176
1176
1177
1177
1180
1181
1182
1183
1183
1183
1184
1185
1185
1187
1189
1190
1191
1191
1192
1192
1192
1192
1194
1194
1195
1195
1196
1196
1197
1198
1200
1200
1200
1201
1202
1202
1203
1204
1204
1205
1205
1206
1206
1206
1207
1208
1208
1210
1211
1212
1212
1214
1215
1215
1218
1219
1221
1224
1224
1225
1225
1226
1229
1230
1232
1232
1233
1234
1234
1235
1235
1235
1236
1236
1236
1237
1237
1238
1240
1240
1241
1242
1243
1243
1243
1244
1244
1247
1247
1248
1249
1251
1253
1253
1254
1254
1255
1258
1261
1262
1262
1262
1264
1265
1265
1266
1266
1268
1268
1269
1269
1269
1271
1271
1273
1274
1275
1275
1275
1275
1278
1280
1281
1281
1281
1281
1282
1282
1282
1283
1284
1285
1286
1287
1288
1288
1291
1291
1291
1293
1293
1295
1295
1296
1300
1301
1301
1301
1301
1302
1305
1306
1307
1307
1308
1308
1308
1309
1310
1311
1312
1314
1315
1315
1315
1315
1317
1317
1318
1319
1320
1321
1322
1323
1323
1324
1325
1326
1326
1329
1329
1330
1332
1333
1334
1334
1335
1338
1339
1339
1340
1341
1344
1346
1346
1346
1346
1350
1350
1351
1353
1354
1355
1356
1357
1358
1358
1359
1360
1362
1362
1363
1364
1364
1364
1364
1364
1364
1366
1366
1367
1368
1369
1369
1370
1371
1373
1373
1380
1385
1386
1387
1387
1388
1389
1391
1392
1393
1394
1395
1398
1399
1400
1402
1403
1405
1405
1407
1407
1407
1408
1409
1410
1410
1410
1412
1412
1413
1413
1414
1415
1415
1415
1417
1417
1418
1419
1419
1422
1422
1426
1426
1426
1426
1427
1428
1428
1430
1431
1431
1432
1434
1434
1434
1436
1438
1440
1445
1445
1445
1446
1447
1447
1448
1450
1451
1452
1454
1455
1455
1456
1456
1459
1459
1460
1461
1461
1461
1462
1465
1466
1466
1470
1471
1471
1471
1472
1472
1473
1473
1474
1476
1477
1478
1478
1478
1483
1485
1485
1485
1486
1487
1488
1489
1491
1491
1494
1495
1496
1500
1503
1503
1503
1504
1505
1509
1510
1512
1514
1516
1517
1517
1517
1520
1523
1524
1526
1527
1528
1528
1529
1530
1531
1533
1535
1536
1536
1537
1537
1538
1540
1540
1541
1544
1545
1546
1546
1547
1548
1549
1550
1552
1555
1557
1557
1558
1558
1559
1561
1561
1562
1563
1564
1565
1566
1567
1569
1571
1571
1571
1571
1572
1574
1575
1575
1577
1577
1578
1579
1579
1579
1580
1580
1583
1589
1591
1592
1593
1596
1598
1600
1602
1603
1604
1604
1609
1610
1611
1614
1615
1615
1616
1616
1617
1618
1618
1619
1619
1622
1625
1625
1626
1628
1631
1631
1632
1635
1637
1639
1639
1641
1642
1644
1647
1647
1649
1650
1651
1652
1652
1652
1653
1655
1655
1656
1656
1656
1658
1658
1658
1659
1662
1664
1665
1668
1671
1673
1674
1675
1676
1676
1676
1677
1677
1678
1679
1681
1682
1682
1683
1687
1687
1687
1687
1689
1690
1691
1693
1696
1696
1696
1697
1697
1698
1699
1700
1701
1704
1704
1710
1711
1713
1713
1714
1714
1715
1717
1718
1719
1720
1720
1722
1724
1728
1732
1733
1733
1733
1735
1736
1736
1743
1744
1745
1746
1746
1748
1751
1751
1752
1754
1754
1756
1756
1758
1758
1758
1759
1761
1761
1762
1762
1766
1766
1767
1767
1769
1770
1772
1773
1776
1778
1779
1780
1785
1786
1788
1790
1794
1796
1797
1798
1798
1798
1801
1802
1803
1807
1808
1808
1809
1809
1810
1811
1812
1815
1816
1819
1819
1820
1821
1826
1826
1826
1827
1827
1828
1829
1829
1830
1831
1834
1834
1834
1836
1837
1838
1838
1838
1839
1839
1839
1839
1842
1842
1842
1844
1851
1851
1852
1854
1854
1854
1857
1857
1857
1862
1863
1864
1866
1868
1870
1872
1872
1873
1874
1875
1877
1877
1879
1879
1881
1882
1883
1884
1884
1885
1886
1888
1889
1889
1891
1891
1892
1893
1895
1895
1897
1898
1900
1902
1902
1902
1904
1904
1905
1906
1906
1907
1907
1909
1910
1911
1911
1913
1913
1914
1914
1915
1916
1917
1917
1918
1918
1921
1921
1921
1923
1924
1924
1924
1924
1925
1926
1927
1927
1929
1930
1930
1930
1931
1935
1935
1935
1936
1936
1938
1940
1942
1942
1947
1951
1952
1952
1953
1953
1954
1957
1959
1961
1963
1963
1963
1963
1964
1965
1967
1968
1969
1970
1975
1976
1977
1978
1978
1979
1982
1984
1985
1986
1988
1992
1993
1997
1998
2051
2154
2166
2218
2225
2317
2392
2456
2846
3068
3140
3150
3176
3217
3239
3274
3288
3353
3530
3556
3785
