Primero viene la cantidad (n) de timestamps para ambos, luego n líneas que son un timestamp aproximado cada uno separado por una coma (',') del error, y luego n lineas de las transacciones del sospechoso
6500
350,102
1306,456
895,875
854,718
757,627
979,560
1767,183
593,344
597,529
1081,837
1064,791
1332,617
662,546
1247,631
986,674
968,628
882,758
550,335
1091,549
1058,725
1091,798
902,830
1448,371
816,212
891,603
70,45
843,609
1268,725
524,194
1280,352
1422,451
800,192
855,530
885,820
1136,527
978,792
1192,680
610,212
1107,562
1173,669
1126,462
959,820
564,236
1594,270
1439,553
1751,161
144,143
827,197
680,623
1031,932
1160,770
1142,525
944,885
1591,366
594,295
682,123
1460,415
1068,872
1663,307
280,259
1325,556
810,790
1041,953
880,808
829,809
791,695
380,115
741,357
612,314
1094,860
1730,227
1173,808
818,688
887,205
919,344
710,338
776,737
975,779
997,819
523,316
801,796
1074,815
639,627
189,25
1473,318
947,901
1008,843
1643,356
1064,566
524,151
1288,565
1914,43
637,260
1024,717
1064,769
972,948
1218,651
1078,515
1212,711
319,132
1049,750
395,206
1731,161
1284,697
995,978
1508,149
89,60
1176,562
1284,547
987,778
1286,495
1551,384
360,305
819,804
650,628
925,128
1303,248
1304,296
1147,735
550,473
1675,280
1001,975
496,490
413,212
1216,454
1585,243
1124,79
1261,149
937,848
750,103
1437,398
919,334
1418,569
298,298
982,351
340,334
534,294
1080,349
922,447
938,391
701,417
1050,849
1040,859
1117,861
736,655
1496,404
1127,779
373,310
299,203
1327,576
738,317
496,260
1530,219
776,425
641,378
1246,685
1217,577
752,317
431,134
1080,510
1200,113
1431,256
359,152
1214,367
985,980
1081,493
1517,446
1532,158
380,193
1060,717
984,584
1296,249
1099,163
1436,275
744,627
916,454
1447,493
958,682
1595,207
490,203
1035,905
547,440
947,718
1461,481
767,223
1529,418
399,295
669,589
322,304
677,163
1022,642
1215,582
1260,444
945,496
655,620
328,311
213,155
642,191
981,596
1302,625
546,545
1598,338
888,880
596,438
1412,570
49,45
859,765
1796,132
1253,406
1881,104
538,534
1526,90
558,484
1372,484
1787,68
911,614
933,805
1707,162
1358,636
686,636
862,713
1128,707
576,491
331,239
987,236
572,515
1497,458
1192,768
870,686
544,419
1389,322
1437,363
1425,368
1183,527
1058,746
973,951
755,318
171,94
864,550
1229,519
647,488
1197,147
979,623
1254,352
798,788
1529,461
1225,418
982,917
334,306
919,914
381,189
323,307
681,634
1281,638
1560,439
1553,439
156,136
226,219
1413,476
1283,641
412,410
391,369
733,659
689,556
1040,335
362,318
1005,630
613,514
696,646
826,775
1008,448
1401,340
794,697
1771,50
993,167
1071,725
1273,462
844,664
851,758
912,402
1482,515
943,581
1264,546
1132,372
1017,794
1071,521
789,490
1270,638
1246,455
628,598
1089,357
649,595
1032,928
480,475
825,320
489,216
923,670
1394,490
1152,334
271,272
923,691
1327,501
869,787
1270,458
1278,458
900,822
329,303
864,842
1705,295
1909,60
558,439
961,751
1385,557
652,639
1020,660
1697,280
1291,221
1315,642
1290,643
1130,739
1265,658
458,447
993,990
1206,713
1098,627
1120,757
952,799
702,459
1508,429
458,433
1118,882
862,542
1201,652
1363,473
897,567
1019,711
1498,497
1469,452
1035,642
888,465
1377,410
972,847
1128,854
1062,819
1392,484
1070,823
997,734
1378,423
1012,664
1221,228
1053,869
1243,747
710,633
1393,485
929,604
960,745
653,311
772,683
1442,296
1295,657
446,248
1517,435
1049,446
981,618
1041,736
1271,592
1011,979
815,692
1785,138
987,537
610,545
740,363
997,934
1005,780
992,950
1250,545
956,807
800,611
1454,299
149,88
892,540
1208,685
509,502
151,151
255,221
1742,137
724,497
1394,169
1171,636
292,69
1582,230
530,417
612,544
1393,437
583,502
330,155
1751,107
1527,380
1424,498
1023,791
1595,150
1074,869
1212,780
1077,157
1415,511
764,366
1379,368
899,702
577,420
985,956
1151,822
288,249
322,222
1209,598
1244,499
1013,669
702,202
1156,815
1084,882
1046,794
335,231
901,427
1896,90
588,450
1108,140
1816,60
791,676
1009,195
1939,51
1443,449
1086,864
589,542
1074,750
1041,513
1478,421
923,435
1681,148
627,598
1404,475
816,613
897,726
666,645
306,298
1224,524
930,904
355,85
1392,237
1241,696
1424,250
1625,144
1186,578
1354,405
854,845
1169,693
1080,913
1290,515
1187,643
1646,102
935,138
656,468
1254,661
1624,40
824,416
1822,127
1190,747
1295,668
878,621
1483,482
1199,640
1265,579
1298,646
338,226
1682,268
465,309
347,307
836,461
1376,248
818,795
1270,682
319,305
1516,482
754,554
1011,698
1519,436
1487,358
1212,766
1074,245
1383,219
767,704
310,226
503,367
1028,550
746,626
1133,381
703,578
454,330
1126,868
1450,468
769,618
885,336
988,884
699,691
1274,363
466,167
699,473
1216,719
781,609
1370,354
952,747
886,627
1247,751
1219,446
1078,595
1863,81
843,426
1157,186
1001,613
1227,715
1279,717
635,501
478,137
1370,544
820,447
1337,356
849,654
1426,205
994,626
763,654
742,691
1104,837
964,230
1192,530
1093,850
1346,488
1302,384
136,86
342,343
1151,375
1399,454
868,843
726,430
1137,418
526,513
744,437
541,172
570,441
1055,943
1525,354
854,664
610,446
1127,168
271,132
714,450
1081,198
1021,613
842,706
1074,901
633,610
907,334
1136,414
509,386
1061,772
552,310
941,536
833,501
1086,820
1101,338
794,546
1446,433
1111,424
928,656
414,400
1253,707
829,208
971,711
1463,370
891,211
807,747
479,344
1226,533
384,383
914,915
1047,810
1052,560
1192,623
929,899
950,778
1093,642
311,183
980,631
823,587
920,775
787,657
1099,804
455,281
1271,418
1048,726
110,107
709,497
1016,803
1064,874
1015,621
1684,103
904,656
688,440
1356,348
1276,372
1636,361
240,191
818,615
477,192
989,285
636,539
1767,204
722,280
822,329
633,518
702,344
385,176
676,300
567,443
958,321
690,491
1193,395
1307,658
560,136
1795,66
1450,277
1674,218
1452,314
1260,459
900,759
518,433
933,530
1145,787
993,911
845,716
1228,691
1117,727
798,677
1099,693
1205,778
444,264
159,157
835,563
775,718
801,777
557,341
561,440
1776,223
437,421
1107,761
869,713
1565,420
652,626
351,96
636,633
957,776
1205,656
446,346
1240,368
403,295
775,446
1090,875
1017,563
934,837
838,801
1057,517
1171,824
959,276
1434,475
788,513
1307,175
690,655
1353,381
1354,460
620,619
894,526
694,507
743,400
1260,698
768,380
517,312
384,381
905,282
1043,765
1126,638
1233,511
1313,505
851,225
1228,745
982,674
729,209
1451,533
1300,662
791,416
477,413
1240,590
1549,296
1504,117
988,824
1476,497
762,555
1100,81
36,16
1407,516
1140,548
1299,122
963,920
1095,662
1212,639
1574,288
292,98
792,779
1063,629
1608,381
909,753
838,764
1118,878
1000,841
758,199
819,685
874,569
1226,759
1448,515
1234,672
1544,453
1671,243
1467,451
832,810
467,305
273,169
1727,193
983,413
807,464
840,567
1055,890
663,105
1202,694
587,548
1618,293
1667,270
1093,771
1548,294
298,151
1002,843
670,595
1663,231
1540,348
1122,388
1486,264
1356,468
1036,796
549,549
1448,244
1386,612
734,621
489,451
978,918
985,341
567,193
1548,393
701,689
1074,799
1120,342
1270,285
920,462
303,92
965,339
1264,682
842,620
800,199
1329,593
939,433
1179,745
1002,891
912,491
1032,967
1140,445
1410,387
998,984
1354,589
1391,248
1535,391
812,795
903,862
1075,702
1282,310
855,840
561,496
940,652
621,343
1337,605
944,548
1682,207
1788,149
1115,721
1494,268
1471,450
561,130
1136,644
1217,477
812,779
1156,232
786,220
718,545
403,356
412,274
1050,767
30,17
764,547
1695,172
700,503
1288,555
1234,510
1009,960
1148,599
1178,569
961,404
1218,673
1116,445
819,460
1094,874
859,677
1767,157
1334,447
981,970
472,454
1489,415
893,699
976,366
695,676
800,224
1903,50
131,78
1116,507
1332,528
1185,626
1536,344
1162,694
1674,313
1562,184
903,667
355,265
789,473
1681,269
175,89
1220,730
764,224
1252,699
573,573
685,438
106,101
1746,219
1251,725
1373,298
722,423
889,799
1249,715
1018,908
753,456
776,733
862,325
1400,432
1135,816
581,278
407,338
764,646
989,420
765,714
1592,403
295,139
1282,300
952,933
1505,492
784,392
1814,111
1173,575
672,659
1154,824
1138,499
1228,765
672,639
917,900
771,499
962,903
534,136
686,279
773,687
930,768
1177,478
1240,373
1185,783
93,92
746,739
961,862
863,849
1030,896
1221,778
1215,753
1928,34
1375,608
607,141
1019,554
1041,920
1164,835
947,399
935,848
1557,190
674,478
914,693
1306,570
893,664
1728,195
803,463
1030,838
1002,832
1204,750
765,689
1743,240
1197,770
797,797
385,83
1045,616
1108,491
311,111
987,223
1105,645
907,784
836,733
578,518
357,273
890,831
877,688
554,491
1527,421
986,964
959,685
1281,184
1588,167
775,743
917,869
869,454
1726,256
1194,510
1090,609
1170,442
618,600
986,368
1116,601
753,586
854,769
1109,629
1231,566
703,358
806,224
795,710
1068,767
895,488
444,416
969,965
913,536
1008,934
1031,362
1073,915
1418,412
1237,707
1545,386
1030,257
1242,671
670,609
1162,674
824,725
1323,34
810,706
1708,257
1195,774
649,440
1430,509
737,614
654,645
354,253
1453,525
1128,327
698,650
739,687
1039,849
802,643
687,668
864,674
1138,125
1503,408
546,99
1248,477
1067,603
735,320
740,608
1358,642
1252,294
1751,239
1057,628
1162,453
33,15
1815,145
991,709
1051,768
552,511
414,174
1634,234
829,746
1158,786
1437,163
717,665
668,528
563,378
997,750
1715,252
1719,14
975,529
939,812
367,309
1113,858
1109,583
1476,425
803,411
512,303
1832,168
491,150
1002,792
847,803
1605,311
609,560
481,213
807,273
1316,336
1089,262
875,677
1141,830
1294,248
1112,704
1356,194
869,599
974,689
237,231
582,579
612,198
1011,930
1027,292
1451,322
1020,712
1029,654
1021,572
1323,513
1715,177
534,452
873,540
1588,370
1629,147
1098,775
899,439
1191,618
893,616
691,617
1098,184
1578,421
1134,766
495,232
676,481
851,796
708,544
1050,288
1526,308
957,839
544,529
1280,463
1078,438
1976,22
923,674
923,193
720,132
1430,239
472,395
1195,739
1085,799
878,550
1613,381
1731,85
714,652
1119,858
924,344
1091,430
780,664
502,497
709,565
1010,657
852,679
1192,207
713,649
1375,475
839,591
1003,556
1615,102
377,304
307,195
1225,101
1374,149
1485,268
888,598
655,628
678,452
1548,284
411,343
863,579
1353,643
461,373
656,114
918,453
563,523
711,679
831,816
767,446
1031,342
1468,262
983,979
729,408
1259,573
1036,918
469,271
1030,558
1085,726
671,447
1156,826
1710,216
171,36
935,749
881,625
365,314
1212,162
513,403
1055,589
1061,861
1041,559
1265,414
887,761
623,481
1283,551
1059,930
519,429
1695,188
1494,486
1119,844
1679,312
854,358
1271,650
406,132
1202,538
516,438
1590,214
992,706
1092,593
1029,967
448,397
1153,478
1035,829
1193,652
1085,685
446,297
390,144
1105,250
1724,102
1054,514
1202,754
1420,457
1266,405
515,198
744,448
646,374
674,668
569,281
303,280
132,84
770,705
1430,421
236,225
1623,374
1171,735
1309,286
325,266
472,401
1625,187
1505,428
487,158
925,840
635,546
1135,330
1046,908
1515,473
958,889
1730,201
1148,746
1106,654
1099,812
914,584
1299,619
1005,904
1215,608
896,371
1360,127
944,319
882,363
1152,831
761,351
584,478
1111,760
587,528
1296,508
1020,736
689,160
475,449
1308,52
527,284
939,385
709,303
1216,419
994,875
590,585
887,854
922,637
1019,592
1226,612
432,377
836,266
849,770
1722,251
270,244
1510,252
1184,260
748,744
878,843
840,527
1086,648
809,742
871,565
588,406
1404,319
1753,163
1557,412
1019,420
399,210
1546,332
1166,343
1289,587
1316,668
1149,331
810,777
869,756
1077,589
571,367
905,901
1258,734
1241,495
628,436
1046,706
529,408
1466,461
1011,486
881,778
1344,432
1331,567
980,512
506,179
757,339
1436,561
377,285
867,452
665,660
1353,360
865,614
1632,96
230,204
1013,825
726,200
1042,810
1147,703
742,583
1297,702
332,88
936,477
1151,555
646,185
817,668
1368,620
1154,734
930,914
1421,562
818,546
700,698
1189,624
759,542
1054,309
807,727
978,966
1269,667
1040,667
895,525
958,867
881,780
945,619
350,322
903,741
904,679
1146,626
1181,609
1068,640
1126,636
671,491
928,901
713,632
1673,217
1077,614
728,715
807,301
1448,490
1198,462
1186,655
1157,689
1135,476
847,726
1012,686
904,518
749,332
261,209
725,665
676,640
837,353
1105,661
644,263
1178,162
525,483
1044,120
1277,434
1327,669
1138,612
1060,787
1475,460
501,210
295,40
593,39
906,640
1314,100
891,807
1409,436
1003,988
1107,724
1519,68
1019,134
1253,343
1283,427
792,752
674,401
787,607
1031,850
1292,605
1665,309
1036,808
1517,362
1656,305
1045,237
835,564
193,174
1000,986
684,659
976,583
542,511
568,372
1241,746
770,737
1064,893
962,913
1704,296
1036,362
939,710
1565,122
1131,755
596,139
1793,193
986,618
1185,700
87,74
1524,397
304,22
1028,939
1497,469
1348,569
1034,906
1188,786
495,496
1546,326
741,426
372,274
539,532
1410,476
810,589
994,229
972,370
638,302
558,326
1405,525
537,477
1041,884
393,137
662,13
1093,229
938,927
1563,366
1006,643
491,38
291,276
1199,782
949,950
546,469
1423,174
831,622
991,653
1154,391
1209,542
995,946
997,53
376,151
786,535
1235,381
887,857
808,680
1044,670
1558,359
1938,32
1206,785
827,605
959,717
860,525
771,293
1358,400
710,602
1175,739
811,498
1390,351
645,581
1579,142
980,230
998,417
984,952
155,150
1029,400
816,602
1731,218
982,334
749,735
268,160
1131,455
1064,694
1475,406
582,485
1365,261
1215,575
1296,245
520,125
1030,919
1469,53
1146,630
1498,477
783,776
1232,529
1173,606
1392,478
929,681
1798,93
747,708
1567,138
354,345
992,319
1821,52
1021,978
983,786
742,419
365,264
1028,664
1084,895
1047,901
1515,151
1100,826
380,146
1276,565
1854,98
109,31
520,375
1026,856
936,82
915,818
916,797
1525,469
940,487
1461,477
1313,513
964,497
548,190
1150,824
154,148
1103,281
1157,709
1442,531
936,856
361,106
1247,551
338,246
442,71
1863,134
395,275
1284,535
1358,442
1424,430
1576,258
1095,897
730,241
1306,366
1131,754
807,484
942,920
1372,251
669,528
1670,245
1204,714
810,710
1134,488
675,494
945,923
1763,48
897,296
959,822
1412,524
1807,147
958,590
1108,383
1478,378
1571,425
510,472
1551,284
447,272
1378,523
1253,669
1092,606
908,727
355,275
1161,497
1156,772
985,822
644,585
1082,700
644,550
1395,566
1543,446
1086,510
858,755
822,370
726,311
1637,355
510,352
993,773
642,341
1104,654
1672,172
826,705
1097,296
522,474
660,536
972,753
1025,498
695,594
995,869
1082,864
833,737
1305,36
1264,49
671,497
99,82
1614,276
1147,706
914,702
1134,834
1245,596
1073,690
904,302
1351,471
1095,773
558,290
1080,406
1254,159
589,389
1043,728
1096,877
1054,569
669,543
1228,682
892,727
1241,622
976,311
624,323
1153,611
1281,314
1471,425
647,552
574,353
680,619
1461,406
984,870
619,532
1112,257
202,202
1216,277
537,279
422,343
684,374
1068,222
438,434
1138,687
1126,555
939,707
1006,962
622,582
515,450
1535,448
856,823
1031,570
843,783
703,687
645,507
686,512
496,449
220,196
895,391
1248,636
1330,136
1193,782
744,643
971,323
942,580
875,618
564,516
880,324
1487,356
1053,204
1250,493
689,610
421,371
1277,674
1003,836
981,457
1145,401
1408,549
1241,750
663,658
415,342
1537,393
1071,358
1071,753
813,645
1035,779
1320,666
1369,623
1410,558
665,524
1682,252
879,771
1276,456
1603,166
1176,717
1180,529
1018,739
1146,513
843,564
1373,551
609,610
903,785
719,716
1264,460
759,720
1212,298
712,617
433,320
244,238
819,635
1254,676
334,149
1231,330
789,721
966,803
937,162
1216,373
1256,474
663,242
1421,574
1504,154
1017,692
1742,256
859,837
559,339
895,740
957,493
1174,566
965,496
259,251
1599,335
808,367
706,431
934,488
1461,520
976,799
643,611
1025,877
945,850
134,55
677,358
894,646
1250,325
770,698
1086,437
1555,149
149,87
1106,651
848,767
1478,437
959,500
501,200
570,536
555,456
1039,419
1148,449
994,853
1635,192
1121,696
1588,397
1486,463
1249,461
921,603
1201,764
1339,180
1554,361
1545,315
703,366
916,630
732,576
1224,517
806,604
1171,617
1402,421
1543,441
966,495
551,507
1187,662
1063,261
286,279
966,821
1459,505
842,673
1519,334
1534,411
803,677
1405,267
1012,537
835,614
642,539
1473,509
811,804
695,637
96,87
1570,333
410,398
1660,212
613,383
765,607
1337,636
1702,225
1415,321
1015,295
386,124
1760,164
934,915
644,585
1319,365
883,347
1194,790
861,846
323,294
1060,149
1071,715
898,874
1715,271
1046,855
1102,693
435,434
930,646
838,593
1289,635
1082,842
625,188
191,192
1031,921
585,412
479,455
1393,397
981,303
585,493
886,665
911,731
783,702
926,861
1629,314
858,386
543,285
900,871
740,343
381,327
1293,540
924,785
1079,42
1450,442
1027,832
567,384
1007,988
478,348
1056,849
1027,900
720,670
521,355
1044,943
1610,254
1518,425
663,267
802,639
1716,220
215,171
908,772
720,659
1877,122
1117,550
933,379
1549,389
420,334
1344,627
1374,592
29,27
734,476
1225,569
1089,860
882,864
128,129
1477,170
1004,791
871,842
1153,286
765,179
1208,328
1011,846
1247,580
827,593
794,643
631,513
714,611
1018,786
1029,326
1319,13
475,154
456,395
695,257
969,738
458,281
642,157
389,275
1354,567
1620,361
1073,745
283,269
1248,743
459,281
996,486
939,920
993,935
137,133
1167,513
1244,756
983,945
954,853
1567,399
596,179
1181,613
1057,196
989,278
1330,412
1268,276
363,230
1485,158
567,517
470,469
1543,396
251,121
333,45
1211,400
862,631
566,179
900,578
1284,647
947,723
847,722
727,118
1131,822
433,428
683,638
1159,718
1233,693
712,226
1681,133
1053,434
1208,383
1408,508
1070,850
1312,390
911,707
840,495
303,226
694,620
1049,382
638,526
1228,740
1138,627
666,540
1438,114
1054,903
992,535
1098,895
1500,491
1578,233
1362,570
1890,96
1527,394
1079,834
1728,266
1438,417
1560,358
1074,584
1259,295
228,166
1041,885
707,640
1668,220
473,348
604,572
1758,128
674,562
786,269
440,413
550,541
1589,305
1467,525
332,294
1635,363
917,554
1081,363
1641,196
634,309
1561,435
1150,810
1426,262
486,84
908,285
1401,377
1375,574
1185,654
770,413
573,78
787,634
999,300
1424,507
1207,639
815,652
622,595
906,843
1056,594
613,612
656,504
1078,405
1240,406
851,460
1104,358
1014,819
1059,931
1357,443
1047,795
1372,542
1851,106
1114,768
952,816
1007,509
1688,297
1085,512
857,647
991,706
1721,276
1059,755
1197,600
1334,626
1143,746
1239,691
565,453
815,720
1903,97
977,942
833,832
693,542
1777,102
1383,266
928,345
1473,500
968,706
1034,736
1377,449
1685,284
1173,457
794,656
769,442
943,821
286,33
974,751
1204,580
397,171
1100,792
571,174
1091,740
1292,574
1065,788
1053,606
375,359
196,195
695,486
1018,711
816,772
1073,157
1105,748
1711,268
774,721
1551,293
1189,801
1086,849
1182,515
1663,317
936,83
702,588
1454,443
1171,619
898,458
606,378
1432,506
642,317
780,461
1093,499
732,245
951,777
1144,844
1241,757
1016,477
1496,482
936,393
997,791
237,207
1479,420
1550,378
901,266
1551,144
1229,328
802,582
942,802
1111,581
1504,326
1040,870
983,861
1360,583
1288,437
1021,488
732,489
1025,813
1095,794
1225,295
521,519
1078,845
1001,127
1094,369
1038,957
1099,897
1279,710
941,858
245,204
1029,522
1438,425
1027,926
1007,870
1040,465
618,299
252,222
984,219
907,251
1099,845
840,509
1458,521
1139,827
1764,197
1290,639
380,289
1822,140
690,584
703,649
783,395
447,435
751,655
957,919
477,408
1248,526
940,779
838,831
1495,363
988,857
934,754
672,473
997,812
639,428
1159,816
1078,256
1101,341
1091,701
1058,386
961,803
1894,106
1320,589
1027,753
575,525
947,898
847,479
939,556
1233,755
1653,264
449,270
975,251
1447,78
1266,536
819,717
812,468
1260,337
1012,917
1603,356
1079,724
762,604
1107,866
773,561
1002,997
753,638
1080,658
1013,842
984,916
718,485
808,692
1036,922
1020,888
664,596
695,583
678,523
1473,462
1283,704
1181,754
1008,528
762,60
725,540
530,266
981,603
453,397
1427,550
1254,458
1704,219
1238,180
330,157
984,815
861,561
774,30
1679,221
913,428
924,215
859,760
1361,571
722,463
1359,598
780,705
1120,872
415,164
714,401
1639,301
588,249
778,761
1206,356
1117,764
143,58
1364,482
1143,731
628,591
1454,390
1620,256
787,615
484,184
493,267
1087,281
700,350
1178,582
998,546
1069,699
1424,554
748,401
768,672
909,714
409,407
1168,820
643,261
834,697
944,700
1509,365
1484,487
1387,573
619,345
972,901
1144,781
668,585
1279,650
189,116
1371,511
1044,735
1115,783
1810,146
1172,477
1279,445
481,426
773,757
700,694
748,324
613,227
1581,345
1135,719
896,762
1242,573
1142,585
1075,868
496,333
1146,701
1015,325
884,87
1312,616
922,593
423,381
487,422
424,384
1181,340
542,378
1319,567
1821,154
1059,243
793,760
520,271
1401,451
1411,421
667,336
1321,377
950,837
512,499
1229,694
1475,519
1044,789
1050,631
915,612
1202,788
1497,273
44,30
1488,507
685,604
865,97
1245,296
529,498
1393,520
772,243
882,823
1036,681
1459,456
525,307
1111,553
1139,781
487,379
998,990
797,637
207,118
984,977
1311,138
1632,348
873,720
951,645
1203,303
1592,120
1525,467
1003,981
873,244
233,214
1789,205
793,787
907,361
1346,285
385,381
1765,66
1016,598
1653,327
1826,20
873,785
499,391
416,416
638,273
872,717
1034,783
848,668
1020,401
1448,392
1281,376
837,805
1257,720
300,139
1077,546
1148,749
1082,905
232,219
1472,475
1095,528
1039,730
1661,330
799,478
1160,671
1101,533
695,436
1842,95
1682,318
838,757
1027,364
643,194
212,181
534,281
671,261
920,629
1211,223
762,628
806,482
1463,532
887,554
670,663
1013,13
1022,852
737,309
1261,361
1092,801
496,355
914,858
1197,547
937,268
458,174
816,420
1367,402
826,743
1306,411
305,177
1075,878
1608,231
509,366
1448,217
1014,982
973,203
803,257
1003,595
614,484
1029,883
993,920
1317,426
799,692
194,184
1163,833
784,411
1515,320
887,887
1294,697
1000,776
1373,428
1996,4
998,430
1140,239
819,572
1113,674
645,279
1299,600
857,651
1260,38
424,90
958,510
294,238
1059,407
1384,358
1357,590
1191,525
618,359
770,178
680,598
1542,446
594,152
478,348
975,271
1295,580
1358,601
395,396
594,397
1326,189
1473,235
656,243
1182,584
1131,435
944,292
824,510
360,62
1341,442
793,584
1049,285
620,317
938,751
1324,138
979,882
1261,610
1082,299
1052,945
1429,276
1427,135
1096,824
475,473
1202,762
812,626
1010,980
1393,597
1102,817
1306,447
1399,577
1077,379
1481,440
845,777
1657,307
679,344
1294,678
1339,472
328,169
622,595
1486,358
1126,592
1308,299
1024,876
1596,388
663,455
1528,361
728,335
454,451
730,709
1868,95
796,573
1775,121
1057,719
1026,425
719,569
667,495
1464,467
885,440
824,515
1557,188
1010,849
1661,251
840,595
1081,526
725,627
1211,252
1470,483
1239,545
591,572
1160,531
1066,650
1419,403
1243,494
439,315
1064,774
558,549
1646,271
969,663
960,667
763,467
587,239
881,509
1803,143
679,154
1803,193
947,364
1216,390
352,275
353,354
996,801
853,410
559,543
1578,128
1390,497
1181,772
1119,281
996,981
1537,248
1373,140
1308,419
1032,500
811,603
1586,295
1177,462
1428,384
1236,381
1111,462
1292,544
713,55
873,325
1296,662
1094,810
1420,473
1467,72
913,743
1334,663
1345,547
1272,183
1187,699
510,272
1745,161
1350,274
189,186
1120,639
328,329
640,332
319,131
1091,592
518,326
901,754
1379,387
631,608
833,834
804,635
1002,729
709,690
872,573
815,407
388,283
873,831
998,357
1062,718
604,398
663,541
1199,747
672,530
1369,457
1330,636
1201,718
281,76
976,860
1010,869
680,538
1042,877
341,314
1028,491
994,858
939,821
1097,624
287,154
1579,387
680,594
951,519
546,520
962,91
472,373
1022,634
1852,89
1287,352
706,394
919,731
919,840
1038,931
533,172
1229,289
737,722
603,357
1066,924
1332,619
845,504
1102,541
115,9
1146,717
980,159
923,422
663,508
1249,550
1903,90
1576,273
1384,460
1042,871
648,609
1028,916
985,830
1389,478
994,595
1110,752
1376,166
1096,787
1164,799
257,152
698,674
916,493
1202,693
911,587
964,964
113,113
838,527
1041,914
1159,707
1026,969
895,632
1079,865
1414,193
969,894
1015,943
752,210
24,21
135,84
867,737
483,195
976,881
858,834
979,414
1342,294
1429,460
1629,178
1196,327
1194,605
309,263
597,402
443,438
1750,203
113,74
1468,457
1190,441
1332,616
1127,432
1315,505
1203,376
902,750
1135,372
1228,738
656,644
680,503
1163,544
1368,530
600,570
922,663
757,743
867,780
651,368
1170,225
1079,230
1489,243
1059,332
700,649
1139,807
735,19
1148,496
1032,804
1614,154
1496,155
1476,500
1406,575
629,550
679,357
293,187
1909,81
1711,236
716,693
451,396
1237,489
735,445
1157,410
1104,631
1045,906
209,144
1107,818
944,827
984,854
847,649
578,452
746,573
772,690
185,178
1518,478
1537,429
689,554
1434,351
553,533
705,446
1133,783
1560,405
542,538
836,53
1147,790
1591,365
1449,284
278,167
870,851
936,471
989,865
1008,898
600,541
765,338
786,718
1131,318
884,598
722,478
1219,743
1193,789
1108,783
1619,182
750,423
1913,64
1446,509
818,716
417,413
77,74
681,603
1118,764
1113,872
161,119
1407,377
1603,385
999,850
848,61
1297,699
1322,438
1484,129
899,705
922,662
753,418
1298,568
1215,707
1381,282
1507,260
1222,23
1451,549
1275,476
1153,697
1258,345
1079,915
982,956
1688,263
1205,691
1859,116
1372,614
1497,486
816,154
480,458
954,700
1220,620
1065,525
1038,956
779,762
700,439
283,248
484,429
790,783
1458,469
1768,173
1199,380
921,856
1232,407
1026,334
1486,173
1005,222
922,464
1125,679
490,380
559,518
1145,808
648,250
1114,530
1035,696
1136,792
1255,687
692,412
1193,530
1302,495
1076,259
1069,867
1125,716
1299,669
570,538
707,670
991,425
1519,237
245,244
1037,651
942,575
991,456
1080,827
575,186
897,720
1621,115
878,253
972,841
1340,342
1121,777
968,897
969,469
460,197
1059,825
1554,382
746,171
732,547
1145,781
1017,500
1425,506
1233,611
916,549
288,41
1250,516
738,431
1095,832
1063,650
1479,398
523,383
1228,701
902,417
1037,707
995,676
1383,542
923,512
998,358
1268,230
1160,613
1072,511
1017,655
1179,182
722,629
716,280
1137,438
986,487
1148,434
659,602
1517,428
1732,202
1805,137
782,729
901,696
1482,247
928,527
1393,521
1115,872
1757,195
1626,350
952,349
770,557
1551,408
1078,561
1141,464
1572,391
1254,480
1334,290
868,443
36,21
1661,314
1360,635
1039,582
628,501
837,77
1050,947
843,479
1293,288
1297,258
1343,581
1396,589
982,957
1450,97
1101,794
1053,358
472,464
1427,266
623,465
558,382
631,574
1726,156
647,644
948,589
1412,302
962,959
570,138
662,624
1057,581
1525,243
454,432
1588,288
276,212
1464,514
1509,407
1007,439
1257,632
1060,255
1230,722
1218,779
1151,676
850,525
1057,246
625,612
718,539
1710,267
1018,899
1330,434
468,455
1060,31
1012,786
1025,737
965,375
663,383
1878,121
643,546
753,578
984,882
537,395
384,352
634,520
1662,159
472,181
927,293
1659,272
1215,349
1376,354
1374,348
920,614
869,676
1672,251
1043,891
622,602
1152,670
1598,401
389,257
1426,459
1160,756
569,566
1400,169
465,334
848,779
1322,558
1049,862
1590,266
1158,232
968,452
416,366
742,228
972,778
1789,187
1480,358
993,756
1011,608
1371,481
1081,430
1158,831
521,425
1660,228
791,388
662,530
565,558
654,398
1547,76
1037,663
477,373
1298,479
1115,148
1182,538
883,453
985,451
1008,941
734,630
1275,704
884,651
383,301
895,667
1273,413
413,343
944,908
978,978
1316,663
918,727
1302,431
1788,202
662,213
312,172
1001,949
1103,738
518,232
690,626
1301,465
960,621
964,872
1324,536
1027,646
929,344
1073,765
1107,764
191,131
951,648
649,618
1337,341
1114,602
652,224
1040,672
697,168
581,556
984,627
1207,532
1664,282
1159,640
962,898
945,688
946,565
1034,633
1747,227
1162,482
1045,756
850,656
841,841
1658,261
770,551
447,393
521,405
1631,306
440,347
1347,552
1571,396
1076,474
1612,224
925,656
893,638
1132,587
1044,665
1173,714
888,350
946,530
1057,609
746,640
1448,512
276,263
558,481
1046,852
1081,306
670,635
1000,580
1354,436
882,643
1709,233
555,532
1436,185
589,516
645,385
714,563
885,416
1106,881
1097,560
852,840
1219,619
544,293
598,362
884,776
937,581
931,811
260,176
1019,578
1006,882
1467,357
1295,425
1592,249
1124,855
1854,132
1112,333
1106,585
517,491
479,468
860,673
862,720
986,435
1120,687
958,922
767,449
1055,808
935,238
1343,461
1430,552
788,752
1937,59
1087,836
926,568
1442,284
1112,744
457,239
308,229
1421,461
1089,235
1482,498
712,630
1189,795
921,680
1319,663
571,355
566,388
1492,262
972,853
605,588
1548,448
1248,743
916,579
345,326
686,253
590,377
631,620
1684,296
344,241
1045,528
948,615
1299,441
189,136
344,255
1862,27
494,280
879,508
1834,160
257,182
1028,824
1634,333
1396,603
376,324
1769,44
757,617
1131,737
918,853
427,302
1768,104
1195,595
1493,503
627,178
72,33
602,469
1051,729
1583,169
1240,742
592,471
950,811
1552,384
1156,654
1207,783
884,472
745,701
1161,546
993,700
1645,113
1000,936
1028,951
868,717
528,403
1285,156
582,548
1637,113
750,263
843,217
964,961
1078,822
1778,192
1052,769
855,519
282,84
731,620
1352,193
186,134
1484,426
718,129
1001,714
1347,345
696,205
609,501
1175,790
1477,232
974,946
473,291
1272,651
798,492
836,572
855,693
849,772
1233,473
912,771
837,761
621,354
495,422
368,337
279,128
522,41
1157,593
1278,658
618,273
825,429
1607,187
809,755
369,68
1128,369
701,316
563,549
1505,234
1790,98
1071,710
860,711
826,310
891,830
1152,622
897,383
1047,567
1161,513
1059,541
1724,240
1162,656
803,422
1110,862
562,560
1012,641
1734,222
1368,482
982,617
621,304
1581,308
1083,369
995,572
1017,813
412,208
851,750
1139,93
1929,66
1680,208
735,488
1440,358
679,523
934,325
1090,814
1939,32
877,586
1033,921
842,294
1265,551
1337,489
638,513
545,439
1156,706
1232,288
1322,191
841,807
306,296
1014,193
984,629
1659,309
1045,813
961,712
546,392
1011,952
1102,892
1039,915
475,407
1363,635
912,874
532,495
920,565
890,493
530,460
1289,505
401,385
1560,433
1039,842
865,713
938,642
919,453
1018,767
1221,218
1782,209
766,646
837,772
1023,963
1174,556
992,733
559,291
372,303
628,544
1703,198
1149,724
625,131
1166,466
840,808
634,493
266,234
1067,690
1036,842
824,679
1215,208
918,719
1572,262
1124,186
1135,813
1041,935
1134,835
1369,537
1252,683
1347,624
785,690
906,324
1055,893
573,524
1306,298
1046,572
980,378
1194,779
1580,326
1025,665
970,735
1175,584
884,746
1400,596
1080,623
1570,330
756,597
893,882
565,483
661,381
232,10
871,658
265,189
1009,588
1695,221
1648,138
936,501
1269,417
562,436
967,607
1349,537
623,389
584,105
795,535
1260,459
1344,565
779,659
1403,532
999,791
1154,814
880,601
923,166
1769,138
961,700
1089,183
1084,219
791,781
1099,809
1138,814
1379,292
1047,893
1159,805
1495,450
1297,496
1416,448
1098,849
1295,701
540,523
802,318
1253,301
1067,264
1182,802
589,212
1122,753
798,615
1236,412
607,595
1390,529
742,699
476,406
819,287
1513,242
899,709
1088,794
868,716
1699,297
1439,308
1325,507
907,635
1740,117
296,255
1479,389
751,369
1019,918
1275,236
534,330
1086,753
1184,379
1324,666
1123,541
431,339
600,472
27,15
728,690
1077,898
1258,687
1246,473
1277,578
1200,766
562,362
1373,506
1178,624
1070,796
1283,475
1032,948
1055,400
1009,814
740,466
659,493
994,874
1243,519
385,206
1358,608
927,757
1417,135
1572,409
788,350
1407,146
781,599
347,170
1101,862
743,690
1216,647
1007,679
1613,308
775,496
1132,592
1183,510
1104,167
1092,348
1000,970
1841,148
1574,426
825,683
1154,759
728,450
1034,441
860,802
936,494
311,199
1229,275
596,475
705,665
873,717
174,161
301,159
987,801
830,651
1426,445
1514,440
1231,709
566,500
951,272
1234,403
191,188
596,80
1391,566
893,258
599,190
1520,134
1116,574
1025,706
1528,472
1348,507
438,429
696,687
1633,321
1754,186
903,511
1342,584
1283,570
625,544
1285,295
1169,714
361,352
1024,801
1077,630
983,664
331,153
1096,838
808,806
1180,459
571,514
1002,620
487,410
823,561
494,224
980,892
1061,868
1317,631
961,886
1710,132
1781,78
921,627
820,683
645,260
917,484
1032,636
1521,403
1100,160
720,396
1504,167
1094,523
1073,713
687,651
1279,663
1357,458
481,398
593,407
265,38
428,103
1168,749
1019,770
940,859
405,35
1643,83
1516,438
1198,797
1084,270
482,437
1101,726
656,644
384,199
617,525
1514,394
765,608
839,594
993,568
289,18
1758,217
596,106
454,449
1010,887
918,678
1150,373
891,782
1577,246
637,305
917,738
1168,332
1198,772
1165,811
277,47
61,56
1375,276
163,158
838,514
789,306
392,103
823,296
628,384
841,806
863,307
1150,524
142,52
672,527
1208,509
1630,262
1095,899
1249,679
1032,789
744,527
989,525
1361,297
646,593
1443,471
964,735
728,390
643,570
632,629
487,260
1137,430
799,383
953,886
1790,179
1193,511
1288,460
1472,312
1151,157
803,382
612,217
1273,670
1573,379
603,330
1173,464
1049,626
1467,328
1070,762
605,605
468,413
769,463
1353,594
1354,580
685,633
1728,125
603,469
1054,493
1164,512
1050,888
998,931
975,891
1168,832
1043,900
353,185
1406,476
620,587
1232,482
800,773
717,509
1278,385
1325,643
667,652
1001,989
70,17
1300,74
1049,950
1704,245
677,433
1500,326
1351,614
703,574
895,741
811,589
926,668
1250,748
1330,662
1053,399
519,386
1025,227
423,81
898,846
671,580
923,872
1204,759
309,156
1641,324
1178,555
1050,611
985,586
873,681
127,27
910,570
971,895
1011,665
805,590
652,578
1676,322
994,979
1511,402
643,483
1074,845
815,524
891,570
981,690
1125,327
1343,543
1240,549
916,800
738,399
1302,527
1665,279
157,147
1059,807
1196,790
1484,419
425,248
851,632
1190,534
1068,786
887,698
1252,379
946,930
923,910
1111,390
1639,150
843,212
1112,516
335,286
804,234
1289,679
1173,726
369,319
1045,875
763,371
654,448
1201,580
532,365
1058,705
870,540
928,667
1068,823
218,90
1112,718
1151,646
1032,389
941,799
1348,531
787,734
1323,332
848,532
322,216
1016,555
1166,645
483,301
621,513
1029,531
997,875
1744,147
864,246
771,646
1055,864
1610,383
1501,187
1365,429
1011,378
503,314
738,549
913,903
608,493
801,613
834,467
929,637
1660,245
868,696
788,151
934,890
967,608
936,918
478,402
284,276
766,468
1338,653
774,694
447,365
1570,271
513,334
1127,414
623,503
539,394
1673,94
1032,523
290,68
1862,95
317,235
1609,391
727,491
1526,304
850,567
992,943
823,139
1258,198
979,941
492,278
633,221
714,386
1440,396
713,479
591,579
1173,721
633,532
738,454
602,295
1505,392
676,594
347,218
209,209
759,564
1278,665
1739,249
567,430
1159,742
1869,98
846,784
554,198
1267,717
1017,612
225,214
1527,376
1256,537
851,810
1302,359
1449,149
1421,569
431,304
582,537
115,65
818,598
949,396
899,836
315,280
1257,669
1295,547
1025,460
493,213
1094,789
1012,860
850,733
989,259
1303,552
1177,637
1369,358
717,461
663,229
1110,772
1589,276
1117,755
1087,719
1240,411
396,75
1881,100
1022,967
600,310
175,46
1095,457
974,968
1419,436
481,105
1170,348
1581,283
757,301
943,944
1003,702
1028,632
1118,335
1107,739
610,605
418,345
1867,122
702,400
348,84
1524,450
1088,839
726,592
152,67
1313,622
212,112
1428,479
1030,570
648,440
1629,340
1599,294
1062,571
127,119
1440,309
1287,504
1619,182
1036,575
1152,440
1048,446
1475,505
811,649
1631,357
1358,273
976,796
912,746
648,413
1739,213
642,526
337,169
736,457
1017,907
1634,293
1666,305
1857,64
181,103
1320,460
928,667
1007,602
356,350
1834,114
508,406
884,312
277,251
1440,20
437,104
732,397
640,383
291,263
1045,916
998,991
323,215
721,228
1439,441
1554,226
1496,498
1056,534
1246,448
842,498
349,254
1686,69
881,675
1810,177
674,624
1354,591
1622,77
1135,463
888,815
884,749
888,813
1192,777
987,792
1024,409
619,553
869,136
611,426
1013,857
918,411
1117,378
1649,184
462,381
760,709
1083,917
652,366
1490,382
1315,531
706,436
1067,814
1155,257
1023,777
944,936
766,552
1155,657
1131,178
1082,567
1023,638
1419,441
577,506
690,578
1041,881
1139,853
1223,678
1255,508
1818,163
1188,272
732,244
129,91
1328,288
1469,528
686,576
1557,124
1421,304
1014,392
434,392
892,794
1117,732
704,319
828,719
1267,231
1119,374
392,121
1541,230
942,881
1021,891
1339,555
1571,322
1002,592
1262,259
1274,424
390,230
776,703
1316,398
1315,672
1309,666
744,438
1433,518
733,560
265,164
1562,427
568,239
523,444
843,492
1604,360
831,449
822,507
1456,531
1045,636
582,384
1113,546
991,619
1225,742
962,842
495,305
1447,291
972,371
744,397
1010,944
883,730
1201,642
554,499
842,640
882,155
662,426
1655,278
927,101
842,792
1272,307
1079,885
1436,181
1226,143
1095,595
1790,139
1035,555
582,437
341,342
980,910
1709,282
309,118
1529,450
1248,726
1423,289
1699,282
628,417
1439,274
1002,935
1063,681
1223,608
1175,825
980,397
1483,432
1007,782
1628,331
1689,268
1934,61
1009,899
458,458
1794,183
776,372
787,586
1165,646
659,201
1299,608
679,668
753,587
548,502
1417,416
930,555
947,550
745,663
977,522
1292,696
1112,596
598,91
1140,444
1070,700
523,320
1034,953
826,748
697,679
836,811
1239,729
953,736
920,812
1318,199
762,540
1475,520
720,219
1239,295
771,632
674,607
1176,406
1486,443
1258,573
881,765
871,865
1069,842
308,148
1253,716
1794,153
864,464
859,333
473,346
882,701
956,672
1056,915
1292,707
722,547
463,450
1490,314
847,703
976,887
1193,272
644,214
1742,185
1743,240
1107,883
1426,257
1470,403
1045,551
1597,387
896,781
904,657
1177,779
1303,400
489,357
842,512
253,164
830,726
1607,330
707,593
393,116
749,431
470,269
527,487
1092,238
1004,762
1034,867
809,802
609,573
969,618
497,239
1460,519
1250,552
1254,649
1067,635
1282,271
758,425
1065,260
1217,55
559,476
315,282
1490,368
1419,547
1043,461
969,540
966,722
449,260
1296,703
1616,351
575,314
1732,259
1024,806
1464,358
1094,544
668,661
907,298
1224,726
959,879
1014,656
950,658
1035,95
863,724
1263,721
1354,411
1153,757
834,393
830,416
1167,554
1505,374
1139,854
754,344
1244,437
521,148
988,730
907,155
1188,565
852,172
1669,209
912,785
1437,540
1752,206
1041,953
1195,793
968,634
844,535
927,745
1133,732
747,402
637,372
873,447
844,837
1031,540
1071,667
455,321
1222,196
1000,602
980,890
1569,421
1495,415
812,540
1390,582
1084,71
1031,693
703,537
1050,743
908,404
1108,861
671,670
1238,190
1381,315
171,142
1246,336
1220,739
1088,423
936,850
1179,731
1139,561
1726,270
787,680
1222,536
489,437
695,463
1169,726
1201,691
138,95
1207,72
821,696
1740,217
1149,739
850,812
1054,937
1004,138
297,239
1038,961
621,558
488,391
530,213
1291,294
784,206
721,309
708,255
718,130
780,716
1001,997
866,361
909,601
491,351
541,379
1298,525
336,317
1167,673
684,597
662,579
1682,299
989,919
1731,129
1018,791
1180,749
645,394
722,400
1230,632
1379,503
648,445
791,162
1034,965
845,361
1933,64
1191,240
1272,405
1548,368
1358,302
1006,254
1105,792
1185,604
1349,302
320,202
1758,232
949,746
681,677
1591,403
902,393
463,324
101,33
251,215
1613,219
989,487
1443,259
842,484
817,218
418,305
758,687
1723,242
983,963
792,791
1830,109
999,761
1404,577
537,308
1071,667
1399,521
644,197
1091,551
1227,755
1243,597
620,523
1058,898
426,309
1422,316
1656,334
1258,350
1419,393
1069,898
1073,878
227,193
610,513
806,347
242,222
1695,50
1109,810
530,212
1152,790
855,283
1217,695
822,671
367,140
928,741
428,100
882,601
972,834
403,401
502,279
1003,896
1490,131
1629,344
223,212
385,187
1116,631
1589,410
1043,743
1212,499
1021,367
1025,127
945,715
1288,592
1303,549
1068,788
1041,589
114,87
1071,616
1141,798
701,483
709,208
1776,198
962,868
362,188
987,388
1074,468
1497,214
630,394
845,802
520,164
1526,414
970,336
1017,834
1458,440
777,224
291,271
1209,756
1460,466
827,827
1311,520
637,637
1327,466
831,814
1359,411
970,594
967,820
1557,292
919,758
871,467
631,590
1408,578
1570,251
708,687
656,497
1081,880
1423,266
467,275
1299,313
1337,315
1410,488
1284,677
766,721
572,258
795,643
1219,609
83,78
1316,515
1189,798
903,519
1678,182
1323,554
757,554
1260,636
1083,290
1210,281
1030,137
855,266
806,758
1086,886
1190,451
1641,226
208,209
1469,501
1086,654
1023,586
1024,234
1050,935
571,512
1096,706
368,274
1053,786
727,571
933,864
1392,181
536,327
366,31
549,315
1363,392
1444,460
560,170
905,795
1103,776
851,520
1746,252
348,101
1759,160
950,876
1054,818
1718,282
1156,784
212,186
1584,288
1599,249
966,807
768,535
810,247
1011,315
990,990
941,818
1091,668
1202,677
1824,106
844,437
937,651
445,296
1355,523
524,429
735,515
801,286
1049,167
1646,172
1305,555
1310,312
1339,471
1479,118
1497,502
671,641
1723,171
1135,863
1278,568
1069,615
241,182
304,288
759,389
1218,72
1053,947
414,345
1061,695
1957,12
1069,699
904,825
1624,298
1391,483
399,367
615,614
1144,852
704,549
445,371
210,144
743,720
1020,802
512,297
597,491
972,685
804,479
1507,486
260,107
904,854
1124,768
984,971
724,614
448,258
825,690
875,824
1681,301
1489,246
1242,578
964,960
919,500
738,566
438,208
1510,400
473,337
991,540
806,249
1526,474
1119,711
879,793
1645,334
1011,400
991,947
454,338
123,72
767,470
1033,839
977,482
1538,188
1045,493
1528,286
900,367
1505,472
1830,112
1049,44
995,831
835,613
1562,339
1666,170
1348,231
574,420
607,580
1056,497
1374,434
704,628
1286,622
1224,619
1412,482
1146,334
385,143
991,922
522,364
1233,675
1414,432
1190,499
1419,431
1568,346
545,483
109,109
1121,227
1311,407
1466,416
1583,323
933,601
1382,600
1167,720
552,542
722,676
469,2
1285,432
877,779
1726,140
855,539
1086,807
1227,440
745,458
803,613
1204,644
1467,526
815,540
1134,494
972,506
929,788
1094,802
1107,693
1413,543
504,460
1114,542
1193,459
783,759
900,411
892,887
1193,691
1069,93
921,740
621,453
1076,616
1110,321
1043,519
1102,886
1291,240
1401,458
912,339
979,206
1278,514
1599,392
1460,468
1023,966
471,380
1452,468
1135,713
777,777
1856,135
1850,140
1114,885
753,284
1385,551
724,677
848,599
1544,257
504,287
1015,617
1058,753
1409,199
1178,431
799,371
1101,770
1439,548
1712,251
737,710
1030,955
1085,709
1398,562
709,229
1135,683
1211,592
900,846
660,110
1694,226
1429,505
1141,546
1795,203
1044,831
1319,193
256,241
1080,755
1196,212
1086,850
1192,796
906,462
618,133
1012,745
1403,570
1178,616
425,394
1217,761
1400,153
923,859
809,808
984,791
1059,718
1181,751
939,929
1047,838
1330,371
243,204
142,128
1085,826
989,834
1000,982
999,545
1441,512
1196,733
504,214
733,431
634,574
1018,636
901,900
1409,346
1724,123
523,411
934,694
1104,470
962,473
827,783
810,735
561,522
1187,689
1377,415
274,54
838,607
997,739
1157,441
777,767
456,374
1166,789
900,771
1096,896
1093,901
1053,934
611,496
1289,457
178,117
936,812
1372,592
1078,166
862,551
1314,401
945,662
278,89
1611,207
1180,669
1336,390
935,280
1366,603
192,172
1704,131
1059,640
935,903
1135,787
1517,301
1738,227
1411,380
1158,576
964,572
1147,536
1445,481
1514,338
456,419
805,595
732,403
1565,103
1790,125
1342,489
742,650
877,495
1092,907
952,921
1350,288
1321,457
1054,654
1284,363
507,227
683,658
506,451
1277,675
1173,381
858,811
1059,754
914,728
310,264
945,288
710,543
489,455
1022,714
1327,392
1108,500
1470,258
1202,536
1840,50
1240,756
526,137
1695,232
903,718
1007,944
923,862
581,372
1157,558
1167,689
1016,576
1417,267
901,735
1354,354
738,580
1195,659
806,198
384,195
983,595
1481,308
1867,123
1163,793
803,703
1255,730
828,689
301,295
352,215
684,678
1297,595
1142,467
1131,766
1341,222
678,578
759,500
1379,135
840,808
543,454
1377,253
987,927
761,690
1609,182
1316,269
685,623
448,412
1199,247
1287,114
732,665
1072,900
1173,756
784,494
1108,520
949,726
1716,264
1175,642
829,813
430,429
774,629
1276,645
1558,369
1435,388
1040,909
997,868
595,414
1355,262
1449,378
461,168
739,442
841,748
1314,683
312,290
901,805
1170,431
1117,556
851,137
1567,403
1267,517
909,686
1408,483
670,578
993,945
1106,767
1145,448
1180,469
1321,195
1485,204
767,706
526,449
925,784
887,800
1115,815
457,314
956,530
1206,339
249,224
777,736
1158,343
1001,925
672,552
676,281
780,735
308,277
1000,381
676,498
1179,495
409,159
830,187
1389,488
380,153
1068,819
879,844
232,202
1069,919
892,509
192,95
1101,614
1276,281
1320,653
510,454
696,273
640,637
1337,499
910,813
157,79
476,360
722,348
1206,276
906,848
1568,176
1006,516
1682,265
1044,782
1304,439
551,354
576,496
899,384
1083,644
860,313
1083,584
506,332
941,932
423,376
1174,702
1114,662
456,398
1147,682
253,170
1247,97
1662,263
1497,473
1141,215
721,680
1110,32
1803,197
1751,12
315,306
258,239
965,655
1234,609
793,612
1592,219
1080,904
671,641
1348,624
1312,646
1250,658
919,650
1783,137
423,378
1339,473
648,457
1037,939
857,850
1413,581
450,447
1232,570
1831,145
185,58
1800,60
1321,445
1090,648
1749,190
1060,914
1688,241
972,924
1140,794
963,961
1179,630
1238,565
926,659
1535,429
1278,510
472,471
304,299
1398,396
728,687
335,272
1205,420
1076,864
1521,364
497,288
708,622
1005,810
1474,428
1281,696
1328,421
1457,147
506,280
1623,209
454,430
1019,529
1500,385
953,459
572,291
603,554
710,698
1058,569
1130,767
401,228
1838,104
1803,178
1597,394
962,715
978,152
727,439
966,794
1260,579
1096,331
306,197
924,916
692,600
904,555
1505,315
1348,617
1426,405
930,775
525,248
1592,159
801,747
1354,503
1660,150
1139,722
492,159
1082,601
1021,949
653,272
1111,591
851,844
572,478
657,365
1221,506
1446,436
1115,544
756,696
1783,214
1096,216
573,534
1103,576
724,233
511,276
1426,531
1175,796
1373,591
776,733
923,765
796,581
778,291
1533,428
1665,256
1198,206
977,265
751,612
646,406
108,37
318,179
373,329
1074,510
780,707
944,918
1682,286
764,587
1063,885
1089,845
656,601
1564,400
975,952
1287,404
902,838
1002,334
1372,414
849,850
1252,691
1394,539
1334,617
630,457
1307,291
1236,464
1217,593
891,622
1040,824
1183,616
1165,802
1190,413
802,677
978,916
600,306
891,557
838,704
1446,458
929,878
615,325
1121,718
1000,982
1293,329
1171,488
710,583
304,131
368,328
1665,317
739,532
1214,427
1166,449
882,487
683,654
1770,84
236,165
658,487
1420,560
1145,774
1081,780
328,325
1340,321
1734,223
566,486
779,216
1036,780
1880,37
771,470
1394,592
1013,892
1114,234
943,249
528,314
1139,693
1815,185
1350,641
1235,181
170,171
1063,914
1214,379
1024,679
893,876
764,555
1063,487
1395,564
665,321
872,439
431,162
1350,499
1068,879
825,778
799,558
1174,460
751,315
1949,13
1647,207
1136,538
436,331
1155,815
1116,606
1005,760
437,243
872,809
1560,398
911,774
991,763
994,874
1375,481
1071,764
661,625
1190,561
647,634
256,246
687,418
1345,638
1639,356
1086,684
1015,671
266,159
1770,181
1051,935
1137,395
1150,377
1017,489
1144,686
1368,596
1466,481
988,987
547,464
1451,283
1067,886
1053,944
178,85
668,655
994,988
1109,416
812,778
729,552
1235,561
1731,173
1099,582
914,889
956,903
590,446
985,967
902,666
1450,472
977,767
1405,465
1531,409
202,173
835,632
420,339
1370,443
1205,587
663,505
1147,190
1094,874
982,558
1061,888
892,803
1012,571
917,478
1588,390
350,334
1248,486
1419,579
1721,247
151,136
1176,710
608,281
1376,549
1219,529
1171,593
1491,189
687,508
711,236
906,811
461,443
1433,560
1664,166
1009,907
1207,415
1091,615
577,173
1089,871
962,727
1417,145
1100,527
1276,195
988,729
667,535
1000,876
501,234
1029,810
768,282
1060,592
729,719
823,787
884,523
1092,833
1037,560
756,302
1367,524
1345,128
1399,304
1534,308
1095,820
815,670
1471,521
1344,581
473,443
752,410
678,657
707,205
455,443
1335,451
445,208
788,729
1237,462
1748,166
1007,772
1333,381
664,521
782,366
652,610
1073,867
1160,677
930,541
230,230
1257,686
840,331
1038,826
846,305
520,253
256,175
306,259
1026,675
438,438
972,877
1716,274
366,235
1098,834
1191,291
750,416
868,753
461,416
1106,546
1665,196
1446,298
1084,789
522,468
1132,161
1161,126
951,165
832,305
1066,817
809,655
1226,689
1446,332
641,410
1338,649
429,301
1636,239
887,835
294,276
830,139
988,801
832,740
1244,681
978,604
975,719
670,454
1788,197
1341,571
973,870
904,821
1324,524
1667,173
200,152
375,270
1466,292
1394,606
1200,432
817,753
1529,445
865,706
233,124
965,759
941,704
1436,158
1165,668
1286,407
1028,840
623,556
1308,676
901,769
786,551
1048,941
1628,250
1071,388
780,500
758,423
1115,629
997,662
1189,626
1166,771
1213,660
1907,91
274,266
1583,317
185,134
1025,900
1431,418
681,420
1049,896
1191,566
1686,300
848,809
1058,415
914,636
886,550
1407,452
156,67
874,517
1633,275
179,161
684,581
784,260
989,934
891,850
1017,983
1458,534
1060,824
130,125
887,672
948,826
960,918
1031,409
1626,234
647,642
747,652
80,62
285,140
381,360
1062,903
754,416
1062,811
340,228
899,735
564,426
986,955
423,305
1633,352
971,451
907,743
715,711
1289,630
803,797
424,352
1527,440
1140,617
1189,636
1101,849
1044,340
1096,128
1070,929
766,442
1520,477
1666,142
692,481
1024,580
971,531
462,370
782,423
928,789
998,930
516,467
1246,479
928,572
1298,609
610,256
913,442
1272,45
967,951
750,713
835,542
1250,662
1686,264
666,650
360,285
1003,517
1369,398
178,134
107,33
1257,551
1142,610
1220,78
1002,776
1270,301
1094,709
1304,257
1227,772
584,554
1093,744
895,836
998,366
1168,264
396,291
1010,808
1150,613
1349,649
460,457
969,969
1634,224
984,809
1094,840
1224,566
1384,485
920,885
1363,129
909,848
973,920
971,674
1522,374
405,98
1552,296
993,878
1242,622
1398,356
1031,577
1209,726
286,222
829,814
783,738
1718,250
1597,391
986,522
958,538
675,648
1172,547
1117,315
1469,275
1176,258
1181,542
1067,401
1125,731
753,391
888,827
1321,667
1327,519
346,340
1201,765
1065,489
1375,431
1270,701
836,807
830,745
1385,229
1194,421
629,498
770,769
1362,316
1012,563
1090,770
928,689
1519,226
882,306
1510,472
1114,824
972,796
1241,597
1210,655
530,423
887,870
866,591
691,395
572,318
889,828
913,825
859,657
1276,400
1153,831
1579,272
1189,467
994,829
1637,206
1367,602
1133,631
1087,906
1249,664
1189,276
980,974
1432,559
1068,425
954,528
1096,579
1115,375
682,680
1130,375
973,455
1621,325
1303,45
416,413
1012,832
492,411
923,766
1089,860
1835,157
246,206
475,369
864,524
645,473
1289,482
633,492
311,194
893,798
1915,77
1177,646
170,161
1060,906
724,722
784,591
966,797
365,114
737,521
1474,264
973,807
1279,704
1712,268
1088,886
1039,899
470,353
1077,841
1423,295
341,243
527,500
1287,659
1272,692
1660,159
1259,212
1684,214
468,452
184,82
845,687
1088,651
1100,558
1129,845
356,95
1494,428
712,666
760,717
1081,314
994,988
1855,138
1447,63
689,494
814,282
950,499
1080,717
707,533
727,599
1414,170
1019,362
975,284
1671,211
682,482
1533,358
731,434
758,598
1136,636
1159,752
950,341
764,170
935,573
1713,245
923,832
1288,330
1035,506
1646,336
351,280
811,225
623,609
1399,549
638,633
596,306
668,648
440,429
812,605
1095,732
1244,742
1701,266
487,326
71,58
1201,267
1714,241
1190,171
1058,772
799,552
1018,763
1059,860
1127,488
1088,839
1180,762
1645,353
362,358
1134,544
1722,133
710,610
1380,605
978,819
851,561
892,864
1500,338
507,478
1101,498
1413,542
1325,406
967,613
847,824
890,797
144,61
932,894
371,370
1291,88
1506,316
154,83
1095,847
331,152
1267,309
398,296
1050,784
270,113
640,336
1752,228
706,611
328,231
617,599
1667,244
992,963
1228,756
1549,401
901,628
442,262
976,395
500,479
648,550
1689,303
1082,599
922,45
711,528
1278,708
924,667
1532,299
966,732
868,865
1256,218
773,656
777,716
994,648
861,788
1084,763
716,530
1205,401
828,810
384,117
889,801
780,756
197,92
820,706
531,310
1114,598
935,432
555,415
927,879
222,140
176,154
1042,716
687,635
130,12
770,754
1243,521
525,166
624,380
1011,477
506,88
1577,136
853,465
684,438
636,500
1897,102
923,879
885,748
1168,354
1016,388
945,895
391,61
660,518
896,826
460,199
719,581
1187,799
730,630
1236,669
1018,716
1244,560
358,249
1419,393
930,798
730,582
1149,591
1444,429
934,484
1196,634
1261,423
969,939
1042,733
987,698
499,248
836,642
1212,419
1370,554
978,834
108,101
890,726
965,747
733,139
1239,660
574,425
1685,281
360,219
918,711
1395,314
639,601
748,696
886,819
1721,265
817,474
660,269
1310,526
523,301
1260,689
1300,503
1524,306
600,357
802,724
1048,790
961,953
1126,791
1009,696
982,210
882,476
1206,711
1189,292
1047,794
1265,143
1178,743
1772,97
1520,303
726,587
604,446
972,256
1116,868
800,607
1079,866
809,784
1014,635
868,552
1644,332
976,924
1390,586
962,752
541,479
1367,397
1459,491
1919,78
960,775
1143,72
1619,368
713,563
1193,477
1393,530
1174,336
585,568
460,381
882,723
1089,882
682,667
929,873
1157,598
1326,597
803,280
514,483
1036,816
962,883
967,546
990,783
1044,916
918,869
1009,883
712,363
423,403
622,264
1022,77
1001,822
1098,844
1108,865
1102,850
622,613
1168,746
948,378
974,315
783,732
1805,159
724,569
825,813
1230,764
1681,68
1103,760
1007,279
967,662
966,953
600,358
775,344
1146,535
1093,626
706,86
1624,367
1244,666
436,222
246,238
496,473
1568,254
900,870
777,335
1218,442
1052,541
1229,597
1016,759
1157,372
993,857
1207,727
813,200
772,769
1096,777
1711,252
447,434
857,764
1542,371
287,201
1313,614
1458,455
1613,231
1371,216
1142,569
810,381
910,908
1270,265
1651,222
872,492
1167,739
1250,333
1007,913
1613,244
407,320
927,671
604,485
1259,712
1105,816
355,145
1448,380
1651,316
912,771
1055,861
910,742
1282,249
1294,171
754,626
927,838
1220,432
946,807
1427,518
881,793
1086,695
991,865
751,728
551,534
806,610
1200,247
557,550
1048,438
1519,171
1205,432
861,426
1010,794
1125,692
1369,313
1344,654
1111,873
577,54
1121,382
1181,818
739,527
1461,476
1330,541
1846,137
994,868
1497,214
859,844
719,467
501,413
1545,376
768,144
1048,805
977,821
1685,204
339,238
1277,380
1724,221
1198,713
1470,129
836,224
361,350
1007,111
1023,951
1563,252
1624,310
1440,312
412,393
580,479
1069,928
1617,263
1178,589
770,371
756,289
1608,145
1220,765
1714,158
987,206
746,593
903,177
564,311
583,180
1778,210
1099,901
1764,199
590,586
1560,439
1264,674
1400,583
1416,482
783,285
1016,722
1014,876
1137,822
1337,597
951,880
1193,598
889,643
1006,866
991,240
673,671
533,434
691,661
773,563
1084,131
695,624
543,543
865,746
611,529
1108,877
1044,875
489,49
942,472
778,753
865,709
1174,344
611,144
1057,546
883,869
697,548
692,596
436,305
885,749
1445,453
607,490
1161,730
1635,323
437,430
883,838
876,525
1783,213
462,344
1105,640
1196,382
899,894
643,564
1353,638
1099,518
1467,517
1270,508
1475,523
821,667
148,114
678,612
1460,446
1190,46
1494,196
1190,513
598,459
1123,730
1363,471
220,211
722,342
1037,729
1076,572
1014,280
1138,460
974,572
1058,624
1098,526
1339,297
866,688
1454,488
517,513
1051,186
448,394
1002,977
521,216
1093,877
1468,515
440,244
1567,433
1714,76
1730,208
822,578
316,229
1206,607
888,625
1219,521
991,511
1186,781
380,339
1014,913
1094,612
1039,772
1584,344
729,596
974,569
893,796
1351,555
1504,354
1533,458
1338,526
264,189
654,527
821,822
1332,454
1771,81
510,301
1033,264
981,457
924,913
1148,574
453,440
483,402
952,763
815,515
728,177
1179,364
1574,392
1886,108
361,323
767,752
481,343
187,41
673,484
627,449
959,947
659,195
1525,428
1040,456
735,495
673,414
326,273
1279,483
1198,713
1178,735
1146,822
1436,559
910,855
1007,623
998,569
725,519
1053,628
1074,487
662,426
1544,380
1317,245
923,677
80,20
427,424
952,649
632,596
1024,780
416,318
1091,419
1035,420
879,509
1274,649
906,569
1909,46
76,13
279,31
359,301
1557,430
645,117
1068,831
1512,488
761,757
915,296
1330,317
1162,802
815,678
280,280
1468,59
378,357
1216,688
1865,103
1045,870
861,480
1106,774
1199,733
864,864
1055,698
973,723
959,957
1473,389
967,138
918,646
1479,502
900,704
1350,231
594,562
1182,638
1576,330
1004,959
710,646
754,542
667,589
354,296
1719,127
777,752
1855,90
582,368
1527,159
1839,134
1317,650
1008,573
1750,248
1307,660
859,694
1283,630
990,767
1248,153
1467,465
602,479
1264,597
1076,918
1326,251
890,512
1762,238
681,634
1005,895
687,581
1008,987
886,865
793,652
860,313
1463,319
1218,214
1149,520
1021,822
703,382
1142,797
1222,383
990,163
867,515
718,553
1225,375
413,300
1286,538
1483,511
1022,151
1040,443
990,724
1289,703
1723,249
292,94
524,220
337,296
1106,503
726,493
930,521
842,776
675,577
244,114
908,895
1197,230
629,273
1248,694
588,281
1641,306
1186,555
1258,442
1009,554
1280,445
401,172
1318,638
1642,321
1054,651
1544,418
548,548
768,430
147,111
1320,655
588,572
1382,459
909,759
1034,760
518,394
1220,738
1353,490
1277,606
894,858
1934,57
994,614
1488,250
802,788
1106,588
871,841
1307,677
686,579
1123,496
1150,473
511,416
1622,331
747,544
1494,355
986,902
363,244
1090,891
668,314
1113,619
697,546
1101,684
645,523
976,896
1758,225
676,347
1045,872
1005,922
502,166
1340,255
937,463
1361,549
686,394
1008,855
351,325
1118,521
545,441
473,431
1463,528
821,640
1042,838
234,114
977,620
961,402
1665,89
719,571
995,767
1032,722
872,728
779,702
1549,416
1224,639
1065,254
981,584
758,321
1150,602
1230,600
844,461
939,856
1476,310
1064,748
1477,400
982,231
710,676
1365,620
899,206
1858,72
776,393
1112,831
1665,282
1324,352
1179,705
498,496
1586,168
275,271
596,526
856,541
596,389
843,405
477,234
730,718
1307,679
901,739
388,366
191,157
960,196
471,359
1089,745
1424,514
1065,566
1325,353
1425,565
801,464
741,363
1013,782
1211,141
707,296
1146,627
1402,593
1230,541
407,215
772,127
1587,399
731,671
683,507
419,404
739,691
287,191
1949,30
1651,261
457,400
520,402
305,158
1517,372
215,211
1081,850
1019,417
671,355
1043,863
1491,470
406,404
1410,374
1619,335
910,611
944,904
882,627
720,487
1318,535
26,14
654,601
1573,266
714,662
1056,917
1044,508
1827,157
740,195
1333,650
791,660
828,623
1335,273
922,741
819,819
902,694
330,174
485,427
433,184
1031,898
1041,776
1439,452
1487,451
1329,341
1385,584
1244,527
1367,552
1811,185
1015,652
455,376
1569,201
992,395
1134,693
1372,562
1685,203
634,524
739,445
857,836
808,394
1689,100
1408,550
1478,46
1731,145
919,539
1200,610
1284,537
1026,941
1361,302
727,582
1783,217
721,665
576,476
1344,419
1733,149
350,316
1242,417
1246,479
1070,726
1119,537
1663,258
981,411
612,421
666,548
841,813
1295,304
897,311
1171,440
681,559
926,420
835,704
839,551
921,330
910,712
1326,609
1183,58
992,796
925,67
1103,324
1243,746
997,717
602,26
816,329
596,537
818,456
946,918
885,768
360,353
815,684
839,808
1125,221
1101,762
1408,530
1660,121
1504,496
910,232
651,648
287,199
1631,345
1017,428
418,313
976,911
764,503
1200,126
961,944
0
0
0
0
1
1
1
1
1
1
2
2
2
2
4
4
5
5
6
7
7
7
7
7
8
8
8
8
8
8
9
9
10
10
10
10
11
11
11
12
12
13
13
13
14
14
14
15
15
16
16
16
16
17
17
17
18
18
18
18
18
18
19
20
21
21
21
22
22
23
23
24
24
24
24
24
24
24
25
25
25
25
25
26
26
26
26
27
27
27
27
28
29
29
29
29
29
30
30
30
31
31
31
32
32
32
33
33
33
34
34
34
34
34
34
34
35
35
35
35
35
35
36
36
36
36
37
37
37
37
38
39
39
40
40
40
40
40
40
41
41
41
41
42
43
43
43
43
43
43
44
45
45
46
46
47
47
47
47
48
48
49
49
49
49
50
50
50
51
52
52
52
52
53
53
54
55
55
56
56
56
57
58
58
59
59
59
60
60
60
60
60
60
60
61
61
62
62
63
63
63
64
64
64
64
64
64
64
65
65
65
66
66
66
67
69
69
70
70
70
71
71
72
72
73
73
73
73
73
73
73
74
74
74
74
75
75
75
75
76
76
76
77
77
77
77
78
78
78
78
79
79
79
80
80
80
80
81
81
81
82
82
82
83
83
83
83
83
83
84
84
85
85
85
85
85
86
86
87
87
88
88
88
89
89
89
90
90
91
91
91
92
92
93
93
93
93
93
93
93
93
93
94
94
94
94
94
95
95
95
96
96
97
98
98
98
98
98
99
99
99
100
100
100
100
100
101
101
101
102
102
103
105
105
105
105
105
105
105
105
106
106
106
106
106
106
107
107
107
107
107
108
108
109
109
109
110
112
112
112
113
113
113
113
113
113
113
113
114
114
114
115
115
115
115
116
117
117
117
117
118
118
118
119
119
119
119
119
119
120
120
120
121
121
121
122
122
122
122
122
122
122
123
123
123
124
124
124
124
125
125
125
125
125
126
126
127
128
128
128
129
129
130
130
130
130
131
131
131
131
131
132
133
133
133
133
133
133
134
134
134
134
135
135
135
135
136
136
136
136
136
136
136
136
137
137
138
138
138
138
139
139
139
141
142
142
143
143
143
144
144
144
144
145
145
145
146
147
147
147
148
149
149
149
149
149
149
150
150
150
150
150
151
151
153
154
154
154
154
154
155
156
156
156
156
156
156
157
157
158
159
159
159
159
160
160
160
160
160
161
161
161
162
162
163
163
163
163
163
163
164
164
165
165
165
166
167
168
168
168
168
168
168
168
169
169
169
169
170
171
171
171
172
173
173
173
173
173
174
174
174
174
174
175
175
175
175
176
176
176
176
176
177
177
177
177
177
178
179
179
180
180
180
180
180
181
182
182
182
182
182
182
182
183
183
183
183
184
184
184
184
184
185
186
186
187
187
188
189
189
189
189
191
191
191
191
191
191
192
193
193
193
193
194
194
194
195
195
195
195
196
196
197
198
199
199
199
199
200
201
201
201
201
201
202
202
202
203
203
203
203
203
204
204
204
204
205
205
205
206
206
206
206
207
207
207
207
207
207
207
208
208
208
208
208
208
209
209
209
209
209
209
210
210
210
210
210
210
211
211
211
211
212
212
212
212
212
213
213
213
213
214
215
215
215
215
216
216
216
216
216
216
217
217
217
217
217
217
218
218
218
218
219
219
219
219
220
220
220
221
221
221
221
221
222
222
222
222
223
224
224
224
225
225
225
226
226
226
226
226
226
226
227
227
227
228
228
228
228
228
228
228
229
229
229
230
230
230
230
231
231
232
232
232
232
232
233
233
233
234
234
234
235
235
235
235
236
236
236
236
236
236
236
237
238
238
238
239
240
240
240
241
241
242
242
243
243
243
244
244
244
244
245
245
246
246
247
247
247
248
248
248
248
248
249
249
250
250
250
250
250
250
251
251
251
251
252
252
253
253
254
254
254
254
255
255
255
256
256
256
256
257
258
258
258
258
258
259
259
260
260
260
260
261
262
262
262
262
262
263
263
263
263
264
264
264
264
265
265
265
265
265
266
266
267
267
267
267
267
267
267
268
268
268
268
269
269
269
271
271
271
271
272
272
272
272
272
273
273
273
274
275
275
275
276
276
276
277
277
277
277
277
278
278
278
279
279
280
280
280
280
281
281
281
281
281
281
282
282
282
283
283
283
284
285
286
286
287
287
287
288
288
289
290
290
290
290
290
291
291
291
292
292
292
292
292
292
292
292
293
293
294
294
295
295
295
295
296
296
296
296
296
296
296
296
297
297
297
297
298
298
298
299
299
299
300
300
300
300
300
301
301
301
301
301
302
302
302
302
302
303
303
303
303
303
304
305
305
305
305
306
306
307
307
307
307
308
309
309
309
309
309
310
310
310
311
311
312
312
312
313
313
313
313
313
313
314
314
314
315
315
315
315
316
317
317
317
317
318
318
318
318
318
319
319
319
320
321
321
322
322
322
322
322
323
323
323
324
324
324
324
324
324
325
325
326
326
327
327
327
327
328
328
328
329
329
330
330
330
330
331
331
331
332
332
332
334
334
336
336
337
337
337
338
338
338
338
338
339
339
339
339
339
340
340
340
341
341
341
341
341
343
343
343
343
343
343
343
344
344
344
345
345
345
346
346
348
348
348
348
348
348
349
349
349
350
350
350
351
351
352
352
352
353
353
353
354
354
354
354
354
354
354
355
355
355
356
356
356
358
358
359
359
359
359
359
360
360
361
361
361
361
362
362
362
362
362
363
364
364
364
364
364
364
365
365
366
366
366
366
366
367
367
367
367
367
367
368
368
368
369
369
369
369
369
369
369
370
370
370
371
371
371
371
371
371
371
371
372
372
372
372
372
373
373
373
373
374
374
374
375
375
377
377
377
377
377
378
379
379
379
379
380
380
380
381
381
382
382
382
383
383
384
384
384
384
384
385
385
385
387
387
387
387
387
387
388
388
389
389
389
389
389
389
389
389
390
390
390
391
392
392
392
393
393
393
393
394
394
394
395
395
395
396
396
396
396
396
397
397
397
397
398
398
399
400
400
400
400
401
402
402
402
404
404
404
405
406
408
408
408
409
409
409
410
410
411
411
411
411
411
412
412
412
412
412
413
413
414
414
414
415
415
415
415
415
415
415
416
416
416
416
416
417
417
418
418
418
419
419
420
420
421
421
421
421
422
422
422
422
423
423
423
423
424
425
425
425
425
425
425
425
425
425
425
425
427
427
427
427
427
428
428
428
429
430
430
431
431
432
432
432
432
432
433
433
434
434
435
435
435
435
436
436
436
436
436
437
437
437
437
438
438
438
438
439
439
440
440
440
440
440
440
440
441
442
442
442
442
442
442
443
443
444
445
446
446
446
446
446
446
446
447
447
447
447
448
449
449
450
450
451
451
451
451
451
452
452
452
452
453
453
453
453
454
454
454
455
455
455
456
456
456
457
457
457
457
457
458
458
458
458
459
459
460
460
460
460
460
461
461
461
461
462
462
462
462
463
464
464
464
464
465
465
466
466
466
466
466
466
466
466
467
467
467
467
468
469
470
470
470
471
471
472
472
472
472
472
473
473
473
474
474
475
475
475
475
476
476
476
477
477
477
477
477
477
478
478
478
479
479
479
480
480
480
480
481
482
482
482
483
483
483
483
484
485
485
485
486
486
486
487
487
487
487
487
487
488
488
489
489
489
489
489
489
489
490
490
491
491
491
492
492
492
492
492
492
493
493
494
495
495
495
495
495
496
496
496
496
496
496
498
498
499
499
500
501
501
501
503
503
503
503
503
504
504
504
505
505
506
506
506
507
508
509
510
511
511
511
511
511
512
512
512
512
513
513
513
514
514
514
515
515
515
516
516
516
516
517
517
517
517
517
517
518
518
518
518
519
519
519
520
520
521
521
521
521
522
522
522
522
522
522
522
523
523
523
524
524
525
526
526
526
527
528
528
528
529
529
529
529
529
530
531
531
531
532
532
532
533
533
533
533
534
534
534
535
535
535
536
536
536
537
537
537
538
538
538
539
539
539
539
539
540
540
541
542
542
542
542
543
543
543
543
544
544
544
544
545
545
545
545
545
545
546
546
547
547
547
547
548
549
549
549
549
549
549
550
550
550
550
550
551
551
551
551
552
552
552
553
553
553
553
554
554
554
555
555
555
555
557
557
558
558
558
558
559
559
559
560
561
562
562
562
563
563
564
565
565
565
566
566
566
567
567
568
568
569
569
569
569
569
569
570
570
570
571
571
571
572
572
573
573
573
573
573
574
574
575
575
575
575
576
577
577
577
577
578
579
579
579
580
580
580
581
581
581
582
582
582
582
583
583
584
585
585
585
586
586
586
587
587
588
588
588
588
588
588
589
589
590
590
591
591
591
592
592
593
593
593
593
593
594
595
595
595
596
596
596
596
597
597
598
598
598
598
598
599
599
599
599
599
600
600
600
601
601
601
601
602
602
603
603
603
604
605
605
605
605
606
606
607
608
608
608
609
609
609
609
610
611
612
612
612
613
613
613
614
614
614
616
616
616
617
617
617
617
618
618
619
620
620
620
620
621
621
621
622
623
623
624
624
624
625
625
626
627
628
628
628
628
629
629
629
629
629
630
630
630
630
631
631
631
632
632
632
632
632
633
633
633
633
633
634
634
634
634
635
635
635
635
636
636
636
636
636
637
637
638
638
638
639
639
639
640
641
641
641
641
641
641
642
642
642
643
643
643
643
643
643
644
644
644
645
645
645
645
645
645
646
647
648
648
648
649
649
649
649
649
650
650
650
650
651
651
651
651
651
652
652
652
652
652
652
653
653
653
654
655
655
656
657
657
657
657
658
659
659
660
660
660
660
660
661
661
662
662
662
663
663
663
663
663
664
664
664
665
665
665
665
665
666
666
666
666
667
667
668
668
668
669
669
669
671
671
671
671
671
672
672
672
672
673
673
673
673
673
674
674
674
674
675
676
676
676
677
677
677
677
677
678
678
678
678
678
679
679
679
679
680
680
681
682
683
683
683
684
684
685
685
685
685
686
686
686
686
687
687
687
687
687
688
688
690
691
691
691
691
692
692
692
692
692
693
693
693
693
693
693
694
694
694
694
694
695
695
695
695
696
696
696
697
697
698
698
698
698
699
699
700
700
700
701
701
701
702
702
702
703
704
704
704
704
705
705
705
706
706
706
707
707
708
709
710
710
710
711
711
711
711
712
712
712
712
712
713
713
713
713
713
713
714
714
714
714
714
714
715
715
716
716
716
716
717
717
717
717
717
718
718
718
719
719
720
720
721
721
721
722
722
722
722
722
722
723
723
724
724
725
725
725
725
725
725
726
726
726
726
726
726
727
727
727
727
727
727
728
728
728
729
729
729
730
730
730
731
731
731
731
731
732
732
732
733
733
734
735
735
735
735
735
735
735
735
736
737
737
737
738
738
738
738
738
738
739
739
740
740
740
741
741
741
741
741
741
741
742
743
743
744
744
744
744
745
745
746
746
746
746
746
747
747
747
747
748
748
748
748
749
749
750
751
752
752
752
753
753
754
754
755
755
756
756
756
756
757
757
757
757
757
757
758
759
759
759
759
759
759
760
760
760
761
761
761
761
761
761
762
762
762
762
763
763
764
764
764
764
765
765
765
765
765
765
766
766
766
767
767
767
767
767
767
768
768
768
769
769
769
770
771
771
772
772
772
772
772
773
773
773
773
773
773
774
774
775
775
775
775
775
776
776
776
776
777
777
778
778
779
779
779
779
779
780
780
780
781
781
781
781
781
781
782
783
783
783
783
783
784
786
786
786
786
786
787
787
787
787
788
789
789
789
789
789
790
790
790
790
791
791
791
791
791
792
792
792
793
794
794
795
795
795
795
796
796
796
796
796
797
797
797
797
798
798
798
799
799
799
799
799
799
800
800
800
800
801
801
801
801
802
803
803
804
804
804
805
805
805
805
805
806
806
806
806
807
807
808
808
808
808
808
809
809
809
810
810
810
811
811
811
811
811
811
811
812
812
813
813
814
814
814
814
814
814
814
815
815
815
815
816
816
816
817
817
817
818
818
818
818
819
820
820
820
820
820
820
821
821
821
822
822
822
822
823
823
824
824
824
824
824
824
824
825
825
826
826
827
827
827
827
828
828
828
829
829
829
830
830
830
831
831
831
831
831
832
832
833
833
834
835
835
835
836
836
836
836
838
838
838
838
839
839
839
839
840
840
840
841
841
842
842
842
843
843
843
843
844
844
844
845
845
845
845
845
846
846
846
846
846
846
847
847
847
847
848
849
849
850
850
850
850
851
852
852
853
853
853
853
853
853
854
854
854
854
854
854
854
855
855
856
856
856
856
857
857
857
857
857
858
858
858
859
859
860
860
860
860
861
861
861
861
861
861
861
862
862
862
862
863
863
864
864
864
865
865
866
866
867
867
867
867
868
868
868
868
869
869
870
871
872
872
872
872
872
873
873
873
873
873
874
874
874
874
875
875
876
876
877
877
877
877
878
878
878
878
879
879
879
879
879
879
880
881
881
882
882
882
883
883
883
884
884
885
885
885
885
886
886
887
887
887
888
888
888
889
889
889
889
890
890
890
890
891
891
891
891
892
893
893
894
894
895
897
897
898
899
899
899
899
900
900
901
902
902
902
902
903
903
903
904
904
904
904
905
905
905
906
906
907
907
907
907
907
908
908
909
909
909
910
910
911
911
912
912
914
914
914
914
914
914
915
915
915
915
915
915
916
916
916
916
916
917
917
917
918
920
920
921
922
922
922
922
923
923
923
923
924
925
926
927
927
927
928
928
929
930
930
931
931
931
931
931
932
932
932
933
933
933
933
934
934
934
934
934
935
936
936
937
937
937
937
937
937
938
938
938
938
938
938
940
940
940
941
941
941
943
943
944
945
945
945
946
946
947
947
947
947
948
949
950
950
950
951
951
951
952
952
952
952
953
953
953
954
955
955
956
956
956
956
957
957
957
958
958
959
959
959
959
960
961
961
962
962
962
962
962
963
964
964
964
964
965
965
966
966
968
968
968
968
968
969
969
969
969
969
969
970
970
970
971
971
971
971
971
971
972
972
972
972
973
973
973
974
975
975
976
976
977
978
978
979
979
979
979
981
981
981
981
981
982
982
982
982
983
983
984
984
985
986
986
986
986
986
986
987
987
987
987
988
988
989
989
990
990
991
991
991
991
992
992
992
993
993
995
995
996
996
996
997
997
997
997
998
998
998
999
999
999
999
999
999
1000
1000
1000
1000
1001
1001
1001
1001
1002
1002
1003
1003
1003
1003
1005
1005
1005
1005
1005
1006
1006
1006
1007
1007
1007
1007
1007
1007
1008
1008
1008
1009
1009
1009
1009
1009
1010
1010
1010
1011
1011
1011
1011
1011
1012
1012
1012
1012
1014
1014
1015
1015
1016
1016
1016
1016
1016
1016
1017
1017
1018
1018
1018
1019
1019
1019
1020
1020
1020
1020
1020
1021
1022
1022
1022
1022
1023
1023
1024
1024
1024
1024
1024
1024
1026
1026
1026
1027
1027
1027
1027
1028
1028
1028
1028
1029
1029
1029
1029
1029
1030
1030
1030
1030
1030
1030
1031
1031
1031
1032
1032
1032
1032
1032
1033
1033
1033
1033
1033
1034
1034
1034
1034
1034
1035
1035
1035
1036
1036
1036
1036
1036
1036
1036
1037
1037
1037
1037
1037
1038
1038
1038
1038
1039
1039
1040
1040
1040
1040
1040
1040
1041
1041
1041
1041
1041
1042
1042
1042
1042
1042
1043
1043
1044
1044
1044
1044
1044
1044
1044
1045
1045
1045
1045
1046
1046
1046
1046
1047
1048
1048
1048
1048
1049
1049
1049
1049
1050
1050
1051
1051
1051
1051
1051
1052
1052
1053
1053
1053
1053
1054
1054
1054
1054
1055
1055
1056
1056
1056
1057
1057
1057
1058
1059
1059
1059
1059
1060
1061
1061
1061
1061
1062
1062
1063
1063
1064
1064
1064
1064
1065
1065
1065
1065
1066
1066
1066
1066
1066
1066
1067
1068
1068
1068
1068
1068
1068
1068
1068
1068
1069
1069
1071
1071
1071
1072
1072
1072
1072
1073
1074
1074
1074
1075
1075
1075
1075
1075
1076
1077
1077
1077
1078
1078
1079
1079
1080
1080
1081
1081
1081
1081
1081
1082
1082
1082
1083
1083
1084
1084
1084
1084
1086
1086
1086
1087
1087
1087
1088
1088
1088
1088
1089
1089
1089
1089
1090
1090
1091
1091
1092
1093
1093
1094
1094
1094
1096
1096
1096
1097
1097
1097
1097
1097
1097
1098
1098
1098
1098
1099
1099
1099
1099
1099
1099
1100
1100
1100
1100
1100
1100
1100
1100
1100
1101
1101
1102
1103
1104
1104
1104
1104
1104
1105
1105
1105
1106
1106
1107
1107
1107
1107
1107
1108
1108
1108
1108
1108
1108
1108
1108
1109
1109
1109
1111
1111
1113
1113
1113
1114
1114
1115
1115
1115
1115
1116
1116
1117
1117
1117
1118
1118
1119
1119
1119
1119
1119
1120
1120
1120
1121
1121
1121
1121
1121
1122
1122
1122
1122
1123
1124
1124
1124
1125
1125
1126
1127
1127
1127
1127
1128
1128
1128
1128
1128
1128
1129
1130
1130
1130
1131
1131
1131
1131
1132
1132
1132
1133
1133
1133
1134
1134
1134
1134
1134
1135
1136
1136
1136
1136
1136
1137
1137
1137
1138
1139
1139
1139
1140
1140
1140
1141
1141
1141
1141
1142
1142
1142
1142
1143
1144
1144
1144
1144
1145
1145
1145
1146
1146
1146
1146
1147
1147
1148
1148
1148
1149
1149
1150
1150
1151
1151
1152
1152
1152
1153
1154
1154
1154
1154
1154
1155
1155
1155
1155
1156
1156
1156
1156
1157
1157
1157
1157
1157
1157
1157
1157
1158
1158
1158
1158
1159
1159
1159
1159
1159
1159
1160
1161
1161
1161
1162
1162
1162
1162
1163
1163
1163
1163
1164
1164
1164
1164
1165
1166
1166
1166
1167
1168
1168
1168
1168
1168
1169
1169
1169
1169
1169
1169
1169
1170
1170
1171
1171
1171
1171
1171
1171
1171
1172
1172
1172
1172
1172
1173
1173
1173
1173
1173
1173
1174
1174
1175
1175
1176
1176
1177
1178
1178
1179
1179
1179
1180
1180
1180
1180
1180
1181
1182
1182
1182
1182
1182
1183
1184
1185
1186
1186
1186
1186
1187
1187
1187
1187
1187
1188
1188
1188
1189
1189
1190
1190
1191
1191
1192
1192
1192
1193
1193
1193
1193
1194
1194
1194
1195
1195
1195
1195
1196
1196
1196
1196
1197
1197
1197
1198
1198
1198
1198
1198
1198
1198
1199
1199
1199
1199
1199
1200
1200
1200
1201
1201
1201
1201
1201
1202
1202
1202
1203
1203
1203
1204
1204
1205
1205
1205
1205
1205
1205
1206
1207
1207
1207
1207
1207
1208
1208
1209
1210
1210
1210
1210
1210
1210
1211
1211
1211
1211
1211
1212
1212
1213
1213
1213
1214
1215
1215
1216
1216
1216
1217
1217
1217
1217
1218
1218
1219
1219
1219
1220
1220
1220
1220
1220
1221
1221
1221
1222
1222
1222
1222
1222
1223
1223
1223
1224
1224
1225
1225
1225
1225
1225
1226
1226
1226
1226
1227
1227
1227
1228
1228
1228
1228
1228
1229
1229
1230
1230
1230
1230
1230
1231
1231
1231
1231
1232
1232
1232
1232
1232
1233
1233
1234
1234
1234
1234
1234
1235
1235
1235
1235
1236
1236
1236
1237
1237
1239
1240
1240
1240
1240
1241
1241
1242
1242
1243
1243
1243
1243
1243
1243
1244
1244
1244
1244
1244
1245
1245
1246
1246
1246
1246
1247
1247
1247
1247
1248
1248
1248
1249
1251
1251
1251
1251
1252
1252
1252
1252
1252
1253
1253
1253
1253
1254
1254
1254
1254
1255
1255
1255
1255
1256
1256
1256
1256
1257
1257
1257
1257
1257
1258
1258
1259
1259
1259
1260
1260
1261
1262
1262
1262
1262
1263
1263
1263
1263
1263
1264
1264
1264
1264
1264
1264
1264
1265
1265
1265
1265
1265
1265
1265
1265
1265
1265
1265
1266
1266
1266
1266
1266
1267
1267
1268
1268
1268
1268
1268
1268
1268
1268
1269
1269
1270
1271
1271
1271
1271
1272
1272
1272
1272
1273
1273
1273
1273
1273
1273
1273
1274
1274
1274
1274
1274
1275
1276
1277
1278
1278
1279
1279
1279
1280
1280
1280
1280
1280
1280
1281
1281
1282
1283
1283
1283
1283
1284
1284
1284
1284
1285
1285
1285
1286
1287
1287
1287
1287
1288
1288
1288
1288
1289
1289
1290
1290
1290
1290
1290
1290
1290
1291
1291
1291
1292
1292
1292
1293
1293
1293
1293
1293
1295
1295
1295
1295
1295
1296
1296
1296
1297
1297
1298
1298
1298
1299
1299
1300
1300
1300
1300
1300
1300
1300
1300
1301
1301
1301
1301
1301
1302
1302
1302
1303
1304
1304
1304
1304
1304
1304
1304
1304
1304
1305
1305
1305
1306
1307
1308
1308
1308
1309
1309
1310
1310
1311
1311
1311
1311
1312
1312
1313
1314
1314
1314
1315
1315
1315
1315
1316
1316
1316
1317
1317
1317
1317
1317
1318
1318
1318
1318
1319
1319
1320
1320
1320
1320
1321
1322
1323
1323
1323
1323
1323
1324
1324
1324
1325
1325
1325
1325
1326
1326
1326
1326
1327
1327
1327
1327
1328
1329
1329
1329
1330
1330
1332
1332
1332
1332
1333
1334
1335
1337
1337
1338
1338
1338
1339
1340
1340
1341
1342
1342
1342
1343
1343
1343
1343
1343
1344
1344
1344
1345
1346
1346
1346
1347
1347
1347
1348
1348
1348
1348
1348
1349
1349
1350
1350
1351
1351
1351
1352
1352
1352
1353
1353
1353
1353
1353
1354
1355
1355
1356
1356
1357
1357
1357
1358
1358
1358
1358
1358
1359
1360
1360
1360
1360
1360
1360
1361
1361
1361
1361
1361
1361
1362
1362
1362
1364
1364
1364
1364
1365
1365
1365
1365
1365
1366
1366
1367
1367
1367
1367
1368
1368
1369
1369
1370
1370
1370
1371
1371
1371
1371
1372
1372
1372
1372
1373
1373
1373
1374
1374
1374
1374
1374
1374
1374
1374
1374
1375
1375
1375
1376
1376
1376
1377
1377
1377
1377
1377
1377
1378
1378
1378
1379
1379
1379
1379
1379
1380
1381
1381
1381
1382
1383
1383
1383
1384
1384
1384
1384
1384
1384
1384
1384
1384
1384
1385
1385
1386
1386
1386
1387
1387
1387
1387
1387
1387
1388
1388
1388
1389
1390
1390
1391
1391
1391
1391
1391
1392
1392
1393
1393
1393
1393
1393
1393
1393
1393
1393
1395
1395
1395
1395
1395
1396
1396
1396
1396
1396
1397
1397
1398
1398
1398
1398
1398
1399
1399
1400
1401
1401
1401
1401
1402
1402
1403
1403
1404
1404
1404
1405
1405
1405
1406
1406
1406
1406
1406
1406
1406
1407
1407
1407
1407
1407
1407
1408
1408
1408
1408
1408
1409
1409
1409
1409
1409
1410
1410
1410
1410
1410
1410
1410
1411
1412
1412
1412
1412
1412
1414
1414
1415
1415
1415
1416
1416
1416
1416
1416
1418
1418
1418
1418
1419
1419
1419
1419
1419
1420
1420
1420
1420
1420
1421
1421
1421
1421
1422
1422
1422
1422
1422
1423
1423
1423
1423
1423
1423
1423
1424
1424
1424
1425
1425
1426
1426
1426
1426
1426
1426
1427
1427
1427
1427
1428
1428
1428
1428
1428
1429
1430
1430
1431
1431
1431
1432
1432
1433
1433
1434
1434
1435
1435
1435
1435
1435
1435
1435
1436
1436
1436
1436
1436
1437
1438
1439
1439
1439
1440
1440
1441
1441
1441
1441
1442
1442
1442
1443
1443
1443
1443
1444
1444
1445
1445
1445
1445
1446
1446
1446
1447
1447
1447
1448
1448
1448
1448
1449
1449
1450
1450
1451
1451
1452
1452
1452
1452
1453
1453
1453
1453
1453
1454
1454
1454
1456
1456
1456
1456
1456
1456
1457
1457
1457
1457
1458
1458
1458
1458
1459
1459
1459
1459
1459
1459
1459
1460
1460
1462
1462
1462
1463
1463
1463
1463
1464
1464
1464
1465
1465
1466
1466
1466
1467
1467
1467
1467
1467
1467
1468
1468
1469
1470
1470
1471
1471
1471
1472
1472
1473
1474
1474
1475
1475
1476
1476
1476
1476
1476
1476
1476
1476
1476
1476
1477
1477
1477
1477
1477
1477
1477
1477
1477
1478
1478
1478
1478
1479
1479
1479
1479
1479
1480
1480
1480
1480
1481
1481
1481
1481
1481
1481
1482
1482
1482
1482
1483
1483
1483
1483
1483
1484
1484
1484
1485
1485
1485
1486
1486
1487
1487
1487
1487
1487
1488
1488
1488
1488
1488
1488
1489
1489
1489
1490
1491
1491
1491
1492
1492
1492
1493
1493
1493
1494
1494
1495
1495
1495
1495
1496
1496
1497
1497
1497
1497
1497
1497
1497
1498
1498
1499
1499
1499
1499
1499
1499
1500
1500
1500
1500
1501
1501
1502
1502
1502
1503
1503
1503
1503
1504
1505
1505
1505
1506
1506
1507
1507
1507
1508
1508
1508
1509
1509
1509
1510
1510
1510
1511
1511
1511
1511
1511
1511
1511
1512
1512
1512
1512
1512
1512
1512
1512
1513
1513
1513
1513
1514
1514
1515
1515
1515
1515
1515
1516
1517
1517
1517
1517
1518
1518
1520
1520
1520
1520
1521
1521
1521
1522
1522
1522
1522
1522
1522
1522
1523
1523
1523
1524
1524
1525
1525
1525
1525
1526
1526
1526
1526
1527
1527
1529
1529
1529
1529
1529
1530
1531
1531
1532
1532
1532
1532
1532
1533
1533
1533
1533
1533
1534
1534
1534
1534
1535
1535
1536
1536
1536
1536
1536
1536
1537
1538
1538
1538
1539
1540
1540
1540
1541
1541
1541
1541
1542
1542
1542
1542
1542
1543
1543
1544
1544
1544
1544
1544
1545
1545
1546
1546
1546
1546
1547
1547
1547
1547
1547
1548
1548
1548
1549
1549
1549
1549
1550
1550
1550
1550
1550
1550
1551
1551
1551
1551
1552
1552
1552
1552
1552
1552
1552
1553
1553
1553
1553
1553
1554
1554
1554
1555
1555
1556
1556
1556
1558
1558
1559
1559
1559
1560
1560
1560
1560
1560
1560
1560
1561
1561
1561
1562
1562
1563
1563
1564
1564
1564
1565
1565
1565
1566
1566
1566
1566
1566
1566
1566
1567
1567
1567
1568
1568
1568
1568
1568
1568
1568
1570
1570
1571
1571
1571
1572
1572
1573
1573
1574
1574
1574
1574
1575
1575
1575
1575
1576
1576
1576
1577
1577
1577
1577
1577
1578
1578
1579
1579
1580
1580
1580
1580
1580
1580
1581
1581
1581
1582
1582
1582
1583
1584
1584
1584
1584
1584
1585
1587
1587
1587
1587
1588
1588
1589
1589
1589
1590
1590
1590
1591
1591
1592
1592
1592
1592
1592
1592
1593
1593
1594
1594
1594
1594
1595
1595
1595
1595
1595
1596
1596
1596
1596
1597
1598
1598
1598
1600
1600
1600
1600
1601
1602
1602
1603
1603
1603
1604
1604
1605
1605
1606
1606
1606
1606
1607
1607
1607
1609
1609
1609
1609
1609
1609
1609
1609
1610
1610
1610
1610
1610
1610
1610
1611
1612
1612
1612
1612
1612
1612
1612
1613
1613
1614
1614
1614
1614
1615
1615
1616
1616
1616
1617
1617
1617
1617
1618
1618
1618
1618
1618
1618
1618
1618
1618
1619
1619
1619
1619
1619
1619
1619
1620
1621
1621
1621
1621
1621
1621
1621
1622
1622
1622
1622
1622
1622
1623
1623
1624
1624
1624
1624
1625
1625
1625
1625
1626
1626
1627
1628
1628
1628
1629
1629
1629
1629
1630
1630
1631
1631
1631
1632
1632
1633
1633
1634
1634
1634
1634
1634
1634
1634
1635
1635
1635
1636
1636
1637
1637
1637
1637
1638
1638
1638
1638
1639
1639
1639
1639
1639
1640
1640
1640
1640
1641
1641
1642
1642
1642
1642
1643
1643
1643
1643
1643
1644
1644
1644
1644
1644
1644
1645
1645
1645
1646
1646
1646
1646
1646
1646
1647
1647
1647
1647
1647
1647
1648
1649
1649
1649
1650
1650
1650
1650
1651
1651
1651
1651
1652
1652
1652
1652
1652
1652
1653
1653
1653
1654
1654
1654
1654
1655
1655
1657
1657
1657
1657
1657
1658
1658
1659
1659
1659
1659
1660
1660
1660
1661
1662
1662
1662
1662
1662
1663
1663
1663
1663
1664
1665
1665
1665
1665
1665
1665
1666
1666
1666
1667
1667
1668
1668
1668
1668
1668
1669
1669
1669
1670
1670
1670
1671
1671
1671
1672
1672
1672
1672
1673
1673
1673
1673
1673
1673
1673
1674
1674
1675
1676
1676
1676
1676
1676
1676
1677
1678
1679
1679
1679
1679
1679
1680
1681
1681
1681
1681
1681
1681
1682
1682
1683
1683
1683
1683
1685
1685
1685
1686
1686
1686
1687
1687
1687
1688
1688
1688
1689
1689
1690
1690
1690
1690
1690
1690
1690
1690
1691
1691
1692
1692
1692
1692
1693
1693
1693
1693
1693
1694
1694
1694
1696
1696
1696
1697
1697
1697
1698
1698
1698
1699
1699
1699
1699
1700
1701
1701
1701
1702
1702
1703
1703
1703
1703
1703
1703
1704
1704
1704
1704
1704
1705
1705
1705
1705
1705
1705
1706
1706
1706
1706
1707
1707
1707
1707
1707
1708
1708
1708
1708
1708
1708
1708
1708
1709
1709
1710
1710
1710
1710
1710
1710
1710
1711
1711
1711
1711
1711
1711
1711
1712
1712
1712
1712
1712
1713
1713
1713
1713
1714
1714
1714
1714
1715
1716
1716
1716
1716
1716
1716
1717
1718
1718
1718
1719
1719
1719
1719
1719
1719
1719
1719
1719
1719
1719
1720
1720
1720
1720
1720
1720
1721
1721
1721
1721
1721
1722
1722
1722
1722
1722
1723
1723
1723
1723
1724
1724
1724
1724
1725
1726
1726
1726
1726
1727
1727
1727
1727
1727
1728
1728
1728
1728
1730
1730
1731
1731
1731
1731
1732
1732
1732
1733
1733
1733
1734
1734
1734
1734
1735
1735
1735
1736
1736
1736
1736
1737
1737
1737
1738
1738
1738
1739
1739
1740
1740
1740
1741
1741
1741
1741
1741
1741
1741
1741
1742
1742
1742
1742
1742
1742
1743
1743
1743
1743
1744
1744
1744
1746
1746
1747
1747
1747
1747
1748
1749
1749
1750
1750
1750
1750
1750
1751
1751
1751
1751
1751
1751
1751
1751
1752
1753
1753
1753
1755
1755
1755
1755
1755
1755
1756
1756
1756
1757
1757
1758
1758
1758
1758
1759
1760
1760
1760
1761
1761
1762
1762
1763
1763
1763
1764
1764
1764
1765
1765
1765
1765
1765
1765
1766
1766
1767
1767
1767
1767
1768
1768
1768
1768
1769
1769
1769
1769
1769
1770
1770
1770
1770
1772
1772
1772
1772
1773
1774
1774
1774
1774
1774
1774
1775
1775
1775
1775
1776
1777
1777
1777
1778
1779
1779
1780
1780
1780
1780
1781
1782
1782
1782
1783
1783
1783
1783
1784
1784
1784
1785
1785
1785
1785
1785
1785
1786
1786
1786
1786
1787
1787
1787
1788
1788
1788
1789
1789
1789
1789
1789
1789
1790
1790
1790
1791
1791
1791
1792
1792
1792
1792
1793
1793
1793
1793
1794
1794
1794
1795
1796
1796
1796
1797
1797
1797
1797
1798
1798
1798
1799
1799
1799
1799
1799
1801
1801
1801
1802
1802
1802
1803
1804
1804
1804
1804
1804
1804
1804
1804
1804
1805
1805
1805
1806
1806
1806
1807
1807
1807
1807
1808
1808
1808
1808
1809
1809
1809
1809
1809
1810
1810
1810
1811
1811
1811
1811
1811
1811
1812
1812
1812
1812
1812
1812
1812
1812
1812
1813
1813
1813
1814
1814
1814
1815
1815
1816
1816
1816
1816
1816
1817
1817
1818
1818
1818
1818
1818
1819
1819
1820
1820
1820
1821
1821
1822
1822
1822
1822
1822
1823
1824
1824
1824
1826
1826
1826
1826
1826
1827
1827
1827
1828
1828
1828
1828
1829
1829
1829
1830
1830
1830
1830
1830
1830
1831
1831
1831
1831
1832
1832
1833
1834
1834
1834
1834
1834
1834
1835
1835
1835
1836
1836
1837
1838
1838
1839
1839
1839
1839
1840
1841
1841
1841
1842
1842
1842
1842
1842
1842
1843
1843
1843
1844
1844
1844
1844
1844
1844
1844
1845
1845
1845
1846
1846
1846
1847
1847
1848
1848
1848
1848
1849
1849
1850
1850
1851
1851
1851
1851
1852
1852
1853
1853
1853
1854
1854
1854
1855
1856
1856
1856
1856
1857
1857
1857
1858
1858
1858
1859
1859
1860
1860
1860
1860
1860
1860
1861
1861
1862
1862
1863
1863
1863
1863
1863
1863
1864
1864
1864
1864
1864
1864
1865
1865
1865
1867
1867
1867
1868
1868
1868
1869
1869
1870
1870
1870
1870
1870
1870
1870
1870
1870
1871
1871
1871
1871
1871
1871
1871
1872
1872
1873
1874
1874
1875
1875
1875
1876
1876
1876
1876
1877
1877
1877
1877
1878
1878
1878
1879
1879
1879
1879
1879
1879
1880
1880
1880
1880
1880
1880
1881
1881
1882
1882
1882
1883
1883
1884
1884
1885
1885
1885
1885
1886
1886
1886
1886
1886
1886
1886
1887
1887
1888
1888
1888
1889
1890
1890
1890
1890
1890
1890
1891
1891
1891
1892
1892
1892
1892
1893
1893
1893
1893
1893
1893
1894
1894
1894
1894
1894
1894
1895
1895
1895
1896
1896
1896
1896
1897
1897
1897
1897
1898
1899
1899
1899
1899
1899
1900
1900
1900
1901
1901
1901
1901
1903
1903
1904
1904
1904
1904
1904
1904
1905
1905
1905
1905
1906
1906
1907
1907
1907
1907
1908
1909
1909
1909
1911
1912
1912
1913
1913
1914
1914
1915
1915
1916
1916
1916
1916
1917
1917
1917
1918
1918
1918
1919
1920
1920
1920
1921
1921
1922
1922
1922
1922
1922
1922
1923
1923
1924
1924
1924
1924
1925
1925
1925
1926
1926
1926
1926
1927
1927
1927
1927
1927
1929
1929
1929
1929
1929
1930
1930
1930
1930
1930
1930
1931
1931
1931
1932
1932
1932
1932
1932
1933
1934
1934
1934
1935
1935
1935
1935
1936
1936
1937
1938
1938
1938
1939
1940
1941
1941
1941
1942
1942
1942
1943
1943
1943
1944
1944
1944
1944
1944
1944
1945
1945
1945
1946
1946
1946
1946
1946
1947
1947
1948
1948
1948
1949
1949
1949
1949
1951
1952
1952
1953
1955
1955
1955
1955
1956
1956
1956
1956
1957
1957
1958
1958
1958
1959
1959
1959
1959
1960
1960
1960
1960
1962
1962
1963
1963
1963
1963
1963
1963
1963
1964
1964
1965
1965
1965
1966
1967
1969
1970
1970
1970
1970
1970
1971
1971
1971
1972
1972
1972
1973
1973
1973
1974
1974
1974
1974
1974
1974
1975
1975
1976
1976
1976
1977
1977
1978
1978
1978
1978
1980
1980
1981
1981
1981
1981
1981
1982
1982
1982
1982
1982
1982
1982
1983
1983
1983
1984
1984
1984
1984
1984
1984
1984
1985
1985
1985
1985
1986
1986
1986
1987
1988
1989
1989
1989
1989
1990
1991
1992
1992
1992
1992
1992
1993
1993
1993
1993
1993
1994
1994
1994
1995
1995
1995
1996
1996
1996
1997
1997
1997
1998
1998
1998
1998
1999
2000
2000
2000
2000
2000
2000
2000
2000
2000
2000
2000
