Primero viene la cantidad (n) de timestamps para ambos, luego n líneas que son un timestamp aproximado cada uno separado por una coma (',') del error, y luego n lineas de las transacciones del sospechoso
6505
74,37
127,23
213,48
471,8
886,13
1839,46
12,11
97,14
118,42
300,49
586,44
1206,43
32,31
69,34
201,11
390,23
734,4
1463,24
55,46
94,18
210,23
448,31
851,17
1729,9
13,11
64,40
159,3
277,46
528,18
1066,10
96,35
174,38
303,50
604,39
1191,39
57,46
135,45
203,48
490,31
942,17
1908,44
34,15
75,38
142,14
332,4
663,9
1257,29
37,18
66,50
163,35
287,4
608,42
1212,39
19,18
52,23
126,2
199,47
493,35
915,19
1814,3
91,44
108,50
260,6
500,37
1047,33
9,8
34,5
46,36
154,48
301,31
576,20
1177,1
101,21
189,49
345,44
646,39
1373,14
71,1
146,47
299,20
534,26
1061,38
24,23
92,34
193,10
336,19
704,14
1356,25
70,9
97,37
235,10
441,16
912,4
1825,1
22,21
28,27
146,22
246,48
536,27
1036,44
51,47
98,46
175,24
413,40
809,14
1554,8
98,35
146,6
262,2
552,9
1153,3
3,2
85,26
89,9
191,13
443,17
846,48
1743,3
21,20
99,2
144,41
357,44
712,46
1357,30
59,20
70,3
153,32
293,48
633,1
1210,37
33,12
120,32
203,22
378,22
785,50
1551,6
49,40
78,41
202,29
331,39
694,49
1380,37
24,9
124,42
244,46
483,43
959,11
1880,36
40,6
42,27
110,10
240,35
480,6
970,8
1942,14
24,18
60,21
85,45
244,13
497,29
969,43
1958,1957
20,19
72,13
154,7
321,22
659,35
1254,50
57,42
58,33
209,4
358,24
730,35
1441,16
81,35
137,38
231,33
532,30
1069,33
24,14
75,38
104,17
286,7
568,19
1115,30
67,15
154,23
302,23
536,36
1086,9
36,35
132,6
269,41
468,35
956,37
1928,23
52,34
115,26
203,49
384,2
841,34
1656,29
23,22
73,39
140,8
312,46
599,1
1193,16
24,23
101,47
162,25
356,44
726,30
1469,27
85,17
146,28
283,30
590,16
1177,32
23,3
37,26
95,41
166,15
389,12
802,19
1524,24
90,19
117,49
240,29
457,2
907,39
1903,42
65,21
160,39
297,39
551,18
1167,1
29,28
43,17
119,25
291,10
581,23
1143,2
43,26
124,32
195,6
428,15
791,13
1611,18
30,22
93,31
177,49
387,9
696,11
1434,5
92,46
111,2
259,36
468,7
965,26
1983,13
68,21
107,24
249,22
521,40
959,49
1948,42
54,23
72,40
138,29
359,40
648,9
1278,17
85,19
164,46
346,34
676,32
1324,3
39,37
108,37
231,33
410,31
887,40
1763,47
69,6
125,24
213,48
441,10
900,31
1801,48
67,26
71,19
193,6
368,16
712,49
1503,49
97,31
118,21
268,18
550,33
1086,34
66,36
137,27
229,25
494,50
965,5
1986,1985
96,18
147,18
279,38
551,32
1154,10
99,34
100,2
203,10
472,40
913,45
1811,13
19,7
56,49
176,4
271,46
530,44
1082,10
1,0
31,5
79,28
163,30
375,11
674,17
1407,40
95,33
169,43
324,18
658,26
1314,13
86,3
90,18
201,48
402,49
815,39
1669,7
100,22
106,10
271,31
572,4
1107,3
75,28
89,18
201,35
418,32
796,19
1644,47
77,3
155,29
299,28
534,23
1078,38
45,24
79,26
145,3
297,45
627,50
1287,44
29,28
54,14
89,11
267,21
464,46
945,38
1882,18
85,46
174,25
350,47
616,48
1278,7
19,18
30,15
86,30
180,2
382,5
711,6
1419,25
8,7
83,24
173,47
328,14
681,5
1353,43
65,3
109,41
228,28
500,35
935,25
1931,38
84,18
126,33
216,1
492,11
948,45
1889,9
86,22
129,46
274,45
521,31
1073,1
88,49
115,48
244,32
482,17
978,33
1995,1994
43,26
46,4
131,46
231,47
459,43
963,17
1917,50
85,35
107,3
292,35
553,7
1092,19
34,33
88,49
206,20
338,29
724,13
1489,24
101,19
159,28
323,7
678,48
1346,49
46,2
101,40
160,47
385,48
706,38
1470,38
73,7
111,5
228,1
486,19
912,27
1826,17
2,1
79,31
157,44
282,6
538,38
1061,31
56,17
93,16
197,30
369,16
795,48
1604,1
56,27
95,37
251,12
454,17
924,14
1832,39
32,20
106,20
139,29
369,21
703,41
1424,47
19,12
20,13
80,43
162,18
328,40
689,34
1314,4
24,23
52,32
155,18
317,4
622,50
1215,34
88,11
139,50
323,49
572,30
1129,2
57,31
68,31
171,50
302,23
623,5
1247,10
87,28
137,7
261,17
499,16
1056,37
3,2
58,37
91,49
250,50
472,7
927,43
1834,12
59,32
94,42
181,3
354,32
691,4
1470,24
57,28
82,6
175,10
330,19
687,13
1402,46
87,37
88,48
195,20
419,1
801,45
1599,13
42,7
123,48
216,41
414,11
802,49
1695,23
52,48
151,12
250,22
553,24
1070,47
29,28
100,40
137,13
269,10
556,43
1186,12
91,11
135,12
249,2
513,2
1013,13
84,5
181,1
276,46
617,13
1249,18
49,34
145,18
267,38
543,6
1093,17
86,13
160,7
313,49
599,22
1170,18
50,48
76,18
185,39
362,45
740,17
1475,3
84,39
176,45
350,31
621,16
1331,43
72,31
138,13
224,31
480,9
985,49
1945,25
90,21
166,19
283,23
587,44
1184,20
85,17
186,31
319,44
636,18
1316,39
39,20
79,41
162,32
354,3
677,49
1384,39
85,41
92,38
209,17
433,22
872,9
1706,34
44,5
46,21
147,26
274,8
582,39
1119,25
100,40
101,46
247,33
457,6
1003,33
1939,32
18,17
104,3
149,36
344,2
695,21
1328,7
60,11
125,44
241,42
488,13
987,43
1914,1
47,35
89,15
137,43
347,19
680,42
1318,40
27,18
34,33
111,11
199,11
419,25
840,28
1690,32
92,24
161,47
351,23
671,13
1344,40
94,13
106,25
229,20
462,39
988,3
1923,26
64,35
81,30
221,13
461,1
843,35
1728,47
70,42
162,19
329,23
594,6
1232,43
95,8
130,28
274,38
557,4
1109,6
40,20
134,20
217,2
403,24
809,24
1701,8
31,30
122,10
247,33
483,3
975,49
1945,26
76,12
170,38
334,20
616,22
1265,14
77,6
79,48
245,45
468,39
908,11
1810,44
32,9
99,44
141,14
290,14
644,15
1299,45
9,8
71,23
180,12
321,49
628,26
1216,37
39,20
126,33
265,4
501,18
976,49
1942,22
8,7
97,16
197,45
359,45
674,18
1339,11
54,10
62,30
198,38
342,2
714,48
1416,4
23,22
64,15
119,37
249,33
488,2
974,24
1927,39
69,20
144,28
239,18
479,10
988,19
1964,19
39,29
125,50
175,17
435,47
858,41
1711,30
4,3
46,38
84,29
213,37
404,30
818,11
1647,8
54,11
109,10
191,15
443,21
867,49
1714,13
67,30
152,47
238,24
555,5
1013,43
99,41
163,37
340,29
641,36
1308,47
84,29
163,27
261,21
517,15
1097,11
25,24
74,42
176,43
369,11
666,5
1392,5
84,30
170,9
280,34
568,46
1145,46
82,26
91,8
208,4
435,5
886,40
1735,31
66,38
167,13
248,9
552,37
1095,45
18,17
115,29
167,37
320,35
662,44
1308,31
72,3
99,11
209,31
406,6
823,25
1643,23
40,6
65,23
185,14
364,8
712,8
1422,8
45,21
143,17
250,9
475,35
921,29
1928,28
97,25
156,20
346,37
610,22
1235,4
44,32
56,34
177,45
279,50
610,5
1196,46
65,7
112,9
207,1
481,33
935,41
1808,40
60,8
155,35
230,42
457,13
948,2
1938,42
46,3
91,26
199,48
342,13
740,14
1442,30
56,37
137,40
217,31
435,34
846,29
1777,2
58,21
74,9
210,18
385,47
745,29
1543,15
37,17
135,29
209,17
474,11
876,16
1805,31
26,18
95,2
137,9
293,24
585,30
1156,18
58,22
104,21
172,50
389,45
737,17
1558,36
62,32
65,49
139,6
281,27
583,11
1213,8
77,42
141,28
291,6
589,3
1134,11
84,4
154,36
316,50
625,19
1211,1
58,21
59,30
181,50
386,46
685,38
1393,26
25,5
120,45
199,35
396,24
754,41
1569,50
80,23
151,34
237,42
513,35
1077,40
56,6
109,16
239,20
458,15
920,45
1838,21
51,36
144,43
221,24
422,40
931,8
1840,9
60,20
64,2
202,41
409,43
771,12
1606,24
17,16
62,4
107,17
205,46
452,19
881,23
1767,26
51,5
134,50
262,33
502,21
973,10
1974,23
74,45
123,14
216,36
500,18
947,1
1950,23
23,22
113,38
209,33
408,38
765,28
1597,44
65,14
149,23
272,2
563,15
1064,14
75,43
150,12
309,49
557,42
1120,32
99,1
182,42
292,31
636,31
1241,28
6,5
32,9
100,49
219,38
415,7
866,31
1714,41
12,11
88,12
170,16
283,41
591,5
1202,35
39,7
132,29
260,27
460,29
898,13
1864,33
54,20
55,33
128,49
312,25
556,27
1118,33
12,11
38,37
63,46
182,34
319,29
657,2
1318,34
12,11
32,3
145,48
214,28
458,9
864,6
1789,43
57,31
101,41
240,31
418,1
917,38
1829,27
56,11
137,13
256,45
489,43
981,1
1924,34
25,24
82,38
175,15
296,3
634,13
1253,11
71,34
74,35
164,44
365,16
722,36
1483,15
77,27
137,38
277,26
526,47
1092,16
76,33
116,20
262,15
480,31
981,14
1925,36
28,27
118,16
150,10
342,3
698,28
1424,16
92,50
96,18
248,4
438,45
966,29
1860,46
28,6
65,42
143,30
242,27
491,45
984,18
1977,17
34,26
64,37
154,39
344,15
679,30
1319,1
68,28
163,41
294,7
608,6
1231,18
18,10
95,20
170,50
314,50
610,24
1306,50
17,16
97,17
195,38
310,2
637,25
1321,5
6,5
92,22
174,32
322,4
676,36
1333,22
87,44
108,14
267,38
473,34
969,37
1958,19
52,48
152,18
213,22
445,10
869,21
1815,2
98,16
168,50
273,21
557,23
1127,3
7,6
102,46
190,35
384,17
776,49
1465,47
99,48
183,5
317,6
628,5
1313,9
7,6
99,18
150,4
297,27
575,12
1190,9
85,3
136,19
317,6
576,4
1135,5
80,8
112,35
252,28
477,41
930,41
1946,19
85,11
133,8
296,25
531,19
1083,22
9,8
60,50
159,34
327,37
566,24
1198,9
43,42
111,14
217,16
442,50
869,2
1775,28
91,13
177,31
284,20
628,50
1273,34
83,20
144,31
229,50
463,28
984,19
1972,1
87,20
170,7
336,31
620,29
1227,2
33,18
104,45
208,1
360,1
760,43
1514,50
101,44
155,28
357,21
691,44
1323,16
57,5
62,3
180,2
334,34
672,14
1338,38
92,33
150,10
333,34
667,16
1342,45
80,16
140,7
313,1
538,46
1092,6
35,16
84,41
163,5
299,2
645,35
1298,17
59,18
154,20
283,48
583,42
1151,16
99,14
155,3
270,12
564,26
1145,5
57,36
127,7
234,10
434,36
879,17
1759,25
42,35
54,4
170,34
272,17
545,7
1121,49
31,3
37,36
108,18
187,6
394,27
842,27
1640,17
76,27
172,43
250,28
577,40
1129,28
53,3
60,33
175,20
371,12
748,15
1409,10
26,25
56,21
156,34
247,34
539,37
1026,29
14,13
46,18
98,31
161,6
392,43
809,48
1607,39
94,24
171,27
298,20
574,26
1198,49
29,23
35,9
96,35
217,36
468,3
896,32
1841,30
48,4
144,18
228,38
486,21
968,17
1953,23
32,15
40,9
143,46
261,12
501,42
989,44
1980,1979
31,30
111,47
195,43
408,19
769,32
1530,1
57,20
61,39
214,7
392,23
776,47
1595,43
17,16
114,7
194,21
342,14
707,23
1409,29
38,12
47,22
162,39
311,40
575,22
1216,38
3,2
12,11
92,34
120,36
318,35
550,33
1129,13
2,1
61,1
134,34
223,34
515,49
1001,43
1956,23
32,30
40,39
165,31
335,3
588,28
1212,28
52,5
141,43
235,23
523,7
967,38
1970,1969
78,26
129,49
297,20
570,2
1152,35
5,4
42,41
121,35
173,37
376,45
746,37
1548,19
7,3
19,18
28,14
90,2
221,2
412,47
815,19
1597,22
27,26
98,10
171,20
382,41
717,37
1397,18
98,23
179,5
299,48
601,7
1205,16
86,17
116,47
282,34
541,50
1091,23
7,6
73,43
105,6
189,26
420,32
829,39
1677,50
46,38
125,13
261,34
445,27
894,30
1830,9
46,16
126,23
174,22
421,25
797,19
1578,11
14,7
87,4
179,46
376,26
733,19
1472,48
76,50
116,42
201,43
434,50
903,20
1809,22
76,44
116,37
205,42
434,39
872,45
1742,18
73,44
136,31
287,2
597,14
1113,18
97,3
177,26
282,15
583,8
1177,48
81,16
96,34
252,23
443,11
889,48
1797,33
96,49
187,37
334,43
690,41
1317,33
44,20
58,39
183,41
313,33
625,37
1273,2
48,47
148,43
252,11
520,37
986,20
1999,1998
9,8
89,43
179,5
314,31
640,41
1288,26
34,33
115,4
180,22
405,25
812,42
1577,17
93,31
133,41
228,13
468,31
936,11
1913,45
72,33
126,18
265,28
559,14
1100,10
5,4
106,1
165,6
342,20
668,34
1317,27
36,35
91,1
176,18
355,38
716,24
1420,46
89,42
185,17
345,22
700,41
1365,35
9,8
68,12
95,29
213,49
486,29
893,9
1783,40
63,26
100,1
191,40
393,14
830,38
1678,4
58,9
84,21
173,47
334,40
679,40
1361,47
28,7
116,49
165,9
373,13
725,8
1475,2
91,29
147,21
282,15
619,32
1148,38
70,26
85,21
186,20
440,16
825,48
1676,23
44,8
131,1
184,15
387,7
814,22
1580,2
54,34
56,3
200,44
392,43
752,1
1533,6
84,30
96,14
241,3
500,41
984,28
1917,4
68,13
114,13
224,8
476,33
950,21
1851,26
71,46
83,42
208,40
371,35
806,10
1577,34
13,12
95,28
207,35
372,10
735,26
1451,8
50,23
111,28
260,12
482,14
928,5
1884,20
98,42
113,45
312,39
583,15
1161,46
95,12
165,3
318,34
613,2
1223,43
53,7
127,25
181,37
436,21
799,23
1632,3
85,33
155,48
307,7
594,13
1210,13
55,1
110,5
243,34
507,44
969,28
1896,9
32,31
120,24
225,44
432,19
857,11
1729,40
16,12
31,2
147,47
212,14
427,47
914,33
1798,38
13,4
111,17
149,16
274,41
632,49
1263,38
41,12
56,29
135,27
302,24
624,9
1250,24
46,33
56,2
106,25
229,12
492,42
957,44
1912,28
41,40
127,30
211,29
382,21
810,30
1596,33
83,11
178,13
362,49
694,29
1332,47
21,20
115,32
231,48
429,15
813,16
1650,23
45,44
94,1
149,49
299,30
612,16
1245,23
94,13
148,24
339,19
629,21
1235,34
57,48
66,23
165,4
353,11
711,23
1372,37
49,43
52,19
144,21
335,32
679,8
1291,48
1,0
27,3
111,1
165,1
364,4
671,17
1374,34
100,48
119,47
272,16
502,38
1001,28
1999,1998
86,41
176,9
359,29
686,44
1386,16
88,13
103,15
286,11
516,15
1021,6
33,32
112,17
164,42
405,26
772,34
1571,36
60,43
137,15
292,47
499,24
1000,12
1946,36
96,23
122,26
284,19
540,49
1047,30
101,42
163,7
314,1
622,45
1216,26
63,41
85,35
180,21
336,18
690,41
1432,17
95,31
106,31
252,14
469,6
1012,39
1944,15
41,12
66,45
208,22
380,10
794,21
1540,32
23,10
85,33
133,10
287,38
539,25
1116,8
97,27
113,7
245,21
549,15
1078,9
81,17
145,48
232,46
506,43
1048,39
3,2
28,27
74,49
156,18
361,35
676,45
1373,43
37,31
109,21
238,38
460,17
851,24
1713,45
95,24
110,41
221,41
473,49
915,27
1840,2
26,25
87,16
203,45
337,32
706,32
1410,18
79,44
126,43
219,31
484,14
988,5
1946,27
73,47
163,29
251,17
518,21
1085,8
80,44
136,13
295,25
522,15
1130,32
22,21
30,29
116,17
200,49
444,41
835,36
1710,14
76,10
119,35
290,14
521,14
1046,49
40,22
41,38
133,23
283,22
509,48
1104,49
15,14
68,13
101,48
278,26
515,9
1019,2
1952,11
93,45
150,28
277,27
612,23
1161,50
51,23
74,11
178,15
326,42
665,25
1394,43
27,4
116,13
190,8
370,27
797,19
1597,3
9,8
72,13
104,28
259,41
467,35
942,42
1890,18
54,19
87,2
171,22
335,24
659,21
1366,38
76,42
129,25
229,14
523,1
1028,47
1932,32
29,28
78,33
173,1
315,17
659,15
1291,37
89,4
155,29
340,5
662,18
1253,4
53,11
66,46
128,20
265,16
558,45
1142,14
7,6
21,11
117,3
182,32
400,25
764,44
1506,13
47,25
52,30
182,43
302,30
675,9
1279,17
39,38
132,21
205,32
423,41
879,20
1776,23
101,34
118,18
250,43
479,21
997,35
1987,1986
36,27
71,4
182,23
370,18
750,7
1469,13
59,28
153,48
301,12
578,28
1127,41
50,39
73,27
214,37
395,2
742,3
1488,16
27,13
79,41
108,47
284,2
577,15
1147,50
3,2
48,1
68,36
184,30
307,2
657,15
1321,7
24,21
112,5
221,21
411,20
804,48
1615,10
88,49
143,1
248,21
534,44
1038,20
62,1
83,38
200,37
435,40
827,31
1693,28
28,27
124,14
229,39
391,33
804,14
1581,1
11,10
79,24
119,11
226,24
466,45
915,45
1830,6
94,16
100,41
282,40
552,11
1073,23
65,21
141,23
255,35
475,8
993,25
1939,47
101,48
155,27
292,13
573,2
1220,8
27,26
40,27
83,27
191,40
345,41
704,23
1490,8
68,12
112,6
248,47
485,27
942,36
1951,18
85,5
156,16
272,13
593,44
1113,48
44,22
133,8
243,33
424,47
892,24
1813,36
73,16
98,23
212,42
484,18
937,11
1872,36
50,38
78,29
190,48
359,20
703,1
1386,11
78,11
171,32
350,19
676,15
1376,5
94,1
145,35
281,19
578,2
1183,2
101,50
200,27
307,10
622,23
1295,3
13,12
57,4
163,20
325,31
658,36
1244,32
72,46
76,38
183,24
353,33
699,36
1457,8
71,50
165,43
320,21
651,33
1294,10
96,43
157,20
339,27
619,5
1236,3
11,9
22,21
70,30
172,50
351,33
721,47
1364,43
86,22
94,9
248,14
476,33
928,27
1893,38
13,12
96,10
200,17
364,7
713,23
1463,21
60,1
156,31
280,36
583,48
1094,37
99,4
112,26
256,6
537,10
1051,33
68,18
153,35
276,33
533,36
1033,47
44,36
61,42
127,13
283,40
588,17
1132,19
95,9
109,11
300,42
515,5
1093,34
49,14
83,14
166,4
321,47
694,37
1378,47
90,26
158,20
341,16
609,19
1261,28
34,26
101,29
194,16
343,7
712,9
1409,5
9,8
102,36
125,30
273,12
522,9
1078,10
98,38
118,12
310,38
577,44
1163,29
84,7
180,42
345,2
661,18
1289,29
93,19
168,50
322,50
642,27
1289,45
8,7
23,22
99,28
179,39
313,25
682,26
1339,44
21,20
44,14
94,39
221,10
387,8
868,9
1647,5
4,3
18,16
102,1
153,24
291,26
647,38
1287,43
55,7
127,33
278,5
466,37
1007,9
1999,1998
94,23
109,2
213,24
478,45
917,32
1838,27
73,25
156,2
290,19
534,39
1106,48
14,13
21,7
86,37
215,7
385,14
723,33
1477,49
8,7
92,24
187,31
306,44
649,26
1267,17
22,21
42,10
143,33
243,22
490,11
991,36
1938,35
83,3
155,34
276,14
530,1
1118,34
68,29
157,31
230,40
518,49
1036,33
35,12
130,30
211,9
446,3
895,47
1765,49
81,15
149,26
246,46
527,30
1079,39
59,37
83,9
191,27
343,2
763,3
1486,4
85,30
185,16
367,20
677,25
1410,43
101,49
118,30
306,24
584,9
1160,6
2,1
18,17
49,7
141,47
229,17
464,35
1003,40
1941,14
81,5
173,28
307,12
640,2
1275,34
74,34
96,14
183,6
391,1
845,42
1609,14
57,3
74,3
202,24
394,19
735,43
1467,26
89,16
171,3
268,45
617,3
1221,14
70,45
117,1
190,12
385,33
814,11
1674,4
63,47
111,39
190,19
456,2
862,41
1730,10
91,40
112,49
234,15
522,50
980,38
1965,1964
54,43
55,24
112,2
234,17
489,9
953,31
1974,12
53,11
99,44
190,9
354,21
721,30
1465,15
44,15
135,42
225,33
495,22
912,4
1866,3
26,25
72,13
189,43
315,33
622,43
1293,24
47,31
122,5
180,49
404,34
854,18
1687,32
98,7
174,10
363,6
675,23
1384,43
60,16
146,15
264,17
528,44
1094,30
41,21
135,30
253,1
530,25
995,29
1987,1986
101,2
121,4
292,18
577,7
1155,1
4,3
101,7
201,29
375,23
696,48
1407,17
21,2
35,14
85,11
224,33
391,44
807,44
1575,50
57,25
99,15
238,13
438,38
868,46
1779,46
83,6
85,24
262,40
462,5
908,23
1852,25
89,50
169,6
339,40
653,44
1260,14
51,26
106,46
225,35
469,5
914,30
1866,39
60,40
82,13
146,41
341,45
632,35
1357,15
32,31
44,43
89,18
193,16
428,20
877,11
1726,5
71,12
161,14
293,39
603,10
1206,21
79,49
128,9
226,3
504,41
958,25
1945,49
94,16
154,31
274,9
544,44
1108,35
63,33
108,32
182,38
435,7
857,38
1708,24
7,6
90,20
102,3
205,29
410,17
830,46
1694,34
80,31
111,41
208,12
421,30
896,5
1743,3
54,17
119,37
262,46
522,29
1037,19
1923,2
42,4
136,15
179,44
429,50
887,45
1757,10
78,3
150,18
240,16
486,6
963,34
1951,23
98,28
126,6
247,26
546,34
1076,14
31,16
122,19
216,10
456,5
887,41
1763,47
100,27
197,44
350,40
701,37
1429,11
80,35
133,39
275,9
552,28
1083,7
23,22
74,41
188,1
312,21
693,15
1329,3
32,11
58,35
141,11
326,15
619,12
1195,17
57,2
131,17
264,8
517,22
997,41
1967,12
31,30
38,37
77,30
226,11
406,35
854,36
1705,7
39,38
124,46
195,21
424,9
855,21
1657,9
61,21
114,26
252,11
484,7
970,50
1954,6
86,25
105,17
262,28
543,8
1011,40
62,24
77,30
202,21
433,12
870,17
1720,1
2,1
92,5
193,39
306,10
621,26
1285,11
83,6
112,5
271,7
524,41
1010,31
53,30
91,18
229,38
410,35
831,8
1654,21
83,16
133,5
223,34
531,1
1057,16
85,31
122,9
252,46
508,10
968,7
1995,1994
81,6
153,35
296,37
589,41
1149,36
5,4
23,22
84,50
123,33
315,50
560,4
1111,30
55,32
156,31
304,18
537,16
1113,36
20,5
121,35
207,8
424,43
801,28
1666,1
34,31
118,9
242,1
467,34
889,50
1838,36
45,4
144,35
284,15
552,31
1075,43
81,9
150,16
274,47
536,28
1139,37
70,31
73,38
214,17
443,10
886,33
1772,29
31,30
129,45
203,26
385,35
762,31
1523,23
100,31
169,12
294,4
584,14
1228,7
20,19
32,26
116,2
246,9
466,18
902,14
1822,47
99,18
137,18
269,32
520,1
1047,20
74,19
108,40
254,28
528,11
1065,24
101,24
145,21
311,46
626,29
1203,3
42,35
45,20
154,1
263,30
567,43
1091,40
51,49
119,41
221,39
417,32
855,41
1737,15
17,8
19,18
95,30
134,5
338,37
623,7
1249,27
40,39
54,12
162,22
357,23
659,18
1358,18
76,48
145,10
230,32
507,28
1016,37
1979,10
73,1
155,24
309,40
597,13
1178,36
58,41
70,34
166,3
303,32
694,39
1391,10
5,4
30,23
132,30
216,29
385,25
863,3
1713,26
27,26
122,44
227,44
452,15
896,32
1810,25
50,4
93,11
229,31
458,23
907,3
1761,33
94,13
156,5
344,19
620,11
1291,30
29,27
72,6
143,17
255,30
596,25
1107,48
35,8
127,7
241,20
435,11
925,40
1816,8
11,2
93,17
111,1
221,18
503,9
1023,41
1947,21
98,8
144,9
300,17
568,30
1118,42
62,7
125,5
221,26
423,3
882,14
1719,44
100,50
134,31
315,45
595,22
1234,6
12,10
106,7
214,48
366,31
748,50
1447,27
5,4
12,7
54,48
116,47
246,50
453,41
930,6
1914,6
65,47
152,1
313,44
563,2
1097,2
66,7
148,34
220,23
453,22
904,21
1799,18
30,21
111,13
209,13
397,50
767,33
1600,44
76,26
158,42
288,37
601,41
1156,37
79,44
87,41
251,49
457,4
949,1
1899,27
58,3
99,23
232,49
476,22
965,49
1847,37
86,37
121,14
220,49
499,38
978,17
1976,1975
60,49
139,17
254,44
509,50
991,3
1926,46
85,44
102,33
202,1
480,29
943,14
1828,6
79,9
91,29
191,50
449,32
861,36
1692,37
92,20
107,49
233,32
450,44
907,21
1822,29
52,44
117,18
228,42
488,23
893,47
1804,8
23,22
109,39
210,24
416,21
798,39
1654,46
11,10
110,34
152,44
277,14
614,4
1184,10
88,18
122,15
234,9
449,1
970,48
1906,11
36,30
76,38
129,26
278,38
581,37
1114,45
27,10
73,22
116,8
299,20
616,11
1213,25
21,20
29,19
142,21
287,48
530,18
1046,5
29,28
64,14
110,11
211,37
485,37
962,34
1874,17
40,39
99,3
197,13
374,2
739,41
1489,5
60,3
152,20
219,6
469,40
1000,32
1963,35
3,2
90,37
125,38
251,19
498,45
1005,33
1938,6
49,29
137,4
197,27
471,23
871,22
1735,8
17,16
25,24
109,25
201,26
444,34
818,34
1659,11
87,35
174,25
298,18
586,6
1199,6
20,1
120,48
208,16
433,39
879,6
1737,24
2,1
16,15
22,9
97,25
217,45
386,23
806,25
1562,15
95,42
106,47
240,20
507,3
1045,4
1938,21
48,19
107,30
192,7
375,38
756,8
1480,16
79,15
164,16
317,16
607,13
1180,3
73,30
95,29
181,41
420,38
824,46
1668,11
37,33
107,49
212,26
367,38
796,16
1567,18
62,18
71,35
225,34
430,21
853,15
1734,46
89,47
113,50
250,15
454,18
945,40
1929,33
85,36
147,2
328,36
598,13
1182,36
100,26
117,16
253,41
556,36
1098,47
94,19
95,3
221,28
425,22
936,30
1834,17
96,18
114,32
220,27
494,29
944,23
1896,20
10,9
60,29
91,4
180,18
387,40
770,12
1506,29
89,16
158,41
266,25
515,22
1072,15
97,4
155,28
260,44
570,21
1096,36
97,41
163,9
282,9
578,46
1200,46
8,7
48,8
126,29
255,5
487,35
962,31
1948,28
38,23
68,13
196,19
347,46
706,25
1404,12
14,13
86,39
136,40
319,9
621,38
1273,50
14,13
83,48
179,25
354,36
667,40
1318,11
34,23
128,31
247,31
434,19
931,50
1825,33
80,17
125,34
298,44
537,11
1067,5
91,19
159,42
297,2
594,40
1223,18
48,12
68,33
181,41
393,30
741,18
1460,41
24,23
44,21
80,3
242,14
477,4
871,23
1746,43
99,2
173,15
278,15
586,7
1221,22
23,22
112,29
142,29
334,17
709,16
1386,33
74,13
105,15
203,19
383,47
856,1
1661,19
20,12
112,14
177,17
315,50
681,43
1393,37
18,13
38,35
111,50
189,50
430,37
788,10
1644,39
19,18
32,31
131,13
185,22
415,26
862,26
1735,35
30,29
84,50
142,13
282,41
607,33
1223,50
33,32
76,40
156,39
312,12
609,12
1246,15
63,19
116,11
256,27
499,10
986,18
1974,1973
74,46
165,48
318,7
575,28
1188,40
31,6
38,31
160,2
267,21
559,20
1152,46
70,28
143,21
289,37
595,27
1101,28
49,36
115,1
209,4
378,43
836,36
1641,7
2,1
100,25
133,38
299,3
603,48
1145,35
66,6
70,20
225,28
453,11
821,22
1658,33
29,18
98,26
194,45
392,9
777,13
1562,23
55,22
71,35
141,32
317,27
626,6
1239,45
84,13
136,38
245,31
534,46
1097,9
29,28
34,11
108,40
228,42
450,44
871,43
1790,8
76,18
99,14
240,26
462,8
910,46
1807,2
70,31
130,10
226,9
480,26
925,20
1894,14
25,24
91,50
127,49
292,47
619,43
1169,48
30,29
37,36
136,11
238,49
480,9
934,44
1955,29
23,15
91,10
194,20
355,30
725,34
1466,28
44,21
76,5
126,48
329,43
641,50
1298,30
44,39
108,27
205,14
369,5
760,4
1543,20
40,17
116,6
185,14
440,45
808,48
1637,34
5,4
21,9
74,5
180,6
307,35
675,28
1325,34
60,16
154,38
304,36
540,22
1088,40
64,17
123,23
235,25
428,36
889,7
1799,5
23,22
53,26
135,33
295,36
531,14
1058,17
87,11
107,17
278,44
493,34
1012,38
1999,1998
58,23
136,16
224,6
477,45
931,43
1900,1
69,36
144,4
307,41
530,9
1089,46
94,29
115,3
295,47
549,3
1059,2
13,10
93,41
180,36
290,6
630,32
1292,6
98,50
185,16
284,3
614,19
1268,46
64,21
128,23
204,5
489,34
935,34
1841,44
5,4
87,38
161,35
307,30
658,8
1243,32
43,8
130,48
252,20
448,39
888,21
1803,17
35,6
99,29
172,28
338,1
735,30
1441,21
32,17
84,18
188,17
326,18
639,18
1346,9
63,17
123,25
285,36
559,3
1058,13
9,8
54,7
140,14
271,42
541,47
1081,31
39,13
113,38
240,31
440,27
841,13
1761,16
12,11
59,33
132,43
269,48
489,18
1001,28
1969,1968
79,15
139,42
267,4
521,4
1072,38
81,1
151,50
282,5
552,44
1079,43
15,14
27,26
127,37
269,14
532,27
973,39
1940,42
90,29
109,35
251,9
482,35
940,43
1932,41
54,13
60,21
157,22
332,47
609,21
1311,20
99,45
199,42
321,12
667,45
1324,6
82,22
151,28
274,13
572,36
1104,26
40,3
105,17
151,23
386,21
775,3
1458,36
14,8
31,30
68,17
205,36
419,41
766,14
1527,7
45,3
85,46
231,24
375,18
822,45
1626,29
67,6
100,11
266,31
444,50
954,8
1874,20
68,40
95,32
218,34
402,17
875,22
1714,16
16,15
71,5
187,40
302,17
604,3
1274,14
58,2
81,35
182,32
339,38
695,5
1456,6
20,19
87,30
143,10
339,7
637,14
1236,17
44,9
55,7
173,39
284,35
637,5
1227,35
91,49
176,46
363,34
658,8
1354,23
9,8
74,14
127,37
262,23
547,19
1099,16
86,46
135,13
262,5
551,31
1062,5
17,15
103,11
163,43
355,15
659,48
1317,46
54,11
100,21
241,34
444,16
888,18
1821,10
10,9
109,24
162,19
358,13
738,36
1428,29
50,17
86,10
206,45
379,6
765,20
1513,47
87,38
99,17
285,44
475,18
979,34
1993,1992
27,26
109,22
213,36
417,19
867,27
1725,36
83,2
117,27
263,47
528,11
1034,29
7,6
83,26
182,4
294,46
660,31
1233,47
56,41
87,47
172,2
333,45
702,42
1431,11
7,6
55,43
163,3
285,39
553,50
1102,28
60,14
117,42
219,27
461,8
937,23
1796,17
49,4
94,22
198,1
362,43
748,22
1461,16
71,21
108,31
226,19
463,44
930,23
1828,47
75,28
150,26
250,47
540,45
1043,4
69,44
124,22
243,18
490,45
998,49
1935,7
43,30
59,32
158,6
338,24
672,48
1293,22
100,39
164,4
308,27
585,1
1227,27
6,2
19,10
89,21
181,19
385,25
742,45
1472,23
93,37
119,34
235,7
479,34
940,7
1897,46
95,12
172,5
361,40
654,1
1335,8
1,0
36,33
41,8
94,11
235,15
496,43
921,30
1906,42
4,3
73,28
144,30
317,36
626,6
1165,13
8,7
63,14
162,35
244,25
545,3
1064,9
62,11
160,36
286,5
591,40
1119,29
87,49
181,27
305,18
630,8
1292,45
28,9
44,11
75,50
197,17
358,40
721,45
1448,36
53,6
69,2
194,16
318,34
730,34
1427,13
95,11
193,28
381,14
708,29
1458,2
6,5
13,9
57,36
144,40
242,28
518,8
1079,2
48,7
131,20
260,12
532,22
1014,8
1917,1
69,19
70,30
173,26
401,9
721,39
1460,35
71,45
93,29
191,41
402,20
844,33
1674,23
52,26
69,11
180,46
346,29
687,8
1377,3
19,11
54,9
107,7
237,46
420,1
899,24
1755,11
28,7
31,30
126,12
247,39
446,14
940,15
1852,35
96,40
165,21
301,26
616,14
1268,46
54,36
149,19
227,5
434,37
900,9
1809,13
54,43
151,13
284,39
544,42
1086,23
15,14
28,22
107,4
192,30
400,18
751,40
1507,36
10,9
26,25
123,50
237,15
480,24
951,36
1911,31
98,34
188,32
298,8
615,21
1246,46
90,36
118,30
233,46
515,20
1029,8
1956,1955
49,23
124,43
238,16
490,5
938,8
1840,29
76,12
127,3
283,3
510,12
1010,16
8,7
69,31
97,44
223,43
451,8
937,7
1819,30
98,48
130,31
256,24
579,48
1122,34
29,28
85,35
183,46
364,40
718,33
1422,44
92,41
176,15
359,27
662,29
1298,27
62,8
106,6
231,43
432,42
899,7
1770,21
28,11
64,32
96,2
197,7
392,21
877,50
1751,4
31,9
39,35
131,47
253,46
502,37
1016,20
1921,35
65,27
66,13
222,2
379,5
738,15
1546,26
43,31
83,49
161,3
332,11
700,46
1343,49
28,27
81,40
145,36
284,27
621,45
1197,5
53,34
71,35
187,48
368,1
702,8
1427,21
32,31
59,46
142,30
259,11
554,35
1125,41
87,2
95,9
240,6
514,14
950,9
1975,15
16,15
99,45
128,10
256,25
572,13
1102,26
100,39
167,14
320,35
593,27
1262,16
93,34
149,16
293,21
619,50
1201,13
61,21
103,15
175,25
413,49
848,21
1636,43
88,10
143,8
243,8
561,2
1067,49
6,5
72,10
103,30
236,16
423,22
865,40
1740,24
75,5
128,24
299,13
504,37
1023,22
57,18
93,14
210,48
429,28
815,9
1634,14
71,18
158,43
279,2
509,49
1082,17
32,31
45,44
111,10
216,11
429,39
855,31
1763,1
54,25
65,46
132,35
255,33
528,9
1082,5
84,47
122,47
264,39
489,45
974,41
1955,1954
60,21
96,14
168,47
358,9
733,1
1470,6
54,49
110,46
251,7
440,34
954,26
1814,25
2,1
23,22
125,38
222,50
430,1
872,36
1766,23
31,5
88,15
170,32
340,16
645,32
1364,5
55,47
94,31
229,5
447,21
890,31
1810,49
19,2
82,26
117,26
272,19
556,5
1115,38
91,13
148,5
275,7
557,36
1162,35
32,31
121,40
158,49
397,28
778,15
1513,4
99,27
175,9
307,29
616,18
1225,38
41,20
133,34
215,4
470,32
934,8
1824,29
56,30
147,24
247,39
454,9
948,25
1886,4
87,25
91,47
272,23
478,25
970,21
1998,1997
43,11
90,16
170,17
373,14
744,42
1504,35
25,24
52,9
144,43
305,21
568,25
1101,2
33,32
62,15
196,20
336,26
673,26
1315,45
79,7
146,35
255,35
517,45
1026,3
35,34
53,44
120,47
286,3
539,1
1119,15
7,6
76,42
135,11
222,38
522,5
1056,41
91,49
192,38
360,30
674,45
1326,9
88,28
189,5
280,9
595,50
1161,37
1,0
55,34
141,30
278,3
543,25
1048,41
61,8
140,27
290,8
525,37
1090,15
50,40
127,29
257,48
520,17
988,38
1963,9
48,27
79,29
141,31
349,45
645,4
1340,37
76,14
172,25
329,10
643,33
1298,4
38,35
87,20
147,11
331,48
685,31
1339,33
32,30
69,17
165,8
318,13
618,28
1292,30
81,41
109,21
216,33
453,22
906,41
1841,34
78,43
115,11
241,1
436,29
932,6
1822,7
50,49
112,37
182,19
398,49
809,2
1563,34
6,5
27,12
130,19
248,46
437,14
877,43
1726,13
22,18
99,6
158,49
306,46
651,30
1238,42
18,17
111,31
181,37
361,34
760,50
1522,45
67,16
143,25
307,7
544,28
1146,16
94,32
147,10
271,2
595,21
1152,29
37,31
115,11
223,36
467,26
874,48
1793,15
65,9
143,42
299,14
552,4
1105,15
14,13
109,34
124,8
285,7
560,28
1179,50
39,38
108,30
240,31
410,50
834,7
1653,37
3,2
102,2
197,25
320,2
722,25
1403,46
2,1
3,2
10,7
39,38
121,48
196,32
466,45
859,15
1739,29
57,33
75,48
229,16
410,16
833,37
1682,34
59,46
148,33
306,2
577,30
1136,21
97,16
122,40
319,1
576,38
1120,30
20,19
52,10
110,45
269,43
461,36
988,29
1904,2
28,27
71,40
163,8
307,11
648,44
1312,48
73,17
162,8
318,24
603,13
1171,32
20,19
109,11
208,41
410,11
759,42
1562,35
27,26
84,40
173,47
357,27
719,46
1429,11
60,5
83,45
174,31
373,42
745,8
1481,8
71,40
93,10
220,12
391,33
859,3
1692,40
15,8
64,40
131,20
296,41
544,5
1067,30
74,49
169,13
337,24
593,44
1251,50
73,26
114,43
263,42
494,11
997,13
1977,21
82,15
102,35
276,13
482,49
949,25
1931,9
78,24
145,21
301,31
555,29
1108,16
73,6
153,24
306,35
586,26
1133,37
18,17
83,15
117,22
240,5
491,47
1031,37
1920,3
48,28
147,10
247,21
460,28
953,42
1915,39
33,25
118,28
204,15
359,8
788,43
1599,14
35,34
104,27
196,33
343,48
685,11
1425,31
75,41
115,25
287,32
531,41
1079,18
51,14
113,2
208,22
399,50
810,11
1609,1
25,4
86,39
208,2
366,41
712,8
1489,6
1,0
7,6
66,38
120,18
197,14
465,36
903,11
1788,9
98,45
167,27
312,8
659,21
1248,34
11,10
73,8
179,19
290,36
647,15
1239,49
23,22
111,12
164,34
390,39
780,46
1527,47
64,31
99,39
206,32
403,44
841,10
1642,31
23,22
43,23
161,41
244,22
533,30
1023,21
2,1
84,50
151,30
303,1
608,48
1241,13
36,11
68,2
125,6
306,49
635,36
1217,24
6,5
22,21
85,46
188,26
311,22
617,48
1326,40
63,45
116,21
211,35
490,3
951,13
1859,25
89,21
106,35
253,14
461,20
928,11
1880,22
42,41
134,45
276,24
488,11
1031,3
1987,2
30,23
126,30
216,41
431,3
853,37
1669,37
21,20
102,18
131,2
263,8
584,29
1111,14
25,13
59,41
161,29
273,36
617,49
1192,3
83,14
136,13
250,36
540,3
1037,41
100,3
115,44
267,5
515,37
1070,48
65,5
82,19
156,40
374,8
713,24
1425,2
76,26
168,13
282,14
533,10
1122,12
96,49
196,32
382,24
740,36
1456,25
28,27
48,38
150,26
301,24
615,7
1154,3
55,39
146,34
202,15
455,25
953,28
1868,2
86,12
127,12
285,7
592,50
1144,43
9,8
24,20
105,48
146,23
348,43
733,42
1448,46
9,8
99,16
197,2
390,20
782,50
1539,8
50,42
106,44
251,26
484,37
934,48
1834,43
16,15
53,3
105,19
177,24
450,25
883,36
1736,10
43,30
137,9
234,41
466,23
890,47
1786,48
42,31
43,21
114,19
241,49
490,9
1030,14
1919,21
34,2
86,34
205,13
400,25
763,15
1523,4
63,42
156,46
225,34
451,3
942,27
1902,14
32,13
84,40
205,42
357,45
720,37
1497,41
24,15
74,4
114,47
226,16
496,47
969,4
1961,22
13,12
111,25
167,11
349,32
720,35
1416,27
20,19
72,49
120,50
255,21
534,24
1084,23
38,25
128,12
218,7
459,16
925,49
1863,19
95,23
159,5
284,36
543,15
1115,49
76,2
95,33
177,7
427,37
867,31
1660,46
1,0
16,4
22,8
99,25
146,10
291,17
605,34
1181,23
46,7
123,16
200,39
386,32
781,9
1620,42
49,8
144,30
239,40
484,46
987,43
1931,37
8,7
39,17
142,26
270,22
552,30
1083,29
42,41
100,26
217,33
382,41
827,42
1663,32
20,19
93,27
139,8
351,6
664,46
1325,27
27,26
44,43
157,39
291,47
590,11
1135,12
65,49
104,18
219,19
441,2
920,13
1827,2
69,39
93,9
261,13
486,35
1003,26
1913,37
28,27
90,16
199,40
328,41
657,29
1401,9
62,27
140,6
204,11
422,13
837,2
1740,45
50,27
59,7
165,28
294,6
599,39
1209,39
98,46
105,32
230,2
479,33
1004,42
1923,39
63,27
132,19
224,18
502,3
993,39
1931,44
49,31
75,34
126,37
332,3
662,7
1253,28
44,13
47,12
145,30
240,30
527,42
1094,40
89,20
105,30
246,31
520,30
1041,25
44,2
67,31
119,43
239,12
525,45
1054,18
93,39
173,47
281,23
644,8
1260,39
71,28
142,5
249,43
492,7
1053,19
58,11
96,48
227,12
391,26
807,38
1661,28
92,12
99,17
242,15
438,27
972,22
1855,14
95,41
123,15
233,23
452,21
974,3
1951,1
17,16
89,37
146,15
312,26
598,41
1193,38
14,13
35,22
115,37
174,24
388,38
813,28
1611,44
21,20
33,19
149,45
273,15
561,34
1097,15
36,21
81,3
140,18
343,15
649,29
1346,34
9,8
79,45
154,26
247,39
519,30
1063,6
67,17
141,48
297,32
554,5
1154,13
99,10
116,5
301,32
603,47
1170,27
27,26
75,23
194,14
354,40
706,12
1404,5
92,14
105,3
221,7
495,20
982,34
1986,14
75,25
113,35
247,36
474,1
964,16
1959,5
62,33
132,25
262,22
536,37
1092,43
57,14
119,4
268,45
541,9
1034,24
65,50
165,42
302,43
552,7
1096,12
70,8
160,25
242,14
475,36
1026,10
1965,25
26,25
112,46
225,24
442,33
870,25
1758,10
57,8
68,14
164,13
370,34
691,33
1378,33
70,45
131,42
300,46
579,16
1107,27
59,33
87,28
234,25
451,35
883,19
1804,11
77,6
159,41
276,22
545,41
1144,31
88,10
130,49
287,1
576,13
1114,9
89,3
124,19
252,11
542,42
1014,46
99,41
176,17
301,27
630,3
1280,43
21,20
66,45
93,4
243,29
441,27
894,35
1838,28
44,18
113,1
210,24
388,4
803,25
1639,50
92,36
132,23
319,49
614,24
1211,12
13,12
56,24
128,36
239,2
504,19
948,24
1926,27
72,25
162,39
315,17
601,18
1223,28
44,32
115,46
165,30
333,1
716,45
1458,8
44,26
55,40
145,23
274,5
586,11
1119,9
37,22
89,31
149,22
289,4
615,22
1259,30
90,7
125,12
308,3
569,47
1187,37
95,25
138,41
306,23
624,35
1218,25
56,15
115,36
194,40
414,41
818,9
1685,32
60,9
130,47
244,12
484,2
939,30
1868,31
41,36
44,43
111,32
240,32
476,5
943,23
1918,14
90,21
169,38
279,31
608,39
1209,48
5,4
48,43
109,29
245,20
428,6
840,44
1710,34
44,22
48,47
167,38
303,50
645,14
1236,28
32,7
95,30
143,39
349,27
676,13
1372,46
45,25
63,38
115,17
299,2
561,13
1166,33
70,44
71,5
227,25
447,42
892,49
1759,35
82,21
171,10
298,29
607,40
1161,18
97,43
128,48
228,18
479,15
1017,11
1998,1997
49,29
78,17
147,33
282,14
618,22
1191,39
87,40
88,23
247,41
426,36
925,28
1829,6
27,26
106,21
208,23
363,5
775,43
1488,47
59,14
148,30
231,47
529,16
1026,33
1953,33
24,23
108,43
230,45
406,6
773,20
1550,42
49,6
83,43
232,32
407,30
851,50
1628,35
83,32
108,24
211,4
439,37
906,20
1757,4
88,25
131,8
305,14
575,39
1167,6
18,17
58,7
169,2
343,49
609,21
1291,33
15,14
74,40
93,14
227,6
473,12
943,31
1853,36
17,16
27,7
78,16
130,16
349,38
626,44
1320,31
19,14
58,42
172,31
293,26
580,44
1159,24
88,33
92,4
207,49
430,41
884,13
1777,24
8,7
101,39
145,34
310,39
658,23
1311,41
35,8
90,29
208,21
361,31
789,24
1524,25
56,14
133,24
206,47
460,30
952,31
1878,16
2,1
4,3
81,32
122,27
288,30
598,21
1124,17
4,3
24,8
102,30
176,18
385,26
774,42
1550,25
16,15
53,25
123,46
207,20
497,40
952,3
1897,49
34,33
39,38
100,21
203,34
383,9
852,13
1661,10
67,17
138,26
282,15
512,35
1012,29
72,15
157,25
282,35
572,33
1136,12
10,9
22,21
102,41
147,11
374,11
657,25
1392,49
10,9
43,42
94,35
178,19
385,21
784,25
1591,40
20,19
25,19
100,33
238,31
387,2
785,26
1574,26
39,1
52,50
122,21
269,24
552,19
1059,5
16,12
55,26
112,28
263,39
450,46
924,3
1834,8
93,8
153,24
303,25
573,33
1188,44
38,21
104,44
176,42
398,50
763,9
1493,15
5,4
105,2
166,27
354,22
692,11
1404,3
86,23
123,38
262,27
487,49
1007,46
1931,27
32,9
38,1
101,31
180,5
450,4
804,11
1635,31
9,8
28,12
54,36
128,23
285,24
547,19
1094,25
4,3
30,9
62,10
148,21
333,7
604,3
1226,2
28,13
55,48
156,39
288,11
599,40
1216,36
40,1
108,32
242,28
476,37
911,47
1807,14
11,10
46,6
84,42
181,38
325,45
665,34
1397,36
54,3
101,45
187,33
404,3
842,33
1631,22
69,4
116,16
259,35
455,23
908,4
1841,31
44,39
87,46
180,24
369,37
777,8
1493,3
24,23
123,18
212,29
361,49
737,8
1509,7
89,23
187,40
305,14
599,18
1208,15
84,8
85,49
264,19
477,21
1010,18
1923,43
76,35
140,42
315,32
536,11
1083,2
29,20
119,1
161,27
341,43
674,19
1421,36
28,27
108,14
152,19
320,8
706,40
1321,37
98,41
101,43
238,37
488,5
960,9
1903,8
12,11
49,48
113,14
215,36
413,37
899,28
1781,35
20,19
100,32
202,22
421,28
756,10
1572,49
31,30
123,45
182,33
360,8
751,41
1532,6
85,32
130,20
303,43
552,1
1162,24
13,12
65,26
113,31
214,13
408,5
824,30
1692,28
27,19
80,46
174,48
377,3
723,46
1471,1
15,14
98,1
129,22
269,11
553,28
1159,43
10,2
12,11
119,22
191,47
417,4
812,10
1569,28
24,23
78,18
126,35
314,19
594,10
1211,43
33,32
61,44
191,19
305,16
599,39
1228,36
59,3
159,12
319,34
609,17
1167,9
86,45
159,39
330,1
645,6
1318,39
22,21
122,25
228,34
466,8
856,13
1695,15
69,16
134,43
283,3
540,50
1078,34
99,6
160,49
336,31
625,4
1268,47
7,2
45,41
93,12
235,11
472,24
887,33
1835,14
59,14
79,23
195,11
368,48
760,25
1562,4
46,10
52,50
149,37
329,32
648,5
1324,9
77,22
94,10
238,34
421,47
881,38
1755,37
43,8
123,34
250,16
473,13
957,44
1927,26
28,27
83,15
208,9
377,32
758,45
1545,34
39,32
82,26
167,27
317,42
639,12
1267,40
69,22
85,28
225,23
424,3
888,6
1733,44
24,23
41,28
127,46
267,11
525,13
1033,9
74,31
159,6
333,3
575,30
1164,31
84,48
168,13
311,25
662,12
1287,7
48,16
78,24
146,1
296,41
628,11
1256,45
93,16
96,22
232,45
490,48
953,10
1905,45
24,23
40,14
125,15
206,48
473,19
935,44
1890,17
47,46
127,17
193,41
414,12
816,1
1652,23
24,5
77,11
137,36
251,17
500,20
1048,50
39,1
76,50
215,22
410,14
779,5
1565,34
16,15
44,15
98,20
227,6
473,36
926,9
1793,35
10,9
13,12
118,18
242,29
400,14
830,45
1687,37
79,26
120,14
268,18
509,13
1076,27
29,28
87,15
150,18
309,44
584,26
1257,15
68,28
141,47
268,23
538,42
1016,1
79,47
104,32
276,6
505,36
979,34
1972,24
57,20
87,35
146,28
311,17
674,23
1329,37
95,2
102,2
264,31
486,30
982,23
1980,1979
7,2
73,21
166,30
276,40
623,17
1212,10
28,21
62,38
134,37
244,46
475,48
1011,7
1965,5
16,15
87,8
117,4
239,16
475,47
1005,13
1966,2
64,5
138,34
258,10
501,5
971,49
1986,3
99,40
105,24
239,48
483,40
979,10
1997,1996
1,0
78,49
96,49
221,28
421,41
911,4
1766,24
64,13
156,1
320,5
573,42
1198,14
26,25
114,38
185,10
363,44
738,7
1503,10
17,3
113,24
134,33
274,8
619,7
1174,12
81,25
108,29
223,27
509,35
1006,10
1936,25
40,31
88,31
158,41
378,34
728,16
1479,46
96,11
150,23
315,31
580,37
1177,12
15,7
57,35
161,13
299,10
600,11
1142,46
68,4
138,40
240,9
477,34
934,39
1914,41
91,47
128,28
250,43
508,32
986,28
1974,1973
55,6
93,15
172,29
408,30
758,25
1567,41
57,14
91,15
217,28
452,2
894,8
1774,9
89,11
97,24
273,41
485,33
1010,35
1978,19
93,40
181,3
355,6
710,49
1422,8
71,28
131,9
217,13
493,21
1005,46
1925,33
15,14
83,13
117,7
263,23
497,32
992,12
1941,42
62,4
86,14
235,5
389,38
836,33
1686,25
90,30
170,35
288,36
627,22
1265,12
2,1
19,6
47,29
82,50
224,18
449,23
909,42
1759,48
17,16
109,39
145,50
330,42
693,27
1344,26
64,15
149,30
279,4
509,49
1049,13
2,1
5,1
30,9
63,3
146,32
309,47
616,41
1239,11
41,11
107,42
239,50
465,44
859,26
1788,27
82,12
166,10
311,40
609,1
1248,42
27,26
89,7
184,12
362,22
666,36
1393,48
97,22
177,9
306,5
609,3
1220,3
24,15
86,8
129,28
315,40
555,3
1197,40
48,10
58,43
193,16
398,16
701,14
1468,3
51,33
63,36
160,31
370,33
738,32
1428,10
50,11
104,13
215,24
397,29
767,2
1612,11
97,1
173,1
331,41
612,31
1258,29
14,13
23,22
117,42
215,14
432,17
897,34
1781,18
6,5
29,5
114,44
231,13
392,40
783,43
1640,18
24,23
37,30
110,30
223,32
458,19
881,3
1750,7
86,12
116,37
243,35
544,37
1006,17
1998,1997
38,17
78,43
217,20
334,44
682,17
1395,34
25,22
93,12
162,1
370,30
684,9
1369,26
90,36
177,29
301,18
662,34
1309,13
89,25
181,34
282,32
606,1
1246,41
9,8
38,29
131,12
248,19
428,40
937,2
1889,14
8,7
61,6
160,42
313,22
630,47
1179,46
72,22
138,7
289,49
527,19
1058,3
96,16
120,37
267,44
523,15
1053,39
69,31
72,20
205,28
426,47
813,24
1595,28
85,6
140,49
293,44
599,5
1181,9
70,14
77,1
238,19
435,7
889,3
1774,48
88,13
105,35
194,1
398,37
823,8
1661,1
88,42
119,47
300,43
537,45
1055,12
48,14
102,21
231,13
410,41
837,30
1710,8
34,21
125,27
201,43
429,42
844,46
1639,42
48,44
63,15
136,13
318,17
628,40
1287,7
65,37
104,21
178,34
354,30
773,11
1500,47
42,28
86,26
171,44
398,5
720,25
1469,41
83,25
169,8
307,46
653,44
1222,46
58,45
87,27
172,36
401,24
817,30
1578,2
71,7
85,32
234,44
399,11
876,36
1693,21
101,12
194,16
301,1
678,10
1324,45
69,2
147,22
274,7
537,49
1109,3
90,27
190,22
337,28
630,44
1331,45
81,24
86,48
222,19
444,46
915,1
1832,10
93,7
95,19
211,33
436,22
894,24
1761,28
32,27
64,49
165,47
352,23
665,29
1302,8
49,24
117,8
179,1
349,18
736,15
1492,47
82,20
96,19
186,25
366,32
794,27
1580,12
10,9
24,23
35,34
99,36
179,45
417,11
783,50
1640,41
82,27
124,41
252,34
557,23
1077,50
60,2
88,38
219,44
440,47
908,22
1727,11
32,31
99,49
191,47
347,28
688,24
1448,43
94,42
154,37
250,3
572,42
1160,8
7,1
77,15
177,41
359,45
622,42
1325,17
49,23
116,46
169,8
363,38
731,22
1474,40
11,10
27,26
130,34
227,18
429,9
897,20
1769,29
64,39
147,42
257,26
516,39
1012,42
1905,33
25,10
59,26
97,26
187,5
457,42
861,5
1705,47
40,35
116,49
159,15
358,13
743,21
1462,23
22,21
81,13
157,23
264,47
605,45
1187,29
13,6
45,37
69,47
186,13
354,11
669,2
1337,19
94,15
116,17
254,15
485,12
963,37
1993,1992
88,36
134,41
255,35
526,50
1042,19
55,44
100,26
206,4
454,12
877,24
1720,20
8,7
100,41
121,34
327,5
591,50
1226,10
17,16
43,32
154,47
276,29
518,30
1066,8
27,20
101,28
220,11
429,3
827,17
1663,3
49,26
125,14
177,50
400,8
795,1
1628,24
25,24
116,18
232,33
389,27
809,39
1572,26
51,45
113,18
252,49
442,50
871,13
1799,27
65,3
165,21
232,47
491,17
989,31
1983,1982
49,45
115,36
212,30
412,19
859,13
1723,42
88,15
103,46
209,31
469,25
926,35
1835,8
40,15
139,42
198,36
426,44
879,24
1772,31
32,31
95,13
146,36
338,28
646,19
1320,18
1,0
28,27
96,23
176,36
386,45
768,48
1529,36
16,3
95,35
112,2
302,31
545,22
1089,27
100,50
127,4
287,35
569,38
1137,50
93,4
129,41
274,20
517,46
1100,26
64,3
114,22
257,18
496,5
967,47
1959,16
98,15
102,2
286,24
519,8
1006,34
96,42
143,48
293,4
596,18
1149,43
25,24
91,1
179,9
351,42
649,32
1299,48
50,21
136,11
192,22
391,48
805,8
1585,22
14,7
74,6
104,46
266,35
504,35
995,8
1980,1979
28,10
102,11
222,46
401,22
757,24
1601,21
20,19
107,3
184,18
382,41
720,2
1439,23
92,48
138,49
294,38
608,15
1221,50
61,30
146,31
257,14
550,44
1020,21
15,5
91,19
109,41
229,28
473,22
943,11
1923,6
95,19
116,13
259,21
471,23
993,20
1962,13
19,2
35,12
60,14
124,33
333,19
594,39
1189,50
39,2
95,15
144,19
319,45
671,25
1322,44
26,25
124,37
157,19
343,45
655,15
1326,2
34,33
134,28
216,47
440,16
924,27
1829,34
11,10
27,26
93,3
153,49
339,9
646,16
1285,38
78,23
91,6
188,49
365,49
819,25
1624,18
18,5
51,7
133,13
293,6
554,44
1116,41
75,16
134,24
240,11
550,10
1009,47
42,36
57,23
112,31
279,7
501,19
1034,20
20,19
37,9
152,6
292,20
598,22
1200,50
11,10
50,44
100,22
225,31
429,33
846,43
1693,18
51,18
90,12
151,35
310,16
674,47
1350,30
49,5
129,37
210,26
395,42
879,17
1714,47
28,27
49,32
164,31
328,31
583,33
1186,7
66,35
139,2
206,37
471,34
947,37
1909,1
74,46
156,20
247,42
564,30
1050,47
49,36
103,18
235,3
447,15
880,34
1799,38
21,20
40,39
125,4
225,4
416,23
925,48
1826,41
40,13
141,17
224,36
437,35
939,40
1831,36
39,29
111,33
198,29
367,50
748,31
1552,35
85,1
103,18
239,36
506,9
979,15
1931,38
22,14
109,26
210,40
401,43
811,39
1561,33
82,34
130,29
251,37
512,10
1053,45
75,45
149,44
320,48
569,29
1143,18
44,27
81,13
153,47
284,12
635,3
1273,16
5,4
86,25
150,13
315,4
609,41
1199,22
20,19
89,43
170,18
309,28
589,18
1223,7
88,13
120,24
265,19
544,12
1083,21
28,27
128,8
254,45
509,15
961,10
1957,15
39,26
139,30
260,35
485,10
937,26
1892,47
63,34
104,50
226,8
442,11
872,40
1748,50
94,41
190,30
306,33
613,7
1299,42
54,18
124,30
191,49
407,30
798,25
1620,30
94,23
152,38
283,25
573,29
1118,25
81,33
140,49
232,19
489,26
963,6
1967,1966
66,5
157,18
258,26
545,21
1125,42
9,8
104,15
212,24
394,35
734,44
1480,18
12,2
70,40
99,37
274,21
456,22
913,16
1885,49
8,7
30,29
43,25
147,21
261,18
562,44
1055,17
61,8
137,35
260,35
515,1
1068,6
6,5
69,40
164,27
301,21
558,35
1184,17
81,26
104,34
201,41
429,30
850,21
1754,46
60,6
131,30
209,12
448,2
865,5
1744,14
79,47
109,40
240,26
521,24
1035,4
1989,1988
61,32
68,36
166,8
341,24
695,50
1404,2
88,12
128,1
317,46
586,17
1195,8
20,19
43,42
125,45
251,33
451,30
921,1
1898,46
48,20
101,14
213,44
390,17
833,9
1647,4
34,1
97,33
159,46
337,2
641,12
1301,18
26,25
54,13
98,18
209,9
418,32
891,46
1717,38
51,27
77,6
129,19
322,12
585,28
1242,31
63,31
162,23
268,3
555,41
1065,33
92,10
182,27
371,5
691,19
1423,27
95,37
156,37
322,19
574,6
1178,5
10,9
50,47
109,35
187,28
385,43
816,7
1603,23
51,49
142,11
248,10
467,13
968,43
1947,44
96,16
117,17
241,36
544,19
1085,40
73,47
159,2
324,40
625,37
1208,13
79,40
180,8
277,16
608,4
1228,12
88,21
146,9
289,28
563,20
1156,39
8,5
70,48
133,39
214,27
474,40
905,1
1892,21
26,25
98,37
177,50
388,23
710,12
1490,46
53,46
109,41
260,5
482,34
917,40
1903,49
10,9
92,11
151,42
323,9
602,11
1198,34
28,1
115,5
179,11
392,6
782,11
1511,50
93,4
118,25
289,30
534,15
1117,31
50,34
53,26
110,40
249,10
466,40
1012,42
1967,14
43,14
72,21
152,36
279,2
621,11
1237,47
84,7
161,44
333,12
624,10
1242,32
64,8
140,31
301,42
567,9
1163,50
54,36
58,44
125,46
324,15
620,37
1278,22
23,4
52,35
103,14
209,18
461,41
941,35
1856,2
52,43
62,1
135,3
265,7
534,46
1072,26
69,34
121,41
197,12
443,44
854,4
1765,2
56,7
142,33
232,13
465,45
990,37
1951,46
60,5
156,35
220,45
528,42
1051,40
3,2
14,13
88,17
133,6
322,37
563,36
1197,35
59,21
87,27
204,27
368,11
806,12
1625,44
28,27
89,33
122,9
300,28
579,35
1182,11
48,1
108,23
253,31
420,37
845,32
1693,35
73,42
172,4
252,3
585,39
1098,18
50,14
75,48
181,22
307,1
651,46
1349,44
7,6
43,31
63,49
181,15
312,38
610,48
1267,42
34,32
81,37
117,15
292,19
576,7
1182,36
38,16
101,29
172,43
377,1
780,4
1469,22
17,16
56,5
78,39
246,21
452,35
915,14
1810,37
12,11
110,40
134,33
278,30
587,1
1126,26
4,3
19,18
122,42
205,16
418,38
819,22
1608,41
68,28
73,22
154,8
356,18
666,22
1383,42
38,37
56,25
190,2
321,41
662,39
1304,18
60,1
150,23
247,27
550,37
1025,25
76,37
116,42
263,21
480,8
1
1
1
1
1
1
1
1
1
1
1
1
1
1
1
1
1
1
1
1
1
1
1
1
2
2
2
2
2
2
2
2
2
2
2
2
2
2
2
2
2
2
2
2
2
3
3
3
3
3
3
3
3
3
3
3
3
3
3
3
3
3
4
4
4
4
4
4
4
4
4
4
4
4
4
4
4
4
4
4
4
5
5
5
5
5
5
5
5
5
5
5
5
6
6
6
6
6
6
6
6
6
6
6
6
6
6
6
7
7
7
7
7
7
7
7
7
7
7
7
7
7
7
7
8
8
8
8
8
8
8
8
8
8
9
9
9
9
9
9
9
9
9
9
9
9
9
9
9
9
10
10
10
10
10
10
10
10
10
10
10
10
10
10
10
11
11
11
11
11
11
11
11
11
11
12
12
12
12
12
12
12
12
12
12
12
12
13
13
13
13
13
13
13
13
13
13
13
14
14
14
14
14
14
14
14
14
14
14
14
14
15
15
15
15
15
15
15
15
15
15
15
15
16
16
16
16
16
16
16
16
16
16
16
16
16
16
16
16
16
16
17
17
17
17
17
17
17
17
17
17
17
17
17
17
17
17
17
18
18
18
18
18
18
18
18
18
18
18
19
19
19
19
19
19
19
19
19
19
19
20
20
20
20
20
20
20
20
20
20
20
20
20
21
21
21
21
21
21
21
21
21
21
22
22
22
22
22
22
22
22
22
22
22
23
23
23
23
23
23
23
24
24
24
24
24
24
24
24
24
24
24
24
24
24
24
25
25
25
25
25
25
25
25
25
25
25
25
25
25
26
26
26
26
26
26
26
26
26
26
26
26
26
26
26
26
26
27
27
27
27
27
27
27
27
27
28
28
28
28
28
28
28
28
28
28
28
28
29
29
29
29
29
29
29
29
29
29
29
29
29
29
29
29
29
29
29
30
30
30
30
30
30
30
30
30
30
30
30
31
31
31
31
31
31
31
31
31
31
31
31
32
32
32
32
32
32
32
32
32
32
32
32
33
33
33
33
33
33
33
34
34
34
34
34
34
34
34
34
34
34
34
34
34
34
34
34
35
35
35
35
35
35
35
35
35
35
35
35
35
36
36
36
36
36
36
36
36
36
36
36
37
37
37
37
37
37
37
37
37
37
37
37
37
37
38
38
38
38
38
38
38
38
38
38
38
38
38
38
38
38
39
39
39
39
39
39
39
39
39
39
39
39
39
39
39
39
40
40
40
40
40
40
40
40
40
41
41
41
41
41
41
41
41
41
41
41
41
41
41
41
42
42
42
42
42
42
42
42
42
42
43
43
43
43
43
43
43
43
43
43
43
43
43
43
43
43
43
44
44
44
44
44
44
44
44
44
44
44
44
44
44
44
44
44
44
45
45
45
45
45
45
45
45
45
45
45
45
45
45
45
45
45
45
45
45
45
45
46
46
46
46
46
46
46
46
46
46
46
46
46
46
46
46
46
46
46
46
46
46
47
47
47
47
47
47
47
47
47
47
47
47
47
47
48
48
48
48
48
48
48
48
48
48
48
48
48
48
48
48
48
48
48
48
48
49
49
49
49
49
49
49
49
49
49
49
49
49
49
50
50
50
50
50
50
50
51
51
51
51
51
51
51
51
51
51
52
52
52
52
52
52
52
52
52
52
52
52
52
52
52
52
52
52
52
52
52
52
52
52
53
53
53
53
53
53
53
53
53
53
53
53
54
54
54
54
54
54
54
54
54
54
54
54
54
54
54
54
54
54
55
55
55
55
55
55
55
55
55
55
55
56
56
56
56
56
56
56
56
56
56
56
56
56
56
57
57
57
57
57
57
57
57
57
57
57
57
57
58
58
58
58
58
58
58
58
58
58
58
58
58
59
59
59
59
59
59
59
59
59
59
59
59
59
59
59
59
59
59
59
59
60
60
60
60
60
60
60
60
60
60
60
60
60
60
60
60
60
61
61
61
61
61
61
61
61
61
61
61
61
61
62
62
62
62
62
62
62
62
62
62
62
62
62
62
62
62
62
62
62
63
63
63
63
63
63
63
63
63
63
63
63
63
63
64
64
64
64
64
64
64
64
64
64
64
64
64
64
64
65
65
65
65
65
65
65
65
65
65
65
65
65
65
65
65
65
65
65
65
66
66
66
66
66
66
66
66
66
66
66
66
67
67
67
67
67
67
67
67
67
67
67
67
67
67
67
67
67
67
67
67
68
68
68
68
68
68
68
68
68
68
68
68
68
68
68
68
68
68
69
69
69
69
69
69
69
69
69
69
69
69
69
69
69
69
69
69
69
69
70
70
70
70
70
70
70
70
70
70
70
70
70
70
70
70
71
71
71
71
71
71
71
71
71
71
71
71
71
71
71
71
71
71
71
71
71
71
71
72
72
72
72
72
72
72
72
72
72
72
72
72
72
72
72
72
72
72
73
73
73
73
73
73
73
73
73
73
73
73
73
73
73
73
73
73
74
74
74
74
74
74
74
74
74
74
74
74
75
75
75
75
75
75
75
75
75
75
75
75
75
75
75
75
75
75
75
75
76
76
76
76
76
76
76
76
76
76
76
76
76
76
76
76
76
77
77
77
77
77
77
77
77
77
77
77
77
77
77
77
77
77
77
77
77
78
78
78
78
78
78
78
78
78
78
78
78
78
78
78
78
78
78
78
78
78
79
79
79
79
79
79
79
79
79
79
79
79
79
79
79
79
79
79
80
80
80
80
80
80
80
80
80
80
80
80
80
80
80
80
80
80
80
80
80
80
80
80
80
80
80
81
81
81
81
81
81
81
81
81
81
81
81
81
81
81
82
82
82
82
82
82
82
82
82
82
82
82
82
82
82
82
83
83
83
83
83
83
83
83
83
83
83
83
83
83
83
83
84
84
84
84
84
84
84
84
84
84
84
84
84
84
84
84
84
84
84
85
85
85
85
85
85
85
85
85
85
85
85
85
85
85
85
85
85
85
85
85
85
86
86
86
86
86
86
86
86
86
86
86
86
86
86
86
86
86
86
86
86
87
87
87
87
87
87
87
87
87
87
87
87
87
87
87
87
87
88
88
88
88
88
88
88
88
88
88
88
88
88
88
88
88
88
88
88
88
88
88
89
89
89
89
89
89
89
89
89
89
89
89
89
89
89
89
89
89
89
89
89
90
90
90
90
90
90
90
90
90
90
90
90
90
90
90
90
91
91
91
91
91
91
91
91
91
91
91
91
91
91
91
91
91
91
91
92
92
92
92
92
92
92
92
92
92
92
92
92
92
92
92
92
92
92
92
93
93
93
93
93
93
93
93
93
93
93
93
93
93
93
93
94
94
94
94
94
94
94
94
94
94
94
94
95
95
95
95
95
95
95
95
95
95
95
95
95
95
95
95
95
95
95
95
95
95
96
96
96
96
96
96
96
96
96
96
96
96
96
96
96
96
96
96
96
96
96
96
96
97
97
97
97
97
97
97
97
97
97
97
97
97
97
97
97
97
97
97
97
97
97
97
98
98
98
98
98
98
98
98
98
98
98
98
98
98
99
99
99
99
99
99
99
99
99
99
99
99
99
99
99
99
99
99
99
100
100
100
100
100
100
100
100
100
100
100
100
100
100
100
100
100
100
100
100
100
101
101
101
101
101
101
101
101
101
101
101
101
101
101
102
102
102
102
102
102
102
102
102
102
102
102
102
102
102
102
102
102
102
102
102
102
103
103
103
103
103
103
103
103
103
103
103
103
103
103
103
103
103
103
103
103
103
104
104
104
104
104
104
104
104
104
104
104
104
104
104
104
104
104
104
104
104
104
104
104
104
104
104
104
104
104
104
104
105
105
105
105
105
105
105
105
105
105
105
105
105
105
105
105
105
105
105
105
105
105
105
106
106
106
106
106
106
106
106
106
106
106
106
106
106
106
106
106
106
107
107
107
107
107
107
107
107
107
107
107
107
107
107
107
107
107
107
107
107
107
107
108
108
108
108
108
108
108
108
108
108
108
108
108
108
109
109
109
109
109
109
109
109
109
109
109
109
109
110
110
110
110
110
110
110
110
110
110
110
110
110
110
110
110
110
110
110
110
110
111
111
111
111
111
111
111
111
111
111
111
111
111
111
111
111
111
111
111
111
112
112
112
112
112
112
112
112
112
112
112
112
112
112
113
113
113
113
113
113
113
113
113
113
113
113
113
114
114
114
114
114
114
114
114
114
114
114
114
114
114
114
114
114
114
114
114
115
115
115
115
115
115
115
115
115
115
115
115
115
115
115
116
116
116
116
116
116
116
116
116
116
116
116
116
116
116
116
116
116
116
116
116
116
117
117
117
117
117
117
117
117
117
117
117
117
117
118
118
118
118
118
118
118
118
118
118
118
118
118
118
118
118
118
118
118
118
119
119
119
119
119
119
119
119
119
119
119
119
119
120
120
120
120
120
120
120
120
120
120
120
120
120
120
120
121
121
121
121
121
121
121
121
121
121
121
121
121
121
121
121
121
121
122
122
122
122
122
122
122
122
122
122
123
123
123
123
123
123
123
123
123
123
123
123
123
123
123
123
124
124
124
124
124
124
124
124
124
124
124
124
124
124
124
124
124
125
125
125
125
125
125
125
125
125
125
126
126
126
126
126
126
126
126
126
126
126
126
126
127
127
127
127
127
127
127
127
127
127
128
128
128
128
128
128
128
128
128
128
128
128
128
129
129
129
129
129
129
129
129
129
129
129
129
130
130
130
130
130
130
130
130
130
131
131
131
131
131
131
131
131
131
131
131
131
131
131
131
131
131
131
131
131
132
132
132
132
132
132
132
132
132
133
133
133
133
133
133
133
133
133
133
133
133
133
133
134
134
134
134
134
134
134
134
134
134
134
134
134
134
134
135
135
135
135
135
135
135
135
135
135
135
135
135
135
135
135
135
136
136
136
136
136
136
136
136
137
137
137
137
137
137
137
137
137
137
137
137
137
137
137
137
137
138
138
138
138
138
138
138
138
138
138
138
138
138
139
139
139
139
139
139
139
139
139
139
139
139
139
140
140
140
140
140
140
140
140
140
140
140
140
140
141
141
141
141
141
141
141
141
141
141
142
142
142
142
142
142
143
143
143
143
143
143
143
143
143
143
143
143
143
144
144
144
144
144
144
144
144
144
144
145
145
145
145
145
145
145
145
145
145
145
145
146
146
146
146
146
146
146
146
146
146
146
147
147
147
147
147
147
147
147
147
148
148
148
148
148
148
148
148
148
148
149
149
149
149
149
149
149
149
149
149
149
149
149
149
149
149
149
150
150
150
150
150
150
150
150
150
151
151
151
151
151
151
151
151
151
152
152
152
152
152
152
152
152
153
153
153
153
153
153
153
153
153
153
153
153
153
153
154
154
154
154
154
154
154
154
154
154
155
155
155
155
155
155
155
155
155
155
156
156
156
156
156
156
156
156
156
156
156
157
157
157
157
157
157
157
158
158
158
158
158
158
158
158
158
158
158
158
159
159
159
159
159
159
159
159
159
159
159
159
159
160
160
160
160
160
160
160
160
160
160
160
160
160
160
161
161
161
161
161
161
161
161
161
161
161
161
161
162
162
162
162
162
162
162
163
163
163
163
163
163
163
163
163
163
164
164
164
164
164
164
164
164
164
164
164
164
164
165
165
165
165
165
165
165
165
165
165
165
165
165
165
165
165
166
166
166
166
166
166
166
166
167
167
167
167
167
167
167
167
167
167
167
167
168
168
168
168
168
168
168
168
168
168
169
169
169
169
169
170
170
170
170
171
171
171
171
171
171
171
171
172
172
172
172
172
172
172
172
172
172
173
173
173
173
173
173
173
173
173
173
174
174
174
174
174
174
174
174
175
175
175
175
175
175
175
175
175
175
176
176
176
176
176
176
176
177
177
177
177
177
177
177
178
178
178
178
178
178
178
178
178
178
178
178
179
179
179
179
179
179
180
180
180
180
180
180
180
180
180
180
180
180
180
181
181
181
181
181
181
182
182
182
182
182
182
182
182
182
183
183
183
183
183
183
183
184
184
184
184
184
184
184
184
184
184
184
184
184
184
185
185
185
185
185
186
186
186
186
186
186
187
187
187
187
187
187
188
188
188
188
188
188
189
189
189
189
189
189
189
189
190
190
190
190
190
190
190
190
190
191
191
191
191
191
191
191
191
191
192
192
192
192
192
192
193
193
193
193
194
194
194
194
194
194
194
194
194
194
194
194
194
195
195
195
195
195
195
195
195
195
196
196
196
196
196
196
196
196
196
197
197
197
197
197
197
197
197
197
198
198
198
198
198
198
198
198
199
199
199
199
199
199
199
199
199
200
200
200
200
200
200
200
201
201
201
201
201
201
201
201
201
201
201
202
202
202
202
202
202
202
202
202
202
202
203
203
203
203
203
203
204
204
204
204
204
205
205
205
205
205
205
205
205
205
206
206
206
206
206
206
207
207
207
207
207
207
207
207
207
208
208
208
208
208
208
208
208
208
208
208
209
209
209
209
209
209
210
210
210
210
210
210
210
211
211
211
211
211
212
212
212
212
212
212
212
213
213
213
213
213
213
213
213
213
214
214
214
214
214
215
215
215
215
215
216
216
216
216
216
216
217
217
217
217
217
217
217
218
218
218
218
218
218
218
218
218
218
218
218
218
219
219
219
219
219
220
220
220
220
220
220
220
221
221
221
221
221
221
221
221
221
221
222
222
222
222
222
223
223
223
223
223
223
223
223
224
224
224
224
225
225
225
225
225
225
225
225
226
226
226
226
226
226
227
227
227
227
227
228
228
228
228
228
228
228
229
229
229
229
229
229
229
230
230
230
230
230
230
230
230
231
231
231
231
231
231
232
232
232
232
233
233
233
233
233
233
233
234
234
234
234
234
235
235
235
235
235
235
235
235
235
235
235
235
235
236
236
236
236
236
236
237
237
237
237
237
237
237
237
237
237
237
237
237
238
238
238
238
238
239
239
239
239
239
240
240
240
241
241
241
241
241
241
241
242
242
242
242
242
242
242
242
243
243
243
244
244
244
244
244
244
245
245
245
245
245
245
245
245
245
246
246
246
246
246
246
247
247
247
247
247
247
247
247
247
248
248
248
248
248
248
248
248
248
249
249
249
249
249
249
249
249
249
249
250
250
250
251
251
251
251
252
252
252
252
252
252
252
253
253
253
254
254
254
254
254
254
254
254
254
255
255
255
255
255
255
255
255
255
256
256
256
256
256
257
257
257
257
257
257
259
259
259
259
259
259
259
259
259
259
259
259
260
260
260
260
260
261
261
261
261
261
262
262
262
262
263
263
263
263
263
263
263
263
263
264
264
264
264
264
264
265
265
265
265
265
265
265
266
266
266
266
266
266
266
266
266
266
267
267
267
267
267
267
268
268
268
268
269
269
269
269
269
269
269
269
269
269
270
270
270
270
270
270
271
271
271
271
272
272
272
272
272
272
272
272
272
272
273
273
274
274
274
274
274
274
275
275
275
275
275
275
275
276
276
276
276
276
276
276
276
276
276
277
277
277
277
277
277
277
278
278
278
278
278
278
278
278
278
278
279
279
279
279
279
279
280
280
280
280
280
280
280
280
280
280
280
280
281
281
281
281
282
282
282
282
282
282
282
282
282
282
282
282
283
283
283
283
283
284
284
284
284
284
284
284
284
284
284
284
285
285
285
285
285
285
285
285
285
285
286
286
286
286
286
286
286
286
287
287
288
288
288
288
288
288
288
288
289
289
289
289
289
289
289
289
290
290
290
290
291
291
291
291
291
291
291
292
292
292
293
293
293
293
294
294
294
294
294
295
295
295
295
295
295
295
295
296
296
296
296
297
297
297
297
297
297
297
297
297
297
298
298
298
298
298
298
299
299
299
299
300
300
300
300
300
300
300
300
301
301
301
301
301
301
302
302
302
302
302
302
302
302
303
303
303
303
303
303
303
303
304
304
304
305
305
305
305
305
305
305
306
306
307
307
307
307
307
307
307
307
307
308
308
308
309
309
310
310
310
310
310
310
311
311
311
311
312
312
312
312
312
312
312
312
313
313
313
313
313
313
313
313
313
313
313
314
314
314
315
315
315
316
316
316
316
317
317
317
317
317
317
317
318
318
318
318
318
318
318
319
319
319
319
319
319
320
320
320
320
320
320
321
321
321
321
321
321
321
321
321
322
322
323
323
323
323
324
324
325
325
325
326
326
326
326
327
327
327
327
327
327
327
327
328
328
328
328
329
329
329
329
329
329
329
330
331
331
331
332
332
332
332
332
332
332
333
333
333
334
334
334
335
335
335
335
335
335
335
336
336
336
336
337
338
338
338
339
339
339
339
340
340
340
340
340
340
340
341
341
342
342
342
342
343
344
344
344
344
344
344
344
344
345
345
345
345
345
346
346
346
346
347
347
347
347
348
348
348
348
349
349
349
349
349
349
350
350
350
350
351
352
352
352
352
353
353
354
354
354
355
355
356
356
357
357
357
358
358
358
358
358
358
359
359
359
359
360
360
361
361
361
361
361
361
361
361
362
362
362
363
363
363
363
363
363
364
364
364
364
364
364
364
365
365
365
365
365
365
367
367
367
368
368
368
368
368
369
369
369
369
370
370
371
371
371
371
371
371
371
371
372
372
372
373
373
373
373
374
374
375
376
376
377
377
377
377
377
378
378
378
378
378
379
379
379
379
379
380
380
380
380
381
381
382
382
382
383
383
383
383
383
383
384
384
384
384
384
385
385
385
385
386
386
386
386
386
387
387
387
387
388
389
389
389
390
390
390
391
391
391
392
392
392
392
393
393
393
393
394
394
394
394
394
394
394
394
395
395
395
395
395
395
396
396
396
397
397
399
399
399
399
399
400
401
402
402
402
402
402
402
403
403
403
403
404
404
404
404
404
404
405
405
405
405
406
406
406
407
407
407
407
407
408
408
409
409
409
409
409
410
410
410
410
411
411
411
412
412
413
413
413
413
414
414
414
414
414
416
416
416
416
416
417
417
418
418
418
419
419
419
419
420
420
420
420
421
421
421
422
422
422
422
423
423
423
423
424
425
425
425
426
426
427
427
427
428
428
429
429
429
429
430
430
430
430
430
430
431
431
431
431
432
432
432
432
432
435
435
435
435
436
437
437
437
437
438
438
438
439
439
439
439
439
440
440
440
440
440
441
441
441
441
442
442
443
443
443
444
444
444
445
445
445
445
446
446
446
446
447
448
448
448
448
448
448
448
448
449
449
449
449
450
450
450
450
450
451
452
452
452
452
452
453
453
453
453
453
454
454
454
454
454
454
454
455
455
455
455
456
456
457
457
457
457
458
458
459
459
459
459
460
460
460
460
460
460
461
461
461
462
462
463
463
463
464
464
464
464
464
465
465
465
465
465
465
466
466
466
466
466
467
467
467
467
468
468
468
469
469
469
469
469
469
470
470
470
470
470
471
471
471
472
472
472
472
473
473
473
474
474
474
475
475
475
475
475
475
476
476
476
476
476
476
477
477
478
478
478
478
479
479
479
480
480
480
481
481
481
481
482
482
482
482
483
484
484
484
484
484
484
485
485
485
486
486
486
486
487
487
487
487
487
487
489
489
489
489
489
490
490
490
490
490
490
491
491
491
492
492
493
493
493
494
494
494
494
494
495
496
496
496
497
497
498
498
498
498
499
500
500
500
501
501
502
502
502
502
503
503
503
503
504
504
505
505
505
505
505
506
506
507
507
508
508
509
509
510
511
511
511
511
512
512
512
512
512
512
513
514
514
514
514
515
515
515
515
516
516
516
516
517
517
518
518
518
518
519
519
519
519
519
519
519
520
520
520
520
520
520
521
521
521
521
522
522
522
522
523
523
523
524
524
524
524
525
525
525
525
526
526
526
526
527
527
527
527
527
527
527
527
528
528
529
530
530
530
530
531
531
531
531
531
531
532
532
532
532
533
533
534
534
535
535
535
535
535
536
537
538
538
538
538
538
539
539
539
539
539
540
540
540
540
540
540
540
541
541
542
542
543
543
543
543
544
544
545
546
546
547
548
548
548
548
548
548
548
549
549
550
550
550
551
551
553
553
553
553
553
554
554
554
555
555
555
555
556
556
557
557
557
557
557
558
558
558
559
559
559
560
560
560
560
560
561
561
561
562
562
562
562
562
563
563
563
563
563
564
564
564
565
565
566
566
566
566
566
566
566
567
567
567
567
568
568
568
569
569
569
570
570
570
571
572
572
572
572
573
573
573
573
574
574
575
575
575
576
576
576
576
577
577
577
577
578
578
578
579
579
579
580
580
580
580
581
581
581
581
582
582
582
582
582
583
583
584
585
585
585
586
586
586
586
587
587
588
588
589
589
590
590
590
591
591
592
593
593
593
593
594
594
595
595
595
595
595
595
595
596
596
596
597
597
597
598
598
599
599
599
599
600
600
601
601
602
602
602
602
603
603
603
603
603
604
604
604
604
604
604
605
605
605
605
606
606
606
606
607
607
608
608
608
608
608
609
610
610
610
611
611
612
612
612
612
612
613
613
613
613
614
614
615
615
615
615
616
616
616
616
617
617
618
619
619
620
620
620
620
620
621
621
621
622
622
622
622
622
622
622
623
623
623
624
625
625
625
626
627
627
627
627
627
628
628
629
629
629
629
630
630
630
630
631
632
633
633
633
633
633
634
635
635
635
635
636
636
636
636
637
638
639
640
640
641
641
641
641
642
642
642
643
643
643
644
647
648
648
649
649
649
649
649
650
650
650
651
651
652
652
653
653
654
655
655
655
655
655
655
655
656
656
656
656
657
657
657
658
660
660
661
661
661
662
663
664
664
664
665
665
665
665
665
666
666
666
667
667
668
668
668
668
668
668
669
669
670
670
670
670
671
671
672
673
673
673
674
674
674
675
675
675
675
676
676
677
678
678
678
679
679
679
680
680
681
681
682
684
685
686
687
688
688
688
690
690
691
691
692
692
692
693
694
695
695
696
697
698
698
698
698
699
699
699
700
700
700
701
702
703
703
704
704
706
706
706
707
707
708
709
709
710
711
712
713
713
714
714
714
715
716
716
717
717
718
718
718
721
721
721
722
723
723
724
726
726
726
726
727
727
729
729
730
731
731
731
733
734
734
734
734
734
735
735
735
735
735
736
737
738
738
738
738
739
739
739
740
740
740
741
742
742
743
743
743
744
744
746
748
748
748
750
751
752
756
756
756
757
758
760
761
761
761
762
764
765
765
765
765
766
766
766
766
766
767
767
769
770
770
771
772
772
773
776
777
777
777
778
778
779
780
780
781
782
783
783
784
784
785
786
786
786
788
788
788
789
793
794
794
794
795
795
796
796
796
797
797
797
798
799
800
800
801
802
802
803
805
805
805
805
806
806
807
807
807
808
809
809
809
810
811
812
812
812
812
812
812
812
812
813
814
814
815
816
816
817
817
818
818
819
820
824
824
825
825
825
826
827
828
829
830
830
831
832
832
832
833
833
834
834
835
835
836
837
839
839
839
840
840
841
841
842
843
844
845
846
848
848
848
849
849
850
850
850
850
850
851
851
851
852
852
853
854
855
856
856
858
858
859
859
860
861
861
861
861
861
862
862
862
864
864
865
865
866
866
867
867
867
868
868
868
869
869
869
870
870
871
871
872
872
873
876
876
877
878
878
878
880
881
882
882
883
883
884
884
884
884
885
885
885
885
885
886
886
886
887
887
887
888
888
888
888
889
889
890
890
891
891
892
892
892
893
893
894
894
894
895
896
896
896
897
897
898
898
898
898
899
899
900
900
900
901
901
902
902
902
904
905
906
906
907
907
908
911
911
913
913
913
913
913
913
914
914
915
915
915
915
916
917
918
918
920
920
920
921
921
921
921
923
923
923
923
924
924
926
927
927
927
929
930
930
930
930
931
932
932
933
933
934
934
934
935
935
936
936
936
938
938
938
939
939
939
940
940
940
941
941
941
942
943
943
943
944
944
945
946
947
947
947
948
948
948
948
949
949
949
949
950
950
951
951
951
952
952
952
953
954
955
956
957
957
957
957
957
958
959
960
960
961
961
962
962
963
963
964
964
965
966
967
967
967
968
968
968
969
969
970
970
972
972
973
973
973
973
974
974
975
975
976
976
977
978
978
978
978
979
980
980
980
982
983
984
985
985
987
989
989
989
990
990
990
990
990
992
992
994
994
995
995
995
995
995
995
999
999
1000
1001
1002
1003
1003
1004
1005
1006
1007
1007
1007
1007
1009
1009
1010
1010
1011
1011
1011
1012
1012
1013
1013
1014
1015
1015
1015
1015
1016
1016
1016
1016
1017
1017
1019
1019
1020
1020
1021
1022
1022
1023
1024
1024
1024
1024
1025
1025
1025
1025
1026
1026
1026
1027
1028
1029
1030
1030
1032
1033
1033
1034
1035
1035
1036
1036
1037
1039
1039
1039
1039
1039
1040
1041
1042
1044
1044
1045
1045
1046
1046
1047
1047
1047
1048
1050
1050
1050
1050
1051
1052
1055
1055
1055
1055
1056
1057
1058
1058
1059
1059
1059
1059
1059
1060
1060
1061
1061
1061
1061
1062
1063
1064
1064
1066
1066
1068
1069
1071
1071
1071
1072
1072
1072
1072
1072
1073
1074
1076
1076
1076
1076
1077
1077
1077
1078
1078
1080
1080
1080
1080
1081
1082
1082
1084
1085
1085
1085
1086
1086
1086
1088
1089
1089
1089
1090
1090
1091
1092
1092
1093
1094
1094
1095
1095
1096
1096
1096
1096
1098
1098
1099
1099
1099
1100
1100
1101
1101
1101
1101
1102
1103
1103
1104
1104
1105
1106
1106
1107
1107
1107
1107
1107
1108
1109
1110
1110
1112
1113
1113
1113
1113
1114
1115
1115
1116
1116
1116
1116
1116
1116
1117
1117
1119
1120
1121
1122
1123
1124
1124
1124
1126
1126
1126
1126
1128
1129
1130
1131
1133
1137
1138
1138
1138
1139
1139
1140
1141
1142
1143
1143
1144
1144
1145
1145
1145
1145
1146
1147
1147
1148
1148
1149
1149
1150
1151
1152
1152
1153
1153
1153
1153
1153
1154
1154
1155
1155
1155
1157
1158
1158
1159
1161
1162
1162
1163
1165
1166
1167
1170
1171
1171
1172
1172
1173
1173
1173
1174
1174
1175
1175
1175
1176
1176
1176
1176
1178
1179
1180
1180
1181
1182
1182
1182
1184
1185
1186
1186
1186
1186
1187
1187
1187
1188
1188
1188
1188
1188
1188
1189
1189
1190
1191
1192
1192
1192
1193
1193
1193
1194
1195
1195
1197
1197
1197
1197
1197
1197
1198
1199
1200
1201
1201
1201
1201
1202
1203
1204
1204
1206
1206
1208
1209
1209
1210
1210
1211
1211
1211
1213
1215
1216
1217
1217
1218
1218
1219
1219
1219
1220
1220
1221
1223
1223
1226
1226
1227
1229
1229
1230
1232
1232
1233
1233
1233
1234
1234
1235
1235
1236
1236
1236
1237
1238
1240
1240
1240
1241
1241
1241
1241
1242
1242
1243
1244
1246
1248
1248
1248
1248
1250
1251
1252
1252
1253
1253
1253
1253
1254
1256
1256
1257
1258
1259
1259
1259
1260
1260
1263
1265
1265
1267
1267
1267
1268
1268
1269
1269
1272
1272
1272
1273
1274
1276
1276
1279
1282
1282
1283
1283
1283
1283
1286
1287
1288
1289
1290
1290
1293
1294
1294
1294
1295
1295
1295
1296
1298
1298
1300
1300
1301
1302
1302
1303
1304
1304
1305
1306
1306
1310
1310
1310
1311
1312
1316
1317
1318
1318
1319
1319
1320
1320
1321
1321
1322
1323
1323
1324
1324
1324
1325
1325
1326
1326
1327
1328
1328
1329
1330
1331
1331
1332
1333
1333
1333
1334
1334
1335
1337
1337
1340
1344
1346
1348
1348
1348
1349
1350
1350
1351
1352
1352
1353
1356
1356
1356
1358
1360
1360
1360
1362
1364
1366
1367
1367
1367
1369
1369
1370
1371
1372
1377
1379
1380
1380
1380
1382
1383
1383
1384
1387
1387
1389
1389
1390
1391
1393
1395
1397
1397
1399
1399
1400
1403
1404
1406
1406
1406
1406
1407
1410
1411
1412
1412
1412
1413
1414
1416
1416
1417
1418
1420
1420
1421
1421
1425
1426
1426
1427
1427
1428
1430
1431
1432
1433
1434
1434
1435
1435
1438
1438
1438
1440
1440
1440
1442
1446
1446
1451
1452
1452
1454
1455
1456
1456
1459
1459
1460
1461
1462
1463
1465
1465
1466
1466
1467
1470
1470
1471
1471
1472
1472
1472
1472
1475
1475
1476
1476
1478
1479
1480
1481
1481
1481
1483
1484
1484
1484
1485
1485
1487
1490
1490
1490
1492
1493
1493
1494
1495
1496
1496
1497
1501
1505
1505
1506
1510
1511
1514
1515
1519
1519
1521
1524
1527
1528
1528
1529
1530
1531
1531
1533
1538
1538
1540
1543
1544
1545
1545
1547
1549
1550
1550
1550
1552
1552
1552
1560
1561
1561
1562
1562
1566
1566
1568
1568
1569
1573
1575
1575
1576
1579
1580
1581
1581
1582
1582
1583
1583
1584
1589
1589
1591
1594
1595
1597
1601
1601
1602
1603
1604
1608
1609
1609
1612
1612
1613
1614
1615
1616
1616
1616
1617
1618
1624
1627
1627
1627
1630
1631
1632
1633
1634
1635
1636
1636
1636
1638
1638
1640
1641
1644
1646
1646
1646
1647
1647
1648
1649
1649
1652
1655
1659
1659
1660
1662
1663
1663
1664
1664
1664
1665
1665
1665
1668
1669
1670
1671
1671
1674
1674
1675
1677
1677
1677
1678
1680
1680
1682
1685
1686
1687
1687
1688
1690
1693
1694
1697
1699
1703
1705
1707
1708
1708
1711
1712
1712
1712
1714
1715
1718
1719
1719
1720
1720
1720
1721
1721
1722
1722
1722
1724
1725
1728
1728
1731
1731
1734
1735
1735
1735
1737
1739
1739
1740
1741
1742
1742
1743
1743
1746
1747
1747
1748
1748
1749
1749
1752
1752
1752
1753
1754
1755
1755
1755
1755
1756
1757
1757
1757
1757
1760
1761
1761
1762
1763
1763
1763
1763
1766
1767
1769
1769
1771
1772
1773
1774
1777
1782
1783
1783
1785
1786
1786
1787
1789
1790
1792
1793
1794
1794
1794
1796
1797
1797
1798
1799
1802
1804
1807
1807
1807
1808
1809
1811
1811
1811
1813
1814
1815
1815
1815
1817
1818
1820
1820
1821
1821
1821
1821
1823
1823
1824
1825
1826
1826
1827
1828
1829
1829
1829
1829
1829
1830
1830
1830
1832
1836
1836
1838
1839
1839
1839
1839
1839
1840
1841
1841
1844
1844
1845
1850
1851
1853
1854
1856
1862
1863
1863
1863
1865
1865
1865
1868
1870
1872
1873
1873
1874
1875
1876
1878
1881
1882
1883
1884
1887
1888
1888
1888
1888
1889
1889
1890
1891
1892
1892
1893
1893
1894
1895
1896
1896
1897
1899
1900
1900
1901
1901
1901
1902
1904
1904
1905
1906
1906
1907
1907
1909
1909
1909
1910
1910
1911
1913
1913
1913
1914
1916
1916
1918
1918
1919
1921
1922
1923
1924
1924
1929
1929
1929
1930
1930
1933
1933
1934
1936
1938
1938
1939
1939
1939
1939
1940
1940
1942
1942
1943
1943
1943
1944
1944
1945
1946
1946
1948
1948
1948
1949
1950
1950
1950
1951
1952
1953
1953
1955
1956
1956
1958
1959
1959
1960
1960
1962
1962
1962
1963
1963
1964
1964
1966
1966
1969
1969
1971
1973
1973
1973
1975
1975
1976
1979
1979
1979
1979
1980
1981
1982
1984
1984
1985
1985
1986
1989
2506
2797
2951
3024
3046
3238
3307
3414
3643
3891
3932
