Primero viene la cantidad (n) de timestamps para ambos, luego n líneas que son un timestamp aproximado cada uno separado por una coma (',') del error, y luego n lineas de las transacciones del sospechoso
6505
69,49
88,26
181,34
356,34
795,4
1560,10
43,15
81,22
196,21
350,16
673,25
1436,22
49,16
104,36
204,20
380,10
755,44
1587,22
86,21
158,31
338,27
607,5
1251,11
18,17
108,9
217,42
386,10
806,50
1632,34
84,25
148,18
283,9
566,12
1156,8
58,25
69,21
225,10
366,32
811,46
1617,23
67,8
148,5
235,48
455,2
920,7
1904,45
36,1
106,22
219,49
375,1
751,34
1562,29
40,2
99,46
227,18
404,36
816,15
1661,42
23,22
88,18
163,19
340,39
644,31
1291,20
5,4
106,10
159,9
318,16
622,1
1286,13
57,19
68,15
191,11
402,20
767,37
1527,47
21,20
99,24
159,43
365,25
690,39
1424,25
48,43
101,30
227,45
381,11
763,50
1576,29
17,16
22,21
91,17
155,2
293,33
624,50
1218,5
69,1
97,45
227,35
453,8
902,39
1799,50
45,17
77,18
139,49
319,38
624,49
1273,40
29,28
112,14
148,6
356,19
742,3
1425,49
71,40
104,48
237,32
413,41
858,20
1741,41
39,31
119,11
170,44
370,20
707,13
1490,43
66,9
108,36
191,27
372,35
783,19
1553,22
32,1
75,13
157,5
290,30
654,3
1249,40
2,1
77,47
100,21
224,18
496,32
955,31
1870,50
94,38
110,30
262,9
532,2
1065,22
6,5
8,7
59,30
161,1
294,27
598,49
1215,14
4,3
45,20
79,18
178,25
359,16
692,16
1383,5
69,8
141,1
227,33
456,7
941,37
1903,16
42,29
51,26
108,28
226,14
451,46
951,46
1872,24
42,1
83,15
147,9
305,23
597,33
1240,33
47,19
115,40
255,41
493,21
955,44
1943,40
69,44
133,50
212,40
478,11
935,9
1908,39
25,23
64,5
142,38
247,3
490,22
1051,26
30,5
54,36
139,49
254,11
483,30
1023,18
1961,11
26,25
40,31
81,11
204,11
448,28
872,37
1728,21
28,27
37,36
124,49
233,2
465,49
901,24
1869,48
21,20
87,1
199,7
324,5
721,46
1395,8
95,28
130,35
322,45
558,10
1119,48
101,42
157,32
317,26
666,17
1272,10
5,4
64,7
94,26
178,22
394,4
801,33
1608,12
6,3
89,29
106,24
257,29
559,40
1053,27
94,35
105,7
298,3
512,4
1073,12
98,5
144,38
319,25
599,45
1174,13
62,45
65,13
135,21
323,25
639,36
1236,24
84,17
131,44
273,9
500,6
1056,20
97,15
178,30
289,29
572,20
1214,37
63,5
80,49
224,45
451,3
914,6
1744,26
4,3
87,23
168,28
297,36
608,9
1186,37
29,28
107,2
185,44
394,20
738,44
1518,27
15,14
81,36
142,45
291,38
568,2
1160,26
54,33
136,1
195,40
422,44
819,49
1705,2
30,2
60,1
144,33
293,25
533,49
1069,20
83,35
102,20
215,7
405,6
821,40
1653,1
34,33
51,27
161,40
277,5
622,19
1236,8
45,23
112,25
204,6
453,11
897,37
1740,7
8,7
56,14
161,47
301,43
614,17
1221,22
60,16
67,25
225,22
393,37
779,24
1584,50
75,3
154,50
257,40
582,5
1082,28
69,36
99,18
256,34
474,13
985,16
1965,6
17,16
60,24
140,37
301,50
577,20
1134,44
91,22
106,17
267,10
530,41
1089,15
99,27
120,42
258,25
503,30
1064,33
14,8
66,26
158,22
307,29
562,36
1138,7
63,19
93,46
199,30
430,46
849,9
1674,38
13,12
95,39
135,2
295,14
600,8
1139,21
60,15
122,43
229,40
457,41
917,32
1835,19
79,10
109,38
222,47
490,48
984,31
1893,33
57,22
152,41
304,39
522,38
1133,49
19,18
71,7
155,44
332,9
621,22
1257,50
43,33
130,30
211,46
389,4
818,26
1658,21
42,41
138,33
192,46
399,28
811,20
1597,23
44,38
47,46
130,50
246,31
534,3
1079,26
67,20
155,30
277,18
519,36
1025,13
84,47
135,48
270,10
520,13
1082,37
77,3
99,42
180,16
441,31
891,47
1746,1
10,9
95,14
135,13
303,46
581,47
1128,11
44,27
93,49
217,42
368,43
804,50
1559,26
88,26
154,27
339,24
607,31
1202,16
93,4
180,41
341,30
642,31
1334,3
56,39
124,37
259,49
444,16
941,15
1899,46
77,7
105,47
184,29
369,4
766,17
1579,18
90,14
156,43
304,45
599,18
1213,39
36,33
97,44
134,26
356,32
646,43
1270,47
25,9
121,26
161,9
346,48
715,49
1419,44
38,3
40,27
166,20
345,4
664,2
1347,11
3,2
8,7
14,13
29,28
76,7
222,28
436,35
822,42
1706,18
9,8
99,43
122,22
279,44
533,12
1074,26
25,14
108,12
199,7
406,42
784,14
1613,33
17,6
39,21
107,7
235,30
455,39
890,37
1806,19
62,20
99,17
194,16
441,11
854,48
1743,44
90,27
96,20
237,18
500,1
1007,33
1999,1998
77,38
124,43
294,42
563,13
1101,44
44,21
80,20
160,31
364,15
669,41
1367,25
16,15
33,32
97,25
237,16
479,48
887,4
1835,3
94,9
167,1
274,42
597,39
1228,37
8,2
57,8
102,30
240,26
446,19
923,1
1805,23
29,28
130,13
189,9
363,31
749,36
1478,10
75,4
110,21
269,43
497,15
1047,8
1982,13
93,2
151,43
291,20
591,39
1158,36
30,7
36,35
163,22
289,37
526,37
1145,45
31,10
102,5
170,43
392,14
786,2
1568,4
74,33
96,34
189,39
410,5
772,9
1563,7
63,13
93,19
229,45
436,38
879,2
1764,3
97,14
182,31
287,39
624,25
1279,4
73,50
106,36
265,28
488,27
961,24
1919,9
16,1
45,26
122,17
190,37
375,16
837,30
1598,19
87,14
187,40
340,41
691,49
1336,12
86,3
118,14
211,35
433,13
864,19
1749,13
75,39
112,27
228,35
480,28
988,42
1936,39
53,36
122,47
260,35
528,31
975,45
1963,1962
39,38
57,16
101,41
297,7
558,45
1122,28
32,26
74,18
107,17
307,28
534,41
1061,11
95,27
166,31
355,38
671,46
1328,29
49,23
121,49
192,39
387,26
771,25
1535,38
101,17
171,41
327,5
646,47
1288,26
1,0
38,6
104,12
238,13
424,28
848,36
1694,7
46,24
117,43
179,44
435,6
792,9
1632,13
53,37
86,41
228,27
391,11
854,25
1624,12
44,8
103,32
238,44
388,11
867,3
1689,10
43,29
73,39
185,41
330,13
643,22
1355,45
32,9
65,22
116,41
263,17
492,24
1031,49
1934,10
17,5
73,32
151,21
323,2
605,17
1170,28
70,44
74,46
231,33
433,4
888,38
1755,28
84,28
173,17
329,23
663,26
1335,20
1,0
9,8
105,20
133,10
298,35
547,17
1191,43
48,2
92,14
170,15
339,12
700,13
1366,18
89,50
150,32
282,34
554,17
1171,40
53,19
142,47
286,31
532,44
1032,42
78,15
159,3
333,37
594,37
1252,43
83,46
135,48
236,20
506,7
1014,10
1999,1998
52,40
129,18
250,9
530,15
983,46
1973,9
54,1
104,32
245,12
457,28
909,43
1791,38
18,17
89,44
168,19
376,23
730,3
1474,23
99,40
144,24
342,38
608,6
1198,37
29,7
128,2
167,21
416,43
808,7
1641,47
76,30
137,36
226,28
471,42
915,4
1906,34
41,20
105,28
184,16
398,19
803,29
1557,26
34,3
107,32
178,50
369,8
741,31
1452,7
1,0
24,15
49,4
85,35
196,49
372,50
826,28
1588,17
26,7
91,42
152,15
355,31
646,21
1344,24
26,10
88,17
171,8
325,29
696,9
1373,11
11,10
36,16
71,18
163,50
319,25
682,10
1295,21
52,15
90,23
214,14
454,36
895,22
1759,24
92,7
118,2
225,18
498,46
1008,18
1994,1993
41,11
47,26
118,38
210,30
505,26
987,6
1913,12
55,8
58,42
123,9
256,1
532,42
1112,7
7,6
87,14
186,42
309,32
619,28
1215,19
7,6
26,25
74,31
115,35
252,40
542,23
1055,30
36,35
38,37
92,10
203,11
446,39
886,9
1768,13
65,1
160,43
293,37
569,13
1118,6
3,2
31,30
105,49
200,6
349,1
743,37
1529,17
42,9
136,9
186,47
401,48
783,39
1613,26
35,31
73,23
178,23
341,9
656,9
1320,29
21,14
39,38
109,26
242,4
414,3
913,25
1756,43
100,36
144,28
311,9
582,44
1218,27
81,27
175,19
294,27
566,19
1189,30
94,46
99,13
284,7
552,2
1037,8
42,7
93,13
198,6
367,46
713,42
1498,50
18,17
105,48
159,43
334,11
646,21
1345,34
21,20
59,4
127,3
278,21
575,11
1116,36
8,7
69,21
162,12
313,4
570,40
1199,50
4,3
90,2
159,24
327,29
642,12
1286,17
69,25
94,7
171,50
434,29
831,20
1621,3
52,24
75,2
132,35
296,24
610,10
1172,33
48,43
146,21
233,9
448,31
974,6
1915,4
57,50
158,19
232,41
472,45
1000,26
1998,1997
99,22
116,34
244,14
531,37
1067,44
62,33
103,42
166,37
377,18
749,22
1525,37
28,15
94,46
201,28
402,49
806,32
1537,36
79,19
91,32
196,49
436,6
862,2
1684,18
86,3
135,6
318,43
551,37
1161,10
65,3
132,13
213,35
477,30
915,30
1856,18
74,5
144,39
287,10
511,27
1084,49
30,29
71,32
167,22
320,27
627,30
1312,27
4,3
35,34
113,24
194,29
350,7
753,29
1518,31
47,46
76,13
149,44
330,37
659,2
1271,8
95,28
126,35
226,46
525,34
1008,8
1943,38
98,10
142,46
275,35
550,12
1122,17
78,31
172,18
268,30
598,50
1215,27
81,49
158,50
322,8
662,50
1278,32
1,0
94,35
161,27
289,18
622,49
1244,35
73,38
115,33
217,21
455,19
944,4
1811,40
86,7
103,37
215,7
416,7
846,44
1671,47
21,1
105,38
152,28
354,41
729,22
1384,16
34,11
126,23
257,8
454,6
930,27
1811,5
58,18
106,14
257,8
441,50
936,9
1876,7
54,28
139,41
290,43
523,46
1078,14
75,12
90,47
249,40
487,21
926,23
1853,37
33,32
127,17
234,40
424,4
854,39
1683,9
54,3
61,7
176,25
292,3
612,39
1278,3
54,25
91,6
208,25
438,27
828,9
1625,13
9,8
26,25
117,8
198,26
432,6
792,7
1645,27
76,2
137,50
281,25
545,6
1104,25
1,0
58,10
134,43
215,2
472,41
947,24
1901,18
73,44
152,26
299,8
606,12
1157,12
55,28
127,20
203,11
396,24
812,31
1654,26
57,6
64,44
160,40
349,27
713,34
1371,36
36,20
135,42
201,21
375,2
805,3
1590,37
38,32
46,23
157,10
332,50
674,33
1292,6
51,20
132,16
240,27
513,7
1033,44
1981,1980
68,11
77,31
223,15
385,3
758,11
1559,38
39,27
122,43
172,46
355,13
730,15
1469,46
4,1
74,21
91,6
249,46
484,27
1001,23
1916,8
66,47
118,36
188,41
435,48
867,50
1716,9
25,24
92,47
157,21
308,48
596,2
1261,20
57,27
143,20
232,33
513,22
1004,39
1951,32
37,20
120,8
200,31
374,9
742,33
1486,29
9,2
108,9
182,49
325,31
632,36
1285,17
56,50
80,47
139,14
331,3
676,28
1358,15
11,10
26,25
98,44
232,13
390,44
797,18
1584,24
25,24
57,15
134,32
312,36
627,46
1163,4
39,23
61,35
179,29
351,40
679,4
1404,39
23,22
35,11
73,25
172,22
396,3
731,39
1434,3
8,7
108,5
205,10
338,14
706,26
1414,50
61,9
117,3
242,26
454,29
938,46
1874,1
92,1
184,12
364,49
731,40
1459,19
30,1
63,3
194,13
337,19
654,17
1343,44
97,12
104,45
233,45
459,40
894,20
1804,1
19,18
33,32
109,45
243,46
413,37
883,8
1727,43
69,15
161,11
251,10
565,8
1120,48
22,21
40,39
70,7
154,1
356,10
647,11
1315,16
51,30
58,9
120,45
251,47
571,49
1140,24
48,29
116,43
230,24
486,18
914,40
1846,7
22,4
102,41
195,14
326,7
713,37
1434,6
54,10
76,32
212,20
390,50
800,49
1561,15
2,1
78,27
154,33
298,13
549,36
1163,45
5,4
58,14
74,18
222,11
430,8
806,3
1676,38
45,11
115,17
208,44
439,42
872,29
1779,50
70,29
144,9
235,42
500,49
976,47
1948,23
6,4
94,8
153,46
284,4
573,44
1121,22
70,46
125,28
267,4
525,46
1064,27
3,2
69,34
145,3
225,45
466,22
942,39
1863,16
12,11
31,24
133,42
199,24
385,46
793,28
1642,10
44,14
100,32
148,14
382,20
740,20
1481,19
81,24
161,34
292,40
599,38
1135,36
101,20
125,41
242,23
508,32
1023,47
1918,9
98,46
157,26
317,8
602,34
1231,42
56,17
89,23
173,20
397,43
794,43
1553,33
33,30
93,11
218,35
371,42
765,49
1567,47
93,46
152,40
329,43
584,13
1165,15
98,50
160,46
271,7
558,25
1117,38
56,36
79,31
172,5
369,32
680,49
1395,28
23,22
78,29
181,12
326,33
703,2
1363,36
31,30
99,41
144,3
290,16
664,45
1241,34
26,25
115,9
240,37
389,26
791,8
1573,2
78,39
79,35
181,12
420,37
771,1
1608,13
29,28
116,9
203,16
443,2
813,43
1690,4
73,38
146,7
301,4
580,30
1117,37
59,11
131,16
291,32
561,46
1101,1
1,0
73,2
96,46
212,23
393,14
793,46
1591,28
54,4
57,27
112,37
263,35
576,5
1100,36
89,28
116,33
211,10
428,43
889,11
1749,41
73,26
162,17
303,29
634,41
1184,31
21,20
47,41
117,15
213,1
462,48
935,23
1803,17
95,48
191,20
381,29
702,42
1371,7
70,40
118,36
213,10
432,2
900,32
1765,44
72,29
130,31
291,35
585,13
1093,47
27,26
111,24
237,38
465,46
854,6
1699,21
14,13
113,48
176,5
401,42
795,4
1528,19
35,9
96,16
215,38
421,14
860,16
1715,22
71,4
128,49
208,13
442,15
899,6
1782,3
30,22
76,28
159,40
349,12
691,47
1388,14
34,16
101,48
208,19
411,46
800,16
1598,47
78,31
131,1
307,19
564,33
1082,12
46,17
68,21
182,11
316,19
636,41
1255,11
79,28
178,24
300,16
652,42
1215,28
85,13
124,24
243,8
488,2
1023,45
1992,1991
18,5
52,19
144,8
217,12
481,34
925,44
1938,30
20,19
97,9
181,10
330,26
715,24
1409,1
28,20
29,24
123,50
245,28
432,40
911,13
1813,1
89,37
143,34
242,27
548,36
1065,4
69,26
151,33
271,7
521,1
1084,42
29,28
114,47
172,38
356,12
760,31
1518,38
85,1
105,8
262,20
510,13
989,11
1996,1995
64,50
145,30
216,27
443,28
906,36
1840,42
2,1
41,11
106,50
152,38
347,37
688,30
1382,18
36,29
137,8
231,44
415,5
829,36
1655,12
3,2
7,6
95,17
157,44
263,25
580,30
1179,8
35,34
53,4
153,1
261,19
577,50
1122,1
1,0
56,48
136,37
280,7
538,32
1088,45
10,9
37,26
59,6
115,2
226,10
471,3
1011,9
1982,8
62,48
94,42
171,11
422,17
761,3
1512,42
21,20
106,3
164,3
294,6
591,22
1234,13
88,20
122,46
255,7
547,28
1051,41
55,48
155,11
261,23
565,26
1107,16
71,25
164,11
311,1
641,37
1242,12
68,22
156,27
300,36
558,50
1170,40
86,19
98,42
250,47
490,49
988,35
1954,40
91,2
142,19
291,43
552,20
1137,24
101,34
179,29
283,1
640,26
1241,28
56,35
114,49
205,36
425,34
856,6
1660,18
100,44
193,25
392,41
740,17
1524,46
55,45
90,14
154,43
321,30
669,26
1354,24
58,39
129,20
238,41
521,36
961,34
1940,34
21,20
122,3
152,43
382,12
774,36
1550,21
11,10
84,44
143,8
272,5
578,26
1180,6
35,25
47,45
177,32
344,5
652,6
1325,24
65,24
144,10
281,6
535,49
1114,31
35,17
119,36
185,39
352,25
746,34
1470,31
66,10
133,45
244,4
543,7
1040,1
22,21
37,36
157,9
269,30
499,22
1012,12
1932,4
41,18
107,27
153,32
321,35
625,37
1322,28
40,23
123,45
230,26
437,28
923,36
1830,35
35,34
62,21
129,16
288,47
593,3
1114,34
2,1
74,22
168,13
273,11
570,20
1122,1
29,12
100,35
214,50
346,4
712,27
1404,8
27,22
71,30
168,50
333,20
616,7
1245,2
39,33
71,7
129,11
304,44
558,10
1102,10
89,44
183,35
349,25
674,26
1345,17
1,0
57,5
145,4
290,23
549,16
1099,13
69,25
129,47
217,36
457,21
944,34
1913,31
55,28
57,43
204,42
325,4
680,3
1332,10
77,3
170,29
248,32
498,9
1070,45
38,27
63,39
112,10
298,20
561,13
1116,37
60,39
61,11
168,37
303,46
663,28
1282,46
9,8
20,19
49,14
113,35
211,21
450,25
913,41
1824,47
75,42
171,39
326,7
643,37
1274,18
71,37
80,32
219,14
459,12
922,31
1780,23
59,25
89,34
236,22
399,28
883,41
1674,37
54,17
154,48
274,23
543,7
1102,47
27,26
108,38
218,14
410,28
860,34
1657,29
48,46
135,1
196,23
391,18
821,42
1692,17
51,33
122,31
259,34
469,18
987,48
1973,1972
44,7
141,37
225,12
454,4
904,39
1853,21
78,19
108,5
268,28
508,24
969,45
1953,44
49,45
117,27
255,17
440,2
914,43
1797,30
8,7
79,46
96,35
217,3
425,48
882,4
1792,15
18,11
118,43
197,9
337,32
725,34
1414,22
93,10
103,29
247,37
536,18
1070,27
79,3
174,4
275,13
604,8
1202,5
95,33
109,43
226,44
477,38
995,16
1915,26
85,16
183,23
368,42
706,48
1431,7
37,2
62,50
101,20
242,44
504,30
966,35
1920,41
21,3
112,16
147,6
349,49
677,48
1347,20
94,18
143,34
287,26
529,9
1081,21
74,12
115,34
224,24
425,20
877,49
1780,44
81,40
124,16
263,47
470,1
1000,32
1945,35
34,33
130,9
200,31
422,1
850,8
1674,15
81,48
130,20
307,38
552,22
1080,6
1,0
95,29
112,19
277,10
565,17
1062,39
95,43
179,48
341,36
656,11
1369,7
84,42
134,23
259,4
564,31
1127,32
55,43
105,34
209,20
375,13
766,14
1580,20
94,32
178,29
330,31
655,45
1309,48
26,5
60,38
173,28
291,39
628,12
1269,18
42,30
137,3
195,15
425,16
872,13
1688,46
86,16
161,44
287,37
543,13
1097,12
4,3
97,17
122,21
307,17
589,33
1219,38
50,10
106,13
157,34
380,45
788,16
1486,6
31,12
103,7
136,16
326,42
681,35
1279,35
93,43
114,46
208,5
430,7
885,32
1753,12
84,3
105,19
218,18
458,18
937,40
1864,30
84,38
132,30
245,9
536,33
1064,29
100,50
141,47
253,48
584,30
1165,44
40,16
114,38
210,13
383,27
816,46
1635,16
91,5
179,2
325,50
662,6
1286,20
48,9
124,13
244,5
453,44
961,37
1908,18
88,5
102,49
233,48
463,43
958,40
1877,38
24,23
91,10
216,5
368,16
727,35
1496,17
73,50
166,33
309,40
614,34
1195,2
10,5
12,11
76,3
172,15
347,21
710,13
1416,28
51,28
81,42
213,4
442,6
828,49
1659,44
47,2
120,5
193,44
386,18
828,20
1600,24
63,28
133,15
225,36
516,3
978,45
1958,23
85,10
171,7
296,36
650,37
1211,36
71,33
116,14
279,37
510,16
1065,43
91,17
117,11
281,41
531,41
1075,29
50,24
68,16
136,18
318,30
654,11
1314,42
53,3
116,37
229,23
434,25
843,11
1745,33
79,13
172,11
253,50
594,44
1145,9
86,36
138,35
304,30
606,29
1189,47
14,13
45,40
75,40
177,9
354,42
748,35
1460,24
38,37
126,16
253,4
472,12
951,9
1941,30
42,35
87,47
175,19
361,25
682,12
1399,24
57,17
147,2
205,39
505,20
988,18
1945,40
87,1
104,8
281,18
474,38
1043,34
1959,8
92,12
162,26
276,11
609,49
1154,19
38,27
94,48
167,45
323,36
638,46
1331,6
101,9
162,5
304,43
661,30
1328,4
66,1
99,7
261,31
459,25
892,23
1845,29
21,6
35,19
78,45
190,24
378,39
740,22
1446,15
26,25
29,7
103,23
230,8
457,7
915,4
1820,19
27,22
40,39
155,4
274,42
554,42
1081,49
41,12
125,1
251,23
443,12
948,30
1813,38
53,30
57,9
164,3
373,39
684,13
1381,10
24,23
84,11
208,17
337,30
750,37
1416,29
58,45
142,15
290,48
493,38
1073,48
90,11
155,43
315,42
623,11
1252,45
24,19
115,44
173,47
346,38
754,38
1513,15
5,4
63,48
161,23
281,49
585,17
1148,36
63,12
100,32
192,37
356,2
791,13
1602,9
39,21
45,33
100,35
185,1
448,37
826,14
1676,46
46,6
66,22
117,29
235,24
523,26
1074,31
37,36
123,29
223,47
455,33
928,28
1837,22
98,25
166,37
361,47
691,13
1404,32
72,41
83,24
167,26
407,34
797,17
1561,34
39,9
84,8
129,48
313,20
621,45
1187,47
81,8
136,50
317,29
601,50
1203,30
76,45
104,25
258,34
465,32
932,47
1910,32
59,22
115,39
187,49
442,15
895,3
1715,23
42,34
61,29
140,40
325,43
590,8
1235,29
17,16
50,46
81,31
244,5
463,6
858,41
1764,47
30,29
32,20
73,6
174,42
373,19
700,18
1478,12
29,17
65,17
132,18
255,11
523,27
1074,46
74,19
88,4
253,37
474,23
926,38
1834,37
51,34
151,10
301,40
556,33
1158,10
92,7
183,9
300,24
596,50
1269,30
37,5
73,48
165,49
341,45
642,49
1308,15
49,24
89,20
228,29
453,28
907,39
1797,2
39,23
103,17
206,39
403,23
779,20
1590,16
24,8
108,14
230,5
388,14
836,3
1653,3
19,5
77,44
126,19
274,5
533,11
1128,38
61,29
132,47
251,50
526,9
981,30
1935,7
85,7
157,6
305,48
557,29
1135,5
89,47
154,28
300,16
634,3
1237,46
88,39
152,34
298,3
551,21
1175,47
8,7
14,13
120,31
236,45
427,13
865,8
1700,48
90,29
124,17
288,28
590,39
1132,49
27,26
75,11
106,5
229,40
460,43
933,43
1921,16
65,18
126,10
267,13
532,14
1071,8
96,13
179,7
310,41
621,11
1270,44
43,28
48,40
142,11
307,4
564,14
1127,23
69,34
158,19
322,15
600,4
1185,31
20,19
52,46
80,16
174,27
375,29
771,49
1488,12
13,12
81,14
192,6
339,9
671,43
1360,16
5,4
68,27
78,50
206,8
418,47
845,36
1622,48
46,7
77,15
181,16
335,7
732,40
1439,24
24,12
60,21
180,34
330,19
607,45
1258,29
98,1
193,20
327,33
647,48
1338,17
16,15
110,49
207,14
357,20
697,46
1410,12
50,31
96,11
189,10
400,20
769,36
1567,38
18,15
102,38
124,37
295,4
637,47
1208,7
87,13
112,34
279,31
551,17
1089,19
66,28
147,44
261,26
531,40
1096,2
31,18
54,44
153,47
266,9
534,6
1106,21
78,10
129,47
252,11
531,24
1030,23
50,3
147,48
201,42
422,29
857,29
1711,5
9,2
12,8
90,30
138,11
299,39
586,37
1161,22
55,25
107,1
164,8
331,31
708,11
1411,21
14,1
29,11
55,3
111,32
251,45
477,2
954,50
1918,9
36,9
101,35
225,2
415,16
870,23
1684,8
52,14
130,15
210,30
393,40
803,17
1648,6
41,24
61,42
149,5
295,37
618,28
1256,6
94,39
194,28
343,32
676,46
1326,42
1,0
53,42
84,7
167,25
315,35
645,1
1322,21
12,4
112,44
175,25
354,45
741,23
1488,29
92,38
150,45
303,48
589,48
1159,1
27,15
54,36
123,37
303,30
556,19
1114,40
64,39
112,21
218,33
396,23
863,40
1654,49
38,3
127,18
186,20
407,16
788,33
1615,45
31,30
44,43
112,40
247,9
524,33
971,30
1998,1997
18,9
56,9
142,12
263,32
534,3
1038,46
42,11
120,42
226,9
395,33
874,21
1730,7
26,25
108,6
217,39
445,44
841,41
1659,12
30,29
44,37
135,50
234,37
469,30
953,2
1900,29
95,40
125,17
272,13
583,41
1086,10
34,32
38,16
98,39
223,4
475,42
935,14
1826,25
10,9
86,24
191,30
343,22
676,29
1395,10
23,22
121,45
213,24
371,6
773,39
1510,16
27,20
123,45
209,44
430,26
872,28
1735,1
56,31
153,1
247,19
518,31
1075,2
24,23
120,26
239,33
441,46
856,29
1740,9
83,11
183,46
275,9
561,44
1195,16
59,40
78,38
200,31
355,45
790,30
1549,16
100,20
152,2
322,23
587,1
1196,46
72,50
158,37
306,19
544,24
1136,25
85,1
186,38
288,10
611,4
1184,23
45,38
92,9
222,14
372,22
769,6
1523,30
6,5
94,6
168,5
310,23
607,36
1281,33
97,9
153,4
275,43
595,35
1158,24
69,24
77,32
168,18
330,12
714,8
1455,8
66,20
145,20
275,41
585,36
1124,26
18,6
55,8
143,46
279,13
581,20
1163,10
72,1
84,32
229,48
414,9
868,20
1746,19
29,14
91,10
144,44
270,24
625,29
1217,23
56,33
84,25
228,43
460,39
860,37
1696,38
39,7
103,24
208,44
374,27
761,40
1572,46
32,31
98,46
173,18
375,49
775,43
1478,31
68,13
91,45
205,22
427,21
823,27
1709,21
71,6
153,18
241,23
538,19
1062,29
18,17
98,4
149,27
366,5
705,24
1419,27
22,21
52,8
77,33
227,37
470,46
939,9
1833,20
53,41
145,19
250,46
460,23
931,23
1930,41
9,1
42,41
96,30
171,13
368,36
696,22
1432,3
13,12
66,8
125,33
240,40
459,27
975,26
1882,38
80,17
82,37
215,47
381,48
849,12
1668,41
67,21
120,33
217,5
436,21
903,20
1809,4
33,32
133,37
172,18
364,22
739,34
1462,7
34,24
127,4
261,43
493,42
943,39
1947,50
55,16
58,40
209,7
423,2
785,22
1581,36
29,28
71,35
172,36
296,11
579,21
1180,41
10,9
96,35
196,33
384,8
708,26
1397,29
27,18
103,6
146,40
368,42
663,34
1395,4
33,23
113,5
190,44
399,50
792,43
1549,43
31,5
64,46
158,1
262,22
535,35
1123,17
24,13
112,10
200,12
342,50
729,39
1413,38
60,24
138,11
216,46
421,7
913,35
1796,19
79,23
137,1
265,25
576,14
1112,45
40,31
112,41
154,27
352,31
726,49
1458,11
16,15
39,37
94,41
226,42
422,39
814,36
1675,46
62,42
131,7
251,43
460,7
920,32
1858,47
27,26
111,21
238,18
466,21
905,18
1794,34
51,16
82,44
146,18
320,39
683,35
1348,13
52,29
119,27
270,41
462,46
940,49
1929,33
75,46
129,48
275,39
546,24
1027,35
85,2
123,50
273,22
541,36
1063,25
33,32
94,21
220,24
433,6
855,22
1736,41
87,3
184,19
333,23
678,6
1296,9
43,28
52,32
142,43
297,16
571,27
1165,41
99,7
128,33
282,20
571,48
1090,27
66,45
91,11
163,47
339,24
709,25
1414,12
77,15
88,21
185,48
419,27
824,19
1607,31
22,21
47,23
111,35
239,7
496,31
943,40
1928,48
35,10
43,21
179,39
280,37
575,4
1130,41
78,49
129,39
286,23
590,14
1104,17
28,14
128,26
194,8
445,6
820,35
1639,27
86,41
158,12
288,25
588,48
1182,40
87,36
175,14
328,25
660,37
1294,50
30,13
97,44
149,38
325,16
696,42
1339,39
5,4
91,38
191,6
292,26
646,27
1294,29
75,25
127,1
205,8
497,22
937,13
1909,5
55,25
113,26
211,15
433,21
863,19
1752,8
22,21
65,50
150,37
330,44
641,42
1276,7
85,39
100,2
284,45
557,37
1104,32
24,23
68,3
126,46
301,4
584,3
1198,44
6,5
52,26
62,8
129,15
257,43
535,23
1124,44
78,11
141,15
310,49
560,32
1107,19
5,3
77,16
85,49
249,30
441,24
953,30
1881,34
16,15
53,23
102,27
208,34
478,32
917,15
1802,23
2,1
6,5
54,37
116,13
239,47
494,13
1012,45
1991,1990
94,50
180,26
341,30
691,15
1386,39
87,16
118,38
269,24
508,39
1070,10
63,6
89,17
226,8
445,24
824,37
1684,49
55,28
152,17
251,26
528,7
1060,48
34,14
65,6
140,46
270,27
521,26
1031,43
7,6
27,26
82,34
208,22
366,7
717,12
1435,9
39,6
76,36
127,50
292,42
614,26
1231,14
48,13
71,33
195,15
336,35
718,4
1407,21
55,25
131,50
272,37
498,41
1049,27
40,2
134,9
252,23
480,8
945,8
1893,42
19,3
75,14
151,14
255,19
550,3
1117,43
100,36
148,23
281,46
609,34
1163,28
54,19
112,4
232,34
466,8
941,49
1906,35
21,3
102,39
194,9
331,14
729,4
1453,8
66,2
110,45
180,38
397,38
807,22
1615,8
49,46
132,36
273,5
463,28
961,6
1934,45
38,8
62,47
155,43
278,22
605,35
1239,48
73,11
113,38
250,46
487,9
966,42
1986,1985
80,1
130,21
247,27
495,49
985,23
1983,1982
52,43
94,23
239,6
463,27
895,12
1763,26
41,36
83,6
183,45
407,4
802,6
1600,31
82,37
88,46
203,8
384,2
844,12
1693,50
53,10
73,46
157,24
341,5
676,14
1363,9
32,31
90,34
159,28
355,50
637,40
1305,39
30,2
67,32
107,32
247,42
510,12
1043,36
87,16
117,40
237,44
515,16
1015,17
1975,22
98,2
108,36
273,13
512,16
1015,5
30,29
67,20
120,28
242,13
549,8
1096,40
24,5
92,40
215,16
341,32
703,24
1443,19
54,6
147,8
246,6
465,30
959,50
1921,9
26,3
56,5
127,38
288,22
587,32
1163,2
12,11
89,39
143,29
265,19
553,34
1148,49
59,45
146,44
220,48
429,30
938,16
1810,33
60,8
111,17
197,7
469,24
903,44
1831,25
85,49
129,26
247,22
551,44
1077,12
73,26
105,4
215,42
410,13
864,23
1714,39
100,5
166,49
315,33
587,43
1235,38
5,4
35,34
120,50
182,33
390,26
745,18
1574,6
60,44
126,11
211,27
488,48
948,39
1837,39
70,6
136,5
306,13
525,3
1083,39
75,15
158,39
275,32
541,32
1097,4
17,15
99,11
208,42
401,11
804,10
1574,45
78,48
177,3
274,24
626,32
1197,9
71,44
160,30
233,41
493,21
1000,27
1984,12
76,39
110,13
222,28
496,45
946,36
1941,22
22,21
71,24
157,1
308,40
597,22
1171,24
53,10
60,49
115,3
299,15
558,33
1162,39
48,34
109,15
194,13
451,8
834,5
1683,28
36,35
115,29
152,26
345,39
658,8
1366,24
31,26
109,19
193,17
335,44
724,45
1474,40
61,14
80,17
183,19
400,18
808,47
1595,46
42,41
52,32
124,21
288,27
553,27
1096,39
7,6
92,42
139,44
252,42
538,36
1103,22
19,5
61,38
181,18
350,30
697,46
1387,22
34,12
130,39
213,48
382,11
770,7
1556,8
13,12
112,7
203,34
373,17
761,39
1519,31
66,1
123,37
279,41
547,49
1085,48
49,21
138,16
240,50
502,32
997,24
1946,40
101,43
129,43
247,33
511,30
1007,20
1943,10
44,43
110,1
190,10
357,16
770,16
1495,8
76,42
147,35
305,34
582,38
1114,2
47,13
88,17
178,7
404,20
768,2
1508,25
39,19
75,40
209,10
341,31
710,9
1447,34
58,44
128,18
264,20
538,36
992,3
1926,7
1,0
65,7
92,27
227,24
463,32
916,29
1810,4
84,41
179,28
354,26
623,43
1331,26
76,3
155,7
327,14
607,8
1200,27
56,8
66,49
140,17
324,49
639,38
1242,6
59,48
95,15
241,14
466,4
887,42
1785,23
71,4
97,18
223,49
431,5
865,22
1770,13
62,34
95,50
207,7
387,2
812,15
1643,12
76,45
99,32
184,32
433,45
861,41
1720,5
41,40
87,34
227,12
424,22
851,5
1698,47
29,28
94,28
155,45
288,43
651,13
1279,30
76,15
156,34
276,23
519,10
1030,3
12,11
48,36
100,33
161,26
356,9
741,9
1472,28
85,7
126,46
250,48
522,39
1027,3
35,23
105,36
185,6
374,23
710,33
1499,6
56,6
122,50
200,25
467,32
871,6
1788,30
44,23
104,31
216,6
419,40
860,4
1694,4
81,8
114,43
260,36
458,5
975,13
1904,4
82,11
162,10
256,25
591,42
1140,50
85,25
182,26
306,45
594,28
1189,5
83,39
172,18
351,44
650,2
1257,15
44,42
116,44
220,23
419,3
868,17
1674,22
1,0
90,33
118,44
306,4
590,3
1115,10
72,10
172,16
249,13
513,37
1024,28
88,13
164,3
316,49
618,21
1190,47
39,38
116,43
168,15
333,2
688,27
1383,22
49,48
72,24
135,47
330,21
687,4
1318,32
18,17
100,34
187,6
400,21
742,27
1509,44
25,24
29,7
89,30
169,39
332,18
732,24
1455,21
49,8
99,17
175,14
333,13
686,41
1402,5
9,8
95,10
140,50
290,25
620,25
1226,17
41,37
86,40
166,4
383,12
727,39
1471,49
73,7
97,46
194,5
411,18
858,14
1705,7
46,45
130,26
190,27
438,12
849,40
1677,38
44,26
72,45
147,33
265,15
537,41
1152,13
47,34
55,43
107,3
291,50
503,12
1099,39
74,19
101,47
204,36
474,2
878,46
1827,5
92,7
151,29
308,37
635,15
1242,3
93,47
97,1
193,3
437,26
859,34
1779,24
4,3
39,35
121,10
185,12
407,9
832,6
1681,42
71,31
153,3
264,36
519,46
1048,27
17,16
25,24
100,50
222,12
377,1
764,43
1529,11
67,21
99,39
200,16
425,3
825,37
1624,3
18,15
54,21
122,14
283,13
551,39
1040,27
4,3
26,22
67,2
189,43
339,12
696,33
1356,50
25,24
33,32
140,26
234,1
500,14
936,20
1913,17
44,32
94,27
205,32
370,33
758,5
1554,6
53,10
119,43
235,38
444,42
856,32
1805,17
57,14
63,40
148,4
333,32
654,34
1268,8
94,15
119,33
219,8
505,25
960,39
1954,30
49,32
73,15
202,31
336,24
757,2
1442,33
23,22
41,40
130,37
240,4
471,49
996,13
1953,5
65,25
154,9
249,2
510,21
979,2
1944,44
77,23
89,33
241,13
490,25
917,30
1911,41
68,44
124,32
203,30
440,27
917,26
1774,37
72,35
102,24
181,12
381,23
820,5
1561,6
67,34
125,29
262,12
460,47
921,36
1922,20
1,0
88,3
121,1
227,8
529,17
1019,26
1957,43
93,42
170,2
327,15
656,25
1247,47
31,25
87,13
145,12
288,21
560,42
1165,19
86,6
118,36
250,4
524,7
1049,41
85,12
159,2
341,48
649,16
1254,31
49,23
81,40
214,18
373,47
792,32
1571,42
89,22
157,48
338,25
625,28
1300,45
18,9
53,18
166,14
241,2
569,47
1057,24
27,26
114,23
202,40
360,18
714,49
1517,30
99,18
157,25
294,3
611,8
1217,48
82,15
151,1
318,13
618,28
1219,23
6,5
40,32
118,31
241,30
469,40
911,9
1883,16
96,22
142,47
302,27
562,2
1169,12
91,39
119,9
273,30
575,49
1147,13
85,26
98,32
271,49
497,50
1039,48
1901,19
48,32
65,40
118,35
331,7
571,23
1134,1
94,4
157,21
347,30
635,35
1241,39
6,5
10,9
46,21
80,27
187,34
397,9
735,50
1538,21
5,4
82,8
179,49
301,20
572,44
1181,32
89,42
170,7
358,46
624,1
1250,40
98,49
169,35
302,5
643,13
1248,25
10,9
42,13
91,26
239,30
422,47
862,13
1715,39
23,22
110,21
145,7
371,50
690,50
1435,34
51,31
75,13
174,46
398,25
754,44
1480,36
67,49
92,36
259,28
484,50
941,22
1922,42
71,33
92,43
246,42
491,12
931,37
1908,15
74,9
165,9
265,47
539,24
1143,7
14,13
76,6
167,29
328,20
602,34
1233,3
38,17
114,3
220,47
433,4
869,43
1686,15
30,20
72,21
142,23
332,34
638,50
1285,26
33,32
76,3
155,16
309,7
670,34
1274,3
64,1
160,22
286,11
573,39
1114,9
71,24
144,21
218,43
453,25
905,34
1876,19
48,16
72,17
182,41
326,6
629,29
1288,1
87,46
165,37
338,23
667,27
1282,29
52,2
142,28
260,34
545,34
1040,41
61,23
123,4
268,39
463,40
987,9
1946,30
46,25
59,16
177,47
329,2
690,26
1369,31
48,2
131,48
278,4
473,4
991,21
1933,11
63,29
134,38
280,20
502,4
1056,23
71,33
92,35
234,39
404,47
896,40
1707,4
19,18
85,14
140,19
343,16
589,37
1192,29
43,2
62,35
169,46
317,34
674,47
1286,21
77,19
137,34
271,31
572,4
1123,4
24,23
110,4
150,37
376,50
670,13
1350,37
51,39
136,28
205,12
481,29
957,28
1928,43
39,38
77,2
131,39
279,23
613,28
1216,44
2,1
54,38
111,33
169,17
343,31
736,20
1504,6
68,7
168,9
291,39
601,49
1222,32
72,50
149,35
222,44
452,26
944,1
1893,12
26,1
59,38
122,36
268,40
508,31
1041,1
9,8
23,20
83,7
171,1
321,29
644,45
1255,10
19,14
99,24
140,15
352,21
671,42
1305,49
77,39
114,35
232,25
487,28
924,26
1886,5
93,22
158,11
256,17
586,45
1170,4
39,18
87,29
139,41
293,24
618,18
1212,1
87,49
171,45
358,38
645,20
1352,19
83,25
148,23
264,11
559,21
1079,13
38,37
74,19
138,34
328,50
644,27
1315,38
1,0
101,45
172,1
363,12
701,43
1417,7
2,1
39,38
65,23
187,32
307,44
690,11
1334,30
91,47
111,30
209,32
474,22
979,29
1886,16
72,12
102,12
218,15
466,34
874,49
1812,4
17,6
21,20
49,5
89,49
200,15
396,19
820,8
1647,35
7,4
59,48
116,13
187,34
455,49
827,38
1738,32
53,22
60,36
183,8
353,6
660,36
1333,21
68,30
77,1
165,32
329,20
678,26
1342,45
17,16
41,40
68,38
199,47
408,40
741,2
1550,12
53,33
85,30
161,47
373,44
685,47
1395,14
5,4
92,46
183,25
315,43
666,40
1355,25
21,8
117,43
232,1
458,9
857,36
1699,14
75,38
173,34
341,43
689,8
1326,50
86,48
138,10
265,26
556,18
1090,11
25,24
79,5
192,30
388,33
713,9
1475,14
88,2
128,8
292,1
538,39
1122,7
65,20
128,4
239,49
500,29
1010,27
1975,4
27,22
30,13
145,17
282,49
583,21
1133,22
64,40
69,20
221,18
368,18
724,20
1510,34
12,11
91,39
124,44
271,25
588,43
1142,33
71,8
141,18
291,47
510,37
1074,16
29,21
57,40
118,6
301,45
593,38
1122,2
87,20
179,46
270,28
621,11
1194,24
68,17
78,42
230,12
398,35
816,18
1620,2
95,10
165,21
304,14
664,50
1241,45
47,41
114,47
212,15
425,17
817,28
1711,8
5,4
50,49
81,6
171,21
365,2
707,38
1408,25
1,0
74,42
92,37
207,4
473,3
874,5
1762,40
101,40
137,24
316,21
605,11
1227,47
24,23
73,4
141,12
259,19
562,46
1111,30
59,21
137,26
264,9
527,31
1002,21
1982,1981
5,4
26,16
116,44
228,26
469,27
903,19
1841,32
93,35
129,20
231,47
491,26
968,46
1992,3
92,34
121,14
246,21
482,8
969,42
1928,10
42,8
69,11
151,42
359,45
680,14
1375,12
96,35
102,49
227,34
481,40
972,20
1947,14
85,8
141,50
248,14
575,17
1053,31
92,31
117,8
281,22
517,43
1094,42
43,42
58,2
190,41
380,37
733,46
1426,30
5,4
46,1
82,48
151,22
288,38
594,8
1179,16
82,44
119,15
288,44
521,18
1039,19
19,3
29,28
135,49
201,27
395,1
782,23
1598,31
28,6
94,17
215,48
364,2
714,35
1426,30
34,33
88,39
172,10
340,4
713,48
1410,21
24,23
62,7
139,48
241,1
476,49
995,9
1942,2
65,24
106,46
235,6
507,16
990,23
1954,1953
89,48
164,18
325,41
609,9
1248,50
23,5
42,41
69,28
197,26
337,8
715,32
1469,31
83,11
86,45
215,36
458,13
851,15
1762,17
46,11
75,41
221,47
350,44
738,50
1468,3
92,16
161,48
291,9
630,29
1250,12
56,42
97,42
183,37
385,47
806,1
1577,36
42,37
89,32
143,48
357,50
677,22
1340,10
26,2
81,43
186,6
340,35
646,15
1337,24
55,20
144,30
269,23
528,29
1062,38
58,3
83,18
212,12
364,5
751,48
1521,27
4,3
32,8
89,29
223,3
371,18
740,38
1495,19
22,19
30,29
97,28
208,47
371,42
769,35
1526,46
5,4
99,39
174,11
349,11
650,49
1378,28
36,4
105,32
171,10
398,4
735,34
1495,22
3,1
49,48
127,22
264,3
463,29
972,18
1941,15
41,10
73,16
131,4
271,4
542,21
1068,31
57,31
99,47
190,24
430,31
869,29
1719,29
85,19
153,10
284,14
601,20
1182,24
57,18
135,50
291,3
534,45
1062,47
91,38
182,7
302,20
613,35
1286,48
28,19
75,5
195,26
382,50
699,44
1415,13
57,8
62,41
159,27
295,2
607,22
1186,10
63,3
155,27
298,16
572,38
1153,10
92,23
173,3
266,41
555,48
1168,42
71,30
135,10
234,7
508,8
1036,27
1959,8
21,18
37,7
64,16
154,26
334,17
700,7
1409,29
31,29
75,17
118,11
303,9
559,29
1166,23
65,14
133,20
246,39
524,28
1018,19
1948,22
13,12
34,9
106,20
199,7
416,49
791,14
1575,30
22,21
57,34
140,43
222,4
536,31
1048,46
29,5
41,29
167,18
331,17
650,45
1313,7
70,27
125,11
289,14
526,26
1054,5
65,40
135,11
254,27
455,6
963,48
1875,13
38,37
75,20
121,29
297,32
575,45
1117,34
33,20
114,39
163,44
411,14
782,45
1512,33
67,8
114,18
198,47
421,22
881,45
1764,34
54,1
68,31
123,23
297,13
559,43
1138,42
38,36
120,21
178,18
370,46
791,31
1508,15
6,5
104,17
119,21
323,6
565,38
1190,4
31,5
55,41
143,8
260,34
518,38
1047,14
80,1
125,31
304,12
538,13
1108,36
52,42
144,9
279,46
501,46
994,21
1967,13
12,11
26,25
122,36
217,2
402,29
820,45
1672,12
12,2
20,19
52,10
91,37
244,4
452,8
895,23
1867,36
23,14
90,2
188,1
326,2
645,1
1349,20
77,26
144,22
297,3
618,16
1139,11
66,7
152,25
227,16
527,15
1045,24
4,3
88,38
130,27
299,15
590,26
1160,9
17,9
28,27
87,40
231,41
435,36
867,32
1725,48
100,50
147,9
297,18
571,17
1177,28
16,9
38,37
90,21
159,13
396,9
707,4
1497,7
14,13
72,22
165,5
277,46
543,25
1106,27
83,50
106,20
197,20
393,45
872,24
1678,10
64,22
105,10
252,29
521,43
1001,3
1994,1993
90,30
126,14
266,24
498,12
981,15
1993,1992
13,12
54,45
80,18
164,1
402,2
767,8
1581,40
31,30
35,2
85,37
186,43
354,20
706,36
1460,48
13,12
110,28
188,15
343,12
745,23
1422,29
25,15
71,49
141,1
249,43
584,40
1166,48
72,34
76,37
163,16
359,42
756,42
1525,4
57,18
66,5
131,9
310,19
611,29
1249,10
74,9
161,9
249,49
529,3
1025,17
19,11
112,3
221,13
439,4
845,3
1689,48
68,24
70,3
210,40
363,40
727,47
1489,41
31,30
120,41
232,35
425,25
830,50
1650,36
27,26
124,31
228,19
480,16
922,40
1817,1
88,28
189,46
368,10
720,10
1400,21
58,12
114,5
188,1
447,5
838,17
1656,18
53,34
113,41
261,48
510,49
1006,48
1956,1
6,5
101,45
116,15
270,16
559,5
1067,20
44,7
72,7
165,17
291,20
595,3
1239,43
82,18
178,17
318,33
605,27
1195,5
37,17
109,36
174,25
348,8
708,32
1422,48
90,8
156,31
298,38
631,42
1243,38
55,38
77,32
167,30
309,15
661,35
1335,17
60,11
90,49
218,50
376,47
777,15
1599,31
24,23
49,48
111,12
249,10
487,35
970,46
1987,1986
7,6
70,7
153,18
293,10
564,14
1137,50
10,9
106,41
155,22
291,50
566,10
1166,44
66,17
133,15
295,20
512,13
1057,9
50,44
140,49
278,20
504,1
1032,48
49,15
51,44
103,20
281,29
516,11
1012,1
11,7
80,37
144,48
316,46
589,39
1167,40
23,22
43,7
155,43
256,16
571,43
1086,34
75,10
118,37
243,50
529,42
976,10
1996,1995
69,25
104,29
233,5
440,47
943,6
1825,6
47,23
55,21
103,23
294,27
533,36
1044,11
82,12
93,16
259,38
470,44
935,45
1891,38
97,33
118,29
226,9
460,42
941,36
1852,11
35,34
44,35
93,22
251,34
471,30
975,34
1912,40
97,43
139,17
333,30
647,26
1262,17
13,12
102,28
135,22
270,44
580,13
1141,33
33,32
38,32
106,22
235,18
484,46
942,3
1904,36
82,7
119,35
254,21
488,6
976,24
1932,35
47,18
61,3
160,9
359,31
631,34
1279,29
62,23
90,32
241,30
398,1
868,2
1690,24
31,30
93,39
161,44
300,37
686,37
1300,12
23,22
31,7
56,11
192,44
362,29
750,5
1446,3
35,34
101,44
171,46
385,5
791,13
1565,21
88,46
129,29
258,4
569,27
1057,14
44,2
61,38
197,50
334,40
649,15
1297,47
66,31
93,8
211,6
466,40
908,16
1841,11
21,20
73,9
132,42
323,12
624,38
1248,24
100,43
152,28
334,24
592,4
1264,37
93,19
139,29
244,22
545,20
1071,8
48,31
63,35
124,28
324,2
657,50
1252,21
55,39
75,26
206,19
406,25
787,33
1621,33
73,42
133,42
207,6
421,9
837,42
1765,19
41,21
62,7
163,43
344,46
702,31
1320,20
82,33
111,11
262,22
530,10
1034,29
21,20
91,9
189,29
358,9
716,20
1390,44
42,41
97,8
202,30
376,32
785,7
1509,41
7,6
102,24
197,42
384,1
695,19
1457,2
55,31
144,41
278,18
541,10
1091,5
27,6
84,34
156,31
339,12
614,4
1228,43
57,3
73,11
187,36
355,42
755,41
1506,27
33,5
134,9
248,26
426,45
886,42
1792,48
15,3
64,30
171,47
344,12
615,7
1243,37
18,12
37,10
80,35
201,1
392,48
758,16
1512,35
44,17
92,23
237,25
446,10
857,39
1727,2
101,33
127,7
266,1
511,20
1036,50
13,8
88,45
183,12
314,21
642,24
1244,9
2,1
87,27
153,40
279,48
574,17
1181,20
65,27
152,26
303,20
614,28
1169,45
26,25
104,22
215,24
379,27
734,38
1461,1
17,16
25,17
89,15
174,49
366,15
687,15
1424,21
78,36
88,29
183,26
404,49
805,13
1633,31
86,48
120,14
274,50
519,40
1041,17
33,14
50,20
99,46
223,45
462,45
908,41
1832,18
52,35
63,41
150,14
344,38
682,14
1353,24
53,25
81,25
221,35
413,38
807,43
1620,31
58,37
64,46
142,24
341,40
688,48
1387,25
95,1
133,1
321,17
642,47
1208,27
52,38
61,44
134,41
297,19
622,12
1259,29
26,12
59,7
130,15
291,27
606,27
1207,1
85,33
164,2
283,44
538,24
1101,11
68,26
150,17
300,16
612,44
1158,50
56,48
109,45
263,13
518,30
1027,35
1988,1987
25,24
63,20
142,25
293,30
524,3
1086,28
30,29
42,21
142,27
242,18
519,10
1069,42
56,15
150,22
247,43
553,32
1034,33
1,0
82,9
128,32
263,9
510,32
1041,39
35,25
115,28
247,12
400,13
820,17
1681,48
22,3
96,49
189,15
383,22
735,48
1432,12
74,14
156,6
251,48
502,18
995,2
1974,12
98,30
143,13
336,11
659,28
1238,20
85,9
141,32
296,34
542,39
1119,41
91,43
180,48
359,3
683,22
1401,38
41,9
124,49
260,19
512,42
1003,23
1998,1997
62,31
88,22
186,36
433,43
823,20
1685,9
90,24
96,44
200,23
392,26
860,17
1659,16
37,14
44,11
89,29
208,4
461,24
862,36
1706,14
33,32
42,35
176,10
255,34
600,25
1190,14
11,6
52,35
74,26
163,7
330,42
641,18
1290,29
60,21
73,28
152,34
291,39
641,2
1299,50
94,33
151,25
273,31
533,50
1119,14
36,31
60,15
182,8
339,2
691,23
1399,33
73,47
81,19
249,8
502,6
924,19
1842,13
95,40
132,6
297,44
591,8
1144,6
86,32
183,32
305,36
613,20
1283,20
3,2
88,12
189,45
295,25
613,18
1234,45
55,25
95,30
179,48
414,17
793,42
1559,7
97,23
157,38
267,47
597,7
1219,19
30,8
114,5
215,42
452,15
829,40
1674,20
52,41
127,5
248,26
527,24
1019,33
1976,4
96,5
195,47
305,19
630,40
1298,7
78,27
103,11
267,3
466,30
920,1
1889,43
10,9
61,37
163,31
293,18
565,22
1106,37
27,26
34,31
140,9
209,28
498,13
947,40
1861,49
27,26
32,10
139,36
236,42
511,50
1044,46
1916,8
4,3
60,16
129,39
273,8
489,47
1036,25
1944,49
23,22
47,32
73,33
150,25
357,38
697,29
1425,33
27,26
101,41
199,29
337,18
750,31
1432,20
56,32
130,11
226,45
472,20
900,9
1864,15
96,1
125,34
317,22
619,29
1188,8
3,1
16,14
114,20
202,34
357,17
757,29
1496,15
67,32
71,35
211,29
410,10
795,32
1610,30
90,16
108,2
235,12
447,10
978,28
1935,49
87,41
144,35
328,1
624,20
1185,3
18,7
104,17
214,5
437,28
857,2
1652,20
22,21
46,45
159,28
253,10
518,46
1066,41
93,12
149,39
339,19
611,4
1215,29
23,22
48,37
125,22
240,37
447,26
983,39
1870,20
5,4
86,39
126,19
289,34
539,15
1083,16
54,33
137,12
219,16
496,10
987,49
1960,26
63,44
136,36
227,46
518,10
961,35
1915,37
101,17
183,20
321,23
691,37
1342,10
2,1
65,3
151,43
271,5
537,3
1093,25
15,7
34,33
125,22
259,48
532,4
1059,8
100,2
132,28
261,4
513,15
1044,14
80,37
83,23
201,30
370,17
797,33
1605,26
76,9
100,2
240,45
434,24
906,44
1772,8
80,18
150,6
254,42
561,10
1097,37
89,2
172,1
333,42
614,3
1302,37
61,42
118,43
253,2
511,8
1038,22
1935,48
37,36
72,22
111,23
304,2
547,30
1141,7
78,37
158,8
280,40
568,12
1134,42
59,49
78,9
181,27
361,35
716,3
1496,42
5,4
91,32
104,13
236,43
477,20
965,47
1940,33
70,16
80,36
247,32
498,12
949,50
1853,30
72,20
127,46
241,13
535,7
1001,15
1915,8
71,6
149,12
273,40
580,14
1135,13
64,11
91,40
208,9
408,19
818,22
1638,11
58,34
87,14
170,41
402,12
793,46
1559,32
53,35
106,13
209,39
449,12
844,35
1747,19
98,43
115,32
272,40
527,10
1033,42
34,7
126,40
214,1
449,10
897,26
1787,19
87,46
175,10
297,41
621,1
1193,10
12,11
71,39
85,50
238,34
465,48
928,9
1869,36
20,19
66,16
133,22
237,6
491,28
1044,6
1996,1995
83,41
124,36
278,25
550,38
1113,24
70,44
152,16
293,6
575,8
1170,24
77,38
136,39
304,50
603,12
1129,12
75,17
163,23
253,5
583,39
1123,8
86,8
115,44
206,50
475,7
955,13
1928,50
24,23
42,22
113,6
251,3
437,8
904,36
1845,13
12,11
49,40
146,42
274,39
527,35
1082,16
27,14
97,13
131,49
296,13
623,15
1252,21
8,7
104,3
207,40
367,27
779,41
1517,50
98,4
182,16
296,34
606,6
1236,39
87,20
136,37
266,23
518,3
1053,12
42,9
69,10
146,39
338,31
692,9
1338,1
68,41
72,32
149,46
367,12
711,50
1388,8
11,10
93,35
164,41
274,33
626,11
1249,38
2,1
42,41
114,12
255,38
467,25
940,24
1874,10
93,14
113,11
240,43
504,33
993,30
1978,1977
43,38
87,13
191,4
355,44
703,10
1400,21
29,28
39,24
138,10
290,4
537,20
1049,33
98,29
154,37
351,28
632,4
1254,17
55,28
145,1
274,37
527,30
1021,27
77,1
129,27
237,23
498,13
957,17
1949,20
57,30
145,5
215,39
455,31
893,19
1830,18
77,42
105,48
252,32
487,6
923,48
1854,9
68,18
150,20
238,20
465,8
969,21
1991,1990
79,48
80,11
204,39
457,27
902,27
1743,37
13,12
69,31
170,40
345,12
619,49
1257,38
28,8
114,38
232,30
419,15
853,23
1658,24
62,25
123,42
195,31
436,27
825,2
1663,21
100,20
113,7
264,27
549,22
1125,2
63,44
92,24
211,26
406,39
798,17
1629,1
20,19
55,50
89,49
177,27
375,45
725,11
1502,35
46,16
135,47
214,31
419,2
839,13
1659,26
34,20
42,27
96,30
192,42
460,49
827,46
1735,4
64,3
146,47
227,21
511,21
1040,8
1972,1971
96,4
101,42
277,13
504,37
1055,12
65,3
159,17
280,43
591,27
1104,24
31,9
83,36
161,38
288,48
664,38
1250,34
58,31
114,4
254,6
433,21
872,26
1752,43
37,7
132,33
229,10
461,36
908,1
1831,15
86,36
103,47
190,19
464,22
905,2
1845,2
68,42
163,18
302,14
560,38
1177,39
84,46
184,35
316,15
672,50
1332,30
45,11
110,45
175,46
372,36
729,2
1479,30
51,49
139,47
290,17
507,16
1018,12
40,39
126,35
181,18
434,2
834,20
1685,20
67,7
150,43
258,16
497,18
1028,15
81,40
160,30
245,23
561,29
1128,18
71,3
90,13
253,3
467,36
896,15
1801,1
79,7
164,20
343,5
650,19
1295,5
2,1
90,39
138,4
295,15
625,29
1239,28
58,18
157,6
273,1
585,3
1149,39
66,38
133,23
263,20
555,27
1027,3
55,30
76,26
175,23
356,28
736,17
1498,50
61,21
156,18
311,14
550,38
1162,33
23,22
113,2
175,43
394,18
780,1
1509,8
68,19
128,47
243,40
453,39
934,20
1857,30
33,32
100,16
138,48
366,46
655,17
1387,10
12,11
107,33
154,24
305,50
664,44
1246,25
63,12
122,8
215,30
450,37
936,34
1856,18
24,23
69,11
168,1
357,41
709,43
1417,5
9,8
109,19
150,10
293,6
604,8
1180,30
1,0
49,26
76,33
215,38
346,46
767,23
1550,36
53,36
72,28
192,21
374,30
748,27
1503,46
18,12
46,25
74,22
163,44
391,41
702,3
1488,48
67,27
136,37
274,12
557,48
1054,23
47,46
69,9
147,36
327,3
686,22
1354,27
11,2
42,41
121,33
264,20
476,21
965,27
1926,6
48,26
135,4
223,11
506,9
982,2
1938,4
26,25
127,30
218,14
386,21
811,12
1632,25
61,21
125,24
207,13
480,4
926,8
1845,19
15,14
80,25
99,16
200,33
421,37
895,5
1740,2
32,5
65,33
152,25
254,45
581,22
1100,12
58,39
117,25
235,5
488,37
986,14
1951,46
88,30
176,36
355,21
635,10
1348,7
47,44
136,17
252,42
454,12
990,22
1900,22
47,25
71,16
185,48
384,37
741,25
1503,43
27,26
69,6
182,10
330,2
689,2
1360,35
71,34
137,43
239,9
516,50
985,30
1984,8
61,31
118,6
229,10
483,43
958,31
1916,6
10,5
95,19
149,24
268,2
597,29
1194,45
41,28
47,27
123,17
258,14
504,12
1061,35
22,21
65,15
160,47
339,44
681,39
1365,16
61,45
147,47
288,42
580,14
1157,30
43,31
134,35
212,13
447,47
933,29
1799,6
1,0
61,17
95,5
192,30
403,42
788,37
1609,24
33,32
52,28
112,41
274,38
512,17
994,26
1900,3
10,9
57,1
129,31
211,14
410,46
881,41
1720,15
59,33
110,48
244,38
415,22
834,42
1686,43
6,5
29,22
54,16
98,2
250,27
529,39
984,50
1978,1977
26,8
95,7
211,47
395,15
765,22
1553,19
22,21
80,18
158,18
311,45
636,14
1246,34
71,8
131,44
212,26
446,38
893,19
1838,5
99,26
167,29
345,9
704,38
1389,10
92,13
183,8
311,13
632,27
1276,17
60,40
132,8
283,32
573,23
1148,1
46,45
130,24
206,28
387,9
777,9
1626,16
93,6
101,45
242,49
486,30
957,39
1899,6
100,25
110,5
304,42
605,40
1216,41
70,42
101,22
182,48
436,6
827,21
1694,11
67,32
121,16
285,41
500,42
1033,44
78,16
127,24
213,50
426,17
888,45
1739,32
46,34
112,1
205,28
364,6
813,2
1629,17
87,25
146,1
315,27
644,26
1268,35
86,44
89,33
238,9
496,10
966,10
1912,42
52,41
103,30
204,10
448,20
840,7
1720,34
91,32
117,19
240,16
473,29
942,30
1942,36
73,26
136,22
304,45
576,15
1142,7
15,14
38,37
141,26
231,24
430,25
943,15
1824,22
36,35
69,16
206,19
384,7
765,25
1493,40
23,15
92,24
215,34
382,30
792,50
1588,19
57,29
97,21
209,27
441,48
888,21
1770,39
83,12
183,4
330,8
667,15
1276,4
31,5
65,30
172,26
328,45
634,35
1274,13
88,42
105,31
294,21
555,22
1142,22
1,0
48,23
73,25
211,26
372,30
766,42
1479,30
86,48
111,15
283,33
577,41
1073,43
35,2
52,6
151,18
277,21
524,41
1134,45
62,14
119,39
206,21
473,26
953,23
1831,5
91,24
109,31
249,42
520,2
1048,16
55,16
59,6
144,40
308,19
638,4
1299,19
33,32
66,30
185,9
291,22
674,16
1301,33
77,48
143,13
321,20
547,44
1158,29
2,1
37,23
95,11
157,33
317,13
616,4
1251,7
67,18
168,21
308,22
557,8
1177,45
12,6
88,41
176,36
313,32
590,30
1273,19
97,7
158,20
270,29
557,5
1104,4
70,15
168,4
268,20
529,23
1096,2
30,29
78,39
121,48
288,29
579,8
1174,34
62,25
80,29
182,46
375,44
768,44
1541,15
46,20
100,4
166,4
397,31
759,16
1511,29
78,40
155,10
278,9
559,14
1171,8
66,34
125,39
257,15
456,16
931,16
1896,23
80,7
162,3
282,15
624,44
1190,40
67,16
110,13
196,47
465,21
851,6
1720,49
74,32
150,10
323,31
610,8
1203,17
82,15
122,40
302,49
586,27
1172,22
68,26
130,18
250,17
469,30
998,33
1992,6
65,40
157,35
266,22
545,49
1069,19
32,9
82,46
145,21
313,37
635,5
1231,29
33,5
59,35
152,4
319,18
592,5
1167,12
0
0
0
0
0
0
0
0
0
0
1
1
1
1
1
1
1
1
1
1
1
1
1
1
1
1
1
2
2
2
2
2
2
2
2
2
2
2
2
2
2
2
2
2
2
2
3
3
3
3
3
3
3
3
4
4
4
4
4
4
5
5
5
5
5
5
5
5
5
5
5
5
5
6
6
6
6
6
6
6
6
6
6
6
6
6
6
6
7
7
7
7
7
7
7
7
8
8
8
8
8
8
8
9
9
9
9
9
9
9
9
9
10
10
10
10
10
11
11
11
11
11
11
11
11
11
12
12
12
12
12
12
12
12
12
13
13
13
13
13
14
14
14
14
14
14
14
14
14
14
14
14
14
14
15
15
15
15
15
15
15
15
15
16
16
16
16
17
17
17
17
17
17
17
17
17
17
18
18
18
18
18
18
18
18
19
19
19
19
19
19
19
19
20
20
20
20
20
20
20
21
21
21
21
21
21
21
21
22
22
22
22
23
23
23
23
23
23
23
23
23
23
24
24
24
24
24
24
24
24
24
24
24
24
24
25
25
25
25
25
25
25
25
25
26
26
26
26
26
26
26
26
27
27
27
27
27
27
28
28
28
28
28
28
28
28
28
28
28
28
29
29
29
29
29
29
30
30
30
30
30
30
30
31
31
31
31
31
31
32
32
32
32
32
32
32
32
33
33
33
33
33
33
33
33
33
33
34
34
34
34
34
34
34
34
35
35
35
35
35
35
35
35
36
36
36
36
36
36
36
36
37
37
37
37
37
37
37
37
37
38
38
38
38
38
38
38
38
38
38
38
38
38
39
39
39
39
39
39
39
39
39
40
40
40
40
40
40
40
40
40
41
41
41
41
41
41
41
41
42
42
42
42
42
42
42
42
42
42
43
43
43
43
43
43
43
43
44
44
44
44
44
44
44
44
44
45
45
45
45
45
45
45
45
45
46
46
46
46
47
47
47
47
47
47
47
47
47
47
48
48
48
48
48
48
48
48
48
48
49
49
49
49
49
49
49
49
49
50
50
50
50
50
50
50
50
50
51
51
51
51
51
51
51
51
51
51
51
51
51
52
52
52
52
52
52
52
52
52
52
52
52
53
53
53
53
53
53
53
53
53
53
53
53
53
53
53
54
54
54
54
54
54
54
54
54
54
55
55
55
55
55
55
55
55
55
55
55
56
56
56
56
56
57
57
57
57
57
57
57
57
57
57
58
58
58
58
58
58
58
58
58
58
58
58
59
59
59
59
59
59
59
59
59
60
60
60
60
60
60
60
60
60
60
61
61
61
62
62
62
62
62
62
62
62
63
63
63
63
63
63
63
63
63
63
64
64
64
64
64
64
64
64
64
65
65
65
65
65
65
65
65
65
65
65
65
65
65
66
66
66
66
66
66
66
67
67
67
67
67
67
67
67
67
67
67
67
67
67
67
67
67
67
67
67
68
68
68
68
68
68
68
68
68
69
69
69
69
69
69
69
69
69
69
69
69
69
69
70
70
70
70
70
70
70
70
70
71
71
71
71
71
71
71
71
71
71
71
71
71
72
72
72
72
72
72
72
72
72
72
72
72
73
73
73
73
73
73
73
74
74
74
74
74
74
74
75
75
75
75
75
75
75
75
75
75
75
75
75
75
75
75
75
75
75
76
76
76
76
76
76
76
76
76
76
76
76
77
77
77
77
77
77
77
77
77
77
77
77
77
77
77
77
77
78
78
78
78
78
78
78
79
79
79
79
79
80
80
80
80
80
80
80
80
81
81
81
81
81
81
81
81
82
82
82
82
82
82
82
82
82
82
82
82
83
83
83
83
83
83
83
83
83
83
83
83
83
83
83
84
84
84
84
84
84
84
84
85
85
85
85
85
85
85
85
85
85
86
86
86
86
86
86
86
86
86
86
86
86
86
86
86
87
87
87
87
87
87
87
87
87
87
87
87
87
87
88
88
88
88
88
88
88
88
88
88
88
88
88
88
88
88
89
89
89
90
90
90
90
90
90
90
90
90
90
90
90
90
90
91
91
91
91
91
91
91
91
91
91
91
91
91
91
92
92
92
92
92
92
92
92
92
92
92
92
92
92
93
93
93
93
93
93
93
93
93
93
93
93
93
93
93
94
94
94
95
95
95
95
95
95
96
96
96
96
96
96
96
96
96
96
96
97
97
97
97
97
97
97
98
98
98
98
98
98
98
98
98
98
98
98
99
99
99
99
99
99
99
99
99
99
99
99
100
100
100
100
100
100
100
100
100
100
100
101
101
101
101
101
101
101
101
101
101
102
102
102
102
102
102
102
103
103
103
103
103
103
103
103
103
103
103
103
104
104
104
104
104
104
104
104
104
104
105
105
105
105
105
105
105
105
105
105
106
106
106
106
106
106
106
106
107
107
107
108
108
108
108
108
108
109
109
109
109
109
109
109
109
110
110
110
110
110
110
110
111
111
111
111
111
111
111
111
111
111
111
111
111
112
112
112
112
112
112
112
112
112
113
113
113
113
113
113
113
113
113
113
113
113
114
114
114
114
114
114
115
115
115
115
115
115
115
115
115
115
115
115
115
116
116
116
116
116
116
116
116
117
117
117
117
117
117
117
117
118
118
118
118
118
119
119
119
119
119
119
120
120
120
120
120
120
121
121
121
121
121
121
121
122
122
122
122
122
122
122
122
122
122
123
123
123
123
123
123
123
124
124
124
124
124
124
125
125
125
125
125
125
125
125
126
126
126
126
126
126
126
126
126
126
127
127
127
127
127
127
127
128
128
128
128
128
128
128
129
129
129
129
129
129
129
129
129
130
130
130
130
130
130
130
130
130
130
130
130
131
131
131
131
131
132
132
132
132
132
132
132
133
133
133
133
134
134
134
134
134
134
134
134
134
134
135
135
135
135
135
135
136
136
136
136
136
136
137
137
137
137
137
137
137
137
137
137
137
137
138
138
138
138
138
138
138
138
138
138
138
139
139
139
139
139
139
139
139
140
140
140
140
140
141
141
141
141
141
141
141
142
142
142
142
142
143
143
143
143
143
143
143
143
143
144
144
144
144
144
145
145
145
145
145
145
145
145
146
146
146
146
146
146
146
146
146
146
147
147
147
147
147
147
148
148
148
148
148
148
148
148
148
149
149
149
149
150
150
150
150
150
150
150
150
151
151
151
151
151
151
152
152
152
152
152
152
153
153
153
153
154
154
154
154
154
154
154
155
155
155
155
155
156
156
156
156
156
156
157
157
157
157
157
157
158
158
158
158
158
158
158
158
159
159
159
160
160
160
160
160
160
160
160
161
161
161
161
161
161
161
161
162
162
162
162
162
162
163
163
164
164
164
164
164
164
164
165
165
165
165
165
165
165
165
165
166
166
166
166
166
166
166
167
167
167
167
167
167
167
167
167
168
168
168
168
168
168
169
169
169
169
169
169
170
170
170
170
170
170
170
171
171
171
171
171
171
171
171
172
172
172
172
172
172
172
172
173
173
173
173
173
174
174
174
174
174
174
174
174
175
175
175
175
175
175
175
176
176
176
176
177
177
178
178
178
178
178
178
178
178
179
179
179
179
179
179
179
179
180
180
180
180
180
180
180
180
181
181
181
181
181
181
182
182
182
182
182
182
182
182
182
182
182
182
182
183
183
183
183
183
184
184
184
184
184
184
184
184
184
185
185
185
185
185
186
186
186
186
186
186
186
186
187
187
187
187
187
187
188
188
188
188
188
188
188
188
188
188
188
188
188
188
189
189
189
190
190
190
190
190
191
191
191
191
191
191
192
192
192
192
192
192
192
192
193
193
193
193
193
193
193
193
194
194
194
194
195
195
195
195
195
196
196
196
196
196
196
196
197
197
197
197
197
198
198
198
198
198
198
199
199
199
199
200
200
200
200
201
201
201
201
201
201
201
201
201
202
202
202
202
202
202
202
203
203
203
203
203
203
203
204
204
204
204
205
205
205
206
206
206
206
206
206
207
207
207
207
207
207
207
208
208
208
209
209
209
209
209
209
209
209
209
210
210
210
210
210
211
211
211
211
211
211
211
212
212
212
212
212
212
212
213
213
213
213
213
213
214
214
214
214
214
214
214
214
214
215
215
215
215
215
215
215
215
216
216
216
216
216
216
216
216
216
217
217
217
217
218
218
218
218
218
218
218
218
218
219
219
219
219
219
219
220
220
220
220
220
220
220
220
221
221
221
221
221
221
221
221
221
222
222
222
222
222
223
223
223
223
223
223
224
224
224
224
224
224
224
225
225
225
225
225
225
225
225
226
226
226
226
227
227
227
228
228
229
229
229
229
229
230
231
231
232
232
232
233
233
233
233
233
233
233
234
234
234
235
235
235
235
235
235
235
235
236
236
236
237
237
237
237
237
237
238
238
238
238
238
239
239
239
239
239
240
240
240
241
241
241
241
241
241
241
242
242
242
242
242
242
243
243
243
243
243
244
244
244
244
244
245
245
245
245
245
245
245
245
246
246
246
247
247
248
248
248
248
248
248
248
249
249
249
249
249
249
250
251
251
251
251
252
252
253
253
253
253
253
253
253
254
254
254
254
254
254
254
254
254
254
255
255
255
255
255
255
255
256
256
256
257
257
257
257
257
258
258
258
258
258
259
259
260
260
260
260
260
261
261
261
261
262
262
262
262
262
262
262
262
263
263
263
264
264
264
264
264
264
264
265
265
265
265
265
265
265
266
266
266
266
266
267
267
267
267
268
268
269
269
269
269
269
270
270
270
270
270
271
271
271
271
271
271
271
271
272
272
272
272
272
272
273
273
273
273
273
273
273
274
274
274
274
274
274
274
274
274
275
276
276
276
277
278
278
278
279
279
279
280
280
280
280
280
281
281
281
282
282
282
282
282
282
283
283
283
283
284
284
284
284
284
284
285
285
285
285
285
285
286
286
287
287
287
287
287
287
287
288
288
288
289
289
290
290
290
291
291
291
292
292
292
293
293
293
293
293
293
293
293
293
293
294
294
294
294
295
295
295
295
295
295
296
296
296
296
297
297
297
297
298
298
298
298
299
299
299
300
300
300
300
301
301
301
302
302
302
302
302
302
303
303
303
303
303
303
303
304
304
304
304
304
304
304
304
304
305
305
306
306
306
306
306
306
306
307
307
307
308
308
308
308
308
309
309
309
309
309
310
310
311
311
311
311
311
312
312
312
313
313
313
313
314
314
314
314
314
315
315
315
316
316
316
316
316
317
317
318
319
319
319
320
320
321
321
321
321
322
322
322
322
323
323
323
323
323
324
324
324
325
325
325
325
325
325
325
326
326
326
326
326
326
327
327
327
327
327
327
327
327
328
328
328
328
328
328
329
330
330
331
331
331
331
331
331
331
332
332
332
333
333
333
334
334
334
334
334
335
335
335
335
335
336
336
337
337
337
337
337
338
338
338
338
339
339
339
339
339
339
340
340
340
341
342
342
342
342
342
344
344
344
344
344
344
344
344
344
345
345
345
346
346
346
346
347
347
347
347
348
348
348
348
349
349
349
349
349
349
350
350
350
350
350
351
351
353
353
354
354
354
355
355
355
355
355
356
356
356
356
356
356
356
357
357
357
357
357
358
358
358
358
359
359
360
361
361
362
362
362
362
363
364
364
364
365
365
365
365
365
365
366
366
366
366
366
367
367
367
368
368
368
368
369
369
369
370
370
370
370
371
371
372
372
373
373
373
374
374
375
375
375
375
376
376
376
376
376
376
377
377
378
378
379
379
380
381
381
382
382
382
384
384
384
385
385
385
386
386
386
386
387
387
387
388
388
388
388
388
388
389
389
389
390
390
390
390
391
391
391
391
391
391
392
392
393
393
394
394
395
395
395
395
396
396
397
397
397
397
398
399
399
399
400
400
400
400
401
401
401
401
401
402
402
402
403
404
404
404
404
405
405
405
405
405
406
406
406
408
408
409
409
409
409
409
410
411
412
412
412
413
413
414
414
414
414
415
415
415
416
416
417
417
417
417
417
418
418
419
420
420
421
421
421
421
421
421
422
422
422
422
423
423
423
423
424
424
425
426
426
427
427
427
428
428
428
429
430
430
431
431
432
432
432
432
433
433
433
433
434
434
434
434
434
435
435
435
435
436
436
437
437
437
437
437
439
439
439
439
440
440
440
441
441
441
441
441
441
443
444
445
445
445
446
447
447
447
447
448
448
449
449
449
450
450
451
451
452
453
454
454
454
455
455
456
456
457
457
457
457
457
457
457
458
459
459
459
460
460
460
460
461
461
461
461
462
462
462
462
462
463
463
463
463
464
464
464
464
465
465
465
466
466
467
467
467
468
468
468
468
468
468
468
469
469
469
469
470
470
471
471
471
471
471
471
471
472
472
472
472
473
474
474
474
474
474
475
475
475
476
476
476
476
477
478
479
479
479
480
480
480
481
481
482
482
483
484
484
485
485
485
486
486
486
486
487
487
488
488
488
488
488
488
488
489
490
490
490
491
491
491
491
491
491
491
492
492
493
493
493
494
494
494
494
495
495
495
495
496
497
497
498
498
499
499
499
499
499
499
499
500
500
500
500
500
500
501
501
501
501
502
502
502
504
504
504
505
505
505
506
506
506
506
506
507
507
507
508
508
509
509
509
509
509
509
510
510
510
510
511
511
512
512
512
513
513
514
514
514
515
515
515
516
516
516
517
517
517
517
517
517
518
518
518
520
520
520
521
521
521
521
521
521
522
522
523
523
523
523
523
523
524
524
524
524
525
525
525
526
527
527
527
527
527
528
528
528
528
529
529
529
529
529
530
530
530
530
531
531
531
531
532
532
532
532
532
532
533
533
533
534
534
534
534
535
535
535
535
535
535
535
535
535
536
536
537
537
537
537
538
538
538
538
538
538
539
540
540
540
541
541
542
542
542
542
543
543
543
545
545
545
545
545
545
546
546
546
547
547
547
548
548
548
548
548
548
549
549
550
550
550
550
550
550
550
550
551
551
552
552
553
553
553
554
554
554
554
554
555
555
555
556
556
557
557
557
558
558
558
559
559
559
559
559
560
560
560
560
560
561
561
561
561
562
562
562
562
563
563
564
564
564
564
564
564
564
564
565
565
565
565
565
566
566
567
567
567
567
567
567
567
567
568
568
568
569
569
569
570
570
570
570
571
571
571
571
572
572
572
573
574
574
574
574
575
575
575
575
575
575
575
576
576
576
577
577
577
578
578
579
579
580
580
581
582
582
583
583
583
584
584
584
584
584
585
586
586
586
586
586
588
588
588
588
589
589
589
590
590
591
591
591
592
592
592
593
593
594
595
595
595
596
596
596
597
597
597
597
597
597
597
598
598
598
598
598
599
599
599
600
601
601
602
602
602
604
604
604
604
604
604
605
605
605
605
606
606
607
607
607
607
607
608
608
608
608
609
609
610
610
610
610
610
610
610
611
611
611
611
612
612
612
612
612
613
613
614
615
615
615
615
615
615
616
616
616
617
617
617
618
618
618
619
619
619
619
620
620
621
621
621
622
622
622
622
622
622
622
623
623
624
624
625
625
626
626
627
627
627
627
627
628
629
629
629
630
630
630
631
631
631
631
632
633
633
634
634
634
634
635
635
636
636
636
637
637
637
638
638
638
639
639
639
639
640
640
640
640
641
642
642
642
643
645
645
646
646
646
647
647
647
647
647
648
648
648
649
650
650
650
650
650
650
651
651
651
651
652
653
653
653
653
653
653
653
653
653
654
654
654
654
655
656
656
657
657
657
658
659
660
661
661
662
662
662
662
662
663
663
663
663
663
664
664
665
665
665
665
666
666
667
667
667
668
668
669
671
671
672
673
673
673
674
675
675
675
675
675
675
676
677
678
678
678
679
679
680
680
680
680
680
680
680
680
680
681
681
681
682
682
682
682
682
682
683
683
683
683
683
683
683
685
685
686
686
686
687
688
688
688
688
689
689
689
690
690
690
690
691
691
691
692
692
692
692
693
693
694
694
696
697
697
697
697
697
698
699
699
699
700
700
701
701
701
701
701
702
702
702
702
702
703
703
704
704
704
704
704
705
705
705
706
706
706
706
707
707
708
708
708
708
709
709
709
709
709
710
710
711
712
712
712
713
713
713
713
714
714
714
715
715
716
716
717
717
717
717
718
718
719
720
720
720
720
721
721
722
723
723
724
725
725
725
725
726
726
727
727
728
729
729
730
730
730
730
730
730
731
731
732
732
732
732
733
733
733
733
733
734
735
735
735
736
736
738
738
739
740
740
740
740
741
741
741
742
742
742
743
743
743
743
743
744
744
744
745
745
745
746
746
746
748
748
749
749
750
751
751
752
752
752
752
752
753
754
754
754
756
756
757
757
758
758
758
759
759
759
760
760
760
760
761
761
761
761
762
763
763
763
764
765
765
766
766
766
767
767
768
768
768
768
768
769
769
769
769
769
769
770
770
770
771
771
772
772
772
773
773
774
774
774
775
775
776
776
776
777
777
777
777
778
779
779
780
780
780
781
781
782
782
783
784
785
786
786
786
786
787
787
788
788
789
790
791
791
791
792
792
792
793
793
793
793
793
793
794
794
796
797
797
797
798
798
798
799
799
799
800
801
801
802
802
803
803
803
804
804
804
804
804
805
805
805
806
807
807
808
809
809
809
810
810
810
810
811
812
813
814
815
815
815
816
816
817
817
817
817
818
819
819
819
821
821
822
822
823
823
824
824
824
825
825
825
825
826
826
826
827
827
827
828
828
828
828
829
829
830
830
831
831
832
832
832
832
833
833
833
834
834
836
836
836
836
836
837
837
837
837
838
838
838
838
838
839
839
839
839
840
840
840
840
841
841
842
842
842
842
843
843
843
843
843
844
844
844
844
844
845
845
845
845
845
845
845
845
846
847
847
848
848
848
849
849
849
850
850
850
851
851
852
852
852
853
853
854
854
854
854
855
855
855
856
856
856
856
856
856
857
857
859
859
859
859
860
860
860
861
861
861
861
861
862
863
863
863
863
863
863
864
864
865
865
866
866
867
867
867
867
867
867
867
869
869
869
869
870
871
871
872
872
872
873
873
874
874
875
875
875
875
878
878
879
879
879
879
882
882
882
883
883
883
884
885
885
885
885
887
887
887
887
889
890
891
891
891
891
892
892
892
892
893
893
894
894
894
895
895
895
895
895
896
896
896
897
897
897
897
898
898
898
899
899
899
899
899
899
899
900
900
901
902
902
902
902
903
903
903
904
904
905
907
907
907
909
909
909
910
910
910
910
910
912
912
913
913
913
913
913
914
915
915
915
916
916
916
917
917
918
919
919
919
919
919
919
919
920
920
920
921
921
922
922
922
922
923
923
924
924
924
924
925
926
926
926
926
927
927
927
927
927
927
928
928
928
929
929
929
929
930
931
932
932
932
932
933
933
933
933
933
934
934
934
934
935
935
935
936
936
936
936
936
937
939
940
940
940
941
941
941
942
942
942
942
943
943
943
944
944
944
944
945
945
945
946
946
946
946
947
947
947
947
948
948
948
948
948
948
949
949
949
950
950
950
951
951
953
953
954
954
954
954
955
955
956
956
956
956
956
957
958
958
958
958
958
959
959
960
960
960
960
960
961
961
961
962
962
963
963
964
964
965
966
967
967
967
968
968
968
968
968
969
969
969
969
970
970
971
971
972
972
972
972
973
974
975
975
975
977
977
978
978
979
979
980
980
980
980
981
981
982
982
983
983
984
984
984
984
985
985
985
986
988
988
989
989
989
990
990
990
991
992
993
993
994
995
995
995
996
996
996
996
997
997
998
998
998
999
999
999
1000
1001
1001
1002
1002
1002
1002
1003
1003
1003
1003
1003
1003
1004
1006
1007
1007
1007
1007
1008
1008
1009
1009
1011
1012
1012
1013
1013
1013
1014
1014
1014
1014
1015
1016
1016
1017
1017
1018
1018
1019
1019
1020
1021
1022
1022
1023
1023
1023
1023
1023
1024
1024
1024
1024
1024
1025
1025
1025
1026
1026
1026
1026
1026
1027
1027
1027
1028
1030
1030
1031
1031
1032
1032
1033
1033
1033
1034
1034
1034
1034
1034
1034
1035
1035
1036
1037
1037
1038
1038
1038
1039
1039
1040
1040
1040
1040
1041
1041
1042
1043
1043
1043
1044
1044
1044
1044
1045
1047
1047
1048
1048
1048
1048
1049
1049
1049
1049
1050
1050
1050
1050
1050
1051
1051
1051
1052
1052
1052
1053
1054
1054
1054
1054
1054
1055
1055
1056
1056
1057
1057
1058
1058
1059
1059
1059
1060
1061
1061
1061
1062
1062
1062
1062
1062
1063
1063
1063
1063
1064
1064
1065
1066
1066
1067
1067
1067
1068
1069
1069
1069
1069
1070
1071
1071
1072
1073
1073
1074
1074
1074
1075
1075
1075
1075
1078
1078
1078
1079
1079
1080
1080
1081
1081
1081
1082
1082
1083
1083
1083
1084
1084
1084
1084
1085
1087
1088
1089
1090
1090
1091
1091
1091
1091
1091
1091
1092
1092
1093
1093
1093
1093
1094
1094
1094
1095
1095
1096
1096
1096
1097
1097
1097
1098
1098
1098
1099
1101
1101
1101
1101
1101
1102
1103
1103
1105
1105
1106
1106
1106
1106
1106
1106
1107
1107
1107
1108
1108
1109
1109
1109
1110
1110
1110
1112
1112
1113
1114
1114
1114
1114
1115
1116
1116
1116
1117
1117
1117
1117
1118
1118
1118
1119
1119
1119
1119
1120
1121
1121
1121
1121
1121
1122
1122
1122
1122
1122
1123
1123
1123
1124
1124
1124
1124
1124
1125
1125
1125
1126
1127
1127
1127
1128
1128
1128
1129
1129
1129
1129
1129
1130
1130
1130
1131
1131
1131
1132
1133
1134
1134
1134
1134
1135
1135
1136
1136
1136
1137
1137
1137
1138
1139
1139
1140
1140
1141
1142
1142
1142
1142
1143
1143
1143
1144
1144
1144
1145
1145
1146
1146
1146
1146
1146
1146
1147
1147
1147
1147
1148
1148
1148
1148
1148
1148
1149
1149
1149
1149
1149
1150
1151
1151
1152
1152
1152
1152
1153
1153
1153
1154
1154
1154
1154
1154
1154
1154
1155
1155
1155
1156
1157
1158
1158
1159
1159
1159
1160
1161
1161
1161
1161
1161
1162
1162
1162
1162
1163
1164
1164
1165
1165
1165
1166
1166
1166
1167
1168
1168
1168
1169
1170
1170
1170
1170
1171
1172
1173
1173
1174
1174
1174
1174
1174
1174
1175
1175
1175
1176
1176
1177
1177
1177
1178
1178
1178
1178
1178
1179
1179
1179
1179
1180
1181
1181
1181
1181
1181
1182
1182
1182
1182
1182
1182
1183
1183
1184
1184
1184
1185
1185
1186
1187
1187
1187
1187
1187
1188
1189
1189
1190
1190
1191
1191
1191
1191
1192
1192
1192
1192
1192
1193
1193
1194
1195
1195
1195
1196
1197
1197
1198
1198
1199
1200
1200
1200
1200
1200
1201
1201
1201
1202
1202
1203
1203
1203
1204
1205
1205
1205
1205
1205
1206
1206
1206
1206
1207
1207
1207
1207
1207
1207
1207
1207
1208
1209
1210
1210
1211
1211
1213
1213
1213
1215
1216
1217
1217
1217
1217
1218
1218
1219
1219
1220
1220
1220
1220
1221
1221
1221
1221
1221
1222
1222
1222
1222
1222
1223
1224
1224
1225
1225
1226
1228
1229
1229
1230
1230
1231
1231
1231
1231
1232
1232
1233
1233
1234
1234
1234
1236
1236
1236
1236
1237
1237
1238
1238
1239
1240
1240
1240
1240
1240
1240
1241
1241
1241
1241
1241
1242
1242
1242
1242
1243
1243
1243
1244
1244
1245
1246
1247
1247
1248
1248
1249
1250
1251
1251
1251
1251
1252
1252
1252
1252
1253
1253
1254
1255
1255
1256
1256
1257
1257
1257
1258
1258
1258
1259
1260
1260
1261
1261
1261
1261
1262
1262
1263
1263
1263
1264
1264
1265
1265
1267
1268
1268
1268
1269
1269
1270
1270
1271
1271
1271
1271
1271
1272
1272
1273
1273
1273
1273
1274
1275
1275
1275
1276
1277
1277
1277
1278
1278
1278
1279
1279
1279
1280
1281
1281
1281
1282
1282
1282
1283
1283
1284
1286
1286
1287
1287
1287
1287
1288
1288
1289
1290
1290
1291
1291
1292
1292
1292
1293
1293
1293
1294
1295
1296
1297
1297
1297
1297
1297
1297
1297
1297
1298
1298
1299
1299
1299
1300
1300
1300
1302
1302
1303
1303
1303
1304
1304
1305
1306
1306
1306
1306
1306
1307
1307
1308
1308
1308
1309
1309
1309
1310
1311
1311
1311
1312
1312
1313
1313
1314
1314
1314
1314
1314
1315
1315
1316
1316
1316
1316
1316
1317
1318
1318
1318
1318
1319
1320
1320
1320
1321
1323
1324
1324
1324
1325
1325
1325
1326
1328
1328
1328
1329
1329
1329
1329
1329
1330
1330
1330
1330
1330
1331
1332
1334
1335
1336
1336
1337
1337
1338
1338
1338
1339
1339
1339
1339
1339
1339
1340
1340
1340
1340
1340
1340
1341
1341
1342
1343
1343
1344
1345
1345
1346
1346
1346
1346
1347
1348
1348
1348
1349
1349
1349
1349
1349
1351
1351
1352
1352
1353
1354
1354
1354
1355
1357
1357
1357
1357
1357
1357
1357
1358
1358
1358
1359
1359
1360
1360
1361
1361
1362
1363
1363
1363
1366
1366
1367
1367
1368
1369
1369
1370
1371
1371
1371
1371
1371
1372
1373
1373
1373
1373
1373
1374
1375
1375
1376
1377
1377
1377
1377
1378
1379
1379
1379
1380
1381
1382
1382
1383
1383
1384
1385
1385
1386
1386
1386
1386
1386
1386
1387
1388
1388
1389
1390
1390
1390
1391
1391
1391
1392
1392
1393
1395
1395
1396
1396
1396
1396
1396
1397
1398
1398
1399
1399
1399
1402
1402
1402
1402
1403
1404
1404
1404
1405
1405
1406
1406
1406
1406
1408
1408
1408
1409
1410
1410
1411
1411
1412
1412
1412
1412
1413
1413
1413
1413
1413
1414
1416
1416
1417
1417
1417
1417
1417
1418
1419
1419
1420
1421
1421
1422
1423
1423
1424
1424
1424
1425
1425
1426
1426
1426
1428
1429
1429
1430
1430
1431
1432
1433
1433
1434
1435
1435
1435
1435
1436
1436
1436
1437
1437
1438
1439
1439
1440
1440
1440
1440
1441
1441
1442
1442
1442
1444
1445
1445
1446
1447
1448
1448
1448
1448
1448
1448
1449
1449
1449
1450
1450
1451
1452
1453
1454
1454
1455
1455
1455
1457
1457
1457
1457
1457
1458
1458
1458
1460
1461
1461
1461
1461
1462
1462
1462
1462
1463
1464
1464
1465
1465
1466
1466
1467
1468
1468
1469
1469
1470
1470
1471
1471
1471
1472
1472
1472
1473
1473
1474
1474
1474
1474
1476
1476
1476
1476
1477
1477
1477
1478
1478
1478
1479
1480
1480
1481
1481
1481
1481
1481
1481
1483
1483
1483
1484
1484
1486
1486
1487
1488
1488
1489
1491
1493
1494
1494
1495
1495
1495
1495
1495
1496
1497
1497
1497
1498
1498
1498
1500
1502
1502
1503
1503
1505
1505
1505
1505
1506
1506
1508
1509
1509
1510
1511
1511
1511
1513
1513
1513
1514
1514
1514
1514
1515
1515
1516
1516
1517
1518
1518
1518
1518
1518
1520
1521
1521
1521
1522
1523
1523
1523
1524
1525
1526
1526
1526
1527
1529
1531
1531
1531
1532
1532
1532
1533
1533
1533
1534
1534
1534
1535
1535
1535
1535
1535
1536
1536
1536
1537
1538
1538
1539
1540
1541
1543
1544
1544
1544
1544
1545
1546
1546
1547
1547
1547
1547
1548
1548
1549
1550
1550
1552
1552
1552
1553
1553
1554
1555
1555
1555
1556
1557
1557
1557
1558
1559
1559
1561
1561
1561
1562
1563
1563
1564
1564
1564
1564
1565
1566
1566
1566
1567
1567
1568
1568
1568
1569
1569
1571
1571
1571
1572
1572
1572
1572
1572
1573
1573
1573
1574
1574
1576
1577
1577
1577
1578
1578
1578
1580
1582
1582
1583
1584
1584
1585
1586
1586
1587
1587
1589
1590
1591
1591
1591
1592
1592
1593
1593
1594
1594
1595
1595
1596
1597
1597
1598
1598
1598
1599
1599
1602
1603
1604
1605
1605
1605
1607
1608
1609
1610
1610
1610
1610
1611
1611
1611
1612
1612
1612
1612
1613
1616
1616
1616
1616
1616
1617
1618
1618
1619
1619
1619
1619
1620
1620
1620
1620
1620
1621
1621
1621
1621
1622
1622
1623
1623
1623
1624
1624
1624
1624
1624
1624
1624
1625
1626
1627
1628
1628
1630
1631
1631
1631
1631
1631
1631
1632
1633
1633
1633
1634
1634
1635
1636
1636
1637
1638
1638
1638
1639
1639
1640
1640
1641
1641
1643
1644
1644
1644
1644
1644
1645
1646
1647
1649
1651
1652
1653
1655
1657
1659
1659
1659
1659
1660
1661
1661
1661
1663
1663
1663
1663
1663
1664
1664
1664
1665
1666
1666
1666
1667
1669
1670
1671
1671
1672
1672
1672
1672
1672
1673
1674
1675
1675
1676
1676
1677
1677
1677
1678
1678
1679
1679
1680
1680
1680
1681
1681
1681
1681
1682
1682
1682
1683
1684
1684
1684
1684
1685
1686
1687
1687
1687
1687
1688
1688
1688
1689
1689
1691
1692
1693
1693
1694
1694
1695
1696
1696
1697
1697
1698
1701
1702
1703
1703
1703
1705
1705
1706
1706
1707
1707
1708
1709
1709
1710
1710
1710
1711
1711
1712
1713
1713
1713
1713
1714
1714
1715
1715
1715
1716
1716
1716
1717
1717
1717
1717
1718
1718
1718
1718
1719
1719
1721
1721
1721
1722
1724
1724
1724
1724
1724
1725
1725
1725
1726
1727
1727
1728
1728
1728
1729
1730
1730
1731
1731
1731
1732
1732
1732
1733
1734
1735
1736
1736
1737
1737
1738
1738
1738
1739
1739
1739
1740
1740
1741
1741
1741
1742
1742
1742
1742
1744
1744
1745
1746
1746
1747
1747
1747
1747
1747
1749
1749
1749
1749
1750
1751
1752
1752
1752
1752
1753
1753
1754
1754
1755
1755
1755
1756
1757
1758
1759
1759
1759
1759
1759
1760
1761
1761
1761
1762
1763
1764
1765
1766
1766
1767
1767
1767
1767
1767
1768
1768
1768
1769
1770
1771
1771
1771
1773
1773
1775
1777
1777
1777
1777
1777
1779
1780
1780
1780
1780
1780
1780
1780
1780
1781
1781
1782
1782
1782
1782
1783
1783
1783
1784
1784
1784
1785
1785
1786
1787
1788
1789
1789
1789
1790
1790
1792
1793
1794
1794
1795
1795
1795
1796
1796
1797
1797
1797
1798
1798
1798
1798
1799
1799
1800
1800
1800
1801
1801
1801
1801
1801
1802
1802
1802
1803
1803
1804
1805
1806
1808
1809
1809
1809
1809
1810
1810
1812
1814
1814
1814
1815
1815
1815
1815
1816
1816
1817
1818
1818
1819
1819
1819
1820
1821
1821
1822
1823
1823
1823
1823
1823
1824
1824
1825
1826
1826
1828
1828
1828
1828
1829
1829
1829
1829
1829
1830
1830
1830
1830
1832
1832
1833
1833
1834
1834
1835
1835
1835
1836
1837
1837
1837
1837
1838
1838
1838
1838
1839
1839
1839
1840
1841
1841
1841
1842
1842
1842
1843
1843
1844
1844
1844
1845
1845
1846
1846
1846
1846
1847
1848
1848
1848
1849
1849
1850
1850
1850
1850
1850
1851
1851
1851
1852
1853
1854
1854
1855
1855
1855
1856
1857
1857
1857
1857
1858
1859
1860
1862
1862
1862
1862
1862
1862
1863
1863
1865
1865
1865
1865
1865
1866
1867
1867
1867
1868
1868
1868
1868
1869
1869
1870
1872
1872
1872
1874
1874
1876
1876
1878
1878
1879
1879
1880
1880
1880
1881
1881
1882
1882
1882
1883
1883
1883
1883
1883
1884
1884
1884
1885
1885
1885
1885
1885
1886
1887
1888
1888
1888
1889
1889
1889
1889
1889
1890
1890
1892
1892
1893
1893
1893
1895
1895
1895
1895
1895
1896
1896
1896
1897
1897
1897
1897
1897
1899
1899
1899
1900
1901
1902
1903
1903
1903
1903
1904
1904
1904
1906
1906
1907
1908
1908
1909
1910
1911
1911
1912
1912
1912
1912
1912
1913
1913
1913
1914
1915
1915
1916
1916
1916
1917
1917
1917
1918
1918
1919
1919
1920
1921
1921
1922
1922
1922
1922
1922
1924
1924
1924
1924
1925
1925
1925
1925
1926
1926
1927
1927
1927
1927
1927
1928
1928
1928
1929
1929
1930
1930
1930
1930
1930
1931
1931
1931
1932
1932
1932
1932
1933
1933
1934
1934
1934
1934
1935
1935
1935
1936
1936
1936
1936
1938
1938
1938
1939
1939
1939
1939
1939
1939
1940
1940
1940
1941
1941
1941
1941
1942
1943
1944
1944
1945
1945
1945
1945
1946
1946
1947
1948
1948
1949
1950
1950
1950
1951
1951
1952
1953
1953
1954
1954
1955
1955
1955
1956
1956
1957
1957
1957
1958
1958
1958
1958
1959
1959
1960
1963
1964
1964
1964
1964
1966
1966
1966
1967
1967
1967
1969
1970
1970
1971
1971
1972
1972
1972
1973
1973
1974
1974
1975
1976
1976
1976
1977
1977
1978
1978
1978
1979
1981
1981
1981
1981
1981
1982
1983
1983
1983
1984
1984
1985
1986
1986
1986
1986
1987
1987
1987
1989
1989
1989
1990
1991
1992
1992
1992
1992
1993
1993
1994
1994
1994
1994
1995
1997
1997
1997
1999
2000
2000
2000
2000
2181
2369
2419
2660
2924
3479
3507
3652
3682
