Primero viene la cantidad (n) de timestamps para ambos, luego n líneas que son un timestamp aproximado cada uno separado por una coma (',') del error, y luego n lineas de las transacciones del sospechoso
7000
1514,439
380,275
1088,705
1733,118
1082,804
329,285
547,510
1015,917
494,465
586,563
1058,636
940,469
733,441
949,694
1211,447
1787,177
1010,518
966,782
673,566
1508,462
881,846
752,487
355,285
468,443
1000,745
1482,155
335,323
820,795
917,679
713,598
872,209
1386,606
984,544
767,358
1018,387
1120,815
1279,604
489,455
1550,188
560,531
626,430
1222,457
1030,606
1274,299
1104,742
841,110
701,614
652,527
1287,626
1259,547
731,360
1463,370
1060,907
1366,347
1092,482
809,513
928,153
475,348
862,128
981,828
1654,158
999,972
1492,241
918,849
696,510
1478,498
667,550
833,528
986,426
1326,648
1272,459
245,176
358,282
1303,688
1019,287
1539,453
833,469
1270,524
1177,747
819,679
1083,568
835,606
252,192
1056,741
1331,658
1501,376
766,651
919,127
638,428
928,789
995,876
1436,320
1155,802
344,303
1128,729
1470,526
1056,428
713,508
1130,687
1023,836
883,414
1563,305
1005,991
814,476
957,903
468,445
934,607
1252,446
261,219
1663,273
1059,901
852,684
424,344
1105,435
624,400
657,416
876,831
464,47
1096,779
262,52
291,271
1711,184
190,158
1623,266
1820,156
783,515
1117,648
829,806
1344,630
1176,493
958,747
1297,584
796,658
756,744
1154,779
770,347
1264,730
1289,478
1850,135
1105,235
1472,515
978,900
975,843
739,382
853,719
1630,274
449,419
937,894
694,684
1342,435
773,722
921,167
305,65
1068,827
533,308
1080,498
410,371
1155,799
1112,888
144,104
651,600
907,876
1075,510
981,673
1508,368
1154,794
1200,621
904,85
794,526
1675,87
805,603
982,800
916,406
865,83
743,331
1424,360
1354,362
1357,328
386,83
666,637
882,497
1677,239
425,418
1010,507
898,707
761,687
250,217
1575,352
648,236
1590,375
730,699
780,526
911,597
822,550
155,119
868,845
841,558
871,799
1376,379
899,898
1038,860
946,565
1525,467
1278,144
567,532
738,572
1107,862
1410,406
304,239
1135,621
1101,869
1333,654
1361,514
896,525
1002,747
1423,538
1103,596
923,681
1066,815
461,286
481,466
316,265
423,364
1082,484
553,504
1432,514
830,687
1165,821
835,391
1082,775
1003,348
1032,238
1342,588
1067,916
952,275
879,877
1058,743
1391,355
700,477
822,690
1102,804
263,240
675,339
851,553
1289,87
548,502
972,914
1073,413
1130,745
376,307
343,157
1715,277
431,127
1428,346
1265,649
727,449
1107,649
1268,732
1282,581
752,736
874,689
299,253
1018,621
1209,686
1631,142
1096,217
419,379
949,579
884,440
1257,698
643,480
908,901
575,385
906,560
1155,289
932,706
1274,579
1224,675
1069,914
1733,217
1425,336
1672,328
1468,202
867,741
1332,633
1544,401
1338,623
625,496
993,424
809,707
1503,410
994,637
863,635
1203,682
734,619
901,409
662,419
1088,884
909,520
1090,606
1028,736
733,316
1134,378
534,436
1330,541
749,742
801,527
258,83
1422,399
725,345
1523,466
935,615
555,439
1545,397
875,743
938,737
1101,91
1070,540
926,29
781,440
1341,599
909,444
1098,819
1082,355
1009,989
1020,664
610,572
1116,722
1043,458
1426,468
1482,496
1028,857
1010,979
681,483
205,159
1185,714
1147,406
543,217
1383,608
530,472
913,688
1269,269
1095,873
1220,263
1042,321
796,655
1042,625
1168,431
538,241
608,582
559,530
1423,360
526,70
1319,679
1690,292
1154,330
456,247
990,581
1068,544
1424,444
545,210
934,856
1118,500
468,464
393,155
1130,836
1197,768
530,517
1440,440
1668,116
1123,808
1839,72
1007,881
1026,939
341,280
1384,564
1240,608
1161,414
1449,464
1004,869
613,536
836,695
1610,349
744,339
1116,578
1272,504
820,819
678,635
1171,745
944,760
1196,657
1401,577
921,802
750,293
1444,173
886,867
378,284
935,297
1464,432
1068,661
1513,358
434,247
789,732
1018,731
856,508
1012,951
1706,288
728,585
1168,636
995,748
568,567
684,411
162,89
1354,464
1247,618
508,119
883,805
1047,858
1096,344
993,716
755,732
1308,168
895,888
1350,215
707,488
103,93
1022,965
830,433
347,303
1031,917
653,177
671,127
961,598
896,802
925,159
355,220
1505,277
746,395
765,656
714,408
1378,490
1425,492
1064,885
971,744
814,768
540,361
1514,409
807,675
571,552
1524,180
1464,416
994,536
631,535
921,762
1467,468
608,85
646,402
930,269
1207,171
727,701
1732,263
808,762
1366,539
1334,412
1004,330
358,353
607,504
801,609
1037,925
1389,232
570,111
1214,729
1380,487
954,615
1308,625
375,252
719,496
1083,613
1427,246
1131,690
280,101
802,545
813,720
1118,877
1253,603
428,69
1024,741
463,334
1345,654
1314,566
628,435
737,628
1833,99
858,603
1491,441
1068,820
536,414
1582,161
984,958
982,933
1482,466
1192,65
869,855
512,388
701,455
1537,459
1331,559
926,817
608,517
1838,41
237,230
1182,315
1212,369
1075,873
1092,780
499,258
906,563
1123,823
1486,469
1846,126
894,858
563,420
616,562
1243,730
530,335
1161,106
1447,373
1071,516
602,322
1487,393
359,349
883,867
905,746
445,345
944,740
799,678
1038,936
924,499
1533,420
1632,312
847,691
1074,889
896,883
1112,850
1197,786
867,695
1079,914
1336,268
783,585
301,258
883,816
1621,308
998,875
1108,36
1026,419
878,866
1179,423
1271,266
1052,843
844,681
1016,689
998,779
693,437
583,272
1474,318
831,671
787,713
1207,609
279,193
712,464
1031,894
1107,655
992,192
857,819
976,395
201,178
398,359
1242,736
708,590
837,837
1097,528
1382,390
1252,581
1328,285
1139,709
598,478
1252,659
1064,212
1388,316
1056,878
865,740
1092,868
256,49
1274,200
974,920
1260,598
257,230
1172,546
565,490
1038,942
810,350
1230,758
1388,559
464,383
1322,583
464,427
566,225
667,618
742,608
852,825
1406,496
1577,372
1741,162
515,443
714,552
62,61
757,755
1231,685
955,371
1285,684
823,816
891,744
429,424
1068,854
1374,77
668,607
1056,405
1408,359
679,61
1642,334
1338,612
164,160
1123,69
962,951
756,585
1034,508
1226,458
1310,464
994,560
1252,700
1636,260
704,118
568,465
1031,728
1191,604
1058,856
1416,469
982,237
477,319
1207,581
1294,512
1099,876
1427,425
937,836
755,476
981,747
1479,512
1389,308
432,420
610,482
842,736
789,278
1042,875
360,314
999,997
1047,755
1283,256
1573,294
711,708
311,165
1288,660
253,119
871,831
735,705
580,322
1105,797
1445,408
1644,300
1003,626
1399,446
1382,515
1484,301
1028,585
1116,744
997,577
568,245
672,564
1108,579
1168,695
1156,759
240,115
858,230
923,664
1642,211
1599,147
1047,324
928,842
1126,777
363,289
1336,383
1103,401
763,129
792,339
1285,179
1881,86
1137,419
827,658
1401,542
1049,510
1517,477
1217,594
930,524
1359,494
1029,431
1157,744
419,114
713,594
649,365
1507,78
809,682
339,201
1411,564
1161,428
1206,519
1348,498
1036,491
369,248
1103,840
1243,752
992,463
1133,828
635,464
721,264
1069,848
1613,353
1027,344
1246,570
913,839
598,558
1742,80
1077,801
1441,330
976,894
910,636
803,712
854,601
665,475
819,607
449,414
634,497
804,615
562,548
1177,345
1022,836
984,694
885,561
1468,484
1344,634
452,410
1688,292
1304,549
1084,749
606,407
1503,171
923,852
1139,834
1489,105
1465,414
1768,111
827,788
1042,621
1034,693
789,729
1458,492
101,62
1480,419
1017,704
964,927
644,601
1261,284
1279,718
294,249
540,439
566,501
791,418
927,771
781,617
1246,620
864,859
1298,545
1039,937
388,341
1135,592
1446,475
1224,385
548,503
1198,716
1521,474
1458,478
404,270
1024,469
1351,629
1097,813
205,135
496,287
1323,251
1451,113
1408,502
393,153
1045,255
797,619
1278,484
917,786
981,976
1286,501
1172,815
479,479
1070,812
1142,793
1323,443
432,404
1182,762
596,112
974,894
871,618
1507,438
956,952
934,626
845,749
1777,220
1045,795
1215,653
236,191
890,703
999,879
990,649
718,690
545,263
993,929
1160,454
1401,573
1028,737
852,823
496,318
1041,930
1080,384
828,647
1204,548
1111,888
820,90
656,536
1086,749
1075,774
485,197
1228,643
1049,695
1035,447
1885,31
1040,918
946,564
202,158
1153,816
224,213
990,351
496,456
688,550
487,324
1466,434
1080,894
1002,875
684,220
893,892
1261,211
1640,333
1178,206
940,526
1152,663
370,287
908,872
308,153
1145,293
1328,554
986,543
1103,315
886,796
1198,527
448,215
708,661
1766,83
759,722
1570,393
496,184
563,292
1533,334
1283,430
1659,311
824,739
1419,550
796,651
1323,639
805,773
1049,551
1496,351
286,189
1495,370
605,526
537,529
1106,396
1152,718
1005,577
1439,339
651,599
769,561
1143,693
1042,714
772,772
1590,392
1070,891
520,474
1013,922
1314,99
1028,931
929,718
926,363
1311,470
1103,340
937,546
1360,627
953,916
594,389
161,83
1102,330
1065,596
490,389
1516,483
1006,973
956,918
1172,579
1722,258
1211,394
249,87
251,223
1044,905
1278,194
1250,726
740,612
1541,365
862,567
937,932
1715,148
1920,48
566,336
1022,845
1227,537
1299,381
1533,466
1105,744
1307,503
933,438
917,239
701,581
1070,792
1317,368
1123,80
667,47
1252,673
1127,760
912,196
1094,451
1012,797
982,641
1429,456
1115,315
1703,91
876,609
1430,186
773,563
1180,284
1722,153
1636,346
1221,705
1677,124
165,132
1645,257
970,144
445,417
957,381
1090,716
443,193
826,524
1183,804
956,503
1463,363
553,129
1182,778
1516,318
998,989
1082,781
1163,797
1329,534
748,471
875,685
836,655
904,611
427,381
993,592
1191,707
1138,827
1387,551
1500,346
696,436
1183,754
1254,597
1098,897
1027,867
1356,526
802,242
1075,887
884,520
1493,312
859,775
951,861
950,829
655,298
863,776
1258,420
1184,707
474,135
1303,599
1279,109
1652,241
1155,561
1435,562
843,673
1638,240
865,756
1094,361
767,573
970,562
604,549
1585,122
547,32
1397,561
1477,225
341,270
1727,215
862,543
669,620
545,331
814,455
932,908
330,278
1601,263
356,343
1148,336
267,36
848,640
402,369
854,797
419,259
1231,623
940,923
699,693
526,159
1281,665
789,551
512,370
358,330
1128,597
634,499
1142,522
1386,140
1358,259
176,160
261,244
991,978
1394,527
1543,125
321,282
1012,545
774,519
981,843
1063,453
1651,297
1264,576
1134,791
884,621
956,781
665,503
687,465
899,891
730,412
860,859
1126,696
1125,832
577,234
737,477
1355,643
502,480
307,283
444,414
1023,311
1469,203
1416,208
580,306
705,493
1014,959
1508,309
1387,539
1184,605
943,118
1079,831
503,456
844,218
409,224
823,467
1502,373
749,748
1016,669
1548,205
1048,920
828,248
1462,448
1180,608
1233,328
782,518
841,619
842,680
1226,561
1451,529
1140,857
1113,641
165,108
669,551
1451,524
1214,728
684,611
977,850
716,248
1211,725
1791,208
1002,750
829,419
544,305
753,572
366,238
190,143
507,422
469,385
856,526
791,647
336,299
1144,570
720,712
1026,846
829,528
980,868
903,864
970,488
1277,610
806,780
1808,179
1660,229
1693,49
1211,659
741,573
1371,366
752,632
874,866
1504,113
1432,59
1025,959
1089,587
339,153
473,441
1682,129
714,687
489,234
1081,744
980,285
491,379
1250,222
1242,376
1526,311
357,323
395,177
1370,588
275,182
932,568
97,97
1011,846
660,566
1673,245
531,514
642,585
1304,391
304,227
990,610
1142,746
335,90
869,660
1638,236
1469,434
932,325
1031,953
454,298
707,349
450,393
814,765
244,159
705,439
867,713
1691,229
555,556
931,561
654,605
1276,628
1410,536
657,454
848,717
1390,280
856,16
435,371
1169,386
1645,324
963,361
165,137
1432,533
400,176
404,224
610,487
933,801
1375,616
970,791
247,189
553,383
1397,562
918,657
913,713
1588,405
651,584
482,338
917,533
809,721
226,226
956,708
742,632
930,642
987,844
1061,617
1250,677
742,565
1310,495
1130,537
806,661
931,678
1120,518
832,180
597,314
1280,689
699,628
968,912
677,613
623,609
563,380
1207,165
903,894
1145,582
387,99
1209,574
972,965
1274,678
1125,207
875,763
829,287
955,202
981,80
886,875
459,333
663,595
1058,461
107,64
867,580
1590,363
1032,424
936,765
1229,655
1430,563
660,233
805,785
733,590
1752,184
964,916
794,537
1118,771
1335,514
889,837
894,498
1291,328
1471,330
1041,372
1198,802
983,941
1668,230
1061,436
1030,958
1327,442
1020,799
856,687
1225,618
651,578
1312,479
976,214
804,465
1050,759
1388,543
655,351
744,338
1714,62
850,420
905,644
964,931
1040,812
870,283
1677,194
1151,416
979,965
636,422
1077,563
1136,610
572,400
1165,265
952,952
1299,639
1027,779
669,491
833,773
750,360
746,595
1746,24
841,520
788,731
1724,120
1101,508
633,570
1452,301
789,222
985,968
1403,462
1813,181
847,790
1343,440
1214,690
724,453
1254,691
925,841
1034,948
1279,426
545,430
721,649
1133,540
695,648
944,869
749,506
1337,167
970,889
827,494
1213,481
253,222
556,520
1026,922
976,817
517,488
840,259
982,449
1240,721
1343,559
1086,842
1241,655
1125,754
1289,192
228,227
964,907
1292,697
650,239
1292,591
869,815
1568,142
1223,665
1525,195
1199,324
1174,744
1269,713
1063,822
1225,290
738,545
662,135
1390,147
928,820
501,351
1362,492
1353,102
989,940
1104,422
1332,417
1363,501
181,153
538,473
957,514
586,410
906,616
878,443
904,756
1078,739
816,448
950,871
333,286
1039,628
633,306
1196,762
565,11
911,901
1341,532
245,31
1087,509
1389,399
1406,479
924,536
542,405
438,419
1199,768
1041,945
629,110
1385,110
1315,456
1058,893
908,614
1054,109
1160,759
922,215
940,404
1384,477
1472,509
829,632
949,536
939,882
1366,505
1291,329
377,370
1132,835
973,736
1130,265
660,288
974,353
1754,63
1196,255
723,682
875,230
810,730
1413,288
967,695
1096,243
504,501
1030,841
1064,392
1310,566
985,542
937,229
1201,453
167,62
918,876
1012,988
510,368
1033,131
964,208
1159,681
483,448
1228,298
1635,355
881,781
1211,699
679,468
862,837
1080,596
1809,191
886,825
1414,503
933,476
691,339
912,734
994,863
802,570
737,464
951,425
624,406
1232,760
1118,852
1054,294
1361,420
1018,903
1596,346
623,610
919,541
978,547
518,324
1029,210
1495,498
761,727
845,231
913,417
1164,521
998,926
922,685
1086,703
1763,91
1143,506
783,648
860,594
645,573
692,569
1481,496
1366,597
983,957
927,909
1195,749
1017,957
892,690
886,878
1489,287
560,549
833,595
1024,805
689,399
689,437
1463,163
1195,183
365,258
690,132
1673,326
1228,648
534,190
1070,655
1101,893
728,627
496,332
628,479
1033,370
1128,862
541,427
500,370
1525,379
934,771
870,526
1608,336
1123,660
1346,549
1054,894
1273,634
543,303
1172,261
959,59
1215,688
1354,559
1221,767
864,847
335,324
1100,713
1010,70
1534,348
1617,370
597,487
811,612
1129,692
897,894
1557,391
1580,172
966,529
789,768
571,549
661,551
1340,614
1396,174
1279,420
1303,656
1259,721
1428,545
716,645
517,429
1926,64
1245,694
1428,333
842,823
1145,567
1453,388
1089,807
936,501
793,535
1032,662
1340,521
1201,668
1370,630
961,688
1033,730
1260,527
228,229
392,144
713,700
1150,682
1866,86
1357,513
977,614
1584,353
957,255
1886,17
418,251
1213,555
846,833
1145,421
1271,687
213,172
1107,373
970,946
735,177
1746,253
1575,362
1312,391
1016,661
642,502
1414,542
732,268
865,801
1143,575
458,446
1228,302
1082,784
372,254
661,214
1547,325
942,637
472,221
886,438
1959,18
662,602
779,554
822,567
716,478
1094,627
774,554
1039,720
209,113
1673,111
762,722
835,661
1723,198
1441,368
991,653
1043,605
1489,509
1207,104
774,705
1177,372
1089,839
1148,285
1013,503
1344,628
1248,424
1334,457
480,293
984,789
1508,403
1233,725
1178,465
554,338
1119,673
160,137
1643,260
800,778
411,370
1134,694
1021,786
950,430
1000,905
1635,359
972,691
816,579
964,898
436,76
925,134
1050,190
737,576
921,545
1363,377
996,809
889,884
780,76
1168,166
996,649
1929,60
656,228
738,532
1052,735
1008,685
1142,475
891,578
829,799
873,182
1791,193
951,410
899,651
1039,651
1085,322
225,112
1443,557
1338,635
1140,543
1779,216
1076,895
920,348
1620,365
1042,608
898,325
511,290
1425,543
906,426
915,564
945,523
1137,707
920,576
1095,678
953,757
1212,530
1068,607
876,537
881,218
1175,699
1323,535
1357,631
1483,503
360,252
589,458
986,949
1733,253
617,605
1275,692
425,352
1321,205
887,195
1688,296
1390,481
856,708
410,254
845,643
1130,750
555,555
724,667
592,544
757,466
835,721
544,444
1129,521
629,619
380,201
327,307
824,608
994,865
913,373
757,732
1316,360
1030,745
1015,970
1800,155
665,250
1144,383
627,528
1343,580
1799,200
1075,122
563,527
815,174
1925,64
1357,537
1027,263
783,375
1023,877
774,669
930,759
1018,778
1414,257
1665,283
882,830
1635,360
557,286
1118,565
1365,593
1692,288
1253,446
984,904
1164,548
1170,413
1363,341
670,533
1177,421
872,459
958,665
1473,469
954,913
1214,593
959,566
903,897
1517,182
986,983
626,506
1668,259
1305,482
540,540
935,524
1159,816
1419,574
1498,500
1528,302
1250,717
906,568
843,525
1160,786
1731,74
222,154
1103,760
582,513
1015,816
553,52
1048,588
247,81
668,478
1210,727
242,199
165,75
136,126
796,723
572,462
933,752
469,158
741,723
772,465
1027,967
1232,476
804,647
1057,942
1172,762
1208,778
1104,587
1256,289
865,770
1228,241
607,487
1592,347
755,286
1170,662
736,560
973,729
769,657
1271,684
1165,500
143,84
1409,582
343,133
661,474
942,658
951,888
56,22
1144,829
882,606
1231,265
1044,792
1017,923
1285,420
635,627
722,245
1222,594
803,647
1316,579
1000,135
1089,402
890,793
846,667
574,267
905,615
544,471
776,729
118,85
855,754
604,544
1679,290
866,864
1454,482
1158,576
806,333
1219,224
1135,677
1091,568
783,691
1103,794
922,802
640,411
968,535
298,298
338,282
1976,11
565,491
1426,481
1383,612
1258,711
417,277
423,407
1372,624
254,191
566,463
1041,933
609,209
909,525
448,405
1240,686
1013,754
1048,572
852,705
661,477
1463,380
886,795
319,257
1021,568
508,374
458,283
676,135
348,343
653,450
686,547
1394,573
958,542
688,542
694,622
1310,31
780,713
1025,559
924,724
1382,506
471,455
1226,753
901,875
1284,697
1555,298
349,316
1042,881
1132,562
1467,435
1059,273
551,250
1289,469
1546,200
983,418
351,308
456,315
998,753
829,639
400,385
1642,223
1053,796
1698,298
625,294
1491,467
785,677
1239,693
1250,556
1257,702
599,285
684,675
897,672
1034,891
686,208
1431,346
891,878
398,219
1224,318
974,899
494,331
1038,793
404,350
468,447
1599,347
580,105
546,513
1083,857
1088,472
1007,991
385,224
1270,304
656,605
649,390
1517,166
911,879
719,470
1318,432
560,503
1249,520
1285,675
1149,574
1025,468
888,634
1431,333
545,525
722,51
1196,795
974,362
962,941
1288,545
1194,785
1745,147
949,949
714,699
1027,885
199,184
1884,109
1476,113
659,457
1517,420
1863,115
1372,372
1026,743
1151,631
1109,566
873,846
410,273
644,583
245,218
1060,536
1191,786
1520,290
993,965
536,110
1661,140
687,418
1076,586
1517,464
758,290
996,878
403,233
555,533
1344,322
916,219
852,841
942,536
1280,431
275,128
938,839
1357,370
961,202
1367,524
509,424
746,679
720,365
1049,368
596,105
443,174
935,930
1129,785
1224,770
1029,664
1640,202
1084,883
958,637
858,297
990,505
1580,348
1138,827
792,706
1168,259
739,348
1109,780
864,748
882,490
684,519
1174,381
1098,804
703,485
1253,738
950,688
842,809
1430,189
954,813
1203,311
1498,338
883,802
316,246
1402,347
1045,800
658,441
1343,331
1213,787
489,460
1405,64
1147,366
1261,398
1262,688
1221,693
695,676
1023,704
1483,409
1625,358
1780,168
869,696
451,422
1003,971
562,350
768,439
1091,652
1178,590
1064,891
1390,143
1245,650
894,875
956,701
640,556
1223,500
777,305
1542,321
1100,368
1319,662
370,353
393,390
1017,590
1014,957
702,585
1884,89
1092,806
1140,490
675,319
1595,323
923,698
847,439
1009,440
970,603
1079,843
864,628
1842,144
879,809
685,653
931,292
1554,431
845,428
1204,375
776,679
1021,244
472,63
466,437
874,285
280,210
680,658
1076,814
912,406
586,331
1063,834
663,384
910,836
830,353
704,450
930,711
890,874
932,767
503,171
1736,223
1120,610
1164,646
1105,603
671,672
1059,592
1276,466
389,62
514,480
972,712
609,482
706,675
407,367
1175,756
1180,166
1116,802
969,594
1884,112
273,249
744,632
1332,528
718,635
1324,659
1705,294
485,283
885,538
848,628
809,756
836,723
1097,330
462,322
1518,441
1169,758
470,436
1262,720
1033,899
1448,543
837,319
973,877
591,114
912,861
1154,245
1255,680
1208,675
1174,725
586,578
1130,661
1631,306
766,275
748,674
1071,367
923,289
750,532
848,402
935,880
682,342
836,391
827,407
1364,176
732,349
839,283
1641,313
1137,735
1388,584
841,610
1645,167
661,656
1289,703
1627,34
623,617
857,247
806,634
813,604
775,475
1555,234
1303,607
732,594
1859,92
1192,457
1121,666
1248,748
879,676
1232,587
679,330
1486,324
988,473
697,557
1863,129
478,375
958,237
622,535
1076,884
1080,872
1157,547
1350,459
1509,150
272,134
1409,104
809,494
1650,345
1840,115
1331,605
1129,256
592,150
1443,349
1062,929
642,458
1161,317
704,646
790,721
391,391
1309,582
756,744
1133,572
452,443
1337,642
409,383
1265,678
502,462
1000,453
713,581
1677,195
1186,450
1535,465
751,96
1006,801
943,894
1732,143
1025,942
1395,469
1086,599
1003,839
817,763
947,131
1003,970
1526,439
950,757
1064,716
973,805
1193,285
1828,171
1295,545
433,299
481,267
764,659
1060,570
1015,472
699,502
776,747
1565,46
949,899
1525,450
1601,393
1168,548
607,456
1107,892
283,276
793,615
825,125
985,207
465,359
814,766
601,599
889,528
1452,469
1087,575
700,686
1178,506
403,362
1244,736
1247,437
869,837
906,187
1015,736
651,518
966,918
1057,538
1032,472
155,146
630,626
324,262
603,593
1739,240
1757,203
1283,376
710,330
1601,213
909,889
1469,514
1003,977
992,866
1488,209
559,552
540,325
1063,894
1177,636
862,859
969,950
1261,619
1287,593
709,571
328,329
980,646
596,510
939,923
1692,301
1049,725
1137,628
1260,527
1847,144
1323,132
707,594
1122,840
1514,221
764,404
986,746
403,381
369,223
1295,216
1472,271
872,796
857,812
901,701
394,324
1125,529
1036,565
933,913
1085,531
542,112
642,528
283,167
810,709
423,248
985,589
1644,231
1242,632
1220,322
1306,185
628,528
1281,688
1654,285
1901,62
579,580
593,294
1037,345
1104,573
1216,161
185,68
727,708
1483,488
1037,926
1105,361
913,291
1180,745
1055,757
1218,681
1502,490
704,680
820,587
879,680
1050,897
277,174
733,546
1243,746
1014,695
603,597
990,849
789,521
1024,588
1397,517
526,376
381,134
1296,289
1155,833
818,598
1053,690
1212,376
1102,586
1410,565
908,524
456,457
1256,681
627,179
1202,445
1002,873
453,357
1432,237
794,786
1002,265
1134,351
516,448
1175,799
924,394
1634,117
246,194
463,264
1323,403
1185,533
667,562
452,397
1130,809
1640,336
1336,561
151,150
529,362
1404,325
220,206
393,375
1149,846
371,351
1581,214
1119,316
468,62
1023,903
1022,274
775,577
829,753
1506,469
1083,438
1228,530
943,867
1286,561
702,201
771,593
1011,982
821,602
1083,357
861,370
777,547
1743,225
681,309
990,833
979,739
815,431
895,668
491,339
1588,190
823,679
925,622
707,610
979,405
926,887
457,411
1398,392
1149,512
869,820
1142,337
1024,737
819,774
941,641
991,661
516,455
1683,27
1754,159
1389,585
1394,481
1077,532
857,708
1503,430
682,47
1103,473
583,535
1154,148
1670,235
1413,147
1447,552
1174,629
963,502
1063,889
1380,583
1478,393
1157,396
1130,105
1010,862
1085,103
1470,338
1358,109
902,786
884,457
838,658
1011,378
1017,67
1837,29
1147,850
1184,814
769,335
713,645
780,760
876,805
1039,594
552,470
1308,687
1385,318
1682,61
1440,410
223,167
1010,887
1296,63
956,463
1411,451
793,712
1003,964
571,251
495,237
1241,577
966,829
1022,783
1077,438
1680,198
1254,633
526,198
1127,356
716,599
1325,332
621,514
1730,269
347,200
1403,561
1297,541
624,458
1041,771
386,279
694,279
1606,377
610,545
713,677
1089,516
1361,400
928,707
1143,822
1409,321
1115,607
615,509
778,648
1770,156
279,169
1060,441
925,839
977,673
1354,564
1576,418
963,359
1055,445
1273,166
1004,800
288,149
1355,492
1128,840
800,529
998,455
754,252
1725,176
868,860
897,817
1580,187
1505,411
1207,542
1847,100
986,824
1383,90
585,465
780,765
1263,557
1647,124
1435,443
1059,859
1717,183
518,421
700,307
675,385
1144,606
845,788
1579,254
1522,366
1207,621
1159,726
568,204
1310,593
1028,261
580,200
758,634
975,516
802,500
943,575
1412,105
1025,682
984,981
796,629
1577,219
616,333
200,190
1046,933
1183,531
1208,213
1187,225
1068,747
237,57
700,579
572,221
1216,248
1413,342
821,387
1295,347
744,452
550,229
1170,618
860,658
1343,649
856,752
133,106
776,234
923,178
958,757
994,922
476,338
1647,264
125,79
454,433
116,102
1138,862
1379,361
1334,519
821,608
1021,791
1510,111
1035,864
975,950
1225,742
1710,280
183,183
992,858
1535,440
1352,580
1355,363
1217,749
1524,292
1152,358
507,292
1341,133
500,439
698,47
484,448
623,439
1452,423
1197,450
429,192
913,601
1117,753
286,284
762,698
1291,690
1097,461
769,300
762,569
1023,709
1122,820
661,225
1461,507
1485,512
795,274
656,576
1072,559
1104,790
626,269
1058,937
1367,326
1200,791
251,126
861,332
1029,737
1489,254
1292,430
1203,507
1280,118
768,584
609,484
8,2
457,458
687,612
1287,554
790,333
1132,362
1340,647
736,614
739,598
334,313
1821,78
946,708
792,108
953,576
1433,565
779,722
1048,928
328,328
1385,482
656,266
864,539
1881,108
1128,184
1017,530
959,885
1310,429
1257,261
707,468
776,303
1378,524
1160,599
1464,486
297,271
465,374
1156,520
1552,286
1154,508
1005,545
659,547
1126,607
805,792
766,421
754,755
1422,550
845,766
581,286
526,412
729,409
967,315
864,487
1016,537
1091,622
587,534
1071,174
842,616
584,479
1218,133
1237,652
1555,410
1039,639
924,577
508,374
936,605
1286,240
712,699
767,501
885,460
1311,191
888,501
1328,614
1545,278
888,506
1105,446
1528,409
609,569
702,295
1960,20
1258,603
1304,694
1563,416
519,206
888,385
1409,548
631,619
930,794
684,611
218,149
810,776
157,148
638,390
510,308
1381,522
1628,291
1453,265
1058,775
1083,702
745,393
1168,781
1634,262
1308,472
1309,97
929,612
1152,659
1128,599
1272,599
737,532
997,928
910,373
1333,666
1523,389
1415,306
1303,421
673,378
1118,663
451,436
1276,409
600,372
855,793
1065,930
753,639
1130,438
1053,780
915,899
783,747
922,862
672,671
984,675
786,316
1269,242
703,458
787,392
736,627
879,552
1031,832
668,486
1110,324
1212,482
927,856
904,797
1054,181
123,99
958,934
168,162
900,702
1289,557
396,392
532,507
985,875
688,235
876,680
482,110
429,240
1365,590
1163,661
175,153
851,753
1182,529
1240,688
650,153
1316,671
1550,273
1161,276
1129,803
806,660
883,570
708,535
412,346
1093,713
1410,566
1055,295
415,366
695,440
556,499
857,516
1528,324
379,250
1361,491
555,187
1087,892
954,820
832,605
900,307
723,357
1363,467
1025,685
1071,776
867,743
313,285
1391,550
404,393
1174,639
1364,559
1355,637
308,129
1003,765
1141,645
971,757
1015,455
791,733
1641,330
1004,296
983,420
1758,213
1646,274
1292,630
1230,725
1521,286
970,833
1660,212
1792,208
963,487
1715,280
859,660
1057,934
445,360
1073,753
1462,201
1416,419
1030,795
1025,876
1144,644
1022,894
1062,890
1056,940
745,350
1635,335
1279,370
824,731
1468,499
1526,364
224,209
841,316
867,330
769,597
1638,208
1144,762
623,317
831,243
1258,521
787,741
1069,753
1106,201
280,159
954,863
797,443
1648,247
1301,75
1038,933
1240,654
740,165
841,683
1199,660
1310,379
409,347
90,60
1242,325
806,753
990,808
1548,178
633,524
536,460
1170,391
640,288
1502,129
1636,133
1634,176
1377,591
1437,464
481,414
1499,498
445,351
1331,502
1901,93
1744,236
936,302
387,97
413,382
930,124
1017,901
1641,277
1480,446
1105,452
1343,510
1017,673
770,631
1334,218
897,830
636,509
971,289
1605,186
463,455
591,86
1439,426
841,302
1024,864
483,216
352,336
1695,253
241,98
712,376
527,252
595,451
977,774
708,357
1457,538
356,296
973,90
1005,930
876,706
1625,347
756,390
1283,380
1524,447
952,713
1663,145
1390,504
1067,823
818,212
1122,500
990,133
984,687
653,610
1241,329
819,623
827,689
1388,149
1155,822
1572,269
974,826
1641,326
971,710
812,676
354,278
1084,840
759,728
662,463
1746,138
1072,678
892,789
560,466
1017,788
1976,9
726,286
1275,494
381,369
1021,866
1265,686
1760,47
919,754
1010,555
1497,495
795,447
1288,593
185,176
1038,726
1142,850
1193,738
992,379
634,147
1171,721
980,855
1334,643
1105,888
378,13
712,365
921,542
687,511
1320,611
854,303
713,399
355,289
1017,751
1062,873
141,57
1653,334
1432,304
1191,500
1221,342
1410,549
605,294
1418,361
607,577
1278,633
689,540
1470,329
883,882
1374,407
887,293
128,100
951,929
1263,329
1203,462
657,598
1026,415
628,503
933,891
400,271
864,810
1051,934
1432,223
500,494
581,514
917,809
480,55
571,412
327,130
1062,590
1270,481
1268,658
1526,254
267,249
815,527
1278,458
1322,345
993,674
1087,564
593,398
779,515
1346,217
722,611
761,296
1164,373
981,532
521,359
1176,806
954,707
399,327
104,103
349,339
1333,594
978,507
1627,372
332,289
1013,816
1214,503
609,607
955,441
328,178
1065,413
809,417
879,776
1009,623
1687,147
771,769
1609,263
981,694
1146,711
951,342
1628,366
880,389
999,787
683,295
822,245
1143,582
697,412
877,762
940,493
1288,661
425,347
1675,229
978,711
1889,89
758,431
1641,343
690,530
1009,531
693,391
1037,274
916,628
1014,422
872,445
1051,874
815,630
987,676
1529,413
711,695
1203,322
220,68
1160,623
1146,744
1061,855
910,870
994,993
952,858
1078,596
876,628
1143,587
1064,427
140,115
1311,370
911,783
1403,587
1757,220
404,286
820,787
1186,539
805,192
1331,637
1036,629
834,775
882,327
907,657
1264,514
1279,446
939,765
689,353
918,609
791,622
991,861
1740,243
1225,766
528,261
80,68
116,52
1099,891
1638,288
712,309
1498,478
642,434
1038,519
996,358
1028,827
1663,287
829,588
247,100
530,261
1187,695
1717,239
1335,551
1527,190
1115,573
1677,249
1386,251
1598,117
1256,414
1252,593
1290,683
1361,512
1366,294
563,428
1391,388
624,470
1329,563
986,897
700,552
868,848
669,245
970,669
957,350
1069,324
895,570
1056,525
798,778
751,657
1019,960
1376,501
765,411
1196,124
358,131
998,991
1279,626
1112,767
617,409
1318,543
954,866
1531,266
984,967
1032,950
1391,602
1417,499
1035,925
1048,921
1120,283
970,924
1127,415
660,634
1250,553
897,868
499,422
987,355
79,65
717,684
1794,165
1106,436
1446,445
877,696
144,137
1126,326
410,385
1041,434
1163,690
1660,179
217,213
782,351
752,304
745,714
973,740
1252,611
717,421
1521,227
863,539
1274,635
1053,228
870,523
806,557
895,574
1022,862
1474,171
1124,366
1376,397
656,261
447,434
1636,330
943,187
995,311
479,277
819,591
996,641
1179,772
1521,476
626,594
1003,582
1155,594
781,483
503,312
1327,259
1683,124
897,475
1365,587
1411,335
1041,812
602,568
1292,574
1051,278
1554,206
1613,366
739,723
1318,281
536,502
885,430
1032,92
1379,530
901,593
1360,520
1701,274
692,215
1259,669
1326,638
1356,386
1025,686
1067,882
246,140
1482,272
1228,503
802,254
1583,179
1290,404
1332,667
844,623
1381,550
1528,111
730,727
598,358
1002,371
936,365
682,318
988,882
1543,399
645,479
1283,200
785,359
1406,413
1267,287
856,637
1317,637
828,741
1465,498
1307,658
994,879
752,696
998,786
837,397
589,185
1232,609
262,258
1265,239
1013,588
746,615
1960,33
780,678
862,803
904,806
387,249
416,357
937,478
180,169
1057,845
802,300
1476,247
958,250
865,541
1020,350
1341,620
1218,730
889,770
289,277
1539,387
749,712
919,879
677,467
1347,364
874,875
529,127
1056,819
1358,486
1127,835
1553,439
1108,836
567,529
1163,583
721,686
1282,666
615,142
1259,246
1194,768
931,774
1286,158
805,243
1429,525
1452,502
1176,810
1365,394
1104,631
1453,324
143,92
1348,585
1225,755
1689,276
1044,742
850,829
1175,675
451,437
1102,827
929,923
1399,496
1134,458
522,418
1023,627
1476,412
896,871
1510,438
752,343
1095,846
1194,690
1254,692
1087,853
768,539
1118,845
1156,473
370,345
1057,374
1293,263
1375,572
1596,211
621,498
1086,657
1050,607
1599,319
373,343
1212,460
453,323
563,538
1334,194
747,650
1030,746
435,197
1500,380
1305,577
265,124
1136,43
857,772
1069,683
975,201
596,558
904,748
1412,537
509,417
1193,673
1181,474
1323,579
1078,475
1285,373
997,714
757,355
311,164
1422,171
1807,184
826,186
1457,441
1096,825
1239,740
781,644
991,827
941,931
1327,451
923,533
706,591
1469,514
1513,381
261,214
997,534
880,709
373,326
1005,515
1338,530
471,399
1745,217
1080,155
1168,790
1463,355
962,789
1571,374
843,455
497,415
652,645
672,318
834,712
1111,275
989,641
1154,410
1222,404
1048,890
1500,490
999,895
1230,706
1153,559
1023,293
902,245
958,929
1906,91
1474,449
842,487
928,896
1075,916
697,698
1262,711
1268,442
1371,515
1583,280
525,452
806,801
765,537
452,442
1852,70
600,242
497,175
516,457
735,719
800,556
320,260
645,337
1533,434
513,177
1490,379
676,343
710,373
765,249
1200,688
1492,504
1562,365
1430,543
590,511
1790,84
1181,742
769,488
655,405
983,735
1532,362
1454,285
1150,766
584,505
547,447
816,742
1121,272
952,183
1210,665
1580,252
1385,490
975,793
1737,224
1487,504
1417,534
753,363
777,262
896,720
1142,271
940,509
646,390
661,356
1244,715
934,869
963,803
1010,948
1088,699
909,708
292,216
1568,264
805,777
647,640
841,812
1509,127
1624,186
942,455
1858,135
1104,696
1179,687
952,535
1027,701
818,737
1811,189
1228,696
1132,497
1560,96
736,732
1576,403
788,671
853,514
147,85
839,182
1784,179
810,594
506,278
680,603
175,164
646,563
1065,134
522,383
1524,274
901,715
1221,629
1076,274
986,888
1288,628
874,837
735,587
1608,335
799,622
1075,776
890,791
1392,391
996,912
63,49
733,616
708,619
870,512
970,819
1162,373
692,422
1068,720
204,141
1164,714
911,876
687,482
1230,506
1015,842
1558,330
972,672
1098,789
1723,122
1359,541
780,682
811,621
1003,687
1112,678
701,468
716,98
973,873
1232,368
793,769
938,523
867,706
180,71
403,396
894,789
915,792
811,771
688,356
1317,675
1387,538
830,611
1472,521
961,827
884,413
981,570
654,650
1174,805
424,314
734,723
1602,363
1335,392
908,586
1241,743
789,359
764,685
1172,250
1105,802
869,831
233,114
521,498
938,687
577,563
1072,583
819,539
1416,577
875,620
898,895
1278,645
696,657
514,442
611,607
490,360
1637,319
498,488
387,146
904,871
600,286
877,848
1135,816
1650,270
763,365
1297,168
444,438
1591,213
330,126
733,710
1843,142
624,619
871,402
299,264
1005,817
1318,682
904,747
1493,377
675,602
1301,447
1026,696
909,851
766,569
908,104
1626,98
705,578
172,121
910,440
201,201
818,727
986,423
1042,713
469,331
1266,556
1308,673
1221,606
1285,696
923,655
1249,403
897,854
750,340
1012,275
37,27
1236,448
676,563
673,414
1536,329
1398,372
1118,638
929,706
1158,161
1372,467
1104,561
891,783
1015,802
1003,899
1432,206
1645,123
900,869
1014,843
812,628
921,621
1497,479
1007,258
477,443
1747,226
1018,786
427,299
1018,730
1071,892
232,231
946,915
238,193
1045,643
940,243
1448,356
1116,837
885,93
1146,700
1597,291
649,509
1072,842
995,959
781,380
818,403
1308,282
1039,758
577,312
1545,438
1402,542
1202,554
656,445
1482,450
360,325
1356,616
784,492
921,905
634,549
538,409
710,530
1117,275
494,392
1568,343
978,790
1192,803
1093,386
772,771
237,234
1055,779
919,911
541,239
1072,889
1125,697
1287,615
570,245
828,639
932,837
934,854
1577,407
932,793
1019,908
867,843
1404,493
1003,462
780,640
956,598
877,758
1242,309
453,407
646,614
801,297
1133,480
477,424
1261,196
1297,439
311,241
429,343
177,67
1470,75
1207,730
1467,395
1377,591
398,301
739,630
622,232
1001,709
1798,89
1401,423
675,586
1278,367
480,443
880,733
306,37
1543,432
941,559
1053,924
1277,555
1641,189
1162,532
553,507
904,854
659,567
905,574
1235,437
263,175
1166,822
1241,536
326,276
267,125
1152,807
813,376
897,791
781,631
981,402
1351,560
825,576
216,198
450,137
913,551
782,661
380,219
1261,467
988,988
1136,524
903,894
927,722
1050,245
1294,626
967,754
823,790
905,570
728,513
1418,396
763,711
545,321
474,381
987,971
824,702
1512,474
761,655
835,815
1072,676
1062,802
1017,910
1006,927
1726,274
1027,650
915,914
740,515
1388,89
975,916
729,328
480,359
568,423
638,418
726,588
881,445
1082,587
1079,603
1179,610
1055,895
1235,404
1111,835
1305,210
672,667
1072,143
820,504
621,596
1583,241
1694,298
1102,413
1380,382
1646,113
286,98
1312,625
560,536
730,436
1187,435
954,476
200,117
860,628
1071,920
479,455
658,522
919,920
998,570
1097,786
1395,521
817,569
200,189
1152,707
972,811
1260,598
1301,510
1493,134
738,732
1135,284
306,36
977,753
1009,442
974,873
1102,744
734,317
1409,454
671,566
973,855
1093,702
1483,403
1123,873
287,279
1281,506
1575,378
1194,717
1579,400
1645,354
997,696
1118,847
1131,650
1271,701
813,523
389,267
1187,755
1068,369
1163,739
1171,692
1230,425
717,522
474,89
1145,748
1625,361
1753,145
777,655
1065,775
1806,144
824,825
1760,237
1497,283
715,319
694,291
793,547
1315,640
1565,283
1692,118
1181,622
930,680
910,277
663,539
358,243
1079,799
578,492
1022,387
893,838
709,498
767,761
1042,730
1217,206
846,740
987,741
288,140
97,96
1715,88
790,406
1174,556
1953,47
972,904
322,299
1051,597
304,300
1461,413
1328,378
1560,284
152,28
1357,416
1285,550
1467,312
1135,768
372,205
1525,391
734,731
963,303
972,724
957,827
518,478
457,453
178,63
994,966
1005,739
448,330
645,576
918,744
1394,577
887,652
991,87
1126,559
1676,203
1417,200
594,299
649,488
893,749
557,11
1571,284
829,740
1088,314
725,674
464,330
1052,741
1177,559
1397,581
1375,600
987,874
363,278
709,572
924,461
911,780
832,572
629,285
429,129
1214,559
357,243
1377,509
668,498
1315,408
1436,297
1562,361
1110,685
937,468
558,369
787,767
976,760
977,826
1108,574
1189,520
1113,561
834,720
1749,151
1227,757
1039,338
1151,515
613,404
1299,284
1171,811
769,451
751,651
1016,926
611,594
882,406
1133,798
851,782
1087,728
1091,671
744,685
889,627
1121,157
881,364
1350,523
1050,205
863,531
778,587
641,572
1186,523
1439,212
1529,339
810,689
1749,207
1384,598
975,383
1621,354
1560,390
1524,334
1668,281
983,940
959,648
418,259
459,310
1230,542
961,851
1296,404
1027,922
1828,161
1867,122
1210,660
1261,220
968,745
915,382
820,746
997,766
570,225
522,467
874,604
1318,590
1562,256
557,413
1699,230
205,99
901,865
1020,804
1065,353
1044,571
808,504
1661,310
1405,451
1080,878
973,879
459,376
961,937
828,794
988,979
812,156
940,926
979,974
1095,605
756,707
1121,631
722,525
989,684
1096,760
997,818
1115,617
858,436
897,693
532,435
1228,576
1055,362
1030,736
1129,850
950,924
1259,728
1328,671
1415,448
1077,862
1553,335
872,507
1261,320
682,674
950,936
1547,284
1435,391
946,545
1235,478
1127,866
899,811
765,574
1046,443
674,311
820,633
1245,746
323,315
1100,748
938,796
1451,532
1201,781
711,543
1273,539
582,485
1309,679
933,450
1252,616
118,99
1494,162
1276,717
565,114
1358,488
1095,238
774,579
947,918
1146,745
258,240
935,598
1339,30
1104,336
216,216
810,280
1056,601
1769,223
929,896
1018,958
403,357
1044,895
564,170
961,586
790,615
516,414
1597,331
1168,681
603,487
1139,736
1106,876
1205,104
1268,540
1395,589
230,228
1542,347
900,413
1123,843
1383,569
1025,417
1130,789
1677,306
125,107
313,188
491,424
650,412
1247,483
739,619
1060,895
773,693
1002,688
228,162
1227,398
1431,382
859,309
1075,427
738,720
1196,365
890,837
731,251
653,614
1190,428
849,742
1167,823
917,407
270,210
853,528
1535,413
1134,784
969,737
1348,348
482,376
1245,465
758,213
1060,846
622,503
1103,269
1160,827
1612,374
625,209
836,727
967,224
1002,766
1253,618
700,672
967,821
688,680
1253,499
505,450
877,500
1719,234
1075,506
802,730
558,381
1070,409
771,440
1042,640
1004,164
1439,522
276,200
1131,554
936,924
1064,776
802,725
1062,837
1123,793
868,652
1528,420
902,848
1114,565
1188,752
1081,688
1530,453
1562,410
291,179
856,475
890,560
1680,302
1246,282
1010,888
1076,754
937,858
794,727
254,189
1000,730
1209,636
1001,764
660,609
879,186
422,133
881,844
824,509
847,735
1217,122
1018,640
1547,304
933,670
1722,157
1431,338
977,423
658,624
684,483
968,309
525,496
1451,404
1591,370
1529,200
484,421
652,642
963,718
952,662
1268,535
1380,615
700,422
1343,412
774,630
1853,113
1093,805
1100,418
420,360
996,338
954,681
1040,764
426,319
1242,571
803,558
1096,763
960,938
192,89
1063,759
1194,771
669,530
1050,569
1056,909
1123,489
1389,588
995,682
829,585
831,767
1113,693
963,318
1133,856
300,90
616,561
557,385
888,407
1498,409
743,568
824,765
608,349
1137,435
635,626
635,222
950,795
696,449
1454,434
892,873
692,550
1366,256
1526,405
970,678
973,747
1146,671
1547,250
1021,867
302,224
826,762
547,526
148,112
1018,693
966,779
838,755
1044,235
686,641
889,634
1346,204
834,687
983,412
795,796
1174,709
1230,263
895,761
829,792
741,612
75,44
1103,590
791,791
802,667
582,437
1010,575
802,609
1174,439
1205,747
985,829
1108,689
408,349
560,530
1058,909
930,796
708,512
1027,948
1233,741
1485,325
748,654
1269,537
1730,133
1035,755
1281,614
205,179
1107,540
671,630
699,438
573,556
1322,675
589,73
1334,663
1046,446
635,287
562,515
1074,792
1124,663
1358,426
1415,187
1241,742
1120,697
1775,217
950,750
379,261
757,477
1192,259
327,308
877,713
256,156
1398,574
454,321
965,387
1118,871
67,65
224,194
420,183
991,746
1176,472
1138,717
233,180
1371,558
1134,159
1148,794
1092,301
1054,676
754,299
382,273
969,523
834,492
1181,662
1098,468
1232,210
1039,885
902,587
1027,816
993,880
1642,332
801,633
1286,516
1337,557
510,392
624,353
1513,461
981,892
710,178
919,553
985,717
827,458
1330,536
555,305
1161,464
1942,57
1769,151
1136,487
1571,406
802,294
1103,361
1454,487
1033,847
1935,61
576,456
1031,138
1014,217
612,518
1168,818
322,321
265,263
993,608
334,177
1003,639
768,663
1799,194
1617,252
1078,557
1353,399
1312,433
1489,259
937,882
1224,350
1006,844
1067,734
1005,377
1500,486
862,827
954,434
1254,731
1094,690
1096,819
1013,204
775,373
1073,923
772,713
477,348
1289,376
1299,123
764,608
1024,907
1106,642
1374,240
1165,535
800,546
605,493
1059,503
1373,573
631,559
988,238
913,894
1100,820
999,502
552,499
1522,471
532,423
692,685
1225,586
374,371
1423,263
1578,414
567,538
1148,653
154,154
727,212
897,685
1359,255
1072,197
830,548
1000,802
877,228
461,277
813,117
677,628
467,310
558,552
1638,335
1251,710
923,754
571,57
606,604
1149,668
1252,687
340,306
670,88
1002,218
1380,527
1216,259
631,611
1662,144
651,192
1216,241
518,320
713,524
1139,844
808,340
1287,667
1146,316
1316,341
861,117
1214,757
1016,904
740,716
1186,723
1084,873
873,698
726,352
883,855
1161,714
1178,335
1109,614
587,457
920,673
112,112
428,246
1075,913
447,365
484,142
1000,554
1607,389
1280,705
873,232
1078,839
654,244
738,364
1435,418
898,822
811,355
1381,69
889,855
1048,941
925,899
966,963
1460,209
1018,787
1221,666
868,829
1339,488
859,700
1226,716
1180,662
1502,74
972,861
707,75
1331,360
861,797
1696,294
946,520
915,380
749,668
1468,510
597,438
1628,193
813,740
1435,193
1203,716
1071,376
1057,341
946,936
778,18
1061,934
842,628
709,677
742,257
1296,539
1917,50
1191,224
1683,140
1364,571
858,690
829,825
987,694
1201,750
1385,139
1718,114
1709,68
1718,110
680,271
290,247
412,122
1541,261
519,442
1318,631
1702,157
549,364
1375,448
1018,514
613,242
777,695
1253,648
1096,780
612,513
1281,560
1086,825
1115,685
1192,425
1623,323
1192,157
1716,203
805,260
1389,595
895,519
851,828
826,516
1627,360
772,579
755,317
1127,835
789,770
1175,718
499,306
972,779
1031,735
674,428
481,241
1212,551
635,629
944,912
1292,213
1551,168
444,276
637,328
494,482
769,707
997,914
806,660
1453,209
1556,352
392,361
1003,835
893,386
970,927
827,772
298,95
1133,736
274,124
727,690
1600,198
934,532
1019,833
765,437
1196,380
542,490
1142,223
849,735
947,843
650,636
1553,296
210,207
911,46
1720,254
1800,128
572,541
998,879
1016,910
942,914
1430,491
1228,676
971,291
1372,394
980,648
983,904
939,663
425,425
1058,849
1202,232
1565,123
1238,710
1109,880
1378,327
1073,708
342,275
1231,424
567,561
1678,141
854,851
1073,491
1165,657
669,455
1048,806
1224,303
1077,483
797,478
392,385
1113,723
1206,696
548,437
1706,10
362,176
832,572
992,125
919,614
801,671
1066,909
590,196
903,865
975,525
294,278
246,159
967,448
1262,722
1124,833
1047,451
815,534
1250,651
1190,539
765,627
809,164
1026,789
1156,585
1055,596
858,762
1346,584
626,613
870,851
1110,858
1111,607
797,677
901,900
483,154
839,662
918,706
420,103
730,587
1360,478
531,494
767,587
852,663
762,703
1188,718
748,646
702,346
663,382
643,484
154,131
1006,980
783,317
463,321
631,462
1077,587
880,855
514,272
788,638
354,317
56,51
1859,122
1000,936
622,479
731,482
247,175
1660,317
1084,371
82,28
1475,351
1742,162
610,350
721,614
1414,365
814,481
970,955
1536,291
1909,32
876,206
910,903
910,891
935,882
1588,380
1481,285
766,299
790,595
1791,207
768,262
1245,442
1365,291
1649,75
1116,790
974,970
1521,303
752,468
737,654
960,882
1767,136
830,450
1107,854
790,770
1260,362
487,287
627,382
793,631
639,605
745,661
1777,134
833,226
1742,136
925,871
1512,420
1037,468
927,271
1126,865
737,470
848,203
1300,590
1148,474
1285,336
1554,307
985,804
1341,465
866,568
1134,825
264,213
1931,55
1383,136
847,449
761,542
1376,538
893,817
886,403
933,642
1197,674
463,242
189,100
1710,121
1763,210
812,647
589,442
1614,328
1105,479
1040,876
1221,551
178,64
1525,235
960,179
500,341
823,504
478,191
706,604
1062,934
986,376
1558,109
435,110
851,523
930,795
1896,5
587,493
1291,423
1478,457
1302,614
1474,490
1128,712
463,380
762,632
808,456
685,665
1117,771
715,205
1540,189
995,305
524,225
817,702
896,605
1248,471
1128,821
1257,441
665,581
1258,666
770,727
614,539
923,818
797,460
703,695
1142,726
1225,702
595,91
706,643
542,352
1256,407
1340,208
1169,760
985,756
956,837
478,477
901,280
1680,301
1539,403
1156,648
1066,798
809,615
977,800
796,262
792,676
1250,612
1124,720
1195,696
1022,790
1234,154
673,663
801,694
1055,917
709,590
1139,827
1194,605
1189,485
1343,518
1184,811
852,733
713,603
692,321
1386,563
1149,707
983,490
815,495
1581,382
120,98
918,528
961,831
702,319
1215,727
735,687
349,206
817,668
1151,525
1671,281
1151,729
652,631
721,421
1265,401
1019,509
1168,582
842,516
1841,113
481,470
1252,743
1202,759
964,812
1011,826
1582,288
1255,648
1371,591
1038,596
1018,477
670,553
578,435
1350,574
1178,375
263,166
1326,546
1532,396
934,414
1351,429
1326,614
1347,624
368,308
634,559
1113,810
1096,442
929,925
1836,74
889,837
988,818
968,798
830,431
1564,386
700,377
1462,166
991,856
818,777
1017,507
1238,526
1001,942
262,67
416,226
1340,504
710,573
940,321
769,511
1134,375
1010,646
1619,368
429,378
1498,182
677,648
1571,156
309,285
1027,395
1332,506
968,856
786,762
292,127
940,792
954,842
1223,382
888,833
449,133
1569,394
1382,542
1401,410
1453,362
715,711
743,301
1404,502
856,850
1404,486
517,356
345,271
684,680
1029,916
570,460
1136,856
393,235
943,798
648,449
958,777
957,53
1290,403
380,313
1324,485
1551,414
129,60
271,231
637,482
429,423
582,568
1583,402
1600,326
1312,455
1251,729
1438,235
391,225
1598,399
1299,688
946,720
1520,341
1054,908
1353,516
1068,850
807,608
674,668
1164,587
811,756
749,682
535,508
897,617
874,863
562,450
953,852
1257,720
1557,254
485,339
1025,775
1341,602
885,694
908,394
1124,327
1357,634
1056,746
1145,709
702,313
518,515
1158,550
1167,807
1181,819
844,710
1157,811
421,174
1626,273
1074,163
1581,359
721,680
1336,540
834,760
1207,638
813,704
624,526
1315,685
1068,715
1683,299
984,493
724,708
364,317
1388,497
948,948
872,825
572,535
493,489
313,247
553,343
719,626
1593,78
979,808
553,546
336,313
1392,556
1373,471
1618,204
1407,592
909,869
875,825
891,381
1303,592
726,598
339,97
898,713
1295,467
1182,549
322,312
1093,667
744,303
970,464
981,250
960,37
863,573
1851,62
1130,448
823,540
1197,801
1062,705
323,297
289,262
1327,239
869,781
1935,17
843,448
1497,277
1077,809
195,93
750,201
1101,603
508,380
196,138
638,19
1063,499
878,873
519,500
477,457
723,611
1227,743
1223,774
701,684
388,346
1702,249
704,699
714,689
989,534
725,310
921,439
797,376
971,708
1733,234
150,51
791,82
799,437
1257,526
995,886
1399,417
1069,833
884,589
808,317
1073,334
1045,814
1314,585
479,254
1169,761
1307,540
854,762
1649,87
593,589
1198,503
975,861
970,838
1243,646
661,504
651,543
1653,181
1241,402
1194,506
843,589
1529,347
875,638
975,569
1423,424
660,473
747,603
550,69
1025,883
985,851
1478,477
1408,210
1393,562
969,730
1261,734
940,312
744,224
755,624
1270,643
1182,702
797,750
440,437
515,442
466,341
1706,268
856,701
1096,220
1713,142
489,311
741,240
1560,95
1089,592
1235,195
601,525
241,174
783,379
1824,124
951,693
1288,658
1102,839
1538,408
1032,964
980,842
600,395
1843,72
813,616
1075,496
937,820
1310,51
1327,428
714,580
730,712
1066,639
1733,151
1159,579
827,250
1053,909
1087,513
1470,31
1355,173
1364,625
1335,623
1188,798
610,376
1712,240
1394,309
553,297
1563,373
1351,166
1322,498
430,335
919,869
558,294
300,179
1103,872
673,574
1169,804
263,233
663,538
936,937
273,132
890,216
1134,710
606,601
219,216
958,693
885,777
1354,324
1082,821
400,320
741,351
1749,242
665,629
715,711
755,659
874,312
1096,625
800,729
1111,598
1039,458
516,435
939,431
1087,509
1204,792
1003,808
1175,350
962,439
1056,815
1201,313
48,41
808,724
1068,817
808,751
795,401
1179,717
1040,615
1429,486
943,905
1086,723
495,434
357,249
437,164
1413,443
593,138
1221,395
361,233
1572,131
1443,533
836,678
551,472
928,633
1119,284
1815,154
574,504
1320,411
1507,354
1276,635
1057,571
363,218
1522,424
1706,255
1479,410
671,274
1164,792
329,136
724,319
1122,862
1531,382
879,772
852,458
91,59
675,496
1094,887
1286,699
800,657
1830,55
486,282
1866,125
1110,838
1047,341
1408,218
1426,436
1509,481
683,537
1096,435
1370,530
826,256
1326,547
794,281
1168,829
1620,307
328,166
859,617
1363,517
697,295
1096,567
1035,754
921,391
1130,749
941,663
670,508
1085,623
1174,256
1076,874
601,441
74,48
972,898
1219,711
1065,715
1176,589
1640,252
932,821
438,430
1434,473
767,524
877,875
817,765
661,397
1038,738
1155,540
985,590
1055,810
1273,605
1075,690
711,416
507,366
1217,651
1230,554
1219,257
291,261
1152,750
443,409
880,846
575,373
1097,869
1144,370
1033,947
1058,881
1198,749
617,529
1019,752
1036,253
719,531
966,960
1499,53
1054,787
1717,269
842,743
746,578
270,259
230,223
1382,234
1558,322
1321,650
618,370
1346,253
705,445
296,282
887,368
1143,853
749,746
1414,54
225,226
1399,322
1155,699
132,51
988,756
661,539
1366,509
884,677
863,848
774,569
1151,793
1638,297
1045,925
652,461
882,841
1259,679
830,632
455,416
718,710
134,129
850,760
1190,748
912,682
1547,416
638,277
909,888
1386,508
853,480
1409,464
1140,175
580,580
1305,528
1267,604
1495,221
1157,594
1763,202
1162,591
475,393
1529,344
739,126
1021,669
858,180
1500,400
1256,256
864,622
273,257
1369,614
189,142
319,291
1207,317
1596,348
791,790
777,354
843,673
1402,111
1709,150
1336,274
1867,90
138,125
1241,730
1282,520
1432,337
1149,624
910,363
1348,415
776,721
1800,138
864,452
759,621
1020,831
1556,289
1329,569
1273,467
1724,236
689,508
1114,307
1444,442
993,784
515,513
1319,656
950,782
1407,574
283,259
1693,157
1036,959
1536,415
551,230
1059,938
917,423
1037,745
983,525
1130,379
991,745
628,599
709,645
772,398
1575,415
926,378
1059,636
555,399
725,516
561,470
446,381
924,781
1312,434
1752,228
1382,280
670,382
844,485
1440,363
421,408
188,96
1036,930
1699,191
1291,487
1317,126
1227,683
1237,604
608,586
997,923
1156,838
894,845
1214,666
828,583
420,362
1119,752
960,292
1824,72
1806,130
1021,970
1019,556
744,686
975,915
118,35
380,159
935,805
966,817
937,548
1012,690
1275,673
1004,900
728,349
1361,527
1405,400
378,366
1458,471
671,474
1895,69
1007,497
1647,127
304,285
1898,82
1236,414
1159,576
933,861
1016,741
630,489
918,581
1146,844
822,336
565,250
1377,434
1043,427
953,598
1036,871
880,690
1139,834
1173,780
997,602
1744,255
1217,651
857,390
1209,786
861,556
1456,41
229,62
934,827
1646,306
1725,259
800,670
1112,717
841,271
458,343
1270,510
1514,486
990,816
825,167
765,362
998,367
547,356
1725,141
1452,460
625,429
1021,936
1160,795
1002,997
1377,284
876,267
398,225
1550,430
1092,638
988,647
1106,280
1364,585
798,399
1640,243
1213,611
1010,800
1089,427
813,460
1041,758
574,387
1190,801
1066,447
1449,268
517,477
790,232
947,679
1358,500
818,314
1276,686
1152,368
1063,740
683,416
807,449
1117,273
1318,521
545,337
1865,121
1637,168
1055,603
1478,491
1387,282
743,652
1876,88
1163,487
715,651
1043,587
527,462
347,259
994,936
711,661
1266,719
1610,261
969,957
1764,200
1362,610
1455,49
1558,425
463,104
314,309
1192,800
530,272
309,239
985,934
1450,219
275,181
243,240
1343,602
983,507
1021,444
922,383
1156,346
1646,250
1104,819
1110,575
1043,635
879,615
1709,207
1037,905
1068,785
494,376
1409,445
1302,686
736,719
1239,572
1075,915
1025,615
1662,168
823,816
664,569
697,601
695,339
1771,203
971,880
906,831
1275,681
992,916
320,237
829,777
1191,622
1580,419
691,675
1028,920
605,337
1609,204
1312,686
954,578
872,859
303,249
454,350
1542,454
1583,368
137,99
1425,522
905,879
581,361
1246,514
1610,365
1185,184
1035,700
1590,296
931,851
949,731
557,486
848,307
496,345
1679,152
780,775
1035,333
782,603
571,562
1406,357
1071,793
1168,765
1657,121
1124,357
833,570
619,270
1635,181
401,303
532,490
1269,359
811,251
1024,918
301,145
665,440
646,489
602,400
1193,747
223,84
1072,782
787,82
522,172
324,21
775,375
819,760
950,148
1606,357
112,94
312,204
993,542
971,948
1382,566
286,170
827,562
664,647
971,735
1013,661
1124,722
970,707
1580,314
759,674
1741,220
1819,49
994,576
831,359
926,716
1055,821
1016,955
988,867
1057,332
1269,444
812,776
1005,737
964,963
390,291
1002,871
846,585
1453,525
491,381
757,726
1001,489
1268,408
1692,93
392,217
1067,801
1060,792
630,615
1236,188
1082,693
369,111
907,745
1345,506
1197,756
957,706
1070,626
1565,312
1333,493
1244,385
1151,846
1324,670
658,519
1035,818
700,458
351,300
659,345
976,824
825,317
1617,310
870,419
1256,713
422,283
788,569
1073,719
760,550
707,288
520,412
1684,312
639,637
1208,783
838,724
885,152
620,571
948,462
440,425
982,695
930,749
404,352
1051,631
1115,503
615,520
1832,108
1741,188
956,799
851,396
1413,585
1008,988
1425,574
1465,451
1369,364
1067,849
820,777
1738,123
1003,86
1078,753
1258,691
1302,663
534,367
839,740
817,591
1225,646
1173,694
1256,435
1117,555
1071,675
751,668
1454,475
954,798
1041,402
677,603
667,603
955,894
855,373
1257,664
626,557
941,273
1506,164
1136,541
1023,518
990,645
654,619
829,735
909,746
1166,671
972,696
1091,325
998,989
865,451
466,446
518,407
1633,212
261,111
1311,680
794,534
1023,274
1247,753
386,218
1503,317
1009,594
1736,207
1745,160
1022,625
1123,736
1413,574
1260,691
1839,161
1234,646
558,516
1001,781
994,719
1043,869
805,796
1017,646
388,162
544,468
917,807
1197,678
1044,117
682,411
1148,572
813,331
1029,970
1409,441
378,329
973,895
346,288
1023,916
736,598
989,710
1320,493
500,459
1225,416
1731,219
1170,721
885,273
846,763
1038,707
1992,3
524,447
1355,303
727,526
788,417
980,880
1019,579
969,419
904,581
604,582
870,754
599,418
1211,788
734,428
830,608
766,761
1515,404
707,613
1287,704
922,897
918,473
1102,540
746,103
847,453
1179,304
1220,612
1513,402
710,493
394,74
474,461
955,831
1157,292
895,677
1027,495
606,597
486,414
692,170
606,423
1082,893
855,708
904,833
1031,799
1378,464
1262,568
1608,261
406,372
837,727
770,664
869,642
695,536
1098,830
1082,479
711,178
937,496
1090,858
1031,957
252,191
816,728
844,506
523,158
1613,56
883,815
721,633
1542,458
1221,624
533,158
772,612
1519,438
1015,783
607,234
479,451
623,591
1360,478
414,186
949,849
959,834
1167,550
1181,750
800,724
932,917
1389,552
706,379
1508,391
1114,846
516,462
858,487
1066,59
421,256
1042,802
950,789
813,384
788,786
1605,151
775,71
1204,782
1060,388
1020,682
1081,634
1225,708
1120,741
665,550
1745,195
1323,354
1073,586
979,967
1347,103
940,772
764,744
1153,755
1886,98
1145,845
1198,469
1071,559
1199,128
1458,506
940,859
786,715
1291,635
1379,619
559,348
1114,754
898,548
860,419
1526,258
431,160
902,610
1308,367
775,643
342,321
247,126
1306,222
1335,288
1687,295
1615,178
354,323
675,617
852,387
1178,639
498,409
724,331
978,264
827,265
1718,280
952,522
841,138
1161,208
996,890
1281,400
1024,687
1674,196
902,689
1243,405
863,778
1016,941
877,561
586,542
803,670
776,431
1174,377
1409,521
1141,200
1383,482
769,569
1240,357
1327,495
823,813
691,327
390,152
1336,244
1781,165
1390,421
909,460
1642,212
704,665
1138,419
1034,821
1101,631
968,548
974,961
1001,992
920,804
633,427
1422,508
959,946
1112,536
206,192
378,308
1201,193
1803,77
1330,528
1121,437
474,324
1313,631
1283,648
962,795
657,591
999,864
788,467
1282,685
1076,332
945,888
1187,706
825,605
1371,571
1028,882
1018,790
1885,111
1066,496
1294,690
1651,197
897,419
1005,891
1465,458
382,316
987,968
1007,404
794,709
597,430
1007,871
639,577
1484,352
1366,528
1672,319
952,650
1436,409
1426,548
1658,206
1096,642
1075,740
1001,303
1120,636
1432,562
163,52
1224,674
423,292
879,765
1181,296
1032,713
1287,679
1595,373
851,770
1158,163
720,529
889,820
1196,392
1127,670
885,585
1411,452
693,649
342,304
1067,712
396,113
1376,459
605,267
358,250
1123,350
1526,458
899,677
1514,354
1196,799
1087,741
1471,400
1135,785
1036,907
1526,289
1057,870
1125,390
1401,593
1739,115
811,604
1019,261
889,644
1312,170
1187,449
1218,64
1265,624
1352,600
1379,241
1687,75
1385,555
1281,600
821,719
956,901
927,660
1007,646
1529,471
1295,531
768,481
938,932
609,215
1466,464
720,652
297,202
1203,505
1745,190
1121,425
1115,809
1819,156
1374,487
1335,266
1749,221
555,410
996,972
835,263
1837,128
1777,100
721,629
957,631
936,392
1423,331
1266,715
1579,289
1029,389
420,374
970,307
1099,842
1341,222
349,299
768,764
787,51
1388,369
1069,822
784,699
781,504
1286,533
1788,186
1608,59
1830,101
1565,427
786,583
1386,370
1428,489
1054,857
1165,633
1181,560
525,444
1072,840
534,496
1012,637
409,349
1076,450
740,249
1589,405
889,368
1098,837
926,539
1875,56
663,660
1303,595
612,293
827,713
880,654
1252,702
358,305
1023,904
966,956
1296,669
539,415
794,503
858,624
941,839
988,927
800,483
900,386
1787,53
674,338
283,280
1499,293
1828,172
560,142
1209,784
1079,863
1124,117
1227,334
1638,297
1090,867
937,672
1468,459
1219,218
1377,512
537,527
1141,660
1081,864
964,846
813,324
1203,488
638,383
1361,379
912,583
1146,804
796,715
889,456
1137,729
1736,260
1151,844
1006,765
1456,527
1111,864
918,521
472,416
1090,826
754,445
473,263
860,444
530,518
1061,259
1152,826
969,449
272,271
1302,632
1745,208
1880,47
528,376
327,261
956,794
1441,457
723,677
1382,488
1716,268
1106,788
1448,484
285,235
1350,441
1082,728
1104,830
1312,316
1196,656
510,497
1053,140
1609,275
756,452
1093,186
557,397
1103,863
1474,363
761,715
558,540
1041,939
928,731
1704,188
1589,390
1585,348
1688,212
437,419
911,654
1275,646
653,535
1057,777
1159,635
685,659
957,757
1344,624
1019,837
1430,94
1286,422
999,382
1035,612
619,465
508,466
1505,493
1331,600
1357,621
947,803
872,659
1008,819
1416,545
1116,660
1158,620
1303,662
588,425
525,514
929,673
1041,897
1031,704
896,831
1403,500
1131,650
1585,353
646,57
658,365
1389,575
1479,392
772,715
1192,777
642,570
1407,565
818,318
915,781
440,310
1414,537
765,748
925,844
1143,639
1268,254
1056,868
1579,216
1197,361
995,637
883,509
571,254
1304,155
1420,395
1199,793
713,678
844,580
776,183
1287,695
749,718
879,729
1159,613
1447,489
1004,977
700,546
525,515
1618,373
1015,858
958,787
1090,551
321,260
1058,298
1213,181
286,199
1511,249
714,672
1190,732
818,595
1006,930
1057,373
1032,675
919,840
666,578
1409,451
864,666
778,365
952,497
714,395
1028,321
761,726
911,836
886,704
1095,636
1421,576
733,384
851,497
908,827
904,300
289,290
1056,802
1103,412
618,278
1115,538
727,338
1040,879
680,456
1579,256
470,433
1054,925
816,459
1220,91
1115,515
1361,93
935,772
209,172
683,390
1953,44
1232,719
976,877
1179,596
751,457
844,369
1209,580
731,138
1329,583
1288,621
1082,897
1504,60
1142,426
1310,231
1610,146
1012,671
1318,202
1304,596
438,233
858,733
1231,241
1653,80
360,254
827,661
1015,225
1538,127
289,200
713,636
850,753
938,772
1204,683
1330,627
506,460
195,191
972,481
734,652
974,957
778,703
1301,399
547,448
397,115
1442,441
927,918
650,629
807,309
1131,556
1384,350
780,765
991,915
881,877
513,222
1166,437
501,106
1045,483
926,693
1275,561
1194,428
743,282
1068,543
330,166
483,343
968,826
1373,572
1249,146
797,779
964,746
807,357
824,797
1124,863
894,679
491,280
1387,462
1303,341
1047,293
359,271
1411,588
1605,392
40,24
1493,332
1233,750
253,217
1032,722
1239,493
958,803
662,225
695,614
985,558
423,310
1730,95
1106,500
988,800
1794,150
145,110
1331,506
745,556
832,178
1158,552
1645,348
1011,689
585,529
1366,32
1531,415
212,125
1046,944
843,566
1240,636
1403,502
172,135
1148,515
710,575
628,351
1022,685
1297,414
1093,454
662,523
1332,544
908,647
1657,255
633,613
1082,916
1179,673
1295,547
1828,164
1813,167
537,450
1170,647
1191,801
436,249
857,541
1231,650
597,583
972,292
330,176
1243,666
980,913
1023,675
1328,620
1126,835
1339,655
1010,955
1845,141
1222,745
1584,219
998,722
1159,301
1478,437
421,280
1271,725
965,706
1039,794
961,688
1210,563
991,888
1208,538
560,449
730,684
634,519
875,696
1133,737
1178,799
846,522
638,242
909,788
913,661
684,667
568,393
851,657
764,656
912,868
1020,634
666,403
311,244
842,824
974,928
1111,605
616,458
963,184
1224,558
413,332
1205,560
395,215
820,590
953,204
749,684
1086,559
1011,775
1053,543
1047,613
991,419
343,198
1411,54
770,738
666,68
1127,523
609,495
874,428
930,760
452,270
579,422
400,391
1092,779
1783,177
1416,581
1657,335
475,276
124,24
1189,577
1290,573
1034,841
1094,529
715,662
1147,807
1036,812
916,582
1007,990
1338,358
713,652
1249,525
644,507
971,744
845,842
1011,942
304,202
547,209
942,844
706,423
873,280
1432,262
368,355
322,319
1671,250
686,614
1112,210
1797,177
1396,421
1496,383
670,551
1229,552
1224,594
1679,67
1170,793
843,705
1256,662
1219,762
476,189
1488,348
1758,235
1356,439
852,588
1382,472
1697,189
814,618
958,402
1193,545
620,614
869,861
926,638
1258,672
1020,157
1362,604
679,679
1677,242
1071,347
1301,531
1056,724
1249,658
271,168
1374,567
866,508
875,532
1329,445
998,966
861,849
1022,687
762,749
771,470
1132,637
850,816
705,638
1586,243
635,602
932,765
1058,565
1121,828
1884,107
945,916
944,688
0
0
0
0
0
0
0
1
1
2
2
3
3
3
3
4
4
4
4
4
4
5
5
6
6
6
6
7
7
7
7
8
8
9
9
9
9
10
11
11
11
11
12
13
13
14
14
15
15
15
15
16
16
16
17
18
18
18
18
18
19
19
19
19
19
19
20
20
20
21
21
21
22
22
23
23
23
23
23
23
24
24
24
24
25
26
26
26
27
27
27
28
28
28
28
28
28
28
28
29
29
29
29
29
29
29
30
30
30
31
31
32
32
32
32
32
33
33
33
33
33
34
34
34
34
34
35
35
36
36
37
37
37
37
38
38
39
39
39
39
39
39
39
39
40
40
41
41
42
42
42
43
43
44
45
45
46
46
46
46
47
47
47
47
48
48
48
48
49
49
49
50
50
50
50
51
51
51
51
51
51
52
52
52
54
55
55
55
56
56
56
56
57
57
57
57
58
58
58
59
59
59
60
60
60
60
61
61
62
63
63
63
63
64
64
64
64
64
64
65
65
66
66
66
66
66
66
66
67
67
67
67
67
67
68
69
69
70
70
71
71
71
71
72
72
72
72
72
73
73
73
73
73
74
74
74
74
74
74
75
76
77
77
78
78
78
79
79
79
79
79
79
80
80
80
80
80
82
82
83
83
83
83
83
83
84
84
84
84
86
86
87
87
88
88
88
88
88
89
89
89
89
89
89
90
90
90
90
90
90
90
90
90
91
91
91
92
92
92
92
93
93
93
93
94
94
94
94
94
94
95
95
95
95
95
95
96
96
96
96
96
97
97
97
98
99
99
99
99
99
100
100
100
100
100
101
101
101
101
101
101
101
101
101
103
103
103
103
103
103
103
104
104
104
104
104
105
106
106
106
106
106
106
107
107
107
108
109
109
110
110
111
111
111
111
112
112
112
112
113
113
114
114
115
116
116
116
117
117
117
117
117
119
119
119
119
119
120
121
122
122
122
122
122
123
123
123
123
123
123
124
124
124
124
124
124
124
124
124
125
125
125
125
125
126
127
127
128
129
129
129
129
130
130
130
131
131
131
132
132
132
133
133
133
133
133
133
134
134
134
134
135
135
135
136
136
136
137
137
137
138
138
138
138
138
139
139
139
140
140
141
141
141
141
141
141
142
142
142
143
143
143
143
143
143
143
143
144
144
144
144
145
145
145
145
145
145
146
146
146
146
147
147
148
148
148
148
148
149
149
149
150
150
150
151
151
151
151
152
152
152
153
153
154
154
154
154
154
155
155
155
155
155
155
156
157
157
157
157
158
158
158
158
158
159
160
160
160
160
160
161
161
161
162
162
162
163
163
163
163
164
164
164
164
164
164
165
165
166
166
166
166
166
166
167
167
167
167
167
167
167
168
168
168
169
170
170
170
171
171
171
171
172
172
172
172
172
172
172
172
173
173
174
174
174
174
174
175
175
175
175
175
175
175
176
176
176
176
176
177
177
177
177
177
178
178
178
178
179
179
179
179
179
179
179
179
179
180
180
181
181
181
182
182
182
182
182
183
183
183
183
184
184
184
184
184
184
184
184
185
185
185
186
186
186
187
187
187
188
188
188
188
188
188
189
189
189
189
190
191
191
191
191
192
192
192
192
193
193
194
195
195
195
195
195
196
196
197
197
198
199
199
199
199
199
199
199
200
200
200
200
200
201
201
201
201
202
203
203
203
203
204
204
204
204
204
204
206
206
206
206
206
206
207
207
207
207
207
208
209
209
209
209
209
209
210
210
210
210
210
211
211
212
212
212
213
213
213
213
214
214
214
214
216
216
216
216
217
217
217
218
218
218
218
218
218
219
219
219
220
220
221
221
221
221
222
222
222
223
223
225
225
225
226
226
227
227
227
227
228
228
229
229
229
229
230
230
231
232
232
233
234
234
234
234
235
235
236
236
236
236
236
237
237
237
237
237
237
237
238
238
239
239
239
239
240
240
240
240
240
240
241
241
242
243
243
244
244
244
244
245
245
245
245
245
245
246
246
246
247
247
247
247
247
247
248
248
249
250
250
250
251
251
251
251
251
252
252
252
253
253
254
254
254
254
254
255
255
255
255
255
257
257
257
257
258
258
258
258
258
259
259
259
259
259
260
261
261
261
261
262
262
263
263
263
263
263
264
264
264
265
265
265
265
265
265
265
266
266
267
267
267
267
268
268
268
268
268
268
269
269
269
269
269
270
270
270
270
270
271
271
271
271
271
271
272
272
272
272
272
273
273
274
274
274
275
275
275
275
276
276
277
277
278
278
278
278
278
278
279
279
279
279
279
280
280
280
280
280
280
281
281
281
282
282
282
283
283
283
284
284
284
285
285
286
286
286
286
286
287
287
287
288
288
288
288
288
289
289
290
290
290
290
290
291
291
292
292
292
293
293
293
293
294
295
295
295
295
296
296
296
296
297
297
297
297
298
300
300
300
301
301
301
302
302
302
303
303
303
303
303
304
304
304
304
304
304
304
304
305
305
305
305
305
305
306
306
306
306
306
306
307
307
308
308
308
308
308
309
309
310
310
310
310
310
310
311
311
311
311
311
311
312
312
312
313
314
315
315
315
315
316
316
316
316
316
316
317
317
318
318
318
319
319
319
320
320
321
321
322
322
323
323
323
323
324
324
325
325
325
325
326
326
326
326
326
327
327
327
327
327
328
328
328
328
328
328
329
329
329
329
330
330
330
331
331
332
332
332
332
333
333
334
334
334
334
334
335
335
336
336
337
337
337
337
338
338
338
338
339
339
339
339
339
340
340
340
341
341
341
341
341
341
341
341
342
342
342
342
342
343
343
344
344
344
344
345
345
345
346
346
346
346
347
347
347
347
347
348
348
348
348
348
348
349
349
350
350
350
350
350
350
351
351
351
352
352
352
352
352
353
353
353
353
354
354
354
354
354
355
355
355
356
356
356
356
357
357
357
357
357
358
358
359
361
361
362
362
362
362
362
362
363
363
363
363
364
364
364
364
364
365
365
365
365
365
366
366
366
366
367
367
368
368
368
368
368
368
369
369
369
370
370
370
371
371
371
371
371
372
372
373
373
374
374
374
374
375
376
377
378
378
379
380
380
380
380
381
381
381
382
382
382
382
382
382
383
383
383
383
384
384
384
384
384
385
386
386
386
386
386
387
387
388
388
388
389
389
389
390
390
390
391
391
391
391
392
393
393
393
393
393
393
394
394
394
394
394
394
394
394
395
395
395
395
396
396
397
397
397
397
398
398
398
398
399
399
399
399
399
399
400
400
400
402
402
402
402
402
403
404
404
405
405
405
405
406
406
407
408
408
408
409
409
409
409
409
409
410
410
410
410
410
410
410
411
411
411
411
412
413
413
414
414
414
415
415
415
416
416
416
416
416
416
416
417
417
418
419
419
419
420
420
420
420
420
421
421
422
423
423
423
423
423
424
424
424
425
426
426
426
426
427
427
427
428
428
428
428
428
429
429
429
429
429
429
430
430
431
431
431
432
432
432
433
433
433
433
433
434
435
435
435
435
436
436
436
436
436
436
437
437
438
438
438
439
439
440
440
440
440
440
440
441
441
441
442
442
442
442
443
443
443
444
444
445
446
446
446
447
447
447
448
448
449
449
449
450
450
450
450
450
450
450
451
451
451
451
452
452
452
453
453
453
453
454
454
455
455
455
456
456
456
456
456
457
457
457
457
457
457
458
458
458
458
459
459
460
461
461
461
461
461
461
461
461
461
462
462
462
463
463
464
464
465
465
465
465
466
467
467
468
468
469
469
470
470
470
471
471
472
472
472
472
473
473
473
473
474
474
474
474
475
475
475
475
476
476
476
476
477
477
478
478
478
478
478
478
478
479
479
479
480
480
481
481
482
482
483
484
484
484
484
485
485
485
485
485
485
486
486
486
486
486
487
487
487
487
488
488
488
489
489
489
489
490
490
490
491
491
491
491
491
491
492
492
492
492
492
493
493
493
494
494
494
494
494
495
495
496
496
496
496
497
497
497
497
498
498
498
499
499
499
499
500
500
500
500
500
500
500
501
501
502
502
502
503
503
503
504
505
505
506
506
506
506
507
507
507
507
508
508
508
508
508
509
509
510
510
511
511
511
511
511
511
512
512
513
513
513
513
514
514
515
515
515
516
516
516
516
516
517
517
518
518
518
518
518
518
518
519
519
519
519
519
519
519
519
520
521
521
521
521
522
522
523
523
523
523
524
524
524
525
525
525
526
526
527
527
527
527
527
527
528
528
528
529
529
529
530
530
530
530
531
531
531
532
532
533
534
534
534
535
535
535
536
536
536
536
536
536
537
537
537
539
539
540
540
541
541
541
541
541
541
542
542
542
543
543
543
543
543
544
544
544
544
544
545
545
546
546
546
547
547
547
548
548
548
548
548
548
549
549
549
550
551
551
551
551
552
552
552
552
552
552
553
553
553
553
553
553
554
554
554
554
555
555
555
555
555
556
557
557
558
558
558
558
558
559
559
560
560
560
560
560
560
561
561
561
561
561
562
562
563
563
563
563
563
564
564
564
565
565
565
565
565
566
566
566
567
567
567
568
568
569
569
569
570
571
571
571
572
572
572
573
573
573
573
573
573
573
574
574
574
574
574
575
575
575
575
576
576
576
576
576
577
577
577
577
577
577
577
578
578
578
578
579
579
579
579
579
580
580
580
580
580
581
581
582
582
582
582
583
584
584
585
585
585
585
585
585
586
586
586
586
586
586
586
587
588
588
588
588
589
589
589
590
590
590
590
591
591
591
591
592
593
593
593
593
593
594
594
594
594
594
594
594
594
595
595
596
598
598
598
599
599
599
599
600
600
601
601
601
601
601
601
602
602
602
602
602
603
603
603
603
603
603
604
605
605
605
605
606
606
606
606
606
606
607
607
607
607
608
608
609
609
609
609
609
610
610
610
610
611
611
611
612
612
613
613
615
615
615
615
616
616
616
617
617
617
618
618
619
619
619
619
619
621
621
621
622
622
622
622
623
624
625
625
625
625
626
626
626
626
626
627
627
628
628
628
628
628
629
629
629
630
630
630
630
631
631
632
632
632
632
633
634
634
634
635
636
637
637
637
638
639
639
640
641
641
641
641
642
642
642
642
643
643
643
644
644
645
645
645
645
645
646
646
646
646
647
647
648
648
648
649
649
649
649
649
649
649
650
650
650
651
651
651
651
651
652
652
652
652
652
653
653
654
655
655
655
655
655
656
656
656
656
656
657
657
657
658
658
658
658
659
659
659
659
659
659
659
660
660
660
660
660
661
662
662
662
662
662
663
663
663
663
663
664
664
664
664
664
665
665
666
666
666
666
666
667
667
667
668
668
668
668
669
669
669
669
669
670
670
671
671
672
672
672
672
672
672
673
673
673
674
674
674
675
676
677
677
677
677
677
678
678
678
678
678
679
679
680
680
680
680
681
681
682
682
682
682
683
683
683
683
684
685
686
686
686
686
686
687
687
687
687
687
687
688
688
689
689
690
690
690
690
691
691
691
691
692
692
692
692
693
693
694
694
694
694
694
695
695
695
695
696
696
696
696
696
696
696
697
697
697
697
697
697
699
699
699
699
700
700
702
702
702
703
703
703
704
704
704
705
705
705
705
705
705
707
707
707
707
707
707
707
708
708
708
709
709
709
709
710
710
710
710
710
710
711
711
711
711
712
712
712
712
713
713
713
714
714
714
714
715
715
715
715
716
716
716
716
716
716
717
718
718
718
719
719
719
719
719
719
719
719
719
720
720
720
720
720
721
721
722
723
723
723
724
724
724
724
724
724
725
725
725
726
726
726
726
726
727
727
727
727
727
728
729
729
729
730
730
730
730
730
730
730
730
731
731
731
731
731
732
732
732
732
732
732
732
732
732
732
733
733
733
734
734
734
734
734
734
735
735
735
735
735
736
736
736
737
737
738
738
738
738
738
739
739
739
739
740
740
740
741
741
741
741
741
743
743
743
744
744
744
744
744
745
745
745
745
745
748
748
749
750
750
750
750
751
751
751
751
751
752
752
752
752
753
753
753
753
754
754
754
754
755
755
755
756
758
758
758
759
759
759
760
760
761
761
761
762
762
762
763
763
763
764
764
764
764
765
765
765
765
765
765
766
767
768
768
768
768
768
768
769
769
769
769
769
769
769
769
770
771
771
771
771
772
772
772
772
772
772
772
773
773
774
774
774
774
774
774
774
775
775
775
776
776
776
777
778
778
779
779
780
780
781
781
782
782
782
783
783
785
785
785
786
786
787
788
788
789
789
789
789
790
790
790
790
790
790
791
791
792
792
793
794
794
794
795
795
795
795
795
796
796
796
796
796
797
797
798
798
798
799
799
799
799
799
800
800
801
801
801
801
802
802
802
802
802
802
803
803
803
803
803
803
804
804
804
804
804
805
805
805
805
805
807
807
807
807
808
809
809
809
810
810
810
811
811
812
812
813
813
813
813
813
813
813
813
813
814
814
814
814
814
815
815
815
815
815
816
817
818
818
819
820
820
820
820
822
822
822
822
822
822
823
823
823
823
824
824
824
824
825
826
826
827
827
828
828
828
828
829
829
829
829
829
829
830
830
830
830
830
831
831
831
832
832
832
833
833
833
833
834
834
834
835
835
835
835
836
836
837
837
838
838
838
838
839
839
839
839
839
839
840
840
840
840
840
841
841
841
841
842
842
842
842
842
842
843
843
844
844
844
845
845
845
845
846
846
846
846
847
847
847
847
847
848
848
848
848
849
849
849
850
851
851
851
851
852
852
852
853
853
853
853
853
853
854
854
854
854
854
855
855
856
856
857
857
857
857
858
858
858
858
859
859
859
860
860
860
861
861
861
861
861
862
862
862
862
862
863
863
863
863
864
864
865
865
865
866
866
866
866
866
867
867
867
868
868
868
868
869
869
869
870
870
870
870
870
870
871
871
871
871
871
872
872
873
873
873
874
874
875
875
875
875
875
876
876
877
877
877
877
877
877
877
878
878
878
879
879
880
880
880
881
881
882
882
882
882
882
882
883
883
884
884
884
884
884
885
885
885
885
886
886
886
887
887
887
888
888
888
888
889
889
889
890
890
891
891
891
891
892
892
892
892
892
892
893
893
894
895
895
895
895
895
895
895
895
896
896
896
897
897
898
898
899
899
899
899
899
899
899
900
900
900
901
901
901
901
901
902
902
902
902
902
902
903
903
903
904
904
905
906
906
906
908
908
908
909
909
909
909
909
910
910
910
910
911
911
911
911
911
912
912
912
913
913
913
913
914
914
914
914
914
914
915
915
915
915
915
915
915
915
915
916
916
917
917
917
918
918
919
919
919
919
919
920
920
920
920
921
921
922
922
922
923
924
924
924
925
925
925
926
926
927
928
928
929
929
930
930
930
931
931
931
931
932
932
933
934
934
934
934
934
935
935
936
936
936
936
936
936
936
937
937
937
937
938
938
938
938
939
939
939
939
939
939
939
940
940
940
940
940
940
940
941
942
942
942
943
943
943
944
944
944
945
945
945
945
946
946
946
946
947
947
947
947
948
949
949
949
950
950
950
950
951
951
951
951
952
952
952
952
952
952
953
953
953
954
954
954
954
955
955
955
955
955
955
955
956
956
956
956
956
956
957
957
957
957
957
958
958
958
958
958
959
959
959
959
960
960
960
960
960
960
961
961
961
961
962
962
962
962
963
963
963
963
963
964
964
964
964
964
964
965
965
965
966
966
966
966
966
967
967
967
967
968
968
968
968
968
969
969
969
969
969
969
969
969
969
970
970
971
971
971
971
971
971
971
972
972
973
973
973
973
973
974
975
975
975
976
976
976
976
976
977
977
977
977
978
978
978
979
979
979
979
980
980
980
980
980
981
981
982
984
984
984
984
984
985
985
985
986
987
987
987
987
987
988
989
990
990
990
991
991
991
992
992
993
993
993
993
993
993
994
994
994
994
994
994
995
996
996
996
997
997
997
997
997
998
998
998
998
999
999
999
1000
1000
1000
1000
1000
1000
1001
1001
1003
1003
1004
1004
1004
1005
1005
1005
1005
1005
1005
1005
1006
1006
1007
1007
1007
1007
1007
1007
1008
1008
1008
1008
1009
1009
1009
1010
1010
1010
1012
1012
1012
1013
1013
1013
1013
1014
1014
1014
1014
1015
1016
1016
1016
1016
1016
1017
1017
1017
1018
1018
1018
1018
1019
1019
1019
1019
1020
1020
1020
1021
1021
1021
1022
1022
1022
1022
1022
1023
1024
1024
1024
1024
1024
1025
1025
1025
1025
1025
1025
1026
1026
1026
1026
1026
1026
1027
1027
1028
1028
1028
1029
1029
1029
1029
1029
1029
1029
1029
1030
1030
1030
1031
1031
1031
1032
1033
1033
1033
1033
1033
1034
1034
1035
1035
1035
1035
1035
1036
1036
1036
1037
1037
1037
1037
1038
1038
1038
1038
1038
1039
1039
1039
1039
1040
1040
1040
1040
1040
1041
1042
1042
1042
1043
1043
1044
1044
1044
1044
1045
1045
1047
1047
1047
1048
1048
1048
1048
1049
1049
1049
1049
1051
1051
1051
1051
1052
1053
1053
1054
1054
1054
1054
1055
1055
1055
1056
1056
1056
1056
1056
1057
1057
1057
1057
1058
1058
1058
1059
1059
1059
1059
1060
1060
1061
1061
1061
1062
1062
1062
1062
1062
1062
1063
1063
1064
1064
1064
1064
1065
1065
1066
1066
1066
1066
1066
1066
1068
1068
1068
1068
1068
1069
1069
1069
1069
1069
1069
1070
1070
1070
1071
1071
1071
1072
1072
1073
1073
1074
1074
1074
1074
1075
1075
1075
1075
1076
1076
1076
1077
1077
1077
1077
1077
1078
1078
1078
1078
1078
1078
1079
1079
1079
1079
1080
1080
1080
1080
1081
1082
1082
1082
1082
1083
1083
1083
1084
1084
1084
1084
1085
1085
1085
1085
1085
1085
1085
1086
1086
1086
1087
1087
1087
1087
1087
1087
1087
1088
1088
1088
1088
1089
1089
1089
1089
1090
1090
1091
1092
1093
1093
1094
1094
1095
1095
1095
1095
1096
1096
1096
1096
1096
1096
1097
1098
1098
1098
1100
1100
1100
1100
1100
1101
1102
1102
1102
1103
1105
1105
1105
1105
1106
1106
1106
1107
1107
1107
1107
1107
1107
1108
1108
1108
1108
1108
1108
1109
1109
1109
1109
1109
1110
1110
1110
1111
1111
1111
1111
1112
1112
1112
1112
1112
1113
1113
1113
1114
1114
1114
1114
1114
1115
1115
1115
1115
1116
1116
1116
1116
1116
1116
1117
1117
1117
1117
1117
1117
1118
1118
1118
1118
1118
1118
1118
1118
1118
1119
1119
1119
1119
1119
1120
1120
1120
1120
1121
1122
1123
1123
1124
1124
1124
1124
1124
1125
1125
1125
1125
1125
1125
1126
1127
1128
1128
1128
1129
1129
1129
1129
1129
1129
1130
1131
1132
1132
1132
1133
1133
1133
1133
1133
1134
1134
1134
1135
1136
1136
1136
1136
1136
1137
1137
1137
1137
1137
1138
1139
1139
1140
1140
1140
1140
1140
1141
1141
1142
1142
1142
1142
1142
1143
1143
1143
1144
1145
1145
1145
1145
1145
1146
1146
1146
1146
1146
1146
1147
1147
1147
1147
1147
1148
1148
1148
1148
1148
1148
1148
1149
1149
1149
1149
1149
1149
1150
1150
1150
1150
1150
1150
1150
1151
1151
1151
1152
1152
1152
1152
1153
1153
1154
1154
1154
1155
1155
1155
1155
1155
1155
1156
1156
1156
1157
1157
1158
1158
1158
1158
1159
1159
1159
1159
1159
1159
1160
1160
1160
1161
1162
1162
1163
1163
1163
1163
1164
1165
1165
1165
1166
1166
1166
1168
1168
1168
1169
1169
1169
1169
1169
1170
1170
1170
1170
1170
1170
1171
1171
1172
1172
1172
1172
1172
1173
1173
1173
1174
1175
1175
1175
1175
1175
1176
1176
1177
1177
1177
1177
1177
1178
1178
1178
1178
1178
1179
1179
1180
1180
1181
1181
1182
1182
1183
1183
1183
1183
1183
1185
1185
1185
1186
1186
1186
1186
1186
1187
1187
1188
1188
1188
1188
1189
1189
1189
1190
1190
1190
1190
1190
1191
1191
1191
1191
1191
1192
1192
1192
1192
1192
1192
1193
1193
1193
1193
1193
1193
1195
1195
1195
1196
1196
1196
1196
1196
1197
1197
1198
1199
1199
1199
1199
1200
1200
1200
1200
1200
1200
1200
1201
1201
1201
1202
1202
1202
1202
1203
1203
1203
1203
1204
1204
1204
1204
1204
1204
1205
1205
1205
1205
1206
1207
1207
1208
1208
1208
1208
1208
1208
1209
1209
1209
1209
1210
1210
1211
1211
1211
1211
1212
1212
1212
1212
1212
1212
1213
1213
1213
1213
1214
1214
1214
1215
1215
1216
1216
1216
1216
1216
1217
1217
1217
1217
1217
1217
1217
1218
1218
1218
1218
1219
1219
1220
1220
1220
1220
1221
1221
1221
1221
1222
1222
1223
1223
1224
1224
1225
1225
1226
1226
1227
1227
1227
1227
1227
1227
1227
1227
1227
1228
1228
1228
1228
1228
1229
1229
1230
1230
1230
1230
1230
1230
1231
1231
1232
1233
1233
1234
1234
1234
1235
1235
1235
1235
1235
1235
1235
1237
1237
1238
1238
1238
1238
1238
1239
1239
1239
1239
1239
1240
1240
1240
1240
1241
1241
1241
1241
1242
1242
1243
1243
1243
1243
1243
1243
1245
1245
1246
1246
1247
1247
1247
1247
1247
1248
1248
1248
1248
1249
1249
1249
1249
1250
1250
1250
1250
1250
1251
1251
1251
1251
1252
1252
1252
1252
1253
1254
1254
1254
1254
1254
1255
1255
1255
1255
1256
1256
1256
1256
1256
1257
1257
1257
1257
1257
1258
1259
1259
1259
1259
1260
1260
1261
1261
1261
1262
1262
1262
1262
1263
1263
1263
1263
1264
1264
1265
1265
1265
1265
1266
1266
1266
1266
1266
1266
1267
1267
1267
1267
1267
1267
1268
1268
1268
1268
1268
1269
1269
1269
1269
1270
1270
1270
1271
1271
1272
1272
1272
1272
1272
1273
1273
1273
1273
1273
1274
1274
1274
1274
1274
1275
1275
1275
1275
1277
1277
1277
1277
1277
1278
1278
1278
1278
1278
1279
1279
1280
1280
1280
1280
1280
1281
1281
1282
1282
1282
1282
1282
1283
1283
1283
1283
1284
1284
1284
1284
1284
1284
1285
1285
1285
1285
1286
1286
1286
1287
1287
1288
1288
1288
1289
1289
1290
1290
1291
1291
1291
1291
1292
1293
1293
1293
1293
1293
1293
1293
1294
1294
1294
1294
1295
1295
1295
1296
1296
1296
1296
1296
1296
1296
1297
1298
1298
1298
1298
1299
1299
1300
1301
1301
1301
1301
1302
1302
1302
1302
1302
1302
1303
1303
1303
1303
1304
1304
1304
1305
1305
1306
1306
1306
1306
1307
1307
1307
1307
1307
1307
1308
1308
1308
1308
1308
1308
1308
1308
1309
1309
1309
1309
1310
1310
1310
1311
1311
1311
1312
1312
1312
1312
1313
1313
1313
1314
1314
1315
1315
1315
1315
1315
1316
1316
1317
1317
1317
1317
1318
1318
1319
1319
1320
1320
1320
1320
1320
1321
1321
1321
1321
1321
1321
1321
1322
1322
1322
1322
1322
1323
1323
1323
1323
1323
1324
1324
1325
1326
1326
1326
1326
1327
1327
1328
1328
1328
1328
1329
1329
1329
1330
1330
1330
1330
1330
1330
1331
1331
1331
1331
1331
1332
1332
1332
1332
1332
1332
1332
1333
1333
1333
1334
1334
1334
1335
1335
1336
1336
1336
1337
1337
1337
1337
1338
1338
1339
1339
1340
1340
1341
1341
1342
1342
1343
1343
1343
1344
1344
1344
1344
1344
1344
1344
1344
1344
1345
1345
1345
1345
1345
1346
1346
1346
1346
1346
1347
1347
1348
1349
1349
1349
1349
1350
1350
1350
1350
1350
1351
1351
1351
1351
1352
1352
1352
1352
1352
1353
1353
1353
1353
1353
1354
1354
1354
1355
1355
1355
1355
1355
1355
1356
1356
1356
1356
1356
1357
1357
1358
1358
1358
1358
1359
1359
1359
1359
1359
1360
1361
1361
1362
1363
1363
1364
1364
1364
1364
1364
1365
1365
1366
1366
1366
1367
1367
1367
1367
1367
1368
1368
1368
1368
1368
1369
1369
1369
1369
1370
1370
1370
1371
1371
1371
1371
1371
1371
1372
1372
1372
1373
1373
1373
1373
1373
1373
1374
1374
1374
1375
1376
1376
1376
1377
1377
1377
1378
1378
1378
1378
1378
1379
1379
1379
1379
1380
1380
1381
1381
1381
1381
1382
1383
1385
1385
1385
1385
1385
1385
1385
1386
1386
1386
1386
1386
1386
1387
1387
1389
1389
1389
1389
1389
1390
1391
1391
1391
1391
1392
1392
1392
1392
1393
1394
1394
1394
1395
1395
1395
1395
1396
1396
1396
1397
1397
1397
1397
1397
1397
1398
1398
1398
1398
1398
1399
1399
1399
1400
1400
1400
1400
1400
1401
1402
1402
1402
1402
1402
1403
1403
1404
1404
1404
1404
1405
1405
1405
1406
1406
1406
1406
1407
1408
1408
1409
1409
1409
1409
1409
1409
1409
1410
1410
1410
1411
1411
1411
1412
1412
1412
1412
1413
1413
1413
1413
1413
1413
1413
1414
1414
1415
1415
1415
1415
1415
1415
1415
1416
1416
1416
1416
1416
1417
1417
1417
1417
1419
1419
1419
1420
1420
1420
1420
1420
1420
1420
1421
1421
1421
1422
1422
1422
1422
1422
1422
1422
1422
1423
1423
1423
1423
1423
1424
1424
1424
1425
1426
1426
1426
1426
1426
1427
1427
1427
1427
1427
1427
1427
1427
1428
1428
1428
1428
1428
1428
1428
1429
1429
1429
1429
1430
1430
1431
1431
1432
1432
1433
1433
1433
1433
1433
1433
1434
1435
1435
1435
1435
1436
1437
1437
1437
1438
1438
1438
1438
1438
1439
1439
1439
1439
1439
1440
1440
1440
1440
1440
1441
1441
1441
1441
1442
1442
1443
1443
1443
1443
1444
1445
1445
1445
1445
1445
1446
1446
1447
1447
1447
1447
1448
1449
1449
1450
1450
1451
1451
1451
1451
1452
1452
1453
1453
1454
1454
1455
1455
1455
1455
1456
1456
1456
1456
1457
1457
1457
1458
1458
1458
1458
1459
1459
1459
1459
1459
1460
1460
1460
1460
1461
1461
1462
1462
1462
1462
1462
1463
1463
1463
1463
1463
1464
1464
1464
1464
1465
1465
1465
1467
1467
1467
1467
1467
1467
1468
1468
1468
1468
1468
1471
1471
1471
1472
1472
1472
1473
1473
1474
1474
1474
1475
1475
1475
1475
1475
1476
1476
1477
1477
1477
1477
1477
1477
1477
1479
1479
1479
1479
1479
1479
1480
1480
1481
1481
1481
1481
1481
1482
1483
1483
1483
1483
1483
1484
1484
1484
1484
1485
1486
1487
1487
1487
1488
1488
1488
1488
1489
1489
1489
1489
1489
1490
1490
1490
1490
1490
1491
1491
1491
1491
1491
1491
1491
1491
1492
1492
1492
1493
1493
1494
1494
1494
1494
1494
1495
1495
1495
1495
1495
1495
1496
1496
1496
1497
1497
1497
1498
1498
1498
1498
1498
1498
1499
1499
1499
1500
1500
1500
1500
1500
1500
1500
1502
1502
1502
1502
1502
1502
1503
1503
1503
1503
1503
1503
1504
1504
1505
1505
1506
1506
1507
1507
1507
1508
1508
1508
1508
1509
1509
1509
1509
1510
1510
1510
1510
1510
1512
1512
1513
1513
1514
1515
1515
1516
1516
1516
1516
1516
1517
1517
1517
1517
1517
1518
1518
1518
1518
1518
1518
1518
1519
1519
1520
1520
1520
1520
1521
1521
1522
1522
1522
1522
1522
1522
1523
1523
1523
1524
1524
1524
1525
1525
1526
1527
1527
1527
1527
1528
1528
1528
1528
1529
1530
1531
1531
1532
1532
1532
1533
1533
1533
1534
1534
1534
1534
1536
1536
1536
1536
1536
1536
1536
1537
1537
1538
1538
1538
1538
1539
1539
1539
1539
1539
1539
1541
1541
1541
1541
1541
1541
1541
1542
1542
1543
1543
1543
1543
1543
1544
1544
1545
1545
1545
1545
1546
1546
1547
1548
1548
1548
1548
1548
1548
1549
1549
1549
1549
1550
1550
1551
1551
1552
1552
1552
1552
1553
1553
1554
1554
1555
1556
1556
1556
1556
1556
1557
1557
1557
1557
1557
1557
1558
1558
1559
1559
1560
1560
1560
1561
1561
1561
1561
1562
1562
1562
1563
1563
1563
1564
1564
1565
1565
1565
1566
1567
1567
1568
1568
1569
1569
1569
1569
1570
1571
1571
1571
1571
1571
1571
1571
1572
1572
1572
1573
1573
1573
1573
1574
1574
1574
1574
1574
1575
1575
1577
1577
1577
1577
1577
1577
1577
1577
1578
1578
1578
1578
1578
1578
1580
1580
1580
1581
1581
1581
1582
1582
1582
1583
1583
1583
1584
1584
1584
1585
1585
1585
1585
1585
1586
1587
1587
1587
1587
1588
1588
1588
1588
1589
1589
1589
1589
1589
1589
1589
1589
1590
1590
1590
1590
1590
1590
1591
1591
1591
1592
1592
1592
1592
1593
1593
1594
1594
1594
1594
1594
1595
1596
1596
1597
1597
1597
1599
1599
1599
1599
1600
1600
1600
1600
1600
1600
1601
1601
1602
1602
1602
1602
1603
1603
1603
1604
1604
1604
1604
1604
1605
1605
1605
1605
1605
1607
1608
1609
1609
1609
1610
1610
1610
1611
1611
1611
1611
1611
1612
1612
1613
1613
1613
1613
1613
1613
1613
1613
1613
1614
1614
1614
1614
1614
1614
1614
1615
1615
1615
1615
1615
1615
1615
1615
1615
1616
1616
1617
1617
1618
1618
1618
1618
1618
1618
1618
1618
1618
1618
1618
1619
1619
1619
1620
1620
1620
1620
1620
1621
1621
1621
1621
1621
1622
1622
1622
1622
1622
1623
1623
1623
1623
1623
1623
1623
1624
1624
1625
1625
1625
1626
1626
1626
1627
1627
1627
1628
1628
1628
1629
1629
1629
1630
1630
1630
1630
1631
1631
1631
1632
1632
1632
1633
1633
1633
1633
1633
1633
1633
1634
1634
1636
1636
1636
1637
1637
1637
1637
1637
1637
1638
1639
1639
1639
1639
1639
1639
1640
1640
1640
1641
1641
1641
1642
1642
1643
1643
1643
1644
1644
1644
1645
1645
1645
1645
1645
1645
1646
1646
1647
1647
1647
1647
1647
1647
1648
1648
1648
1649
1649
1649
1651
1651
1651
1652
1652
1652
1652
1653
1653
1653
1653
1654
1654
1655
1655
1655
1656
1656
1656
1656
1657
1658
1658
1659
1659
1659
1660
1660
1660
1661
1662
1662
1663
1663
1663
1663
1664
1664
1665
1665
1665
1665
1665
1666
1667
1667
1668
1669
1669
1670
1670
1670
1670
1671
1671
1671
1671
1672
1672
1672
1673
1673
1673
1673
1673
1673
1673
1673
1674
1674
1675
1675
1675
1676
1676
1676
1676
1676
1676
1677
1678
1678
1678
1678
1679
1679
1679
1679
1680
1680
1680
1681
1681
1681
1681
1681
1682
1682
1682
1682
1682
1683
1683
1683
1683
1683
1684
1684
1685
1686
1687
1687
1687
1688
1688
1688
1689
1689
1689
1690
1690
1690
1690
1691
1691
1691
1691
1692
1692
1692
1692
1693
1693
1693
1693
1693
1693
1693
1693
1694
1694
1694
1694
1694
1694
1695
1695
1696
1696
1696
1696
1696
1697
1697
1697
1698
1698
1698
1698
1698
1698
1698
1699
1699
1699
1700
1701
1701
1701
1702
1702
1702
1702
1702
1702
1704
1704
1705
1705
1705
1705
1706
1706
1706
1706
1706
1707
1707
1707
1707
1707
1707
1708
1709
1709
1710
1710
1710
1710
1710
1711
1711
1711
1711
1711
1711
1712
1712
1713
1713
1713
1713
1713
1713
1713
1714
1714
1714
1714
1714
1715
1715
1715
1715
1715
1715
1715
1716
1717
1717
1718
1718
1718
1718
1718
1719
1719
1719
1720
1721
1722
1722
1723
1723
1723
1724
1724
1724
1724
1724
1724
1724
1725
1725
1725
1725
1726
1726
1726
1727
1727
1727
1727
1728
1728
1728
1729
1729
1729
1729
1729
1729
1729
1729
1730
1731
1731
1731
1731
1732
1732
1733
1734
1734
1734
1735
1735
1736
1736
1737
1737
1737
1738
1738
1738
1738
1739
1739
1739
1739
1740
1740
1741
1741
1741
1741
1741
1742
1743
1743
1743
1743
1743
1744
1744
1744
1745
1745
1746
1746
1746
1747
1747
1748
1748
1748
1748
1749
1749
1749
1749
1749
1750
1750
1751
1751
1751
1752
1752
1752
1752
1753
1753
1753
1754
1754
1754
1754
1755
1756
1756
1756
1757
1757
1757
1758
1758
1758
1758
1758
1759
1759
1760
1760
1760
1761
1761
1762
1762
1762
1762
1762
1762
1762
1763
1763
1764
1764
1764
1765
1765
1765
1765
1765
1766
1766
1766
1766
1766
1766
1766
1767
1767
1767
1767
1767
1767
1767
1767
1768
1768
1769
1770
1770
1771
1771
1771
1772
1772
1773
1773
1773
1774
1774
1774
1774
1774
1775
1775
1775
1776
1777
1777
1777
1777
1777
1778
1778
1778
1778
1778
1778
1779
1779
1779
1779
1779
1779
1779
1780
1780
1780
1780
1780
1780
1780
1781
1781
1781
1781
1781
1782
1782
1782
1782
1782
1783
1783
1784
1784
1784
1785
1786
1786
1786
1786
1786
1787
1787
1787
1787
1787
1788
1788
1788
1788
1789
1789
1789
1790
1790
1790
1791
1791
1792
1792
1793
1793
1793
1794
1794
1794
1794
1794
1795
1795
1795
1795
1796
1796
1796
1796
1796
1796
1796
1797
1797
1797
1797
1797
1798
1798
1799
1799
1799
1800
1800
1800
1801
1801
1801
1801
1801
1801
1801
1801
1801
1802
1802
1803
1803
1803
1803
1804
1804
1804
1804
1805
1805
1806
1806
1806
1807
1807
1807
1807
1808
1808
1808
1808
1808
1809
1809
1809
1809
1809
1809
1809
1810
1810
1810
1810
1810
1810
1810
1810
1810
1810
1810
1810
1811
1811
1812
1812
1812
1812
1812
1813
1814
1814
1814
1814
1814
1814
1815
1815
1817
1818
1818
1819
1819
1820
1820
1820
1820
1821
1822
1822
1822
1823
1823
1823
1823
1823
1823
1824
1824
1825
1825
1825
1825
1825
1826
1826
1826
1827
1827
1827
1828
1828
1828
1828
1828
1828
1828
1828
1828
1829
1829
1829
1829
1829
1830
1830
1830
1830
1830
1830
1830
1831
1831
1831
1831
1832
1832
1832
1832
1832
1832
1833
1833
1833
1833
1833
1833
1834
1834
1835
1835
1836
1836
1836
1837
1837
1838
1838
1838
1838
1839
1839
1839
1839
1839
1840
1840
1840
1840
1841
1842
1842
1842
1842
1842
1843
1843
1844
1844
1845
1845
1845
1846
1846
1846
1846
1846
1846
1847
1847
1847
1847
1847
1848
1848
1848
1848
1848
1849
1849
1850
1850
1850
1850
1850
1851
1851
1851
1852
1852
1852
1852
1852
1853
1853
1853
1853
1853
1853
1853
1854
1854
1855
1855
1855
1855
1855
1856
1856
1856
1857
1857
1857
1858
1858
1858
1858
1859
1859
1859
1860
1860
1860
1860
1860
1861
1861
1861
1861
1862
1862
1863
1863
1864
1864
1864
1864
1865
1865
1866
1866
1866
1866
1866
1867
1867
1867
1868
1868
1868
1870
1870
1870
1872
1872
1872
1872
1872
1873
1874
1874
1875
1875
1875
1875
1876
1876
1876
1877
1877
1878
1878
1879
1879
1879
1879
1879
1880
1880
1881
1881
1881
1881
1882
1882
1883
1883
1883
1883
1884
1884
1884
1885
1885
1885
1885
1885
1885
1885
1885
1885
1885
1885
1886
1886
1887
1888
1888
1888
1889
1889
1889
1890
1890
1890
1890
1890
1891
1891
1891
1891
1891
1892
1892
1892
1892
1892
1892
1893
1894
1894
1895
1895
1895
1895
1896
1896
1896
1896
1896
1896
1896
1897
1897
1897
1898
1898
1898
1898
1899
1899
1899
1899
1900
1900
1900
1900
1900
1900
1900
1901
1901
1901
1901
1901
1901
1901
1901
1901
1902
1902
1902
1903
1903
1903
1903
1903
1903
1904
1904
1904
1904
1905
1905
1906
1906
1907
1907
1907
1907
1907
1907
1908
1908
1908
1908
1908
1908
1909
1909
1909
1910
1910
1910
1911
1912
1912
1913
1913
1913
1913
1914
1914
1914
1915
1915
1917
1917
1918
1918
1918
1918
1918
1919
1919
1919
1919
1920
1920
1920
1920
1920
1920
1920
1920
1922
1922
1922
1922
1922
1922
1923
1923
1923
1924
1924
1925
1925
1925
1925
1926
1926
1926
1926
1926
1926
1927
1927
1927
1928
1928
1929
1929
1929
1929
1930
1931
1931
1931
1931
1931
1932
1932
1932
1932
1932
1933
1933
1933
1934
1934
1934
1934
1935
1935
1935
1936
1937
1937
1937
1937
1937
1937
1937
1937
1938
1938
1938
1938
1938
1938
1939
1939
1939
1939
1939
1939
1939
1940
1940
1941
1941
1942
1942
1942
1942
1942
1943
1943
1943
1944
1944
1944
1945
1945
1945
1945
1946
1946
1946
1946
1946
1947
1947
1948
1948
1948
1948
1948
1949
1949
1949
1949
1950
1950
1950
1951
1951
1952
1953
1953
1954
1954
1955
1955
1955
1955
1955
1955
1955
1956
1956
1956
1957
1957
1958
1958
1958
1958
1958
1959
1959
1959
1960
1961
1961
1961
1962
1962
1963
1963
1963
1964
1964
1964
1965
1965
1965
1966
1967
1967
1968
1969
1969
1969
1969
1970
1970
1970
1970
1970
1971
1971
1971
1971
1971
1972
1973
1973
1974
1974
1974
1975
1975
1975
1975
1976
1976
1978
1978
1978
1979
1979
1979
1979
1980
1980
1981
1981
1981
1982
1982
1983
1983
1984
1984
1984
1984
1985
1985
1985
1985
1985
1985
1985
1985
1986
1986
1986
1987
1987
1987
1988
1989
1989
1989
1991
1991
1991
1991
1991
1992
1992
1992
1992
1993
1993
1993
1994
1995
1995
1995
1995
1995
1995
1995
1996
1996
1997
1998
1998
1998
1999
2000
2000
