Primero viene la cantidad (n) de timestamps para ambos, luego n líneas que son un timestamp aproximado cada uno separado por una coma (',') del error, y luego n lineas de las transacciones del sospechoso
7005
72,23
124,44
212,3
470,41
976,9
1903,49
78,35
89,29
215,32
388,24
852,5
1709,49
99,19
142,6
315,6
642,29
1227,50
94,48
130,33
301,17
626,9
1210,9
57,34
85,43
170,19
333,40
711,8
1399,49
57,21
158,34
221,12
494,38
986,37
1968,10
29,17
101,3
153,11
301,41
622,32
1268,15
82,4
124,17
271,35
495,46
1052,6
40,28
66,15
199,18
398,50
713,46
1479,14
57,29
149,38
224,11
498,37
969,44
1920,16
49,24
126,47
242,11
445,44
931,50
1810,22
76,14
172,9
341,31
682,13
1330,46
7,6
66,4
116,37
287,1
495,4
1046,6
26,11
70,1
149,26
304,13
570,31
1156,7
4,3
14,13
110,39
204,40
394,14
769,6
1549,15
21,1
88,19
151,44
288,49
569,12
1177,39
62,23
81,16
192,11
436,47
800,48
1671,34
45,43
139,26
186,31
430,14
826,33
1640,38
53,40
137,33
209,10
412,13
859,12
1717,9
77,11
83,38
164,19
376,34
736,22
1472,33
39,11
81,22
203,45
354,48
742,24
1519,38
70,46
154,2
260,27
565,24
1115,26
10,3
23,10
128,41
175,33
371,1
795,21
1525,15
57,2
131,24
242,15
469,10
906,9
1846,46
12,11
96,28
199,49
329,9
673,20
1311,22
36,31
112,26
161,45
321,5
634,34
1336,36
73,50
169,38
254,29
590,18
1102,10
89,25
125,13
222,5
478,18
937,48
1887,38
27,5
90,42
181,28
329,33
708,45
1420,4
64,24
121,4
205,16
465,34
942,39
1830,35
79,22
168,30
333,37
680,36
1332,42
48,4
120,1
234,46
425,46
859,49
1784,43
32,11
106,2
172,49
407,10
727,18
1536,39
48,28
53,44
142,36
294,14
567,41
1135,26
93,7
184,2
291,30
581,48
1218,43
82,34
149,32
274,30
585,14
1128,45
69,13
122,24
244,30
440,36
936,33
1877,12
19,18
24,21
100,46
229,10
465,34
922,20
1802,32
82,9
120,24
267,24
531,6
1067,9
55,30
121,11
192,2
468,25
922,15
1795,38
2,1
96,9
110,39
302,23
579,35
1138,25
72,7
136,2
256,15
565,29
1086,39
49,16
69,28
198,46
327,9
737,45
1442,38
87,14
92,28
250,33
486,7
952,28
1913,26
92,25
102,1
202,42
426,46
834,5
1669,1
3,2
45,28
101,37
215,41
373,15
822,19
1572,32
17,16
24,9
43,5
126,50
241,28
478,4
939,4
1953,24
26,25
102,7
170,15
309,42
678,45
1353,21
1,0
59,1
119,45
244,3
440,15
901,50
1849,18
65,23
85,7
164,35
352,47
702,42
1386,13
50,17
85,45
151,10
321,22
643,1
1268,16
18,17
20,19
100,45
226,47
447,16
839,13
1676,32
71,1
144,33
231,50
532,5
995,35
1986,1985
53,14
152,10
226,27
457,48
951,27
1850,16
38,37
107,7
154,30
397,18
767,1
1488,17
4,3
10,9
87,1
147,26
292,26
576,17
1117,12
60,35
70,12
149,37
335,38
647,47
1298,10
53,1
145,16
203,15
448,42
896,29
1807,47
59,25
107,47
250,3
465,26
929,49
1827,32
23,22
71,13
117,15
223,41
507,28
990,22
1987,1986
58,24
116,39
261,15
523,30
1058,11
59,7
72,46
178,16
403,47
782,41
1498,46
86,35
153,16
280,50
537,24
1117,35
47,46
91,27
179,44
386,34
781,31
1505,8
46,34
133,47
248,1
469,33
936,16
1851,47
7,6
48,47
77,5
205,29
346,20
774,27
1548,18
16,15
73,3
141,47
277,1
512,41
1074,30
82,9
98,10
190,35
392,23
789,37
1566,13
51,24
107,32
216,46
423,35
863,33
1748,35
77,19
172,16
261,10
597,35
1142,4
21,20
51,37
74,15
181,43
342,38
722,18
1487,8
25,24
59,46
149,46
323,28
589,26
1184,5
47,44
75,40
139,33
292,31
637,21
1191,47
81,18
99,23
269,45
476,21
982,5
1921,20
63,29
111,15
196,16
416,6
879,7
1725,20
80,44
175,6
270,46
581,8
1110,31
85,32
110,28
288,42
536,41
1063,27
22,21
97,8
195,31
330,7
685,31
1375,36
94,43
169,45
331,6
595,48
1289,40
26,7
124,25
155,17
318,1
696,3
1407,18
42,10
78,44
131,40
302,6
593,31
1210,22
38,37
50,35
106,26
286,41
574,7
1084,38
18,17
86,48
139,9
248,27
547,37
1075,12
4,3
47,29
60,33
114,47
226,30
486,49
1023,11
1994,1993
14,13
115,20
160,25
331,20
655,33
1348,12
9,8
42,41
98,1
168,16
377,41
718,42
1452,34
60,48
109,10
234,45
442,23
918,37
1859,27
30,29
121,15
215,49
440,4
861,12
1738,9
43,33
59,30
201,19
324,44
645,8
1328,48
55,44
132,7
264,17
470,24
1008,16
1952,35
63,34
140,50
225,37
523,19
994,19
2000,1999
11,10
89,40
139,41
289,20
608,22
1160,1
32,4
89,5
207,21
425,48
775,42
1608,28
12,6
70,37
183,22
306,32
644,40
1298,11
7,6
41,23
92,4
192,35
408,31
825,4
1581,28
80,3
98,37
247,50
463,5
984,7
1932,40
79,49
128,15
296,15
602,33
1181,24
78,40
119,17
265,45
468,24
940,14
1950,33
57,35
114,42
180,49
450,12
868,41
1758,46
15,14
18,3
41,27
121,50
251,13
485,46
956,32
1975,1974
4,3
56,21
97,19
247,26
479,20
893,28
1855,14
55,18
59,28
138,36
284,22
581,49
1186,9
19,18
60,2
109,8
235,11
437,48
923,21
1807,22
66,28
166,46
304,21
596,45
1213,17
43,6
101,10
153,1
344,16
665,40
1355,3
62,21
118,38
224,47
475,12
903,6
1854,24
2,1
42,13
135,5
252,44
462,24
972,22
1877,24
30,25
122,8
237,6
461,13
915,6
1767,41
87,38
133,45
317,26
596,8
1212,12
60,8
106,42
246,42
512,11
973,25
1910,49
1,0
2,1
77,20
173,46
257,45
554,37
1159,42
88,1
177,20
345,50
620,31
1295,42
18,4
116,46
205,48
349,11
739,3
1528,35
47,37
71,34
196,4
324,26
716,45
1417,34
92,14
162,9
307,36
579,1
1167,37
17,16
86,9
198,45
357,39
748,50
1419,22
16,15
22,7
74,34
155,50
273,5
572,50
1203,40
69,30
71,29
166,19
386,6
763,19
1480,4
20,16
70,21
130,22
276,46
504,5
1063,30
36,13
49,14
161,22
337,18
667,22
1351,9
17,16
52,39
125,29
269,36
521,28
1023,26
68,3
151,9
272,20
554,2
1133,39
18,17
106,43
211,44
401,23
794,48
1583,28
72,20
136,34
213,31
442,22
883,17
1765,37
28,14
81,41
192,49
394,42
730,42
1460,50
58,41
122,40
281,50
535,13
1001,32
1978,20
33,2
116,11
234,28
464,6
899,29
1828,17
63,36
99,7
259,15
438,33
941,16
1811,39
46,29
102,34
200,3
412,49
829,10
1672,45
53,37
76,10
146,3
341,49
713,6
1347,29
9,8
51,26
83,43
154,49
353,8
737,8
1419,2
13,12
25,8
80,48
178,49
369,47
714,18
1441,8
69,48
135,23
280,1
509,37
1079,45
57,25
133,40
271,41
477,32
1010,36
1972,1971
3,2
65,17
74,29
219,22
433,35
882,40
1766,8
51,35
152,43
302,4
566,28
1170,37
23,18
102,10
156,40
342,24
674,40
1331,16
97,46
179,32
368,43
745,44
1442,33
2,1
39,29
127,34
169,42
412,25
793,2
1561,17
49,48
104,10
208,15
417,48
823,40
1615,32
75,49
84,42
227,30
464,10
913,24
1824,27
13,12
60,14
139,35
240,23
474,8
1004,6
1986,1985
50,3
101,5
201,29
390,45
765,22
1536,28
52,13
121,23
246,9
513,20
1003,42
1914,42
20,8
91,1
175,40
324,49
644,41
1323,19
95,41
173,43
292,25
571,20
1182,29
80,40
150,18
285,17
555,34
1107,27
51,22
91,9
159,10
326,24
718,49
1356,45
88,15
115,31
259,10
502,47
1047,32
17,2
94,25
147,18
315,48
629,49
1280,44
17,12
66,22
122,32
211,50
427,13
863,40
1729,12
48,5
101,26
212,45
363,27
730,20
1537,24
18,1
30,23
91,39
172,27
397,31
770,9
1531,35
61,13
161,9
239,6
511,17
1026,28
1975,25
34,33
135,5
204,24
383,8
819,24
1628,27
15,14
81,23
106,1
259,4
475,26
975,9
1953,38
23,15
73,46
131,50
321,48
618,13
1196,16
97,9
101,2
238,24
455,1
931,18
1890,20
13,12
59,30
114,2
209,47
446,40
913,41
1776,27
30,26
105,31
200,18
342,44
713,39
1460,46
68,28
148,35
304,11
572,7
1151,6
28,1
95,29
218,2
384,18
754,13
1509,8
12,11
20,11
82,32
145,17
272,49
607,40
1167,16
85,38
86,44
263,26
496,4
937,31
1964,7
82,2
168,50
279,41
591,19
1143,9
12,11
38,37
110,4
184,14
429,40
846,19
1710,6
46,42
57,33
105,44
219,1
485,28
993,1
1990,1989
57,17
142,23
239,24
461,38
913,3
1872,11
3,2
15,11
80,1
194,18
368,25
669,1
1346,29
100,24
176,35
322,33
684,32
1347,33
76,22
159,3
322,30
585,41
1199,17
77,19
152,25
279,38
538,4
1113,5
69,37
143,17
259,24
485,37
1022,34
1982,7
84,35
96,40
200,37
437,50
861,17
1694,46
26,25
116,13
156,4
376,32
719,50
1491,35
40,27
75,15
150,19
329,40
647,19
1320,9
64,36
128,30
286,32
513,42
1040,31
74,9
136,40
274,21
549,30
1072,27
92,19
95,11
218,26
503,34
972,20
1893,10
57,15
72,25
222,45
406,41
765,10
1531,50
8,7
38,30
138,33
200,34
464,26
888,8
1830,20
62,8
106,48
223,13
453,2
848,32
1768,33
88,41
145,14
322,30
571,41
1192,7
50,24
126,28
251,3
441,8
927,32
1816,48
51,14
122,49
249,5
464,6
987,9
1912,15
60,19
88,48
158,31
317,48
660,34
1369,45
67,29
88,4
231,47
465,49
924,32
1852,49
89,11
182,5
341,33
616,1
1240,45
87,46
132,33
280,41
583,23
1109,50
95,47
106,18
266,40
478,35
1007,27
1994,1993
20,18
58,14
160,47
309,42
590,24
1142,12
24,23
111,19
184,24
364,10
717,43
1499,41
91,42
106,23
237,5
450,10
927,15
1838,7
73,29
143,38
289,24
584,38
1175,6
79,10
167,50
318,47
596,3
1235,11
27,26
105,43
159,36
359,5
714,9
1433,47
80,26
130,44
252,16
533,33
1035,22
10,1
89,16
193,16
308,9
626,39
1296,15
25,20
27,9
119,7
189,19
422,4
816,50
1684,18
83,50
158,43
311,45
565,25
1198,17
99,7
101,26
207,15
505,50
980,20
1944,37
48,42
73,24
133,36
279,4
598,40
1153,36
81,36
162,38
328,46
668,43
1260,43
12,11
80,7
176,47
299,26
634,15
1215,16
59,19
133,31
247,30
475,11
958,46
1949,8
100,31
175,38
366,9
717,10
1446,32
98,46
199,16
348,18
699,24
1418,21
29,8
113,7
220,5
363,36
823,36
1589,34
5,4
76,3
165,11
281,29
547,5
1076,47
12,11
37,6
66,47
125,15
299,5
568,41
1119,21
55,4
156,15
226,26
506,38
944,2
1889,18
18,15
117,19
184,50
398,20
720,48
1467,24
92,17
177,13
300,14
669,12
1259,34
4,3
60,16
123,5
278,47
474,10
1036,24
1995,1994
46,32
118,23
217,37
457,40
881,31
1814,46
17,16
67,29
169,38
288,17
548,17
1125,43
7,6
9,8
59,14
166,35
248,32
532,12
1043,35
91,45
139,11
246,43
537,32
1071,13
92,33
169,14
317,34
589,1
1243,32
77,30
111,42
249,6
474,34
914,24
1863,17
13,12
112,20
132,9
335,24
648,24
1296,20
87,23
140,8
243,45
485,39
958,14
1996,1995
72,31
112,21
195,37
407,30
871,20
1743,2
66,50
142,43
253,48
488,40
952,5
1936,10
74,17
175,48
289,38
602,29
1175,32
43,18
73,35
190,1
309,7
675,31
1292,21
61,32
150,15
296,2
509,23
1091,46
2,1
80,28
143,47
293,50
565,36
1108,39
10,9
25,24
40,19
156,1
234,6
509,35
1075,36
12,11
52,38
66,41
164,27
351,10
691,23
1351,24
82,17
115,12
258,36
540,10
1003,21
1989,9
20,14
69,47
130,5
308,33
580,36
1178,7
80,14
172,30
256,14
562,43
1105,3
62,21
83,30
212,34
438,37
839,4
1680,47
41,40
59,47
117,21
218,28
443,18
910,49
1878,9
66,35
167,31
269,8
593,26
1105,50
86,44
137,23
235,15
556,29
1055,36
36,7
127,19
254,22
445,9
881,47
1837,29
49,6
126,15
221,5
462,6
902,8
1853,22
87,49
127,23
315,18
530,35
1096,47
12,11
96,36
145,38
333,28
667,3
1276,23
23,14
52,7
169,11
271,43
607,13
1139,23
12,11
19,18
117,5
192,15
345,19
770,11
1549,45
22,21
103,1
214,30
379,17
756,18
1503,29
4,3
73,36
153,47
318,47
570,29
1218,27
101,31
148,3
264,7
516,34
1052,10
79,3
130,12
270,44
536,36
1029,15
78,4
84,3
189,32
449,11
886,18
1767,14
23,22
79,30
126,38
235,14
485,24
981,38
1977,1976
24,9
74,48
189,36
329,36
636,24
1290,30
35,28
112,3
161,20
313,24
652,44
1274,39
51,5
132,25
187,9
442,42
823,45
1679,1
97,1
167,36
301,15
638,12
1292,22
41,6
84,10
141,8
327,25
612,27
1285,50
12,11
91,48
184,45
356,38
669,23
1333,2
84,4
138,37
315,31
576,27
1198,28
48,20
144,44
215,15
418,3
901,36
1762,19
8,7
64,3
151,37
298,3
543,18
1123,42
84,3
100,27
217,19
407,46
872,27
1691,4
8,7
33,8
114,42
180,49
403,21
753,33
1507,43
8,7
71,28
148,49
258,18
486,27
1013,47
1957,27
90,35
120,30
211,44
511,37
980,34
1927,30
84,50
126,5
246,13
460,19
974,41
1964,1963
85,12
121,39
227,44
458,28
895,15
1805,10
73,9
125,25
259,45
509,22
977,40
1996,1995
25,20
103,28
200,14
380,27
785,29
1554,6
69,35
79,12
152,7
368,21
720,19
1403,9
7,6
69,36
106,27
210,50
482,13
905,29
1864,43
77,37
130,16
209,15
418,40
866,33
1750,16
70,18
136,1
219,41
435,11
901,28
1830,13
79,38
123,6
295,48
572,37
1101,35
17,16
62,3
103,39
217,6
444,26
915,4
1780,28
51,43
84,46
160,12
368,46
679,3
1422,10
14,13
67,7
124,38
305,49
573,20
1183,39
12,6
67,45
105,42
258,3
527,41
1027,28
1905,43
14,13
98,10
156,40
307,20
647,50
1244,23
24,14
67,32
134,49
304,45
580,24
1148,38
22,16
103,37
150,7
302,24
653,44
1305,9
87,20
168,13
353,43
641,15
1317,44
60,40
155,9
278,29
503,42
1014,46
46,4
141,11
225,44
450,47
896,24
1810,46
49,28
55,24
181,35
318,7
615,11
1264,48
75,11
115,7
219,24
420,39
853,24
1746,17
94,25
194,33
356,20
656,21
1304,44
5,4
102,23
120,11
276,9
547,50
1053,44
4,3
11,10
24,1
44,23
125,34
258,32
476,1
960,22
1972,1971
93,29
162,49
345,13
681,38
1298,11
94,10
137,25
267,21
499,40
1039,45
20,19
119,37
166,25
370,45
724,22
1496,22
30,24
42,34
73,18
211,2
378,21
809,19
1584,18
98,40
174,50
317,22
609,7
1295,39
10,9
14,13
63,28
177,47
331,5
673,5
1311,35
77,50
132,22
301,13
564,38
1098,32
67,21
138,47
228,39
469,18
908,8
1902,20
28,12
63,48
110,27
266,41
530,25
1031,11
17,16
67,25
139,37
269,2
542,15
1069,22
10,9
26,25
80,39
184,8
308,7
674,48
1293,36
81,45
119,5
271,21
544,42
1088,43
13,12
42,1
98,27
224,20
397,31
859,49
1691,28
24,15
96,6
200,38
421,44
831,31
1668,32
71,5
145,38
252,25
517,8
1036,16
7,6
10,8
104,4
206,22
359,24
740,15
1475,47
20,19
120,35
177,16
396,8
738,2
1492,50
80,31
122,29
299,44
562,14
1144,36
35,17
79,26
191,28
401,7
715,9
1445,43
26,21
96,2
126,40
346,7
692,49
1386,9
50,33
106,12
233,30
419,18
880,24
1779,13
61,23
80,11
151,40
323,6
631,46
1287,7
45,16
97,23
162,40
307,45
623,39
1306,4
5,4
63,47
123,36
195,40
478,32
915,21
1806,50
96,44
174,34
318,46
632,21
1259,9
22,9
61,25
152,32
252,24
536,39
1029,24
73,43
92,12
225,6
453,24
940,8
1854,48
95,32
136,14
306,34
560,38
1166,48
47,37
136,26
190,25
389,14
847,9
1638,9
31,12
129,18
218,28
403,46
794,1
1632,44
73,3
170,8
276,33
545,25
1129,21
13,12
34,18
91,8
144,25
317,19
639,43
1290,25
90,45
145,2
264,35
589,8
1125,7
49,1
96,23
210,17
381,43
739,47
1539,15
56,8
154,46
297,13
578,43
1124,3
72,16
77,15
165,19
415,7
828,15
1591,17
97,46
158,31
286,10
625,7
1216,39
38,4
99,33
181,28
391,43
779,31
1528,25
12,11
31,12
73,20
128,47
329,39
641,23
1228,47
100,25
151,2
325,18
605,47
1280,28
56,4
150,43
210,4
483,35
986,25
1903,10
83,35
145,1
323,28
588,29
1213,42
25,24
62,13
133,11
235,19
542,16
1049,37
35,23
128,26
212,15
471,31
927,23
1863,49
80,15
152,27
261,1
591,12
1126,46
8,7
30,29
73,30
198,40
310,50
710,33
1411,19
62,8
75,18
174,32
348,14
683,36
1405,25
85,11
136,16
317,42
541,48
1122,45
79,22
98,26
193,28
465,31
924,24
1816,8
35,31
54,26
161,16
300,10
599,29
1250,47
100,12
187,16
327,48
617,5
1276,25
99,44
192,31
330,2
632,39
1257,7
65,17
111,25
183,7
393,8
839,14
1679,9
2,1
84,39
138,9
243,5
553,15
1110,31
46,19
73,23
218,12
389,31
824,48
1606,16
50,48
68,23
145,2
342,22
667,37
1308,35
6,5
15,4
122,30
230,48
453,50
918,11
1800,30
77,45
128,13
234,27
505,12
1042,39
1947,31
58,10
72,10
173,2
395,19
731,34
1516,12
100,2
147,46
313,10
564,5
1170,8
57,38
119,22
213,50
390,36
814,48
1656,27
61,8
131,20
198,49
476,21
950,46
1878,37
48,6
133,48
227,26
438,17
932,50
1793,32
3,2
67,21
155,41
241,33
508,19
1066,50
101,41
195,12
322,2
692,39
1373,1
94,43
178,18
327,34
664,29
1321,9
29,28
112,32
219,9
455,14
848,39
1672,18
19,18
23,15
105,45
191,32
421,24
816,35
1650,4
32,24
73,4
126,37
269,32
584,17
1135,6
15,14
28,21
102,12
218,6
420,2
796,39
1624,14
30,16
58,12
94,2
274,30
482,32
968,32
1939,18
24,7
99,25
195,9
333,32
735,16
1482,12
77,47
175,41
266,26
619,33
1235,44
66,35
102,26
227,39
470,15
871,7
1738,37
54,9
78,12
199,20
390,20
787,17
1561,33
27,9
88,16
133,40
324,47
614,14
1252,38
59,10
136,48
290,14
566,50
1123,8
83,34
162,13
315,1
622,40
1215,8
3,2
83,5
120,47
248,14
469,38
944,11
1883,35
20,19
51,21
75,49
228,33
437,36
862,18
1739,9
53,20
62,21
166,20
315,38
652,8
1282,37
42,21
65,40
141,38
340,14
686,14
1369,15
31,23
82,31
186,20
354,50
668,40
1337,10
29,8
46,33
81,1
245,43
458,4
948,24
1837,30
3,2
34,32
98,3
168,19
373,14
748,49
1506,43
61,11
133,50
235,12
451,21
888,43
1840,18
37,24
137,18
224,21
409,19
866,1
1696,17
69,25
141,49
285,28
496,32
1035,7
42,40
85,13
133,19
338,25
685,15
1338,6
80,35
144,24
282,5
516,39
1044,26
24,23
26,22
131,19
231,31
446,48
870,45
1749,50
52,15
63,43
157,47
372,8
722,18
1417,38
65,29
125,31
197,14
402,35
793,39
1638,23
43,4
128,26
268,6
447,14
917,19
1890,24
51,21
95,42
149,7
386,39
695,46
1476,9
42,19
107,10
249,39
497,11
948,21
1891,19
16,15
35,27
57,44
170,49
379,17
731,45
1489,17
59,2
148,27
280,24
547,26
1072,35
57,48
154,21
261,16
563,11
1093,48
4,3
17,16
118,31
201,31
402,2
750,40
1522,21
27,19
99,19
173,9
319,46
631,34
1287,29
69,38
160,42
264,16
550,32
1124,45
99,16
152,43
301,14
592,7
1229,27
12,4
105,16
139,8
292,42
570,16
1212,40
87,43
161,8
249,25
595,9
1116,18
51,13
62,44
197,36
340,9
651,39
1307,15
48,24
78,20
199,24
361,15
723,23
1491,16
87,41
168,5
268,32
539,2
1109,42
27,26
41,13
107,9
251,30
495,20
931,5
1866,7
77,18
138,42
267,36
508,30
1012,5
89,31
190,29
286,30
612,28
1213,2
45,17
106,31
223,21
427,46
865,13
1705,27
82,7
161,22
248,11
562,27
1130,24
74,38
94,19
185,39
376,43
811,43
1559,18
62,34
68,11
148,23
378,4
732,7
1393,19
14,13
19,18
78,33
123,19
253,44
554,9
1099,12
38,30
129,37
192,9
375,11
758,41
1571,5
70,21
112,23
280,19
491,49
1025,11
1994,1993
67,5
137,32
218,50
492,27
948,30
1922,16
33,32
108,17
174,19
410,44
797,46
1587,48
20,9
43,42
85,13
179,35
333,11
744,49
1474,48
93,25
161,9
272,30
585,14
1138,33
48,31
93,28
183,26
336,37
745,31
1425,39
10,9
49,1
121,12
239,27
518,26
955,8
1916,24
66,7
107,24
263,33
472,43
951,37
1902,25
38,37
43,24
125,19
285,22
577,41
1142,11
15,14
29,15
57,41
166,20
310,42
590,47
1188,21
39,1
53,34
189,39
378,11
702,14
1401,15
52,38
62,4
127,38
327,42
642,48
1268,23
89,46
134,35
251,36
558,50
1073,45
69,34
78,23
248,25
413,46
901,41
1733,44
62,43
83,47
232,12
385,13
856,23
1621,32
72,47
153,37
244,49
503,37
990,14
1999,1998
17,16
86,50
118,38
284,47
591,32
1195,20
38,37
102,49
214,17
380,9
798,16
1594,29
44,18
89,26
205,23
428,6
790,13
1602,24
43,29
77,36
206,17
410,6
828,20
1637,2
13,12
84,1
100,31
254,4
508,5
996,38
1992,1991
7,6
10,9
68,15
110,11
243,23
482,26
1003,17
1989,1988
9,8
19,18
120,39
221,29
402,12
862,50
1667,31
11,6
68,28
179,31
262,18
543,3
1098,18
41,16
49,34
131,33
244,3
469,13
935,19
1879,20
83,33
147,35
282,4
570,43
1147,16
82,49
183,40
288,37
584,6
1154,35
44,41
62,37
129,29
277,41
587,38
1157,6
91,28
152,30
328,34
577,46
1197,7
73,28
163,6
245,31
504,23
1016,42
78,46
173,13
272,18
610,6
1168,18
94,25
122,4
276,32
543,29
1108,26
78,42
138,50
250,49
504,35
994,42
1961,2
29,28
84,2
184,35
389,17
733,24
1463,46
92,39
114,2
276,24
582,10
1129,40
87,45
174,33
311,13
669,8
1317,49
63,29
66,44
174,40
355,44
716,39
1409,40
96,43
154,11
298,26
616,19
1196,39
85,36
150,27
249,35
491,46
977,20
2000,1999
63,21
83,25
196,33
432,28
818,10
1629,46
65,44
82,45
214,33
368,23
824,9
1581,14
29,4
46,3
110,47
197,37
479,21
879,14
1831,34
14,3
79,30
143,43
246,34
496,22
1054,48
23,22
48,6
119,14
197,20
466,29
936,16
1841,44
47,46
61,7
144,18
305,39
618,10
1256,19
48,12
105,43
174,41
356,30
772,47
1502,12
74,5
138,45
247,4
560,34
1058,9
81,18
135,13
246,21
534,27
1091,3
62,4
64,22
214,6
424,8
788,49
1648,33
61,49
81,28
186,2
371,7
710,29
1460,5
65,19
77,42
231,26
437,43
851,44
1759,42
93,42
177,1
271,47
627,13
1262,43
1,0
91,37
130,8
223,44
479,13
991,11
1941,9
38,28
70,19
168,19
364,48
672,25
1338,47
26,5
45,12
78,16
163,19
382,48
728,6
1486,16
94,37
183,36
340,50
684,40
1364,27
69,12
88,16
169,6
368,17
776,18
1508,45
51,38
54,28
121,1
241,14
472,17
1009,47
1903,14
11,10
99,44
118,1
294,29
546,47
1126,30
97,27
128,44
257,7
563,46
1108,13
47,35
98,5
205,37
364,14
719,2
1452,18
24,23
108,10
219,46
410,38
792,19
1606,23
48,14
142,24
242,25
453,38
971,21
1948,26
36,2
90,8
196,43
400,46
800,42
1609,41
41,39
135,18
272,40
476,6
1001,35
1975,15
63,1
94,24
193,19
395,29
753,18
1548,44
12,11
25,12
107,18
152,5
382,50
765,50
1474,1
20,17
106,26
147,44
313,14
595,28
1282,44
2,1
61,15
160,17
261,7
502,48
1033,44
78,35
151,2
269,31
580,27
1153,18
87,49
166,47
283,31
604,47
1155,14
60,44
155,26
279,49
589,15
1113,30
6,5
80,38
119,5
274,39
528,31
1044,11
18,17
56,50
158,26
245,8
520,41
1005,25
79,37
147,29
267,18
562,42
1116,4
24,12
43,13
78,42
197,3
367,25
765,25
1516,1
25,21
78,32
155,41
289,6
622,34
1266,7
12,11
94,10
164,38
326,4
600,19
1209,43
53,20
136,18
236,18
504,28
1007,25
1968,18
54,35
131,15
191,15
455,20
898,35
1826,49
68,38
92,28
257,16
438,38
939,12
1824,38
44,19
85,11
174,27
324,20
656,16
1351,13
67,16
165,40
311,19
625,49
1260,38
17,16
102,33
194,36
370,44
725,1
1505,50
90,3
177,37
333,35
652,40
1314,33
25,12
57,19
137,39
291,4
542,3
1109,11
28,13
126,33
164,36
343,36
682,5
1435,44
54,27
59,40
126,28
334,11
589,46
1251,37
1,0
21,18
104,15
172,47
336,6
728,4
1438,29
93,1
141,13
247,45
518,14
1060,25
39,36
111,45
219,29
412,22
811,32
1616,13
52,18
101,47
163,34
326,2
645,37
1288,15
40,34
100,5
146,19
374,9
720,3
1459,12
55,28
125,31
207,44
390,16
816,20
1676,3
55,45
57,40
175,38
388,33
771,16
1489,7
48,7
117,19
232,36
461,41
944,27
1867,3
49,46
79,41
154,21
323,42
659,40
1362,23
50,16
105,19
173,16
371,9
785,22
1529,31
54,18
80,3
202,34
359,41
704,1
1475,6
96,3
190,23
346,29
726,19
1417,12
68,8
120,2
271,3
468,14
941,23
1872,6
81,25
121,32
274,11
486,37
1018,4
1914,24
20,19
22,21
131,32
266,49
479,1
994,12
1948,28
72,10
117,6
265,24
542,15
1069,28
37,8
55,42
188,4
359,48
650,45
1336,41
54,33
154,24
302,29
574,7
1152,7
65,17
87,29
248,16
480,45
939,40
1889,9
25,16
28,23
123,11
228,15
466,14
889,48
1851,2
86,43
87,1
262,30
533,8
992,11
1966,1965
101,31
119,39
260,36
505,50
1008,20
1956,1955
51,24
135,34
248,40
481,11
975,21
1915,37
32,31
131,5
211,46
429,30
900,17
1714,4
17,16
30,29
134,20
264,16
515,47
1053,17
80,38
153,2
283,33
593,48
1116,32
32,31
127,39
197,31
410,41
832,11
1599,9
84,40
124,40
257,49
538,2
1024,48
35,34
128,6
210,30
443,2
915,34
1800,36
7,6
64,25
89,29
234,12
454,6
873,34
1726,17
49,43
145,27
288,49
565,35
1082,5
33,32
119,49
205,10
380,20
816,47
1646,1
21,20
69,10
130,19
234,39
510,3
976,3
1963,14
64,13
86,49
181,47
411,24
814,28
1564,42
6,5
15,14
37,15
65,40
205,21
330,30
685,9
1386,19
36,34
48,15
100,21
283,7
505,1
1011,49
1936,47
80,23
139,30
320,31
608,30
1156,35
50,43
59,48
157,34
351,32
654,1
1368,47
6,5
87,8
188,33
348,32
688,37
1341,8
42,25
140,46
205,33
466,5
892,40
1782,16
15,14
108,49
201,41
384,48
750,25
1503,16
95,3
142,2
290,39
553,14
1152,31
47,41
50,24
145,2
295,14
618,36
1196,33
3,2
39,14
92,8
152,16
329,4
653,12
1369,12
38,14
82,13
161,36
334,8
656,22
1330,36
9,8
99,45
150,35
305,38
577,33
1147,13
91,11
120,6
228,3
511,21
954,10
1918,40
91,36
110,11
244,22
525,30
1050,13
88,41
174,29
315,40
594,2
1204,29
24,13
101,28
207,25
411,6
835,28
1629,27
94,38
96,7
276,2
553,22
1091,2
86,24
145,44
283,38
521,22
1134,1
94,49
103,42
198,22
481,41
925,41
1844,1
67,36
164,44
277,11
603,16
1129,12
96,8
111,42
252,26
536,13
1062,29
19,18
82,21
201,39
380,10
739,10
1445,40
21,20
109,9
181,34
364,32
710,16
1415,44
6,5
33,7
46,18
111,12
202,39
427,16
858,44
1721,42
6,5
67,24
91,34
171,6
400,4
799,13
1584,25
4,3
35,3
122,16
191,15
403,47
774,5
1543,29
41,16
111,50
171,49
345,45
710,21
1452,7
64,3
98,49
255,30
433,17
888,18
1743,39
75,41
139,3
263,39
550,14
1077,49
16,15
45,20
87,49
243,45
398,7
838,5
1683,25
65,7
153,18
259,24
533,5
1048,21
79,11
134,9
250,18
500,39
1048,41
55,32
138,26
294,44
548,6
1095,36
13,12
82,49
142,27
256,21
515,14
1065,12
98,33
103,10
291,43
500,15
1055,47
78,27
156,1
249,25
519,37
1075,10
31,30
119,43
180,43
430,10
788,35
1555,50
70,48
106,3
204,43
443,46
846,33
1768,45
46,37
142,25
282,24
474,43
985,2
1950,31
15,14
94,26
199,22
393,5
797,41
1550,8
68,4
148,38
254,7
497,29
983,28
1998,1997
50,39
117,1
184,38
385,33
837,20
1603,8
92,24
175,22
340,15
665,42
1299,35
95,7
129,13
286,24
585,40
1167,24
35,25
59,44
139,24
301,41
627,6
1221,39
9,2
29,24
52,21
114,13
235,41
484,38
974,40
1977,18
17,16
73,2
153,21
298,16
570,31
1189,42
83,17
151,8
315,41
639,27
1219,29
41,16
85,33
193,41
371,50
769,43
1495,8
47,20
143,9
287,38
524,49
1030,20
10,9
17,16
120,35
171,46
367,15
737,44
1468,14
67,46
160,2
229,15
518,37
1069,36
25,3
28,27
80,32
226,13
379,44
827,18
1590,17
11,10
54,12
152,42
306,38
593,16
1145,43
72,8
170,10
283,41
544,44
1124,37
55,18
88,40
157,45
400,33
702,5
1498,21
92,47
118,31
273,29
518,2
1036,10
29,20
72,7
131,27
304,12
578,32
1174,38
97,32
116,33
309,41
568,20
1165,49
78,29
177,9
299,45
609,50
1238,35
8,7
62,41
118,46
196,49
394,2
848,45
1672,17
101,50
114,9
232,28
503,32
1046,9
1943,33
23,22
84,28
175,46
295,41
656,14
1241,35
1,0
53,26
56,7
154,37
270,50
544,3
1139,29
12,11
93,32
181,2
384,46
707,16
1454,45
11,10
82,5
169,21
336,14
675,5
1328,25
87,17
140,40
298,21
561,19
1171,46
78,8
168,41
303,30
595,1
1227,11
5,4
69,46
83,26
193,30
405,33
789,47
1603,17
64,11
132,29
242,47
486,46
960,43
1953,41
64,5
127,33
217,50
500,21
911,23
1865,24
22,19
63,28
146,46
253,30
523,7
1066,15
100,40
142,4
294,48
561,20
1118,23
53,15
146,38
247,38
514,47
1018,23
1989,1988
8,1
72,25
91,4
272,47
457,35
997,40
1994,1993
50,9
126,27
219,7
496,35
931,23
1824,50
21,20
67,27
155,3
288,38
624,48
1230,47
15,14
113,45
184,22
350,43
747,39
1485,37
48,20
148,14
207,20
442,43
943,28
1861,13
50,15
71,37
188,47
406,38
758,17
1567,39
64,23
152,41
223,25
528,20
1005,44
1987,1986
45,25
58,20
137,14
257,18
592,3
1186,17
36,35
75,29
132,4
250,48
505,17
1021,18
46,42
87,16
134,25
287,3
557,40
1158,9
7,6
92,37
196,40
376,12
675,15
1409,10
11,10
109,40
146,37
340,7
673,23
1317,16
44,10
56,29
190,45
322,48
702,25
1368,8
1,0
13,5
103,17
149,12
328,23
642,40
1242,29
39,35
131,48
226,18
478,36
875,6
1759,33
78,48
122,28
235,43
448,7
984,38
1870,40
72,35
145,13
254,7
490,22
1045,40
44,43
139,38
246,13
453,5
929,19
1871,28
41,34
133,3
246,6
498,1
940,42
1953,29
44,6
50,31
143,19
278,45
530,36
1060,2
38,30
137,20
263,39
463,5
924,41
1827,30
43,37
83,11
162,3
388,27
767,3
1535,11
69,9
81,43
185,8
350,43
697,43
1483,46
60,26
99,24
228,50
442,20
860,8
1694,34
58,29
109,1
247,12
499,34
933,9
1926,9
15,4
90,38
200,6
320,19
696,26
1422,30
68,33
126,37
218,45
503,14
1010,3
1912,37
83,5
127,1
262,19
564,44
1130,35
91,4
93,34
233,47
458,29
914,47
1872,28
98,37
141,10
243,41
488,42
978,28
1911,22
88,25
107,9
247,24
498,12
1038,34
1903,26
30,17
85,2
211,9
333,10
740,27
1460,31
70,3
164,50
312,48
580,3
1227,28
56,12
88,48
217,36
456,30
874,42
1778,28
90,6
135,40
237,28
516,2
1041,33
101,18
123,25
238,1
511,22
1032,22
72,13
159,42
255,23
574,1
1081,46
79,3
168,28
343,15
678,50
1343,1
96,49
161,11
335,43
693,28
1350,16
2,1
70,9
93,10
263,1
511,23
977,11
1949,48
65,32
163,29
307,22
547,42
1118,17
98,35
144,12
319,38
617,21
1260,39
93,42
100,31
212,33
460,49
874,15
1742,43
50,47
64,34
189,15
305,18
702,37
1322,45
32,31
65,19
141,38
323,27
614,12
1193,28
76,43
135,11
235,40
495,31
1034,46
1955,1954
90,22
146,21
242,39
577,28
1109,6
21,20
99,37
183,18
321,49
664,15
1355,32
49,41
137,1
274,41
547,20
1084,6
42,41
47,33
157,43
262,19
590,31
1195,4
84,38
120,44
240,46
473,2
928,28
1862,38
54,47
123,31
188,44
385,36
825,21
1672,39
94,6
140,25
275,46
594,1
1150,40
35,34
59,7
195,36
357,42
694,25
1438,30
1,0
66,26
104,4
207,22
474,24
949,20
1869,10
59,50
101,11
162,27
382,47
795,32
1575,16
52,24
93,17
239,43
471,19
931,24
1808,24
48,40
113,44
243,13
464,23
933,24
1871,40
46,45
58,32
117,30
310,16
614,32
1186,21
17,6
78,5
163,28
283,34
602,36
1243,41
64,1
155,10
242,38
493,10
1032,5
1938,33
52,35
112,38
197,21
397,23
774,16
1610,5
7,6
82,14
97,49
252,2
454,34
903,27
1888,40
40,39
41,15
125,21
277,16
485,42
1025,48
1997,1996
16,6
38,3
62,5
153,17
324,25
670,44
1316,40
101,44
105,44
293,37
571,27
1106,40
5,2
41,39
74,49
122,18
325,16
660,49
1249,18
62,2
106,40
243,43
471,38
981,31
1943,25
77,2
89,6
203,6
375,34
782,46
1544,25
33,32
65,35
107,31
264,30
522,31
1010,46
50,12
80,21
217,5
352,22
763,13
1475,32
59,47
62,12
175,42
299,27
600,10
1232,5
30,25
33,27
141,28
217,36
521,15
995,29
1967,1966
45,15
62,24
116,21
301,29
578,47
1104,43
11,10
109,16
158,13
289,31
606,32
1175,21
78,12
108,25
259,48
521,19
1039,21
65,30
98,34
261,26
434,44
949,26
1878,45
77,28
150,17
276,16
511,1
1021,43
17,16
53,46
128,47
297,5
499,49
1015,41
80,36
131,41
286,14
587,42
1164,20
16,15
77,50
163,42
298,47
654,12
1259,11
34,19
68,33
155,1
291,12
554,27
1119,46
58,45
103,36
248,6
429,22
917,36
1778,33
94,15
114,2
293,6
557,26
1091,16
75,18
140,50
243,27
489,9
959,33
1954,12
95,26
192,45
301,12
665,37
1281,29
81,48
105,15
195,48
456,49
923,3
1854,43
38,20
43,11
110,18
192,25
408,36
832,15
1682,16
5,4
29,28
122,8
161,50
362,12
754,28
1526,13
30,22
46,2
144,31
286,34
563,35
1113,40
76,23
97,32
216,49
477,35
881,20
1823,7
94,5
95,44
286,40
562,46
1116,32
47,27
74,14
163,1
309,48
662,26
1318,32
72,4
134,40
210,21
492,12
974,9
1940,46
96,30
138,20
309,26
631,42
1204,48
67,10
153,43
299,45
592,28
1148,46
80,49
134,30
314,22
566,32
1131,47
101,28
121,7
249,49
535,40
1047,8
84,36
108,30
290,28
558,1
1078,21
23,22
72,1
124,44
256,16
536,25
1082,17
54,26
62,27
192,36
376,29
729,28
1444,27
12,11
84,3
110,44
236,16
523,4
1013,29
1938,50
6,5
79,6
181,21
281,18
570,36
1213,33
57,35
116,4
267,31
524,22
1017,47
1935,37
31,6
33,32
76,11
160,18
368,25
762,43
1503,16
57,14
73,19
140,19
307,50
618,29
1251,50
83,17
162,45
297,7
574,39
1123,45
11,10
52,35
98,47
196,37
449,31
829,9
1734,39
86,50
102,36
220,4
440,18
933,39
1827,26
52,25
91,48
218,26
438,41
834,43
1693,11
98,1
163,35
334,38
687,21
1298,1
28,6
60,31
154,49
330,38
606,6
1195,40
75,36
150,17
266,27
528,15
1079,38
69,32
95,8
238,9
403,7
809,35
1676,8
74,1
170,47
324,39
659,28
1243,7
80,42
103,17
209,36
493,16
901,10
1858,9
42,41
64,8
133,12
279,40
565,44
1157,7
11,10
17,16
48,47
99,8
276,16
461,29
920,50
1902,34
17,16
65,4
170,2
271,13
545,44
1075,3
64,25
108,32
237,8
499,11
966,49
1961,21
88,16
97,3
260,26
486,8
987,11
1971,5
26,10
106,3
233,27
391,6
855,19
1706,8
86,44
107,3
270,19
543,26
1052,41
4,3
61,15
125,42
198,42
440,36
878,33
1783,36
22,21
44,2
100,47
247,5
433,26
881,29
1771,7
12,11
101,11
163,11
286,10
655,11
1312,8
70,40
132,12
278,30
555,35
1055,13
80,6
82,2
263,8
434,15
944,47
1819,13
78,23
136,10
308,17
616,11
1190,22
18,17
89,28
110,6
283,17
577,4
1080,36
16,15
18,17
130,1
170,8
336,32
708,20
1410,49
8,4
63,34
144,2
297,22
551,29
1123,31
44,8
118,46
234,32
497,49
984,12
1897,37
100,45
158,46
324,9
596,10
1262,29
8,7
32,31
70,5
116,32
321,15
599,8
1236,45
18,17
35,22
138,12
253,3
472,41
983,38
1937,20
42,41
61,15
109,9
261,39
516,8
1066,30
49,24
117,21
183,23
405,22
813,22
1647,21
57,3
71,7
157,32
292,25
619,45
1243,35
22,21
30,9
74,50
148,41
347,12
622,2
1331,18
82,40
135,31
301,15
558,1
1117,5
59,22
148,47
245,11
497,21
1026,25
1984,1983
54,24
131,11
277,2
463,40
1006,48
1973,1972
43,15
51,33
183,41
315,31
656,39
1320,8
1,0
88,26
115,39
304,12
587,14
1141,30
88,40
115,13
224,36
446,46
896,25
1801,4
77,47
142,4
267,13
577,31
1146,42
94,16
99,9
215,20
432,33
920,29
1834,10
51,17
81,35
231,29
430,31
876,3
1721,7
65,17
111,16
264,30
467,35
991,42
1941,19
57,25
120,6
255,17
437,18
933,25
1899,26
20,19
98,43
197,3
329,11
660,28
1330,16
73,35
143,40
289,10
581,19
1144,31
3,2
13,12
48,18
105,20
240,18
458,1
945,43
1891,13
15,9
76,50
180,46
337,42
680,29
1327,11
82,5
89,35
215,49
432,42
866,28
1736,19
41,9
141,35
261,13
537,36
1005,19
1976,20
67,4
148,3
258,7
539,50
1016,42
88,29
160,7
254,42
539,16
1093,45
43,31
78,46
159,23
297,13
657,42
1329,23
46,4
79,46
222,49
403,48
830,44
1657,24
96,31
197,9
367,40
739,43
1482,8
58,7
151,37
259,32
550,48
1091,45
74,13
89,36
248,27
439,46
877,14
1791,50
61,10
68,25
132,50
276,9
604,9
1169,49
90,25
145,43
294,45
553,48
1115,46
44,24
143,33
272,9
553,32
1025,48
59,40
129,7
267,42
505,50
1055,26
93,9
183,24
375,43
654,33
1326,37
63,23
120,35
280,15
552,36
1102,18
10,9
86,47
157,30
348,6
694,47
1333,3
39,38
130,39
212,32
407,32
859,1
1680,22
61,40
66,37
198,35
348,4
710,18
1400,22
15,14
23,22
94,5
139,12
369,20
714,23
1424,31
64,26
87,7
179,39
378,30
804,50
1583,21
72,47
141,41
280,2
569,20
1145,4
51,7
150,15
203,43
445,17
947,7
1870,44
21,20
41,21
98,12
168,6
377,34
798,34
1550,16
29,28
73,26
172,48
369,28
719,18
1419,49
18,17
53,5
105,38
177,13
373,48
762,31
1579,27
88,27
180,35
312,9
584,41
1246,16
28,27
121,44
179,28
362,19
726,33
1454,42
101,27
195,35
389,12
716,27
1419,31
69,18
122,17
244,15
507,49
963,46
1941,5
31,30
104,3
210,33
372,38
732,40
1451,49
49,41
122,11
255,32
467,30
901,47
1836,34
64,4
149,49
248,36
517,36
993,31
1986,1985
95,9
103,46
221,42
520,49
978,30
1942,9
59,50
80,23
207,18
399,22
800,45
1559,25
31,30
36,35
80,5
173,32
346,40
708,24
1464,48
101,11
114,31
262,49
483,26
1026,8
1967,1966
80,39
86,28
263,34
498,48
931,10
1862,20
81,37
135,30
303,6
598,27
1170,25
29,28
61,1
186,37
373,10
709,34
1393,33
5,3
63,22
131,16
280,19
507,28
1069,27
19,4
36,10
63,43
146,39
355,24
647,16
1339,26
80,14
97,12
187,47
372,37
809,46
1645,43
50,42
89,34
196,49
338,23
760,2
1455,39
34,9
124,6
175,4
362,35
778,22
1567,46
49,39
76,35
135,6
309,43
608,26
1276,21
3,2
54,30
132,32
247,21
510,21
985,46
1935,50
30,29
87,35
171,15
314,28
656,6
1318,37
62,38
140,45
225,36
467,5
900,21
1831,27
67,44
129,17
214,35
421,4
931,32
1813,41
51,16
132,46
277,10
501,18
1061,26
71,32
171,44
312,6
558,28
1213,19
43,37
132,42
217,6
472,7
932,31
1854,15
93,7
114,28
230,18
509,31
948,22
1946,10
93,3
133,49
237,34
475,3
1026,28
1992,8
5,4
85,27
161,34
267,31
543,42
1103,16
86,24
130,7
235,19
459,9
937,16
1874,39
3,2
62,33
154,6
230,37
458,44
979,23
1966,4
21,20
52,34
174,43
265,34
581,23
1105,38
96,37
168,48
266,42
568,8
1172,30
28,23
36,25
141,6
300,6
546,42
1117,49
7,6
38,37
100,25
169,14
376,35
698,18
1473,21
71,36
91,14
233,45
440,31
861,9
1740,21
26,2
41,36
145,42
296,29
581,3
1090,19
36,35
113,31
195,11
356,49
758,38
1493,2
45,39
98,2
229,27
401,28
841,29
1630,6
38,3
57,39
168,9
327,8
628,37
1227,8
28,27
122,26
163,10
337,47
746,37
1430,2
36,18
126,25
243,45
504,37
1003,26
1993,1992
49,41
131,5
271,46
461,1
1006,13
1987,1986
66,9
105,39
269,49
462,11
936,34
1860,16
15,14
58,41
152,15
229,21
517,27
1054,6
7,6
66,16
125,2
275,44
498,19
1027,40
1924,40
25,24
87,6
197,26
354,10
719,50
1473,37
39,4
79,28
166,17
295,10
655,38
1325,14
24,23
68,17
102,9
236,37
519,3
950,40
1985,15
63,24
131,30
243,39
513,39
1019,42
1937,5
76,27
99,3
176,32
420,41
816,18
1660,48
96,29
154,30
286,22
569,16
1177,31
89,48
138,22
244,35
567,5
1122,46
47,8
131,17
219,33
497,24
915,6
1818,12
97,12
125,44
319,30
605,6
1183,38
54,5
65,16
185,8
382,14
689,4
1412,49
43,14
96,38
144,25
310,13
684,11
1326,5
76,32
173,8
308,48
606,5
1263,21
99,35
127,9
281,4
584,9
1126,30
13,12
95,42
136,37
248,27
562,25
1064,17
92,47
193,37
375,38
698,24
1363,9
70,39
143,23
219,15
455,27
983,50
1961,1960
65,35
162,37
259,26
571,41
1152,37
99,5
131,48
244,19
567,27
1123,34
58,27
126,7
212,45
466,23
943,12
1883,38
73,29
132,4
239,50
503,21
953,28
1945,31
32,9
107,8
205,2
386,46
789,31
1548,38
84,13
96,43
214,37
395,29
850,47
1682,48
23,3
37,12
100,22
237,30
483,15
907,40
1880,37
25,19
126,12
185,34
362,50
735,30
1471,36
45,28
73,11
134,34
263,25
595,19
1199,45
68,9
85,6
232,32
393,36
828,48
1669,13
36,22
43,19
99,31
242,21
515,22
942,1
1882,49
7,6
47,34
130,16
219,43
473,16
969,12
1854,29
70,43
81,24
204,33
366,14
775,39
1575,46
10,9
63,45
98,42
264,2
474,5
923,45
1861,44
33,24
129,26
226,27
438,40
891,11
1744,3
51,45
80,6
159,33
297,12
670,12
1325,6
92,39
191,44
359,13
688,18
1400,43
22,13
81,29
141,3
270,8
593,36
1144,45
98,20
120,25
256,45
498,11
1027,19
1922,12
6,5
55,25
72,31
204,37
421,28
767,49
1543,46
44,21
74,45
177,34
317,11
700,50
1387,43
16,15
20,19
67,40
186,19
349,22
723,10
1368,23
42,27
139,29
223,49
410,9
878,42
1784,30
83,37
84,13
259,46
525,34
997,44
1979,21
88,6
176,49
347,22
678,1
1354,39
19,18
75,36
155,43
296,41
608,8
1194,31
25,10
38,37
160,17
323,50
600,5
1241,38
67,21
156,20
256,48
560,16
1054,6
10,9
38,31
103,2
212,45
442,2
865,38
1674,15
96,23
112,1
233,5
526,40
1051,30
71,11
102,35
216,10
390,5
845,7
1719,31
63,44
112,24
250,28
451,39
977,27
1864,12
51,22
101,27
214,13
409,19
799,38
1662,33
32,18
89,42
199,13
391,15
759,35
1483,3
14,13
71,42
109,30
295,18
580,3
1099,30
18,17
21,20
81,10
160,36
375,44
689,46
1396,34
51,37
87,2
187,41
388,26
785,35
1534,6
97,50
155,18
318,12
615,29
1232,32
90,25
132,32
296,5
544,17
1092,39
44,13
145,46
286,6
545,13
1058,11
27,26
70,12
165,28
353,34
704,13
1385,25
100,47
118,22
314,38
590,28
1209,33
41,12
47,46
179,43
349,29
679,30
1303,25
93,11
150,4
280,7
552,33
1169,46
23,22
64,5
128,9
250,50
550,3
1047,45
10,9
19,17
95,17
206,47
340,3
719,35
1448,10
41,29
114,41
254,19
471,19
923,7
1850,35
23,10
84,7
204,22
405,42
725,47
1539,5
3,2
8,2
78,44
130,38
316,28
542,13
1084,48
61,35
81,27
227,15
454,9
874,49
1777,29
20,19
101,15
196,20
389,16
708,45
1508,8
75,25
91,11
226,39
466,3
880,12
1780,23
42,13
103,40
171,27
353,49
746,47
1451,1
7,6
36,35
55,22
177,1
374,37
680,34
1363,23
64,36
144,1
238,19
538,25
1044,37
65,44
141,48
235,47
524,48
997,36
1986,7
64,43
152,1
231,20
448,6
909,4
1833,20
90,27
125,31
261,7
535,29
1076,23
18,17
21,20
129,28
252,1
503,1
1024,11
1983,1982
31,21
56,18
185,16
329,15
660,35
1285,40
93,4
104,43
269,2
522,30
1049,11
87,47
94,37
248,26
434,33
963,4
1892,25
99,50
125,40
291,15
564,40
1082,46
74,4
102,24
224,38
415,20
893,9
1718,14
66,2
104,22
195,43
398,50
843,19
1654,2
51,32
104,22
190,45
370,9
762,3
1563,31
10,9
38,11
52,19
163,12
336,32
653,24
1327,39
48,17
79,45
190,29
389,40
722,34
1482,12
42,20
113,20
162,32
384,44
738,13
1534,41
1,0
77,48
113,34
277,22
533,40
1078,21
67,50
164,6
263,36
580,20
1091,31
76,42
134,47
246,36
492,32
995,39
1956,17
41,9
49,33
100,31
200,41
407,5
854,17
1665,19
37,36
56,43
129,12
244,7
537,1
1090,28
57,32
61,6
167,23
342,48
640,16
1288,33
101,19
142,12
299,24
556,12
1176,19
96,17
161,16
282,43
557,50
1155,9
69,19
155,20
290,35
581,42
1190,37
23,16
122,29
148,22
372,1
675,6
1422,36
77,29
79,21
220,39
463,30
856,28
1734,12
10,9
64,15
157,49
245,8
501,8
979,40
1926,34
52,32
145,38
245,13
531,9
981,21
1959,6
73,42
84,32
190,2
369,43
732,43
1541,28
41,40
98,17
222,6
368,5
780,1
1512,14
12,4
112,36
194,19
376,20
695,10
1490,5
46,34
115,22
207,49
419,42
821,7
1636,46
100,6
181,24
381,9
723,47
1401,22
79,24
141,37
298,14
604,8
1143,19
39,38
72,45
117,6
284,11
525,47
1044,34
36,35
51,28
148,5
255,36
525,25
1096,22
31,7
40,14
136,17
307,41
547,46
1132,39
83,30
96,13
277,39
555,1
1097,2
79,28
142,20
319,36
618,31
1161,27
42,41
92,39
172,30
396,14
718,47
1459,5
92,13
122,4
313,10
586,6
1152,13
83,28
111,46
220,18
470,1
951,15
1882,1
41,28
83,35
222,9
435,41
786,9
1610,16
58,20
87,30
175,7
403,32
737,40
1467,44
15,14
29,28
102,43
170,20
398,39
781,29
1498,46
77,2
86,47
245,41
436,20
937,16
1847,4
56,45
151,28
264,38
487,43
1010,36
1949,18
16,10
100,39
179,7
331,6
718,15
1383,26
22,9
101,11
218,40
358,31
754,50
1518,24
86,49
160,39
288,22
557,47
1152,10
37,12
125,29
197,29
408,33
842,18
1614,33
72,26
115,4
231,5
480,38
955,28
1949,14
70,37
144,25
254,17
500,46
988,31
1946,2
15,14
34,24
112,27
218,10
427,41
814,15
1628,42
84,6
157,30
323,13
587,7
1179,49
60,23
109,36
253,8
513,24
950,43
1953,5
20,19
89,33
144,44
318,29
616,41
1222,12
23,20
97,21
161,42
300,15
668,27
1310,9
66,8
141,15
215,31
492,16
925,27
1930,1
92,14
173,49
284,45
588,13
1194,34
69,43
76,32
177,43
362,11
771,34
1542,42
76,42
103,21
213,35
443,31
849,23
1701,14
17,16
112,48
166,12
332,30
712,14
1389,22
2,1
63,16
114,34
200,50
407,29
847,20
1710,3
62,28
89,32
194,41
356,4
704,37
1433,22
82,11
105,6
279,15
550,36
1092,29
54,42
70,35
146,38
285,33
642,21
1236,32
58,18
99,9
162,33
341,33
712,40
1445,39
80,10
81,17
218,18
464,43
903,22
1834,44
85,13
169,19
283,8
575,4
1134,37
83,26
112,2
229,29
499,19
936,36
1938,28
75,35
134,41
308,35
563,13
1180,47
72,33
105,5
202,25
400,7
820,9
1696,32
31,2
56,22
159,20
337,18
636,25
1303,23
89,28
99,49
202,34
475,28
880,33
1797,28
39,1
87,41
218,41
410,16
818,10
1650,17
41,6
117,32
243,9
484,42
920,25
1807,22
100,35
111,11
249,8
478,16
944,4
1893,49
20,19
87,25
166,45
302,24
642,21
1258,4
55,42
139,41
201,40
407,10
872,15
1723,24
96,22
142,25
321,49
594,39
1224,32
80,4
91,39
175,33
428,40
854,20
1711,24
29,2
48,44
143,6
271,46
506,29
1027,43
92,38
115,44
283,31
580,10
1091,13
37,3
121,26
242,33
434,38
889,22
1778,40
3,2
81,8
89,26
178,6
363,26
771,16
1582,42
97,48
192,25
342,1
641,10
1288,14
97,10
116,42
303,44
565,40
1099,20
90,42
138,30
292,2
595,16
1188,22
95,11
116,43
273,46
492,7
1065,28
85,11
125,47
238,36
452,6
988,31
1916,15
2,1
6,5
34,12
129,18
217,30
446,49
876,2
1767,17
72,35
154,49
285,30
596,18
1162,30
58,13
153,6
239,16
523,5
1025,16
1979,11
17,16
81,41
142,11
291,10
599,45
1138,16
18,17
20,19
51,16
173,5
348,14
640,43
1290,50
93,1
163,36
273,9
538,14
1129,41
68,22
111,14
243,49
440,1
866,38
1772,37
88,7
144,26
295,39
531,7
1129,42
84,40
120,11
266,18
551,38
1112,39
44,41
127,44
257,38
508,15
942,50
1906,42
86,27
158,41
334,39
657,4
1306,40
20,19
68,10
119,25
222,36
523,29
1001,42
1987,1986
56,7
82,50
165,45
329,10
733,37
1380,3
81,1
164,7
251,44
573,24
1138,40
35,5
132,27
169,7
362,3
778,43
1531,3
31,7
79,18
179,9
344,41
662,14
1372,29
93,25
186,42
352,44
661,15
1319,32
21,20
118,30
231,24
385,13
757,45
1601,41
19,15
27,24
85,7
156,24
345,34
658,15
1337,3
25,24
29,14
143,1
272,48
497,45
1007,17
1909,48
97,46
196,41
329,12
677,19
1395,8
57,31
128,47
236,2
482,49
1001,39
1986,8
93,19
143,46
250,41
530,37
1109,32
86,38
166,3
279,3
618,29
1193,42
19,18
74,20
178,11
306,47
627,31
1215,31
32,21
37,5
120,14
283,24
483,10
990,27
1949,49
14,13
60,48
138,19
296,10
560,41
1156,39
39,14
64,35
153,3
324,31
596,40
1276,26
49,18
121,37
241,44
495,43
973,48
1947,11
94,19
190,38
359,29
658,8
1343,13
36,18
113,3
194,11
394,43
781,3
1588,26
45,14
105,40
196,40
380,50
748,31
1516,47
69,5
96,32
190,6
455,33
879,2
1762,25
28,27
30,15
60,39
169,7
363,32
719,22
1460,20
21,20
115,6
148,19
382,45
743,20
1501,25
32,2
46,42
106,26
272,17
496,4
1029,21
1989,1988
24,23
40,39
128,31
271,31
522,25
1051,19
9,8
87,14
125,22
290,44
559,4
1114,39
14,13
34,17
69,16
173,23
315,11
705,2
1377,15
71,46
94,33
229,4
490,37
963,48
1928,14
47,41
120,15
262,10
430,34
906,10
1784,25
5,4
69,7
156,29
243,5
547,43
1112,40
87,8
172,35
273,42
586,41
1144,13
6,5
104,11
210,18
407,20
755,50
1566,10
76,35
109,18
286,41
479,6
1045,48
1919,36
28,27
123,38
213,12
413,27
821,40
1673,23
22,21
78,48
153,39
330,41
680,38
1270,23
4,3
97,18
129,29
324,25
604,19
1220,33
36,27
132,2
268,46
492,20
1010,2
1989,1988
52,27
122,16
217,32
481,9
945,23
1833,38
6,5
18,12
62,33
135,3
306,28
546,50
1117,48
11,10
51,16
127,23
269,24
558,2
1084,6
20,19
22,21
47,38
140,12
262,44
505,24
1030,47
87,9
107,39
292,1
584,26
1076,26
62,4
145,34
278,45
488,41
1038,49
52,37
89,5
228,16
459,29
920,26
1830,45
78,19
115,1
274,25
486,32
1051,4
42,39
116,28
211,3
439,48
839,26
1721,2
40,24
122,28
222,9
426,7
867,23
1729,38
52,13
70,34
169,50
346,18
712,1
1377,46
101,36
103,2
302,27
524,25
1067,7
53,8
136,30
281,3
539,47
1075,49
90,6
129,46
275,9
505,23
1092,43
26,15
73,48
141,43
270,38
561,7
1153,10
62,20
138,10
276,26
481,30
1045,18
91,4
178,12
330,34
660,49
1305,38
66,12
140,5
292,4
505,33
1094,29
28,2
101,9
206,28
336,21
728,11
1446,36
52,39
115,37
253,6
476,29
938,20
1875,29
69,44
86,48
164,41
331,40
733,38
1423,14
5,2
94,2
117,22
277,5
507,5
1026,3
63,10
102,29
179,42
408,20
839,34
1635,41
52,24
116,40
267,42
459,29
990,46
1971,1970
65,16
156,50
275,9
551,45
1118,37
19,18
26,2
108,18
233,39
463,44
929,8
1872,6
92,22
140,10
234,44
477,30
1042,31
1917,3
60,39
109,26
232,28
476,47
881,26
1764,42
19,18
55,19
75,23
223,15
387,4
794,28
1643,41
32,6
91,49
211,5
429,50
862,31
1640,45
63,29
126,17
268,14
506,41
1047,27
75,21
167,39
272,45
578,2
1105,8
77,42
133,32
268,47
508,21
1070,15
31,30
72,42
204,18
367,9
727,38
1455,9
25,24
84,33
148,40
298,35
624,37
1210,30
32,31
99,14
215,18
368,35
794,40
1601,45
64,28
110,25
186,41
395,43
850,4
1693,1
8,7
16,15
33,12
124,20
220,8
483,48
981,10
1948,5
84,33
132,26
265,2
498,14
1021,3
62,26
85,44
161,39
329,15
716,27
1372,14
92,32
148,5
263,16
534,45
1128,7
2,1
97,33
143,9
283,35
548,11
1089,32
88,39
173,30
360,38
652,41
1341,46
32,11
45,29
79,11
242,13
475,46
914,50
1867,39
73,14
159,28
268,38
514,29
1025,20
15,10
59,39
81,2
213,27
452,21
891,36
1790,45
72,38
123,41
295,8
507,10
1036,24
29,28
99,48
145,26
350,22
696,8
1331,17
81,5
178,9
359,41
650,7
1291,45
62,4
137,14
281,47
520,24
1098,34
77,21
163,38
325,8
645,13
1220,44
6,5
92,16
184,12
298,38
616,16
1270,28
4,3
100,30
139,33
339,31
617,23
1256,47
95,28
117,31
233,40
535,21
1012,20
1942,14
96,29
193,10
377,5
668,12
1356,36
52,46
57,14
195,19
352,24
674,17
1356,41
96,16
182,46
328,30
612,48
1224,36
12,11
91,5
145,15
298,16
571,14
1144,12
2,1
88,13
95,5
253,46
453,24
937,36
1918,24
57,8
79,40
197,46
428,47
816,49
1615,31
82,43
154,24
333,27
643,38
1293,38
23,22
65,39
103,10
204,13
439,36
838,43
1704,12
11,10
84,1
111,19
208,21
448,50
919,22
1847,21
7,4
30,1
134,41
189,29
432,42
824,22
1650,28
91,30
131,6
240,15
525,40
1013,32
7,6
9,8
45,19
100,39
216,7
456,17
908,50
1780,44
51,16
71,49
166,36
307,12
661,20
1258,22
87,42
116,20
224,32
433,13
872,17
1740,37
95,46
150,32
345,39
661,29
1320,36
20,1
54,11
84,5
221,46
416,18
888,19
1776,44
63,14
125,48
247,8
530,27
1054,12
59,18
75,9
201,19
351,24
691,11
1435,13
25,24
99,50
207,39
423,42
779,35
1593,47
58,2
113,43
203,5
452,13
899,15
1752,7
30,29
63,13
96,38
234,14
495,50
1008,18
1946,31
92,47
173,48
276,6
587,50
1198,50
42,11
107,18
177,42
397,45
773,26
1567,10
25,15
45,11
144,6
239,27
523,14
993,11
1991,1990
16,15
35,28
127,12
265,47
519,1
1053,2
65,40
109,35
266,7
455,26
936,35
1848,22
46,29
62,16
126,19
300,20
576,35
1129,28
59,46
100,28
240,3
426,19
926,26
1847,27
18,17
103,31
155,50
353,13
705,25
1336,37
41,17
82,10
152,44
315,8
664,4
1314,43
41,26
71,30
146,26
295,48
573,29
1137,37
18,1
87,40
157,17
305,24
585,46
1227,39
28,27
37,8
70,14
144,8
326,29
622,43
1303,23
22,21
78,34
157,15
312,12
644,39
1274,32
82,33
181,45
307,50
668,49
1250,29
74,10
149,35
281,36
513,40
1087,20
30,24
99,32
135,13
317,40
646,48
1261,6
100,7
103,6
264,18
531,23
1088,20
71,25
85,40
225,3
396,10
840,48
1674,3
67,17
110,31
188,27
442,9
869,18
1719,26
72,14
115,25
223,26
447,44
934,31
1854,43
31,30
109,26
234,49
450,1
861,26
1687,10
37,36
89,45
190,1
406,32
725,24
1453,35
16,15
43,41
136,17
283,31
531,43
1108,47
52,10
95,17
230,50
452,15
909,12
1766,41
25,23
124,5
219,38
469,19
853,31
1766,30
98,38
116,15
278,11
516,16
1097,19
70,6
101,13
236,18
491,19
919,49
1896,27
44,27
113,6
199,6
420,44
848,38
1627,36
40,39
138,7
250,44
449,14
887,2
1845,22
26,25
37,36
118,2
256,35
468,27
947,19
1926,24
76,45
162,23
284,18
533,33
1119,42
97,27
181,50
331,45
634,4
1283,18
22,21
59,28
171,26
300,41
555,12
1206,3
1,0
21,20
102,35
223,8
391,20
768,44
1545,45
41,40
127,16
231,12
411,34
907,29
1811,21
68,7
162,1
297,26
538,9
1149,37
17,16
115,1
210,29
424,36
776,43
1643,47
61,37
114,20
215,13
401,2
820,32
1676,35
47,17
59,9
135,23
275,3
608,38
1224,33
94,6
186,22
375,50
682,30
1431,25
101,10
179,44
376,1
673,13
1409,34
17,16
33,32
70,1
199,4
413,11
788,25
1595,50
94,3
192,5
314,14
652,44
1322,41
33,17
125,23
172,24
415,31
761,21
1593,4
43,42
75,8
182,8
396,30
718,26
1496,43
8,7
60,31
156,41
245,38
493,19
1023,32
1935,7
53,46
75,21
219,17
397,16
745,3
1548,20
38,26
85,41
139,32
336,41
634,19
1299,23
76,16
175,11
306,44
577,50
1188,24
72,4
119,34
252,44
488,6
950,13
1935,15
53,19
82,1
141,28
278,27
560,40
1146,17
75,7
139,46
236,8
486,12
961,44
1917,39
28,27
68,27
105,12
238,12
517,2
1048,22
61,8
106,21
248,41
453,1
918,50
1838,47
82,31
163,9
248,35
563,13
1150,41
42,17
139,37
279,15
520,24
1012,48
1920,8
60,16
154,22
275,15
535,4
1043,1
31,30
123,23
162,37
395,18
722,19
1472,4
86,42
178,4
271,29
620,10
1250,9
79,8
128,17
244,13
457,16
993,23
1986,1985
9,8
109,17
214,31
428,2
817,38
1632,15
39,31
75,49
159,26
365,36
718,26
1363,10
53,35
68,14
208,45
344,11
753,5
1522,40
33,21
116,50
231,35
466,9
927,25
1822,14
86,26
176,36
313,12
648,13
1286,20
44,6
122,18
258,16
490,29
927,32
1870,12
73,38
160,34
238,27
546,20
1032,3
6,5
32,15
76,38
165,21
335,40
702,25
1407,46
19,18
49,31
124,43
204,6
406,17
862,45
1757,21
17,16
56,48
160,15
259,40
507,1
1019,16
84,14
106,37
243,3
482,1
929,46
1894,19
50,9
150,2
251,50
496,23
948,3
1994,1993
100,44
191,37
351,16
655,48
1306,46
26,14
102,27
192,7
394,8
756,40
1478,46
68,48
1
1
1
1
1
1
1
1
1
1
1
1
1
1
1
1
1
1
1
1
1
1
1
2
2
2
2
2
2
2
2
2
2
2
2
2
2
2
2
2
2
2
2
3
3
3
3
3
3
3
3
3
3
3
3
3
3
3
3
3
3
3
3
3
3
4
4
4
4
4
4
4
4
4
4
4
4
4
4
4
4
4
4
4
4
5
5
5
5
5
5
5
5
5
5
5
5
5
5
5
5
6
6
6
6
6
6
6
6
6
6
6
6
6
6
7
7
7
7
7
7
7
7
7
7
7
7
7
7
7
7
7
7
7
7
7
7
8
8
8
8
8
8
8
8
8
8
8
8
8
9
9
9
9
9
9
9
9
9
9
9
9
9
9
9
9
9
10
10
10
10
10
10
10
10
10
10
10
11
11
11
11
11
11
11
11
11
11
11
11
12
12
12
12
12
12
12
12
13
13
13
13
13
13
13
13
13
13
13
13
13
13
13
13
13
13
14
14
14
14
14
14
14
14
14
14
14
14
15
15
15
15
15
15
15
15
15
15
15
15
15
15
15
15
15
15
15
15
15
15
16
16
16
16
16
16
16
16
16
17
17
17
17
17
17
17
17
17
17
17
17
17
17
17
17
18
18
18
18
18
18
18
18
18
18
18
18
18
19
19
19
19
19
19
19
19
19
19
19
19
19
19
20
20
20
20
20
20
20
20
20
20
20
20
20
20
20
20
21
21
21
21
21
21
21
21
21
21
21
21
21
21
21
22
22
22
22
22
22
22
22
22
22
22
22
23
23
23
23
23
23
23
23
23
23
23
23
23
23
23
23
23
23
23
24
24
24
24
24
24
24
24
24
25
25
25
25
25
25
25
25
25
26
26
26
26
26
26
26
26
26
26
26
26
26
27
27
27
27
27
27
27
27
27
27
27
27
27
27
27
27
27
28
28
28
28
28
28
28
28
28
28
28
28
28
28
28
29
29
29
29
29
29
29
29
29
29
29
29
29
29
29
29
30
30
30
30
30
30
30
30
30
30
30
30
30
30
30
30
30
31
31
31
31
31
31
31
31
31
31
31
31
31
31
31
31
32
32
32
32
32
32
32
32
32
32
32
32
32
32
32
32
32
32
32
32
33
33
33
33
33
33
33
33
33
33
33
34
34
34
34
34
34
34
34
34
34
34
34
34
34
34
34
35
35
35
35
35
35
35
35
35
35
35
35
35
36
36
36
36
36
36
36
36
36
36
36
36
36
36
36
37
37
37
37
37
37
37
37
37
37
37
37
37
37
37
37
37
37
38
38
38
38
38
38
38
38
38
38
38
38
38
38
38
38
38
38
38
38
38
38
38
38
39
39
39
39
39
39
39
39
39
39
39
40
40
40
40
40
40
40
40
40
40
40
40
40
41
41
41
41
41
41
41
41
41
41
41
41
42
42
42
42
42
42
42
42
42
42
42
42
42
42
43
43
43
43
43
43
43
43
43
43
43
43
43
43
43
43
43
43
43
43
43
43
44
44
44
44
44
44
44
44
44
44
44
44
44
45
45
45
45
45
45
45
45
45
45
45
45
45
45
45
45
45
46
46
46
46
46
46
46
46
46
46
46
46
46
46
46
47
47
47
47
47
47
47
47
47
47
47
47
47
47
47
48
48
48
48
48
48
48
48
48
48
48
48
48
48
48
48
48
48
48
48
48
48
49
49
49
49
49
49
49
49
49
49
49
49
49
49
49
49
49
49
49
50
50
50
50
50
50
50
50
50
50
50
50
50
50
50
50
50
50
51
51
51
51
51
51
51
51
51
51
51
51
51
51
51
51
52
52
52
52
52
52
52
52
52
52
52
52
52
52
52
53
53
53
53
53
53
53
53
53
53
53
53
53
53
53
54
54
54
54
54
54
54
54
54
54
54
54
54
54
54
54
54
55
55
55
55
55
55
55
55
55
55
55
55
55
56
56
56
56
56
56
56
56
56
56
56
56
56
56
56
56
56
57
57
57
57
57
57
57
57
57
57
57
57
57
57
58
58
58
58
58
58
58
58
58
58
58
58
58
58
58
58
58
59
59
59
59
59
59
59
59
59
59
59
59
59
59
59
59
59
59
59
60
60
60
60
60
60
60
60
60
60
60
60
60
60
60
60
60
60
60
60
60
61
61
61
61
61
61
61
61
61
61
61
61
61
61
61
61
61
61
61
61
61
61
61
61
62
62
62
62
62
62
62
62
62
62
62
62
62
62
62
62
62
62
62
62
62
63
63
63
63
63
63
63
63
63
63
63
63
63
63
63
63
63
63
63
63
63
63
63
63
64
64
64
64
64
64
64
64
64
64
64
64
64
64
64
64
64
65
65
65
65
65
65
65
65
65
65
65
65
65
65
65
65
65
65
66
66
66
66
66
66
66
66
66
66
66
66
66
66
66
66
66
66
67
67
67
67
67
67
67
67
67
67
67
67
67
67
67
67
67
67
67
67
67
67
67
67
67
67
67
67
68
68
68
68
68
68
68
68
68
68
68
68
68
68
68
68
69
69
69
69
69
69
69
69
69
69
69
69
69
69
69
69
69
69
69
69
69
69
70
70
70
70
70
70
70
70
70
70
70
70
70
70
70
70
70
70
70
71
71
71
71
71
71
71
71
71
71
71
71
71
71
71
71
71
71
71
71
72
72
72
72
72
72
72
72
72
72
72
72
72
72
72
72
72
72
73
73
73
73
73
73
73
73
73
73
73
73
73
73
73
73
73
73
73
73
73
73
73
73
74
74
74
74
74
74
74
74
74
74
74
74
74
74
74
74
74
74
74
74
74
74
74
74
74
74
75
75
75
75
75
75
75
75
75
75
75
75
75
75
75
75
75
75
75
76
76
76
76
76
76
76
76
76
76
76
76
76
76
76
76
76
76
76
76
76
76
76
76
77
77
77
77
77
77
77
77
77
77
77
77
77
77
77
77
77
77
77
77
77
77
77
78
78
78
78
78
78
78
78
78
78
78
78
78
78
78
78
78
78
78
78
78
78
78
78
78
78
78
79
79
79
79
79
79
79
79
79
79
79
79
79
79
79
79
79
79
79
79
79
79
79
80
80
80
80
80
80
80
80
80
80
80
80
80
80
80
81
81
81
81
81
81
81
81
81
81
81
81
81
81
81
81
81
81
81
81
81
81
81
81
81
81
81
81
81
81
81
81
81
82
82
82
82
82
82
82
82
82
82
82
82
82
82
82
82
83
83
83
83
83
83
83
83
83
83
83
83
83
83
83
83
83
83
83
83
84
84
84
84
84
84
84
84
84
84
84
84
84
84
84
84
84
84
84
84
84
85
85
85
85
85
85
85
85
85
85
85
85
85
85
85
85
85
85
85
85
85
85
85
85
86
86
86
86
86
86
86
86
86
86
86
86
86
86
86
86
86
86
86
86
86
86
86
87
87
87
87
87
87
87
87
87
87
87
87
87
87
87
87
87
87
87
87
87
88
88
88
88
88
88
88
88
88
88
88
89
89
89
89
89
89
89
89
89
89
89
89
89
89
89
89
89
89
89
89
89
89
89
89
90
90
90
90
90
90
90
90
90
90
90
90
90
90
90
91
91
91
91
91
91
91
91
91
91
91
91
91
91
91
91
91
91
91
92
92
92
92
92
92
92
92
92
92
92
92
92
92
92
92
93
93
93
93
93
93
93
93
93
93
93
93
93
93
93
93
93
93
93
93
94
94
94
94
94
94
94
94
94
94
94
94
94
94
94
94
94
94
94
95
95
95
95
95
95
95
95
95
95
95
95
95
95
95
95
95
95
95
95
95
95
95
96
96
96
96
96
96
96
96
96
96
96
96
96
96
96
96
97
97
97
97
97
97
97
97
97
97
97
97
97
97
97
97
97
97
97
97
97
98
98
98
98
98
98
98
98
98
98
98
98
98
98
98
98
98
98
98
98
98
98
98
98
98
98
98
99
99
99
99
99
99
99
99
99
99
99
99
99
99
99
99
99
99
99
100
100
100
100
100
100
100
100
100
100
100
100
100
100
100
100
100
101
101
101
101
101
101
101
101
101
101
101
101
101
101
101
101
101
101
101
101
101
101
101
101
101
101
102
102
102
102
102
102
102
102
102
102
102
102
102
102
103
103
103
103
103
103
103
103
103
103
103
103
103
103
104
104
104
104
104
104
104
104
104
104
104
104
104
104
104
104
104
104
104
104
104
104
105
105
105
105
105
105
105
105
105
105
105
105
105
105
105
105
105
106
106
106
106
106
106
106
106
106
106
106
106
106
106
106
106
106
106
106
106
106
107
107
107
107
107
107
107
107
107
107
107
107
107
107
107
108
108
108
108
108
108
108
108
108
108
108
108
108
108
109
109
109
109
109
109
109
109
109
109
109
109
109
109
109
109
109
109
109
110
110
110
110
110
110
110
110
110
110
110
110
110
110
110
110
110
110
111
111
111
111
111
111
111
111
111
111
111
111
111
111
111
112
112
112
112
112
112
112
112
112
112
112
112
112
112
113
113
113
113
113
113
113
113
113
113
113
113
113
113
114
114
114
114
114
114
114
114
114
114
114
114
114
114
114
114
114
115
115
115
115
115
115
115
115
115
115
115
115
116
116
116
116
116
116
116
116
116
116
116
116
116
116
116
116
116
116
116
116
116
116
116
116
116
117
117
117
117
117
117
117
117
117
117
117
117
117
118
118
118
118
118
118
118
118
118
118
118
118
118
118
118
118
118
118
118
118
119
119
119
119
119
119
119
119
119
119
119
119
119
119
119
119
119
119
120
120
120
120
120
120
120
120
120
120
120
120
120
120
120
120
120
120
120
120
120
121
121
121
121
121
121
121
121
121
121
121
121
121
121
121
121
122
122
122
122
122
122
122
122
122
122
122
122
122
122
122
122
122
122
122
122
123
123
123
123
123
123
123
123
123
123
123
123
123
123
123
123
123
124
124
124
124
124
124
124
124
124
124
124
124
124
125
125
125
125
125
125
125
125
125
125
125
125
125
125
126
126
126
126
126
126
126
126
126
126
126
126
126
126
127
127
127
127
127
127
127
127
128
128
128
128
128
128
128
128
128
128
128
128
128
129
129
129
129
129
129
129
129
129
129
129
129
129
129
129
129
130
130
130
130
130
130
130
130
130
130
130
130
130
131
131
131
131
131
131
131
131
131
131
131
131
131
131
131
131
132
132
132
132
132
132
132
132
132
132
132
132
132
132
132
132
133
133
133
133
133
133
133
133
133
133
133
133
133
134
134
134
134
134
134
134
134
134
134
134
134
135
135
135
135
135
135
135
135
135
135
135
136
136
136
136
136
136
136
136
136
136
136
136
137
137
137
137
137
137
138
138
138
138
138
138
138
138
138
138
138
138
138
138
138
138
138
138
138
138
138
139
139
139
139
139
139
139
139
139
139
139
139
139
139
139
139
140
140
140
140
140
140
140
140
140
140
141
141
141
141
141
141
141
141
141
141
141
141
141
142
142
142
142
142
142
142
142
142
142
142
142
143
143
143
143
143
143
143
143
143
143
143
143
143
143
143
143
144
144
144
144
144
144
144
144
144
144
144
144
144
144
145
145
145
145
145
145
145
145
145
145
145
146
146
146
146
146
146
146
146
147
147
147
147
147
147
147
147
147
147
147
147
147
147
147
147
147
148
148
148
148
148
148
148
148
148
148
148
148
149
149
149
149
149
149
149
149
149
149
149
150
150
150
150
150
150
150
151
151
151
151
151
151
151
151
151
151
151
151
151
151
152
152
152
152
152
152
152
152
152
152
152
153
153
153
153
153
153
153
153
153
153
154
154
154
154
154
154
154
154
154
154
154
154
154
154
154
154
154
155
155
155
155
155
155
155
155
155
155
155
155
155
155
155
155
155
156
156
156
156
156
156
156
156
156
156
156
156
156
156
156
156
157
157
157
157
157
157
158
158
158
158
158
158
158
158
158
158
158
158
158
158
159
159
159
159
159
159
159
159
159
160
160
160
160
160
160
160
160
161
161
161
161
161
161
161
161
161
161
161
162
162
162
162
162
162
162
162
162
162
163
163
163
163
163
163
163
163
163
163
163
163
163
163
163
163
163
163
163
164
164
164
164
164
164
164
164
164
165
165
165
165
165
165
165
165
165
166
166
166
166
166
166
166
166
167
167
167
167
167
167
167
167
167
167
167
167
167
168
168
168
168
168
168
168
168
168
168
168
168
168
168
169
169
169
169
169
169
169
169
170
170
170
170
170
170
170
170
170
170
170
171
171
171
171
171
171
171
172
172
172
172
172
172
172
172
172
172
173
173
173
173
173
173
173
173
173
173
173
173
174
174
174
174
174
174
174
174
174
174
174
175
175
175
175
175
175
175
175
175
175
175
175
176
176
176
176
176
176
177
177
177
177
177
177
177
178
178
178
178
178
179
179
179
179
179
179
179
180
180
180
180
180
181
181
181
181
181
181
181
181
181
182
182
182
182
182
182
182
182
182
182
182
182
182
183
183
183
183
183
183
183
183
183
183
183
183
183
184
184
184
184
184
184
184
184
184
184
185
185
185
185
185
185
185
185
185
185
186
186
186
186
186
186
186
186
186
186
187
187
187
187
187
187
187
187
187
187
187
187
188
188
188
188
188
188
188
188
188
188
188
188
189
189
189
189
189
189
189
190
190
190
191
191
191
192
192
192
192
192
193
193
193
193
193
193
193
194
194
194
194
194
194
194
194
194
194
194
194
195
195
195
195
195
195
195
195
195
195
195
195
196
196
196
196
196
196
196
197
197
197
197
197
197
197
198
198
198
198
198
198
198
198
198
199
199
199
199
199
199
199
199
199
199
199
199
199
200
200
200
200
200
200
200
201
201
201
201
201
201
202
202
202
202
202
203
203
203
203
203
203
203
203
204
204
204
205
205
205
205
205
205
205
205
206
206
206
206
206
206
206
206
206
206
206
207
207
207
207
207
207
207
207
207
207
207
207
208
208
209
209
209
209
209
209
209
209
210
210
210
210
211
211
211
211
211
211
211
211
211
211
212
212
212
212
212
212
212
213
213
213
213
213
213
213
213
213
214
214
214
214
214
214
215
215
215
215
215
215
215
215
215
215
215
216
216
216
216
216
216
217
217
217
217
217
217
217
217
217
218
218
218
218
218
219
219
219
219
219
219
219
219
219
219
219
219
219
219
220
220
220
220
220
220
220
220
220
220
221
221
221
221
221
221
221
221
221
222
222
222
222
222
222
222
222
222
223
223
223
223
223
223
224
224
224
224
224
224
224
225
225
225
225
225
225
225
225
226
226
226
226
226
226
226
226
226
227
227
227
227
228
228
228
228
228
228
228
229
229
229
229
229
229
230
230
230
230
231
231
231
231
231
231
231
231
231
232
232
232
232
232
232
232
232
232
232
232
232
233
233
233
233
233
233
233
233
233
233
233
234
234
234
234
234
234
234
234
234
235
235
235
235
235
235
235
235
235
235
236
236
236
236
236
236
236
236
237
237
237
237
237
237
237
237
237
237
237
238
238
238
238
238
238
239
239
239
239
239
239
239
240
240
240
240
240
240
240
240
241
241
241
241
241
241
241
241
241
241
241
242
242
242
242
242
242
243
243
243
243
243
243
244
244
244
244
244
245
245
245
245
245
245
245
245
246
246
246
246
246
246
246
246
246
247
247
247
248
248
248
248
248
248
249
249
249
249
249
249
249
249
249
250
250
250
250
250
250
250
251
251
251
251
251
251
251
251
251
252
252
252
252
252
252
252
252
252
253
253
253
253
253
253
253
253
253
253
253
254
254
254
254
254
255
255
255
255
255
255
255
255
255
255
255
255
256
256
256
256
256
256
256
257
257
257
257
257
257
257
257
257
257
258
258
258
258
258
258
259
259
259
259
259
259
259
260
260
260
260
260
260
260
260
260
261
261
261
261
261
262
262
262
262
263
263
263
263
263
263
263
264
264
264
264
264
264
264
265
265
265
265
265
266
266
266
266
266
266
267
267
267
267
267
267
267
267
267
267
267
268
268
268
268
268
268
268
268
268
269
269
269
269
269
269
269
269
270
270
270
270
270
270
270
271
271
271
271
271
271
271
271
272
272
272
272
272
272
272
272
272
272
272
273
273
273
273
273
273
273
273
274
274
274
274
274
274
274
274
274
275
275
275
275
275
275
276
276
276
276
276
276
276
276
276
277
277
277
277
277
277
278
278
278
278
278
278
278
278
279
279
279
279
279
279
279
279
279
279
280
280
280
280
280
280
280
280
280
281
281
281
281
281
281
281
281
282
282
282
282
282
282
283
283
283
283
283
284
284
284
284
285
285
285
285
285
286
286
286
286
286
286
286
286
286
286
286
286
287
287
287
287
288
288
288
288
288
289
289
289
289
289
289
289
289
290
290
290
290
290
291
291
291
291
292
292
292
292
292
292
293
293
293
293
293
294
294
294
294
294
294
294
295
295
295
295
295
295
295
295
296
296
296
296
296
296
297
297
297
297
298
299
299
299
299
299
299
299
299
300
300
300
300
300
301
301
301
301
301
301
301
301
301
302
302
302
302
303
303
303
303
303
304
304
304
304
304
304
304
305
305
305
305
305
305
305
306
306
306
306
306
306
307
307
307
307
308
308
308
308
308
308
308
308
308
309
309
309
309
309
310
310
310
310
310
310
310
310
311
311
311
311
311
311
311
312
312
312
312
312
313
313
313
314
314
314
314
314
314
314
314
314
315
315
315
316
316
316
316
316
317
317
317
317
317
317
317
318
318
318
319
319
319
320
320
320
320
320
321
321
321
321
321
321
321
322
322
322
322
322
323
323
323
323
323
324
324
324
325
325
325
326
326
326
326
326
326
327
327
327
327
327
328
328
328
328
328
329
329
329
329
329
330
330
330
330
330
330
330
331
331
331
331
331
331
332
332
332
332
332
333
333
333
333
333
333
333
333
333
334
334
334
334
334
335
335
335
335
335
335
335
335
335
336
336
336
336
337
338
338
339
339
339
339
340
340
340
340
341
341
341
341
342
342
343
343
343
343
343
343
343
343
343
344
344
344
344
344
344
345
345
346
346
346
346
346
346
347
347
347
347
347
349
349
349
349
349
350
350
350
351
351
351
351
351
352
352
353
353
353
353
353
354
354
354
354
354
354
355
355
355
355
355
356
356
356
356
356
357
357
357
357
357
358
359
359
360
360
360
360
360
361
361
361
362
362
363
363
363
363
364
364
364
365
365
365
365
366
367
367
367
367
368
369
369
369
370
370
370
370
370
370
371
371
371
371
372
372
372
372
372
373
373
373
373
373
374
374
374
375
375
375
375
375
376
376
376
376
376
376
377
377
378
378
378
378
378
380
380
380
380
380
381
381
381
381
382
382
383
383
383
383
383
383
384
384
384
384
385
385
386
386
386
387
387
388
388
388
388
389
389
389
389
389
389
390
391
391
391
391
392
392
392
392
392
392
393
393
393
393
394
394
394
395
395
395
395
395
396
396
396
396
396
396
396
397
397
397
397
397
397
397
398
399
399
399
399
400
400
400
400
400
401
401
401
402
402
402
403
403
403
403
403
403
403
403
403
404
405
405
405
406
406
406
406
407
407
408
408
408
409
409
409
410
410
410
410
410
410
411
411
411
412
412
412
412
413
413
413
413
413
413
413
413
413
414
414
414
414
415
416
416
416
416
417
417
417
417
418
418
419
419
419
420
420
420
421
421
421
423
423
423
423
423
423
423
424
424
424
425
425
425
426
427
427
427
427
428
429
429
429
429
429
430
430
430
430
431
431
431
432
432
432
433
433
433
434
434
434
435
435
436
437
438
438
438
438
438
438
438
439
439
439
439
440
440
440
441
441
441
441
441
441
443
444
444
444
444
444
445
445
445
445
446
446
446
446
447
447
447
447
447
447
448
448
448
449
449
449
451
451
451
451
451
451
451
451
452
452
452
453
453
453
453
453
453
453
454
454
454
454
454
454
454
455
455
455
455
455
456
456
456
456
457
457
457
457
457
457
458
459
459
459
459
459
459
459
460
460
460
461
461
461
461
462
462
462
462
463
463
463
463
463
463
463
463
463
464
464
464
464
464
464
464
465
465
466
466
466
466
466
467
467
467
467
468
468
468
469
469
469
469
469
470
470
470
470
471
471
471
472
472
472
473
473
473
473
473
474
474
474
474
474
474
475
475
475
476
476
476
476
476
477
477
477
478
478
478
478
478
478
479
479
479
480
480
480
480
480
481
481
481
481
481
481
482
482
483
483
483
483
483
484
484
484
485
485
485
485
486
486
486
487
487
487
487
487
487
488
488
488
488
488
489
489
489
489
490
490
491
491
491
491
492
492
492
492
492
492
492
492
493
493
493
493
494
494
494
495
495
495
495
495
495
495
496
496
496
496
496
496
497
497
497
497
497
498
498
498
499
499
499
500
500
500
500
500
501
501
501
501
502
502
502
502
503
503
503
503
503
504
504
504
504
504
505
505
505
506
506
506
507
507
507
507
507
507
507
508
508
508
508
508
509
509
509
509
509
510
510
510
510
511
511
511
511
511
511
512
512
512
512
512
513
513
514
514
514
515
515
515
516
516
516
516
516
517
517
517
517
518
518
518
519
519
519
520
520
521
521
521
521
521
521
521
521
521
522
522
523
523
523
523
523
524
525
525
526
526
526
526
526
527
527
527
527
528
528
528
528
528
529
530
530
531
531
532
532
532
533
533
533
533
533
533
533
534
534
534
535
535
535
535
535
535
535
536
536
536
537
537
537
537
537
538
538
538
538
539
539
539
539
539
539
539
540
540
540
541
542
542
543
543
543
543
544
544
545
545
545
545
546
546
546
547
547
547
547
548
548
548
548
548
548
549
549
549
549
550
550
550
550
550
550
551
551
552
552
552
553
553
553
553
553
554
554
554
554
554
555
555
555
555
555
555
555
556
557
557
557
557
558
558
558
559
559
559
559
560
560
560
560
560
561
561
562
562
562
563
563
563
563
564
564
564
565
565
566
566
567
567
568
569
569
570
570
570
570
571
571
571
571
572
572
573
573
573
574
574
575
575
575
576
576
576
577
577
577
578
578
579
579
579
579
579
579
580
580
580
580
580
580
580
580
581
581
581
581
581
581
581
581
581
581
581
581
581
581
582
582
583
584
584
584
585
585
586
586
586
586
588
588
588
588
589
589
590
590
590
590
590
590
590
590
591
591
591
591
591
592
592
592
592
593
593
594
594
594
594
595
595
595
596
596
597
597
597
597
598
598
598
598
598
598
599
599
599
599
599
599
600
600
600
601
601
602
602
603
603
603
603
603
603
603
604
604
605
606
607
607
607
607
607
608
608
608
609
609
609
609
610
610
610
610
611
611
611
612
612
613
614
614
615
615
615
615
615
615
616
617
619
619
621
621
622
623
623
623
623
623
623
623
624
624
625
625
625
625
625
626
626
626
628
629
630
631
631
632
632
632
633
633
633
633
634
636
636
637
638
638
638
639
640
640
640
640
640
641
641
642
643
644
644
644
645
645
645
646
646
646
647
647
647
648
648
648
648
648
649
650
650
651
651
651
652
652
652
653
653
654
655
655
655
655
655
655
655
655
656
656
657
657
657
658
658
659
659
660
660
661
662
662
662
663
663
663
664
665
665
666
666
667
667
668
668
670
670
671
671
672
672
673
674
674
674
675
677
677
678
678
679
680
680
680
680
681
681
681
682
682
683
684
684
684
685
685
686
687
687
687
688
688
688
689
689
689
689
689
689
689
690
690
690
691
691
691
691
692
692
693
693
694
694
694
695
696
697
697
698
699
699
700
701
701
702
702
702
702
703
703
704
704
706
706
706
706
707
708
709
709
709
709
710
711
711
712
714
714
714
714
715
716
717
717
717
718
718
718
718
718
718
719
719
719
720
720
720
721
721
721
721
721
721
722
722
722
722
723
724
724
725
725
725
726
726
727
727
727
729
730
732
732
732
732
733
733
733
734
735
735
735
736
736
737
737
738
738
738
738
738
739
739
740
740
740
742
742
743
743
744
744
744
745
745
745
747
747
749
750
750
752
753
753
754
755
756
758
758
759
759
760
760
760
761
762
762
764
764
765
765
765
765
765
766
767
768
768
769
770
771
771
772
772
772
772
773
773
774
774
774
775
775
777
778
780
781
781
781
781
781
782
782
783
783
784
784
784
784
785
786
788
788
788
789
790
791
792
793
793
793
794
794
795
795
795
796
796
797
797
798
798
799
799
800
800
802
802
803
804
804
805
805
806
807
808
809
809
811
811
812
812
812
815
815
815
816
816
816
817
819
820
820
820
821
821
823
823
825
825
826
829
829
829
830
831
831
831
832
833
833
834
834
836
837
838
838
840
840
841
841
841
841
842
844
844
844
845
845
846
846
846
847
848
848
848
848
849
849
849
850
850
850
852
852
853
853
856
856
857
858
858
858
859
859
859
860
860
861
861
861
861
862
862
863
863
864
865
865
865
866
867
867
867
868
868
868
868
868
870
871
872
872
873
873
873
873
876
877
877
877
878
878
879
880
881
881
882
882
882
882
883
883
885
885
885
885
887
887
888
891
891
891
891
891
891
892
893
894
894
894
894
895
895
895
895
896
897
897
897
897
902
902
902
902
902
902
903
903
903
904
905
905
905
905
906
906
907
909
909
911
911
912
912
912
913
913
913
914
914
915
915
915
915
916
917
917
917
918
918
918
919
920
920
920
921
922
922
922
923
924
925
925
925
925
925
926
927
928
928
928
930
930
930
931
931
931
932
932
932
933
933
934
934
934
934
934
935
936
936
936
936
937
938
939
940
940
940
940
940
941
941
941
941
942
942
943
943
944
944
945
946
946
947
947
947
948
949
950
950
950
951
952
952
952
952
953
953
954
954
955
955
955
957
960
960
960
960
961
962
964
965
965
965
966
966
967
967
967
968
968
968
968
968
969
969
969
969
969
970
970
971
971
972
972
973
973
973
974
976
976
977
977
978
979
979
980
980
980
982
982
982
982
982
983
983
983
985
985
985
985
986
986
986
987
987
988
988
989
990
990
990
990
991
991
992
992
993
994
994
995
995
995
996
998
998
998
999
999
999
1000
1000
1001
1003
1004
1004
1004
1005
1006
1007
1007
1007
1009
1009
1009
1009
1010
1011
1012
1012
1012
1013
1013
1013
1014
1014
1014
1014
1015
1015
1015
1015
1016
1016
1016
1016
1017
1017
1020
1020
1021
1021
1021
1021
1021
1021
1021
1024
1024
1025
1025
1025
1026
1026
1027
1028
1028
1028
1028
1028
1029
1030
1030
1030
1031
1032
1032
1032
1033
1034
1036
1036
1036
1036
1037
1037
1037
1038
1039
1039
1040
1041
1041
1042
1042
1042
1042
1043
1043
1044
1044
1045
1045
1045
1046
1046
1046
1047
1048
1048
1048
1049
1049
1049
1050
1050
1050
1051
1051
1051
1051
1052
1052
1052
1052
1054
1054
1054
1055
1055
1055
1055
1056
1056
1056
1057
1057
1057
1058
1059
1059
1059
1060
1061
1061
1062
1062
1063
1063
1063
1064
1064
1064
1064
1066
1066
1066
1067
1067
1067
1068
1068
1069
1070
1070
1071
1071
1071
1072
1072
1072
1073
1073
1074
1075
1076
1076
1077
1077
1078
1078
1078
1079
1080
1082
1082
1083
1083
1083
1084
1085
1086
1086
1086
1089
1089
1090
1090
1090
1091
1092
1092
1092
1093
1093
1093
1094
1095
1095
1095
1095
1096
1096
1096
1098
1098
1098
1099
1099
1099
1100
1100
1100
1101
1101
1102
1102
1103
1103
1103
1103
1103
1105
1105
1105
1105
1105
1105
1105
1106
1108
1108
1111
1111
1113
1113
1113
1114
1115
1115
1116
1116
1116
1118
1118
1118
1118
1118
1119
1119
1120
1120
1120
1121
1121
1122
1122
1122
1122
1123
1123
1123
1123
1123
1124
1124
1124
1127
1128
1129
1129
1130
1130
1130
1131
1132
1132
1133
1133
1133
1133
1134
1134
1134
1135
1135
1136
1137
1138
1138
1139
1139
1139
1143
1144
1145
1146
1146
1146
1146
1146
1147
1147
1147
1148
1148
1148
1149
1149
1149
1149
1149
1149
1150
1150
1151
1151
1151
1152
1152
1152
1153
1153
1154
1154
1154
1154
1155
1155
1156
1156
1156
1160
1160
1160
1160
1161
1161
1161
1161
1162
1162
1163
1166
1166
1167
1167
1167
1168
1168
1170
1170
1172
1172
1172
1174
1175
1175
1176
1176
1177
1178
1180
1180
1181
1181
1183
1184
1185
1186
1187
1187
1188
1188
1188
1189
1190
1190
1190
1192
1192
1194
1194
1195
1195
1195
1196
1197
1198
1199
1200
1201
1201
1201
1202
1203
1204
1204
1206
1206
1206
1208
1209
1210
1211
1211
1211
1212
1212
1215
1216
1216
1216
1217
1218
1218
1219
1219
1221
1222
1222
1224
1225
1225
1226
1226
1226
1228
1230
1234
1234
1234
1236
1236
1237
1238
1238
1239
1240
1241
1241
1242
1244
1245
1246
1246
1247
1247
1248
1250
1250
1251
1253
1253
1254
1255
1257
1257
1257
1258
1258
1258
1259
1260
1261
1261
1261
1261
1262
1262
1263
1264
1265
1267
1267
1267
1267
1267
1269
1270
1273
1274
1275
1276
1276
1276
1277
1277
1277
1278
1279
1279
1282
1283
1283
1284
1284
1286
1287
1287
1288
1288
1288
1289
1289
1292
1292
1292
1293
1294
1295
1296
1297
1297
1298
1299
1301
1301
1302
1302
1305
1305
1305
1306
1306
1306
1309
1309
1310
1310
1310
1311
1311
1312
1314
1314
1315
1315
1315
1315
1319
1320
1322
1322
1324
1324
1324
1325
1328
1329
1329
1329
1330
1330
1331
1332
1332
1333
1335
1336
1339
1340
1341
1341
1341
1343
1343
1343
1344
1344
1345
1345
1345
1346
1349
1349
1349
1350
1351
1351
1352
1353
1353
1354
1355
1356
1357
1360
1362
1363
1363
1363
1364
1364
1364
1366
1366
1368
1368
1372
1373
1374
1376
1377
1378
1379
1381
1382
1382
1386
1387
1389
1390
1390
1391
1393
1394
1395
1396
1397
1397
1397
1401
1402
1403
1403
1405
1407
1407
1407
1408
1408
1409
1410
1411
1411
1411
1412
1415
1415
1416
1418
1419
1420
1421
1422
1422
1423
1424
1424
1424
1424
1424
1426
1426
1430
1431
1431
1433
1433
1435
1438
1440
1440
1441
1441
1442
1443
1444
1445
1446
1446
1447
1449
1450
1452
1452
1452
1454
1457
1459
1459
1459
1459
1460
1462
1464
1464
1466
1467
1467
1467
1469
1471
1471
1472
1473
1474
1474
1474
1476
1478
1479
1479
1480
1482
1482
1483
1483
1483
1485
1486
1486
1486
1487
1487
1490
1491
1491
1492
1493
1493
1493
1494
1495
1495
1499
1499
1499
1500
1501
1501
1502
1503
1504
1506
1506
1507
1507
1509
1509
1513
1513
1513
1514
1516
1520
1523
1524
1524
1525
1525
1526
1526
1528
1529
1532
1536
1538
1539
1540
1541
1541
1543
1544
1545
1549
1550
1551
1551
1552
1553
1553
1554
1555
1556
1556
1557
1557
1558
1558
1559
1560
1561
1562
1563
1563
1563
1564
1564
1564
1565
1566
1567
1567
1568
1571
1575
1576
1579
1580
1581
1582
1583
1585
1586
1586
1586
1587
1588
1589
1589
1590
1592
1593
1595
1595
1596
1597
1599
1603
1606
1606
1606
1607
1608
1610
1610
1610
1611
1614
1616
1617
1619
1619
1619
1624
1624
1626
1626
1627
1628
1630
1632
1633
1636
1641
1645
1646
1646
1646
1646
1647
1647
1653
1653
1654
1655
1662
1663
1664
1664
1666
1668
1668
1670
1673
1673
1674
1675
1676
1677
1679
1680
1681
1683
1683
1685
1686
1686
1687
1687
1687
1690
1691
1692
1693
1693
1695
1699
1700
1700
1701
1701
1702
1703
1708
1708
1709
1709
1710
1710
1712
1714
1716
1717
1718
1720
1720
1722
1722
1723
1724
1724
1725
1725
1727
1728
1728
1729
1729
1729
1730
1731
1734
1735
1737
1739
1739
1739
1741
1742
1745
1745
1745
1746
1748
1750
1756
1756
1757
1758
1758
1760
1761
1762
1763
1763
1764
1764
1765
1767
1768
1769
1771
1771
1773
1778
1778
1781
1782
1784
1785
1786
1786
1789
1789
1789
1790
1793
1794
1795
1796
1797
1798
1799
1799
1801
1801
1803
1803
1803
1804
1805
1806
1806
1806
1807
1808
1808
1810
1811
1812
1813
1814
1814
1815
1815
1816
1816
1818
1820
1821
1822
1822
1823
1828
1828
1829
1830
1831
1831
1834
1835
1835
1835
1836
1837
1837
1838
1841
1842
1843
1843
1843
1845
1845
1847
1848
1849
1851
1851
1852
1852
1852
1852
1853
1853
1853
1854
1854
1854
1857
1857
1858
1860
1861
1862
1863
1864
1864
1866
1866
1869
1872
1872
1873
1873
1873
1873
1873
1874
1874
1874
1875
1875
1876
1876
1877
1879
1882
1882
1882
1883
1885
1888
1888
1889
1891
1892
1893
1893
1894
1894
1894
1895
1895
1896
1897
1897
1898
1900
1901
1902
1903
1903
1903
1903
1903
1903
1904
1904
1904
1904
1905
1907
1908
1908
1910
1912
1913
1913
1913
1913
1914
1915
1917
1917
1917
1918
1919
1920
1922
1922
1923
1923
1924
1925
1926
1926
1926
1927
1928
1928
1929
1930
1930
1931
1931
1934
1934
1934
1935
1935
1936
1936
1938
1938
1940
1940
1941
1941
1942
1942
1942
1942
1942
1943
1944
1944
1946
1946
1947
1947
1947
1947
1948
1948
1950
1950
1951
1951
1953
1953
1954
1956
1957
1958
1958
1959
1959
1960
1961
1963
1965
1965
1966
1967
1968
1968
1970
1970
1973
1973
1975
1981
1984
1984
1986
1989
1990
1990
1993
1997
1998
2043
2141
2275
2303
2316
2336
2410
2429
2473
2593
2631
2659
2851
2854
3082
3173
3181
3320
3376
3431
3654
3706
3753
3807
