Primero viene la cantidad (n) de timestamps para ambos, luego n líneas que son un timestamp aproximado cada uno separado por una coma (',') del error, y luego n lineas de las transacciones del sospechoso
7005
28,20
71,40
102,17
230,24
497,49
943,50
1898,20
27,26
55,40
128,45
269,24
552,16
1086,44
71,39
82,22
198,12
439,42
854,27
1721,6
64,15
70,49
176,4
387,18
730,37
1490,40
62,48
89,21
211,9
428,33
792,5
1642,9
16,15
18,17
66,33
182,5
363,31
735,4
1436,6
1,0
73,5
112,2
195,44
417,37
837,4
1660,49
95,25
127,27
319,21
548,11
1104,49
10,9
43,30
88,22
232,6
408,28
829,28
1694,50
10,9
106,5
195,25
318,25
726,18
1456,11
97,24
109,26
260,33
549,5
1028,28
70,9
105,41
183,45
382,1
800,2
1596,19
39,33
117,37
251,32
487,1
914,27
1845,22
1,0
65,34
163,20
299,13
575,37
1139,14
5,4
29,5
107,6
207,44
424,10
787,46
1590,11
42,41
51,35
107,43
246,44
544,41
1078,14
23,9
106,50
197,1
427,8
790,14
1586,20
16,15
99,33
147,35
282,28
580,45
1217,6
30,27
65,47
147,35
288,33
562,6
1176,19
91,24
95,35
226,29
421,38
926,5
1860,17
20,19
63,44
98,19
203,2
428,46
893,14
1726,13
70,17
157,6
243,48
546,35
1050,9
33,32
56,21
120,47
298,31
528,2
1054,4
60,5
112,3
195,32
426,33
884,23
1767,15
79,38
161,25
244,3
543,23
1111,14
29,28
105,7
204,13
373,12
774,24
1569,33
8,7
15,14
111,33
235,47
403,43
810,14
1619,42
43,42
143,49
237,49
478,21
971,4
1877,15
41,2
142,1
209,27
490,37
964,8
1863,22
97,34
145,19
271,26
551,3
1107,50
18,17
28,20
139,22
204,27
439,36
846,10
1694,7
53,42
83,46
161,32
302,19
669,26
1273,47
82,44
110,42
272,3
551,30
1083,5
28,27
44,15
87,45
229,33
450,3
889,35
1812,26
90,10
114,27
251,6
486,35
1039,12
1996,1995
101,32
128,2
301,23
547,48
1100,24
71,30
106,45
278,13
505,17
1013,3
1940,44
67,45
124,39
206,49
485,16
910,12
1858,47
86,45
159,18
277,31
575,8
1184,28
18,17
76,21
131,47
279,25
590,12
1148,36
39,25
108,7
188,1
432,9
838,39
1686,27
18,17
33,28
96,9
206,22
451,14
861,15
1727,42
47,31
146,40
223,24
463,8
975,5
1924,10
13,12
46,27
85,23
230,17
407,30
871,44
1729,20
11,10
46,44
93,48
187,43
366,25
737,31
1444,7
52,48
92,5
238,40
422,28
899,39
1777,49
41,32
85,37
223,15
374,41
810,48
1625,36
55,20
75,27
200,50
381,44
724,25
1490,31
18,17
77,20
190,1
313,43
685,49
1368,18
1,0
89,24
138,3
247,43
524,25
1012,14
7,6
75,21
88,13
215,25
400,30
791,12
1667,23
20,13
25,12
58,24
164,6
284,47
639,18
1211,20
52,40
83,9
231,5
368,10
830,8
1608,42
22,21
79,9
143,36
286,2
588,42
1169,40
24,23
60,30
161,27
333,27
618,35
1234,11
83,11
144,38
281,13
556,11
1074,43
19,18
62,26
167,37
312,8
611,25
1259,32
96,7
174,28
343,12
648,2
1275,5
64,8
95,16
249,48
416,34
919,19
1775,23
57,48
148,24
230,29
534,44
1003,28
1968,11
49,35
121,12
187,38
367,37
786,42
1598,40
101,7
108,46
299,35
542,23
1058,38
25,24
62,40
143,34
320,25
573,14
1167,38
69,40
154,34
261,28
527,48
1091,22
57,25
68,1
160,32
362,40
713,20
1388,37
73,44
123,38
214,43
463,21
960,31
1908,37
55,16
60,2
185,18
331,18
664,13
1346,45
87,37
149,41
333,44
651,14
1276,21
34,33
133,46
225,2
430,45
863,9
1729,8
8,7
20,5
84,12
127,4
243,5
504,34
1083,17
68,50
164,19
278,29
571,44
1138,16
43,34
57,49
178,35
307,8
610,36
1201,10
96,50
128,16
273,35
527,46
1043,26
51,21
68,32
158,17
350,14
712,11
1356,31
100,4
145,12
337,24
607,47
1270,5
76,38
142,9
283,29
530,13
1085,23
56,49
126,19
193,39
462,31
927,41
1822,22
77,5
172,39
347,6
616,25
1213,32
41,40
85,39
223,33
396,36
817,36
1570,35
73,17
89,8
186,30
383,21
734,9
1515,3
92,30
105,15
277,47
518,10
1025,15
98,43
151,23
326,18
594,50
1227,44
58,23
117,30
180,34
448,6
836,47
1697,10
56,18
122,24
180,21
364,45
733,18
1462,10
14,13
92,43
150,11
325,4
624,12
1237,24
47,29
114,17
204,21
376,1
768,38
1550,29
100,22
195,25
359,45
743,16
1458,50
29,28
109,17
180,32
334,24
706,8
1430,38
3,2
96,8
193,40
297,14
657,6
1310,42
67,27
127,31
289,29
546,15
1036,6
39,18
111,40
165,28
347,28
691,8
1384,20
74,9
98,19
198,46
422,17
823,39
1646,30
53,30
139,34
272,20
512,25
993,2
1984,1983
10,9
52,20
99,19
247,26
442,33
872,33
1746,25
9,8
98,10
187,17
371,11
693,29
1376,27
55,41
118,48
178,6
410,5
782,39
1602,37
34,33
131,42
177,7
373,34
766,42
1533,14
56,47
123,34
258,44
473,28
1010,13
1941,11
81,5
140,3
286,41
530,45
1089,38
78,39
167,21
303,34
588,32
1176,39
22,21
36,35
118,40
234,44
493,48
996,9
1937,40
73,26
74,17
164,10
312,44
678,48
1335,11
76,9
116,46
268,42
560,47
1061,17
48,30
55,4
204,30
362,31
720,39
1419,36
4,3
74,34
139,45
301,49
564,29
1088,10
92,15
116,13
269,23
573,37
1116,44
34,33
81,34
212,20
373,50
759,44
1501,3
46,7
141,31
244,31
477,21
969,13
1928,10
96,29
176,10
312,27
671,35
1290,50
51,49
110,33
238,9
410,42
825,43
1695,28
26,6
34,33
98,14
228,39
424,39
865,41
1740,8
63,36
137,20
212,11
479,24
977,17
1890,23
70,46
140,12
243,3
478,23
1031,19
1912,22
15,14
45,44
69,26
154,9
295,29
650,23
1282,19
27,13
63,8
163,7
339,33
662,29
1333,41
75,47
136,26
224,38
452,48
950,11
1884,49
95,20
124,5
303,30
523,28
1049,10
10,9
104,20
178,42
300,3
674,2
1291,29
24,1
95,9
120,33
264,29
595,37
1132,30
11,10
98,48
127,10
247,14
551,25
1050,45
25,5
63,24
155,49
317,21
570,17
1220,13
59,33
97,17
182,4
402,47
838,50
1669,38
86,1
88,14
262,18
440,46
878,2
1775,8
21,20
32,26
62,5
204,49
376,21
708,13
1421,8
95,48
149,45
331,19
669,50
1273,39
52,46
110,49
257,3
450,22
955,24
1862,10
15,14
110,12
195,24
383,5
737,1
1516,33
90,14
114,11
205,34
464,4
922,18
1843,29
18,17
52,17
87,20
183,21
374,6
806,21
1621,43
98,29
114,21
257,26
485,6
999,42
1992,1991
23,2
92,13
159,5
357,1
646,38
1279,18
83,41
151,42
292,11
566,3
1162,31
44,8
104,43
225,21
375,17
826,3
1631,42
14,13
44,5
84,42
241,17
399,17
818,12
1658,41
58,42
134,30
286,22
516,44
1091,32
56,19
111,7
213,28
444,23
875,26
1779,2
71,41
102,36
210,33
404,50
878,40
1758,18
16,15
66,48
131,45
294,17
509,27
1027,34
33,1
43,11
120,21
272,9
527,46
1009,14
7,6
40,7
66,38
179,24
373,9
761,15
1498,32
28,27
34,30
143,17
263,29
537,35
1102,17
78,26
163,41
282,9
543,26
1128,39
51,40
114,35
248,31
439,4
925,32
1866,40
58,30
118,8
190,24
370,17
829,37
1572,2
49,21
102,44
179,14
413,23
749,30
1523,47
13,12
28,27
46,37
186,14
352,30
639,40
1299,28
30,29
45,1
127,27
204,1
493,48
964,45
1931,48
18,17
54,20
165,8
316,14
623,10
1257,43
35,19
41,4
167,36
309,3
634,23
1284,5
42,32
81,29
125,7
251,4
584,23
1153,39
63,18
80,38
164,2
318,46
671,2
1337,11
91,14
172,49
360,8
677,38
1387,35
32,4
67,21
181,23
341,26
696,8
1320,47
75,3
161,13
257,45
589,37
1180,42
73,36
128,6
302,5
597,28
1139,42
89,25
121,12
288,14
552,26
1086,28
14,13
78,15
103,37
200,47
485,18
883,8
1828,30
52,6
141,5
279,6
523,28
1002,26
1951,28
80,34
83,9
245,28
493,2
992,20
1933,47
12,11
85,3
121,25
289,27
593,42
1198,5
16,15
117,13
155,24
369,20
753,3
1477,30
8,7
53,15
92,31
205,45
378,24
820,16
1575,38
86,6
129,16
252,30
485,27
971,22
1928,36
57,30
157,23
251,46
558,1
1065,26
44,43
69,4
200,40
316,45
712,31
1419,18
87,18
104,21
200,17
460,6
875,47
1814,10
70,20
141,43
290,25
568,17
1156,41
83,13
168,48
269,3
582,7
1157,10
81,20
122,50
219,48
440,36
929,7
1794,12
47,46
73,18
137,5
281,17
593,40
1145,31
42,36
124,9
204,42
402,48
851,1
1627,11
22,21
42,20
113,35
223,28
402,24
853,30
1704,22
25,24
112,1
177,15
408,28
803,1
1567,17
72,18
148,43
304,3
566,16
1134,39
3,2
62,15
88,38
240,35
467,6
953,7
1831,21
62,37
92,10
220,49
415,46
819,49
1623,32
86,38
181,2
301,37
572,45
1199,20
24,23
62,25
173,28
303,21
580,16
1204,24
63,41
86,50
185,19
336,47
767,30
1516,37
85,13
115,19
201,33
482,19
930,26
1891,4
9,8
73,24
152,8
325,37
639,43
1229,4
8,7
69,19
97,18
275,42
506,36
956,9
1946,20
75,13
100,24
193,23
414,49
882,19
1764,23
67,2
117,36
261,34
483,11
952,33
1895,43
13,12
40,39
64,33
186,15
322,28
689,50
1403,50
93,2
135,50
289,30
558,22
1145,33
18,17
53,6
134,31
211,8
438,32
942,38
1827,18
32,10
108,18
167,6
336,36
673,17
1367,41
13,12
40,12
71,19
198,32
355,2
756,16
1436,30
96,23
145,41
271,25
571,25
1177,30
84,50
89,34
222,21
405,21
843,17
1693,28
28,6
84,15
209,39
387,13
731,13
1467,6
87,31
130,46
244,26
557,2
1083,49
63,33
156,4
286,37
584,49
1184,15
67,45
68,22
156,22
339,39
687,28
1323,31
16,3
104,38
136,41
314,34
670,31
1270,37
39,38
85,23
148,1
364,49
714,3
1358,17
82,34
105,4
262,22
450,48
963,43
1912,37
19,18
113,2
170,4
309,1
627,38
1306,46
25,24
97,19
134,42
297,35
587,46
1218,17
31,14
33,19
72,33
234,45
392,25
830,47
1692,47
2,1
23,22
47,33
118,1
243,24
449,31
939,40
1887,34
54,19
119,50
209,50
383,5
861,27
1676,4
94,28
150,49
273,24
609,28
1131,1
99,21
118,24
260,32
573,21
1122,8
98,28
176,27
321,21
626,42
1306,2
89,4
187,34
344,16
635,5
1310,38
47,4
66,13
205,41
407,47
783,12
1522,10
19,18
49,40
97,12
261,30
493,38
1002,36
1959,20
62,26
128,25
219,9
448,4
937,23
1840,10
73,2
150,21
295,32
576,19
1161,33
25,24
126,33
247,22
455,46
890,40
1754,49
81,25
116,35
240,33
476,22
1014,24
1910,37
56,10
86,37
230,15
385,31
849,29
1650,44
96,43
133,29
311,42
588,22
1198,23
38,37
128,34
211,20
399,14
849,28
1717,25
49,38
125,40
246,10
468,31
950,50
1869,22
65,11
121,50
274,17
501,18
1057,29
46,14
75,6
174,11
391,45
691,27
1422,17
27,26
74,3
131,47
323,4
562,7
1183,39
44,24
89,45
187,21
348,19
710,32
1388,15
17,16
62,36
170,32
250,29
530,25
1086,44
6,5
23,11
126,47
217,3
379,5
840,41
1624,20
54,41
82,36
179,4
322,47
735,39
1466,3
40,8
108,18
173,39
360,23
687,2
1412,39
45,29
89,47
165,36
305,30
636,12
1294,17
32,31
63,1
110,21
306,5
584,32
1146,19
9,8
23,22
122,37
167,33
378,28
763,40
1528,40
95,47
100,42
291,26
503,44
1000,24
1915,41
24,10
35,34
71,41
221,19
401,21
832,19
1666,30
42,41
131,2
198,43
427,50
842,44
1691,39
9,8
86,25
167,46
295,38
645,32
1244,23
97,12
151,23
262,17
560,32
1120,8
94,17
101,4
222,48
479,32
955,3
1921,36
21,20
24,22
69,27
197,2
361,43
727,21
1449,46
45,42
97,9
230,6
462,48
837,27
1675,49
83,24
97,27
266,13
456,24
917,40
1872,50
93,26
185,32
343,22
697,22
1401,21
15,14
106,35
174,35
334,33
723,16
1420,27
57,1
77,26
175,38
386,19
721,35
1490,8
29,28
41,15
106,23
206,29
455,18
886,31
1746,44
78,35
103,22
263,50
542,41
1021,44
49,26
116,29
257,15
453,29
893,39
1869,10
49,47
113,15
228,34
431,16
895,18
1809,49
42,4
43,8
88,17
223,45
403,10
834,1
1721,20
49,23
126,50
184,3
436,17
800,9
1646,4
46,35
122,8
257,35
505,1
1017,4
1997,1996
42,35
116,47
188,13
347,40
767,36
1481,8
12,11
95,36
127,11
257,19
546,32
1072,14
45,36
88,24
198,8
366,1
764,14
1531,8
66,27
91,31
194,6
379,9
808,19
1632,12
101,41
130,39
290,3
538,50
1150,40
15,14
18,12
86,16
194,49
351,16
727,46
1433,22
64,3
91,31
172,12
357,50
720,47
1422,8
47,27
49,31
187,23
370,1
685,41
1425,48
56,30
114,2
237,4
473,4
920,39
1865,10
22,12
49,3
109,23
258,25
529,11
972,9
1997,1996
19,18
80,11
153,18
315,31
590,3
1190,12
18,17
30,10
49,13
189,37
332,23
658,7
1353,22
94,48
168,8
309,45
622,42
1213,1
22,21
78,14
194,49
390,17
742,16
1503,35
72,22
132,44
283,25
490,14
1052,28
14,13
44,42
93,40
182,39
422,40
802,17
1646,10
36,29
84,5
173,21
319,17
623,7
1333,9
30,8
65,39
105,3
276,47
499,49
1012,35
1964,1963
75,23
146,32
259,21
522,22
1010,3
33,32
54,11
168,41
309,12
641,10
1282,45
86,16
113,12
294,42
521,12
1037,29
26,15
56,46
90,1
261,24
483,11
989,2
1987,1986
70,13
136,10
244,47
516,10
996,4
1950,7
51,31
101,47
220,14
402,46
847,10
1643,22
23,2
97,28
149,10
353,18
639,39
1358,22
54,5
71,16
226,9
379,11
762,33
1524,22
55,40
83,33
140,40
328,9
625,22
1290,47
3,2
6,5
98,34
155,48
318,47
592,30
1177,24
40,4
91,45
196,5
343,40
692,11
1395,7
97,7
189,18
335,45
656,12
1314,44
96,3
163,14
310,31
574,1
1184,12
63,20
137,10
275,46
575,23
1085,22
58,5
156,26
228,18
507,46
1040,46
1904,3
95,42
147,7
278,23
561,37
1113,38
71,4
74,3
224,36
375,11
828,19
1655,29
62,21
72,12
139,44
352,34
639,28
1358,15
85,44
106,39
260,24
471,39
993,17
1929,27
97,39
135,20
325,20
583,46
1230,48
65,7
165,28
288,2
562,25
1152,17
25,24
110,50
190,35
381,32
797,29
1583,40
26,25
121,13
165,21
337,9
737,49
1433,35
26,1
62,32
97,46
211,35
458,7
931,2
1864,6
33,32
68,2
103,3
206,19
442,9
867,7
1810,18
91,47
132,9
267,14
565,30
1151,44
26,16
105,18
140,14
339,41
613,43
1304,28
5,4
44,43
91,25
183,4
352,39
677,22
1443,12
98,36
115,29
278,12
511,48
1010,41
77,30
105,22
248,12
451,5
982,7
1961,6
65,15
100,1
260,3
494,17
980,24
1945,10
98,37
145,45
281,21
602,21
1192,7
94,4
183,42
315,31
659,44
1347,42
34,22
72,18
107,23
282,46
535,39
1074,36
79,9
81,12
221,19
387,9
815,33
1658,25
49,45
150,18
263,20
526,36
1033,27
60,26
95,2
157,8
376,34
744,17
1441,6
14,13
41,40
134,37
279,37
535,34
1076,46
26,25
75,50
155,5
273,31
557,35
1160,1
11,10
61,11
86,41
225,42
394,35
817,22
1651,1
32,31
37,29
130,38
275,6
492,13
993,17
1968,1967
48,19
62,41
161,4
353,15
660,8
1365,14
35,10
114,45
181,49
394,35
825,8
1642,37
33,14
46,36
154,33
285,17
589,45
1199,35
21,3
99,38
133,35
310,17
565,30
1227,36
83,38
142,14
254,9
579,42
1068,36
12,6
60,5
93,38
189,43
360,1
800,3
1605,1
16,15
97,37
130,21
302,5
602,35
1172,34
20,19
49,20
133,21
289,49
589,30
1125,11
1,0
61,7
95,47
218,27
383,10
826,40
1617,24
72,37
92,43
182,20
374,15
727,15
1526,17
19,18
94,20
124,30
269,11
507,7
1098,28
78,16
101,12
280,45
462,29
988,22
1913,13
70,11
102,15
248,22
478,35
971,39
1898,17
10,3
41,34
135,33
214,21
479,39
887,31
1836,50
57,11
76,34
154,21
387,19
689,25
1424,5
35,20
68,17
128,23
299,6
589,35
1216,17
15,14
114,35
162,50
333,34
670,17
1350,37
57,13
59,36
148,13
314,29
677,9
1333,33
20,4
73,22
165,38
350,26
650,6
1345,8
53,5
54,31
200,42
312,20
638,4
1310,1
98,11
196,28
388,33
730,44
1452,15
5,4
86,36
126,36
228,44
506,6
1051,35
14,5
21,20
96,1
165,27
297,21
622,42
1297,38
77,26
175,48
308,40
607,9
1192,18
98,49
148,17
340,14
602,46
1256,21
29,26
65,40
102,7
249,21
513,1
972,3
1959,12
66,49
85,12
154,37
369,23
749,34
1438,1
52,34
69,22
209,31
350,13
766,25
1530,23
22,4
39,9
162,32
225,9
530,43
1057,13
5,4
68,35
77,6
223,15
380,2
760,25
1559,31
61,25
77,26
191,33
368,16
712,42
1508,49
62,23
143,26
214,45
456,23
951,20
1904,2
71,17
138,33
263,33
571,7
1132,46
53,11
62,13
191,33
314,5
658,50
1329,26
62,25
99,10
191,17
389,31
826,33
1590,10
42,29
54,14
104,7
252,50
517,43
1038,26
25,21
105,26
135,25
285,21
605,22
1202,15
52,47
93,38
237,32
402,49
814,48
1609,26
63,15
110,15
273,46
533,13
1079,28
93,28
100,27
219,21
425,36
880,46
1807,24
49,22
150,18
269,2
474,9
1023,33
1972,28
73,34
138,3
287,24
553,26
1148,22
27,15
113,26
171,25
382,33
741,30
1451,42
55,4
80,40
176,6
387,14
766,34
1508,32
58,29
123,11
206,22
477,8
903,9
1861,1
21,3
50,11
86,36
179,47
436,30
775,39
1630,1
61,42
155,14
307,47
535,11
1064,48
51,9
55,46
204,13
356,20
676,50
1408,7
32,4
130,38
230,1
476,18
962,35
1881,13
32,31
69,5
144,17
286,42
572,34
1139,15
95,30
191,47
353,44
701,35
1390,47
76,28
160,27
298,26
586,43
1204,3
54,33
70,20
189,40
346,45
719,5
1395,11
35,23
69,40
126,33
263,25
577,3
1085,15
42,18
106,36
191,17
419,2
852,4
1654,2
52,21
111,18
171,47
417,34
764,17
1554,48
5,4
52,4
67,44
172,11
341,19
707,36
1410,29
89,13
145,32
296,27
580,14
1184,30
13,12
51,18
67,48
175,18
379,18
692,6
1459,19
55,22
117,7
240,29
487,24
966,32
1910,29
47,21
59,36
160,41
335,45
649,41
1260,20
21,20
34,10
64,12
165,4
293,31
626,3
1231,29
71,13
72,44
202,47
362,50
734,15
1499,14
74,46
146,48
235,47
537,35
1083,17
23,18
100,23
183,47
371,31
775,17
1476,14
26,25
79,7
187,13
327,36
665,48
1311,42
44,43
96,41
215,12
441,28
896,25
1715,29
19,18
33,31
75,20
128,32
293,20
619,46
1180,50
37,25
131,1
205,31
383,4
800,21
1608,20
26,18
120,36
172,49
359,25
726,48
1423,16
54,23
133,19
201,47
466,16
863,39
1796,36
94,46
131,11
285,10
565,21
1132,12
49,37
72,24
180,3
304,20
661,31
1291,21
75,23
94,6
217,20
402,47
817,29
1619,27
30,27
113,35
218,36
365,25
746,39
1487,16
54,6
80,42
156,8
370,9
679,12
1425,41
52,8
136,35
239,39
516,27
1003,5
1955,1954
73,29
106,20
253,22
520,31
1008,48
1988,11
53,8
94,50
160,24
404,47
807,20
1548,30
67,16
82,50
174,50
333,24
725,38
1428,17
87,47
171,23
298,22
616,39
1261,50
35,18
110,37
177,28
379,49
751,45
1548,39
74,26
75,26
160,43
403,33
713,43
1469,6
55,42
120,44
208,15
433,16
917,32
1768,13
54,11
149,38
216,28
516,10
976,37
1913,43
90,28
156,33
318,4
642,35
1296,14
66,45
159,14
292,29
573,37
1152,3
72,6
134,15
263,20
491,12
1015,28
1930,6
82,33
104,39
218,15
447,13
933,11
1836,27
5,4
58,25
106,38
259,7
467,30
907,32
1902,24
70,42
115,27
246,13
475,46
956,31
1915,29
64,45
114,35
246,19
449,45
893,30
1797,5
56,39
76,12
190,9
364,14
766,1
1535,8
6,5
14,13
67,18
157,31
314,49
584,24
1152,47
66,33
67,33
221,36
395,4
814,12
1586,43
22,20
87,28
118,41
252,15
554,2
1075,1
14,13
54,20
159,6
291,10
574,11
1098,49
100,25
148,42
337,9
651,31
1268,22
62,28
141,42
220,24
465,38
928,43
1905,1
35,27
130,38
229,49
446,25
918,26
1810,6
38,37
66,32
147,10
312,5
628,11
1279,8
9,8
94,39
164,44
294,49
584,27
1159,36
57,43
129,28
277,46
514,29
1047,7
31,3
36,21
75,24
242,34
449,11
879,3
1717,4
23,13
49,46
133,47
221,32
479,5
965,5
1959,1958
97,36
138,3
241,7
569,18
1143,19
35,34
49,34
164,39
259,40
539,4
1118,8
23,13
59,31
150,5
303,47
624,36
1197,50
6,5
98,48
159,41
293,39
612,7
1198,14
75,44
89,37
224,18
452,23
847,9
1727,24
96,30
126,4
296,22
573,22
1188,4
3,2
74,45
139,29
261,46
513,9
1001,22
1908,20
32,22
66,41
120,39
243,32
520,20
1008,32
1998,1997
81,26
154,26
275,2
584,33
1133,45
31,30
127,9
190,11
439,9
837,14
1693,41
14,13
36,24
86,15
184,11
376,6
727,24
1479,11
40,2
102,19
239,23
388,33
848,47
1701,11
86,31
105,5
211,14
432,11
841,12
1737,50
75,11
134,44
259,21
561,32
1114,46
83,1
166,21
339,20
662,44
1278,28
41,29
76,39
174,44
379,35
676,16
1440,6
43,12
76,30
132,39
333,25
670,5
1340,45
84,31
170,45
343,13
648,50
1322,24
99,15
139,47
335,38
665,35
1287,1
40,14
130,6
214,9
398,17
841,11
1712,43
22,21
80,22
159,8
351,10
659,28
1362,7
21,20
47,28
130,37
248,19
508,40
1025,2
1974,1973
95,21
154,21
302,38
609,2
1182,3
3,2
96,41
143,35
263,28
591,23
1176,40
3,2
46,43
77,49
207,1
350,45
712,25
1442,13
49,8
150,43
279,7
527,41
1090,13
19,18
34,5
84,43
182,33
345,46
675,38
1394,41
28,1
73,24
154,30
286,39
572,11
1198,16
14,13
19,6
58,20
171,28
332,6
627,26
1241,20
9,8
84,30
148,14
341,27
614,39
1274,27
77,7
92,18
210,2
388,31
769,36
1562,43
49,35
136,29
268,44
490,45
965,29
1954,46
96,46
100,46
272,35
530,17
1039,20
9,8
54,49
123,44
263,50
456,15
907,33
1878,50
100,49
116,14
251,38
544,35
1045,23
59,8
159,40
299,33
605,24
1161,24
9,8
107,22
162,23
330,48
690,30
1363,22
22,21
43,19
78,30
207,8
405,15
830,22
1609,40
65,23
108,23
250,47
502,12
987,35
1977,1976
63,17
75,21
183,24
384,20
721,27
1446,48
17,16
97,28
208,20
406,38
741,35
1497,33
31,30
83,38
142,32
350,37
638,43
1305,50
78,49
124,4
299,34
589,21
1124,33
60,23
66,1
190,19
355,47
738,45
1473,11
80,42
104,21
245,19
481,28
937,42
1928,39
79,48
98,5
263,46
441,31
928,12
1830,39
90,49
167,37
308,14
618,23
1261,33
26,22
45,31
148,45
287,10
597,18
1153,7
62,4
122,13
213,44
460,41
910,42
1802,28
5,4
52,22
129,35
196,44
433,6
893,49
1797,3
92,46
107,10
288,23
546,23
1123,42
81,5
133,35
297,17
579,50
1185,15
57,17
107,37
243,33
426,7
841,34
1762,6
47,4
92,17
156,10
354,15
669,9
1379,43
77,6
128,1
275,3
486,50
994,23
1967,25
10,6
76,45
124,33
211,39
522,47
954,45
1969,1968
57,11
109,36
234,26
444,6
852,36
1791,47
72,21
102,44
269,16
485,25
959,36
1971,1970
66,22
88,26
243,33
472,42
922,37
1812,13
96,3
179,40
278,46
599,39
1205,48
22,2
116,28
228,4
458,32
873,10
1753,11
90,17
175,30
287,1
651,6
1237,7
68,2
125,30
244,50
513,29
991,17
1912,43
50,49
97,17
186,11
371,14
776,31
1526,44
57,45
81,27
235,27
381,16
814,23
1593,14
3,2
66,3
86,1
208,5
424,8
789,46
1604,25
3,2
72,6
170,15
249,38
541,14
1133,32
1,0
28,27
44,43
110,32
259,45
449,3
976,44
1927,50
49,47
92,11
237,49
420,44
856,37
1749,4
66,43
110,50
214,6
397,38
873,42
1721,14
9,8
87,19
179,1
290,39
630,35
1256,7
47,6
107,43
190,38
366,19
770,38
1575,41
96,7
129,40
247,26
484,37
1000,46
1978,1977
25,24
88,48
213,36
384,28
767,34
1500,15
87,10
117,20
293,8
585,37
1083,40
32,31
83,16
204,15
406,21
786,10
1554,19
88,49
135,33
263,45
528,7
1103,16
61,42
119,38
249,1
461,6
943,3
1915,31
9,8
82,8
151,18
293,37
633,40
1220,5
36,35
44,14
99,14
266,43
467,7
973,28
1945,22
83,4
95,13
270,30
537,28
1076,2
11,10
80,1
124,3
247,2
471,13
1003,26
1991,1990
33,17
40,36
144,26
231,3
467,16
926,3
1925,3
66,49
93,16
227,16
405,24
832,3
1724,21
100,21
188,19
371,21
685,24
1406,41
9,8
73,26
102,9
192,37
450,23
834,41
1726,20
7,6
10,9
64,7
104,3
188,46
464,14
878,46
1790,42
39,35
101,1
149,26
304,7
604,45
1198,36
35,19
37,30
112,42
227,25
460,4
938,43
1868,49
47,17
60,38
144,38
272,26
564,46
1187,36
59,45
83,31
223,23
399,6
778,27
1572,43
19,11
104,36
220,49
364,7
790,27
1553,33
10,8
55,3
109,28
190,25
430,17
871,49
1702,36
81,31
123,14
218,2
436,7
907,9
1844,11
29,23
73,41
131,3
321,14
564,12
1146,39
74,46
156,38
231,16
539,4
1089,45
41,18
64,21
119,42
283,22
562,6
1084,22
32,20
54,36
183,20
286,48
580,11
1136,42
78,8
157,40
255,4
501,28
1025,25
83,44
100,20
205,50
407,18
813,12
1611,26
37,36
58,27
191,41
337,29
675,44
1319,22
84,14
112,47
250,36
476,27
966,43
1973,20
48,44
103,44
188,17
410,47
805,41
1613,13
13,12
84,25
156,25
332,18
587,19
1244,13
24,1
38,37
90,43
161,44
324,5
687,2
1357,13
7,6
84,13
96,50
286,1
525,35
1075,48
6,5
18,2
101,28
176,2
393,40
746,6
1450,16
91,35
130,40
288,21
580,13
1189,11
57,15
133,18
232,36
523,13
1035,47
1941,40
25,24
45,7
92,28
237,27
453,8
901,35
1769,18
68,37
109,41
246,1
511,25
940,25
1908,30
84,16
86,15
233,33
419,31
850,8
1682,25
88,14
92,44
233,4
461,21
951,49
1898,22
89,32
151,35
259,23
556,1
1090,23
77,36
92,12
222,9
476,16
872,46
1783,44
81,15
173,1
355,37
694,44
1394,34
89,8
112,20
245,43
537,6
994,17
1997,1
52,10
151,50
289,36
518,6
1083,23
77,28
157,32
263,39
500,17
1031,17
1,0
48,47
139,12
266,43
462,21
1011,11
1954,1
87,48
116,34
276,25
535,12
1105,19
81,48
100,21
241,5
449,11
919,9
1799,32
10,9
38,37
116,2
166,40
417,30
843,41
1613,46
45,12
84,8
209,18
425,24
795,36
1586,44
91,40
97,15
281,18
505,30
1017,40
1958,27
1,0
97,41
165,8
346,10
671,30
1364,49
43,8
105,5
233,26
387,18
821,3
1638,25
64,23
125,34
263,41
481,49
991,13
1955,19
100,16
177,24
373,9
729,28
1425,31
96,9
162,36
288,44
556,46
1178,23
22,21
58,37
167,33
253,31
563,42
1140,18
37,34
116,33
236,13
479,35
922,13
1866,29
69,21
160,40
247,18
571,49
1063,50
27,26
81,37
130,27
331,39
654,46
1241,42
39,13
55,12
103,24
252,32
547,12
1057,14
76,31
153,28
245,36
529,24
1031,27
1,0
48,22
132,28
244,3
492,12
999,4
1945,25
83,50
114,48
217,49
466,4
956,49
1909,26
19,18
86,43
174,33
373,21
705,18
1438,49
87,34
167,43
321,25
671,23
1282,40
80,1
144,2
318,46
583,25
1168,14
35,22
52,22
157,29
280,22
554,29
1163,39
50,4
61,36
150,26
332,28
619,12
1287,14
92,2
142,8
249,42
539,31
1033,37
101,4
160,39
326,11
647,49
1299,25
69,28
144,18
242,3
534,31
998,38
1966,1965
14,13
57,32
135,47
251,9
550,23
1063,34
38,10
126,17
169,37
392,30
758,50
1490,23
96,12
109,38
237,14
505,19
973,14
1977,1976
59,19
135,20
243,43
468,28
996,47
1950,13
17,16
75,23
148,14
292,31
555,5
1094,49
81,39
104,11
227,2
469,5
929,42
1861,9
48,3
148,41
289,37
516,21
1070,11
36,14
103,31
221,45
428,1
813,13
1653,4
53,46
143,48
256,31
463,31
988,23
1982,1
27,26
69,19
139,34
334,47
649,22
1261,28
92,19
120,30
286,48
588,36
1170,15
78,17
169,39
277,40
592,49
1120,9
93,32
102,16
254,8
549,12
1010,8
4,3
42,7
71,21
120,31
328,27
626,27
1288,19
87,12
97,21
246,14
501,16
991,18
1947,38
11,10
52,9
148,22
296,37
605,43
1183,16
11,8
31,11
130,10
271,3
457,42
904,22
1875,43
15,14
16,9
92,37
125,11
261,30
566,42
1124,42
50,31
149,2
218,1
484,38
973,46
1941,20
94,25
149,30
285,47
571,27
1168,34
1,0
88,21
98,40
211,38
436,22
853,17
1746,9
83,20
93,4
205,2
398,10
846,45
1700,27
33,22
84,38
200,21
387,37
758,13
1560,10
99,42
186,31
365,34
660,29
1342,39
86,25
152,17
290,49
573,21
1162,34
89,42
167,21
317,50
661,4
1291,38
38,37
131,32
236,19
485,46
958,13
1941,28
51,39
99,19
232,20
461,26
906,13
1818,31
90,28
157,24
335,23
639,17
1281,16
97,43
183,10
285,15
613,2
1259,50
79,27
108,5
237,48
488,41
917,34
1843,48
20,17
27,9
136,17
198,13
420,40
839,26
1724,35
2,1
99,40
136,40
242,15
558,47
1043,2
67,48
161,6
292,42
571,48
1120,7
57,26
140,20
229,9
429,3
950,48
1841,21
4,3
57,49
156,36
257,37
508,48
1041,6
84,25
172,2
317,41
654,36
1283,46
81,44
170,5
260,46
597,22
1198,49
100,41
158,27
283,28
558,26
1150,41
86,40
141,27
302,10
614,17
1243,23
98,7
188,38
323,48
623,32
1280,6
58,31
77,34
154,33
333,47
656,41
1373,17
38,3
84,13
191,32
330,46
662,47
1372,19
5,4
37,36
94,32
199,15
346,15
765,43
1495,45
17,16
20,19
115,8
248,29
492,13
993,46
1894,37
46,35
145,10
286,33
532,40
1058,9
29,4
70,21
123,50
277,43
592,6
1111,9
17,16
66,25
112,34
279,28
517,16
1042,23
3,2
21,20
38,33
96,46
178,25
379,48
811,39
1530,29
41,40
78,16
168,33
328,9
707,19
1329,50
64,47
116,12
244,40
443,40
904,37
1801,46
68,31
102,1
230,40
458,48
947,9
1891,38
24,23
32,11
111,18
262,24
492,16
974,48
1950,14
45,17
119,33
179,28
360,13
741,42
1462,6
64,20
161,35
276,49
601,31
1192,44
30,29
77,48
208,37
377,44
778,10
1531,46
98,1
143,41
246,10
508,31
1060,45
94,26
165,30
327,12
633,35
1232,27
7,6
58,21
165,6
304,44
623,10
1225,30
1,0
35,34
40,11
127,18
204,26
411,7
898,44
1782,12
62,44
65,29
142,22
306,14
589,22
1255,42
54,50
85,2
220,37
426,18
787,38
1603,13
54,9
102,10
231,18
442,35
854,34
1700,7
24,11
122,17
175,20
381,25
724,36
1437,35
61,5
129,37
285,49
555,19
1088,50
97,29
118,3
274,50
491,3
1012,43
1995,1994
55,29
87,26
188,14
332,26
720,16
1392,44
61,11
118,15
245,45
444,29
967,20
1861,33
84,42
151,44
285,21
580,26
1131,33
38,25
49,22
139,24
289,25
614,1
1132,28
4,3
69,23
87,44
253,35
510,19
1024,22
1993,1992
13,12
111,38
129,12
301,13
618,13
1208,37
73,33
147,35
237,19
500,19
1020,1
1987,1986
56,14
120,35
197,18
457,30
908,29
1775,7
46,27
88,23
156,33
339,18
665,2
1358,34
62,32
156,45
270,6
534,29
1041,22
70,33
160,20
237,4
506,5
1039,25
69,40
142,29
236,4
542,41
1029,28
52,48
149,15
229,25
480,4
962,24
1957,23
43,1
93,42
217,11
383,23
809,24
1567,24
19,18
88,6
168,16
313,19
613,11
1287,26
22,15
110,15
186,16
321,27
668,31
1322,41
86,6
100,22
196,33
454,22
937,31
1854,44
41,21
78,14
126,18
314,42
581,29
1145,10
26,16
110,43
236,6
467,40
857,33
1734,14
54,49
97,10
198,32
396,37
804,14
1580,46
22,21
101,43
202,30
402,6
792,22
1607,4
90,6
167,13
282,47
619,47
1258,8
79,11
174,17
294,1
629,7
1244,10
14,13
101,7
149,45
313,8
670,31
1300,3
15,14
29,10
54,22
151,37
326,23
660,26
1315,29
65,18
110,3
241,3
491,45
973,11
1897,14
69,20
126,45
292,44
528,37
1040,37
57,1
158,19
298,47
549,25
1106,30
56,17
143,41
263,26
477,24
1019,23
1926,42
38,21
72,9
134,24
279,30
612,18
1164,25
51,14
75,2
219,22
425,30
823,3
1621,9
68,40
119,10
236,4
468,14
931,28
1902,42
81,35
135,1
280,40
532,32
1120,5
67,29
147,10
304,23
545,23
1119,15
2,1
67,31
101,32
262,38
487,2
944,48
1898,46
78,5
152,3
235,21
546,38
1065,49
6,5
14,13
81,8
111,16
220,29
509,34
1042,12
1931,47
65,17
96,22
224,15
461,23
916,8
1800,26
9,8
94,39
119,15
305,45
529,17
1097,29
94,1
140,25
289,6
535,48
1151,33
28,27
70,44
170,39
320,6
617,16
1248,38
40,13
56,31
110,7
220,27
475,45
919,30
1892,8
27,26
111,23
200,11
401,49
809,23
1632,5
56,38
85,27
177,31
387,19
762,32
1489,50
31,30
45,13
145,48
316,27
610,22
1182,31
59,26
76,46
208,11
432,10
850,30
1650,33
42,41
107,14
242,32
425,15
829,23
1654,8
44,43
60,45
113,39
299,29
561,35
1158,23
89,31
151,32
275,47
597,42
1172,12
47,10
62,29
129,33
318,14
609,17
1249,42
98,16
133,30
242,35
513,47
1020,24
72,43
145,36
312,27
544,15
1132,14
96,25
140,20
285,17
580,17
1127,13
4,3
42,33
142,2
225,18
507,50
993,4
1985,12
39,18
63,33
119,8
299,24
546,34
1156,17
34,11
123,13
231,44
456,45
849,39
1763,29
46,7
79,42
183,9
311,5
654,30
1338,21
89,19
156,49
307,13
583,32
1195,43
45,44
138,24
277,15
538,42
1088,18
51,17
125,15
237,38
460,27
888,16
1775,6
101,23
125,7
248,23
481,39
1020,44
1979,17
35,8
97,5
230,50
432,12
859,37
1741,50
68,37
85,42
229,21
471,45
932,45
1807,45
51,33
118,35
270,4
540,6
1044,14
96,7
146,50
254,25
521,48
1070,43
25,24
97,11
184,13
342,34
740,20
1410,14
46,9
146,17
232,6
483,41
984,9
1985,1984
39,28
120,44
198,4
428,11
867,28
1678,21
22,3
55,43
129,13
234,20
533,17
1031,18
58,12
131,23
192,4
462,31
867,50
1769,28
77,35
104,29
273,3
484,27
1003,6
1994,1993
82,31
140,46
265,38
578,22
1134,41
98,10
131,42
239,44
550,24
1065,25
94,27
118,15
232,26
464,35
972,39
1895,46
66,40
115,13
245,49
526,33
1017,16
1985,1984
65,19
139,45
261,10
477,21
998,46
1975,2
71,16
94,6
174,9
402,46
797,50
1612,21
8,7
96,13
196,30
332,13
705,36
1361,21
41,13
49,3
176,23
272,13
546,24
1148,7
3,2
101,38
201,23
364,19
687,11
1452,13
67,32
86,45
188,12
424,13
801,39
1654,11
52,46
142,20
254,15
507,17
1018,31
1991,1990
40,16
81,40
152,40
348,17
673,32
1339,14
61,4
159,27
315,11
632,42
1171,35
24,23
65,47
125,12
235,9
467,5
1000,23
1945,36
18,17
61,7
168,9
276,14
555,12
1101,36
37,36
77,19
182,22
310,16
634,39
1277,16
69,34
113,14
218,20
485,44
887,4
1834,3
87,49
117,33
286,49
538,24
1091,46
36,35
39,38
115,22
269,3
526,20
1074,42
90,12
122,45
237,17
549,15
1054,37
54,21
125,19
275,1
469,38
978,20
1968,15
73,50
110,17
231,48
418,35
890,30
1793,20
92,26
141,18
320,35
629,38
1202,4
53,3
129,37
271,12
529,26
1078,18
67,7
122,35
220,1
453,39
912,10
1784,48
21,20
103,15
131,38
335,11
690,23
1293,45
70,45
77,45
219,38
385,49
809,14
1602,12
55,37
135,44
216,16
410,38
906,45
1746,37
98,11
101,24
294,12
547,14
1073,9
48,25
149,2
209,43
427,31
907,26
1787,50
99,26
175,38
373,10
727,16
1437,15
60,20
81,39
157,28
367,42
746,1
1471,5
83,31
107,2
241,15
482,29
934,30
1870,49
15,14
92,2
112,38
311,36
616,17
1182,37
53,50
116,7
197,22
455,41
895,43
1806,45
36,23
131,48
195,13
453,42
893,24
1734,6
42,38
134,40
187,40
450,1
869,18
1764,45
55,15
141,30
258,6
523,15
1065,46
21,20
122,11
187,5
334,4
678,4
1433,8
47,46
65,17
140,16
317,41
630,24
1226,26
44,4
142,32
197,2
447,45
904,8
1810,29
65,43
131,48
240,45
462,39
972,30
1883,34
36,12
70,8
124,44
273,18
558,1
1149,20
73,25
115,17
245,20
534,9
1064,23
41,35
44,9
147,13
275,3
526,47
1052,9
52,6
90,9
164,15
321,34
686,29
1388,6
80,15
145,31
292,34
528,34
1074,19
101,26
113,31
301,47
598,40
1151,45
70,24
161,18
274,30
551,13
1075,42
30,1
110,4
203,50
444,41
832,18
1644,41
46,45
104,46
165,40
363,40
715,2
1400,13
10,9
108,3
132,17
313,46
635,33
1273,24
40,39
78,8
148,46
327,47
685,45
1299,25
66,32
150,44
279,16
582,8
1109,46
18,17
37,23
102,40
188,30
371,4
756,31
1481,37
82,15
89,43
181,35
429,43
877,49
1692,2
33,32
47,42
161,26
276,18
609,35
1152,42
24,23
59,11
114,27
222,18
449,26
924,1
1835,50
59,19
72,46
185,44
380,20
757,48
1552,28
73,1
120,22
269,38
519,4
1014,10
1971,18
21,20
71,20
151,27
269,26
525,44
1131,5
10,9
36,35
104,5
193,30
399,41
814,40
1575,35
56,4
118,29
253,50
527,43
1022,13
1900,18
57,40
92,20
193,23
348,8
712,45
1449,5
12,11
32,19
100,7
242,32
410,44
848,49
1656,24
74,48
83,44
255,42
504,13
975,44
1892,6
86,36
105,20
270,13
468,15
932,42
1949,16
58,43
72,7
169,23
337,10
671,4
1393,49
82,42
110,2
205,4
459,43
905,39
1823,50
59,50
118,16
228,50
435,7
929,8
1831,31
53,1
116,41
228,4
433,31
915,35
1764,45
56,42
137,24
246,37
533,42
1014,38
1944,34
75,28
148,32
235,5
499,6
962,16
1980,1979
57,6
133,26
209,17
468,31
908,2
1870,39
53,29
62,14
179,37
344,43
688,43
1381,31
16,15
105,4
197,46
368,20
701,41
1405,11
29,28
110,48
213,46
425,46
873,15
1750,36
90,49
148,50
306,22
606,18
1217,31
98,36
177,3
276,29
553,17
1107,6
99,41
131,26
309,40
564,6
1127,19
87,17
91,8
205,43
479,16
959,13
1831,19
40,20
98,45
203,36
392,29
798,20
1605,40
82,14
92,15
182,6
443,12
888,27
1753,41
28,24
69,22
129,22
256,20
527,11
1049,49
6,5
46,8
86,4
152,29
327,49
653,47
1358,17
101,22
140,41
247,41
567,27
1101,16
40,33
125,29
179,13
430,3
815,25
1597,23
13,9
14,13
114,39
229,26
394,45
765,29
1550,29
72,3
161,46
259,42
570,12
1095,2
100,24
194,24
390,16
700,49
1467,6
58,18
64,19
209,33
342,44
715,6
1429,29
17,16
60,50
111,35
258,45
497,15
994,16
1976,1975
80,34
82,49
184,9
369,33
764,26
1543,49
51,36
128,29
232,20
427,39
937,19
1777,41
26,25
97,4
219,40
380,33
815,48
1599,3
57,12
115,36
189,10
389,11
761,17
1521,36
55,23
132,9
237,26
504,8
958,28
1984,1983
34,28
93,38
202,25
416,40
749,38
1526,45
26,25
60,2
153,15
274,44
612,17
1148,1
76,15
102,12
222,48
456,23
899,2
1781,6
20,19
115,1
235,45
425,36
831,28
1712,31
40,29
65,11
171,39
295,43
587,4
1242,42
64,30
80,43
219,33
448,24
911,39
1780,20
94,15
98,17
286,45
557,19
1134,24
41,21
115,36
240,29
477,15
932,37
1815,10
5,4
73,24
122,37
263,18
468,24
1014,41
1972,23
2,1
33,32
95,3
208,23
354,31
731,4
1490,49
24,23
54,48
100,24
200,46
442,38
915,18
1797,36
85,1
154,49
336,31
638,24
1247,8
84,2
87,31
198,48
374,24
756,11
1517,36
16,15
77,45
193,39
321,11
642,30
1270,12
64,11
111,35
190,10
455,4
850,19
1699,19
52,27
88,4
153,39
360,32
688,20
1427,22
26,17
56,1
160,43
329,31
623,28
1274,7
14,13
41,33
96,8
210,22
396,31
844,3
1656,17
94,1
136,14
319,48
610,40
1249,18
90,20
102,35
288,3
579,37
1064,45
50,23
91,20
199,41
352,5
730,40
1496,30
98,11
148,39
335,3
610,39
1240,26
53,25
128,50
268,30
460,41
914,12
1860,31
64,48
125,45
227,29
514,14
952,34
1937,2
2,1
39,16
56,35
136,7
278,4
539,36
1101,9
15,14
112,36
138,14
358,21
637,48
1272,4
71,39
107,48
229,20
418,49
861,22
1735,34
2,1
56,20
91,25
247,38
399,22
802,43
1667,30
43,36
109,25
158,13
365,22
747,18
1493,27
20,19
108,47
156,15
368,32
685,30
1405,14
20,12
112,43
135,23
326,44
684,8
1309,47
7,6
85,30
181,30
331,16
694,16
1394,45
74,5
175,34
345,21
641,36
1244,19
47,41
79,26
179,32
402,42
725,43
1479,44
82,40
160,42
315,41
597,38
1239,8
89,28
155,11
318,47
592,35
1246,46
17,16
66,1
153,5
336,27
621,40
1294,24
60,30
115,21
210,39
460,23
916,15
1776,45
66,47
112,25
189,22
417,24
855,8
1680,26
60,49
111,28
179,21
444,41
817,46
1696,11
6,5
33,20
40,37
144,43
253,12
522,35
1016,14
55,26
61,47
133,18
291,18
636,18
1266,49
89,45
138,33
312,9
606,11
1211,26
82,40
161,19
271,32
595,16
1201,25
45,44
70,4
124,1
306,46
646,33
1279,5
88,6
184,27
287,27
621,40
1273,40
3,2
84,46
147,3
327,1
609,2
1184,48
35,34
38,5
99,5
242,23
462,36
912,20
1849,3
12,10
50,5
118,25
216,50
471,36
869,21
1766,5
53,31
130,49
218,3
444,46
911,41
1833,23
70,16
75,12
156,31
302,7
610,44
1235,41
89,20
180,8
283,18
589,47
1154,23
89,12
123,40
236,36
518,8
980,18
1970,1969
97,36
128,26
253,41
561,5
1091,17
83,22
120,9
233,6
501,19
1020,34
1944,28
2,1
43,35
67,37
195,29
396,28
727,50
1501,45
77,24
151,32
260,5
538,28
1065,4
6,5
73,13
85,13
225,3
488,6
969,32
1936,13
21,20
25,7
139,31
188,30
446,2
900,5
1801,20
93,30
160,12
300,12
592,45
1206,43
58,21
134,39
244,43
453,17
928,14
1885,8
44,17
113,42
252,48
410,36
872,28
1768,33
40,39
125,18
217,6
461,28
860,30
1764,2
97,8
161,41
268,43
593,47
1186,32
30,23
99,13
172,21
362,37
748,38
1508,11
46,14
88,30
184,19
366,30
767,11
1542,28
25,24
51,23
83,29
196,37
427,15
850,22
1725,12
55,6
145,4
297,50
565,37
1146,28
45,5
128,14
201,2
414,1
810,28
1688,45
20,19
102,18
205,26
419,14
795,47
1570,50
90,30
143,11
276,50
602,4
1148,3
8,7
85,50
119,37
311,9
554,3
1107,36
65,26
107,47
178,34
375,36
754,6
1536,27
90,16
177,32
316,47
628,39
1222,19
100,48
114,40
258,49
553,35
1050,32
54,43
61,8
158,29
297,50
607,34
1188,13
30,17
90,42
202,11
398,38
750,33
1518,9
28,27
79,34
171,4
369,4
661,36
1399,22
61,44
123,10
280,17
483,30
998,5
2000,1999
27,16
66,24
113,33
227,42
454,22
907,38
1840,28
46,11
102,37
244,5
417,42
896,6
1783,14
79,36
98,39
230,25
486,37
969,50
1877,31
61,17
81,33
179,1
341,7
737,12
1451,27
47,37
73,31
152,40
367,22
682,48
1415,50
64,42
158,13
321,9
585,13
1150,29
3,2
15,14
47,16
95,6
187,7
395,18
801,49
1600,22
16,15
108,45
218,42
412,32
789,12
1556,17
31,30
77,31
140,20
272,46
584,34
1110,14
68,7
90,5
257,50
485,49
926,28
1845,34
96,2
102,17
219,9
516,19
980,46
1935,27
40,16
86,13
160,45
312,44
601,8
1224,50
81,16
82,20
170,20
379,7
795,16
1569,6
100,34
159,29
318,26
671,22
1349,38
34,1
103,41
212,43
417,7
836,36
1610,16
45,24
85,7
198,28
358,43
688,38
1448,4
7,6
12,2
56,46
153,48
270,6
558,13
1139,3
24,23
91,35
185,1
348,15
685,14
1382,41
98,50
117,37
263,34
494,8
993,9
1986,2
33,9
111,10
156,18
396,34
792,37
1557,5
70,26
151,11
293,28
573,23
1092,22
26,24
56,9
151,25
332,45
631,39
1260,6
8,7
9,8
96,30
182,4
311,37
652,41
1314,25
25,13
86,2
179,45
357,1
662,5
1397,50
28,12
54,16
157,19
252,41
503,19
1075,1
15,14
34,9
104,30
171,32
349,31
700,17
1395,50
3,2
79,43
122,17
230,50
484,47
924,24
1926,24
13,12
90,20
107,19
215,49
496,46
933,39
1906,21
8,7
72,17
85,29
239,8
435,29
927,26
1838,15
57,38
89,28
175,4
410,26
758,38
1510,13
9,8
57,21
96,10
169,18
334,16
719,9
1409,25
56,12
80,28
200,18
388,5
778,39
1520,36
23,22
89,14
127,40
271,40
577,19
1127,39
61,10
100,13
223,23
453,36
882,21
1734,1
28,13
114,4
167,19
324,5
672,40
1337,15
43,21
107,4
202,9
428,49
818,2
1617,29
16,14
54,1
118,16
232,30
433,30
915,12
1837,14
91,9
121,9
293,17
580,29
1110,36
16,15
99,33
121,20
248,2
503,41
1023,19
86,2
122,22
286,40
566,39
1118,48
101,34
172,20
333,47
687,41
1306,36
23,7
63,32
177,28
312,27
636,47
1241,47
11,10
78,4
139,29
275,13
526,25
1103,8
67,38
84,2
188,27
385,38
748,12
1489,38
36,7
94,31
151,7
349,28
649,41
1281,42
44,24
142,16
205,7
414,5
826,3
1660,34
101,43
126,1
239,39
468,42
953,13
1926,8
11,10
98,3
203,35
324,44
720,8
1361,36
8,7
94,49
134,17
280,48
590,2
1147,47
35,1
74,42
207,28
407,5
780,5
1577,38
29,28
93,5
186,6
377,28
785,41
1492,46
49,35
120,1
174,27
440,15
840,23
1700,11
98,23
169,25
314,28
678,3
1313,19
48,21
77,38
159,33
351,24
662,21
1392,10
16,15
40,39
76,8
229,8
446,38
820,18
1721,4
14,13
92,2
164,2
284,20
626,14
1211,48
96,22
142,35
311,45
617,13
1246,20
97,22
136,29
309,38
627,16
1232,3
54,20
71,48
137,22
336,28
654,8
1266,48
84,17
135,28
247,30
540,19
1035,45
53,13
56,41
111,49
227,8
506,20
1030,37
1905,27
55,12
124,47
206,1
419,4
814,31
1695,5
88,10
181,14
350,17
708,20
1388,41
75,1
110,39
262,12
514,22
970,14
1976,1
100,33
181,6
371,11
739,8
1468,29
40,14
75,16
126,31
245,6
509,3
1025,9
56,33
66,7
158,41
303,29
670,14
1306,29
54,31
62,40
141,45
342,9
645,2
1253,48
5,4
30,29
61,45
115,2
249,42
555,8
1066,26
44,43
93,26
188,35
419,6
748,35
1508,2
78,10
82,20
211,21
399,2
781,26
1577,17
67,9
138,24
297,14
532,19
1114,49
64,19
92,26
157,50
319,14
719,34
1428,27
91,10
192,6
320,20
663,24
1335,25
50,42
147,12
203,16
459,46
952,48
1911,44
29,28
51,41
104,38
244,40
500,28
931,2
1917,18
2,1
45,35
126,18
222,19
397,25
798,17
1691,27
29,23
34,33
154,43
287,23
515,24
1060,42
36,35
37,36
161,29
240,44
530,2
1052,9
97,3
161,13
341,20
699,34
1318,39
50,2
128,40
270,18
453,4
999,35
1994,1993
101,8
108,41
224,25
529,22
1003,11
1978,4
40,7
115,47
230,38
411,28
855,37
1713,17
69,1
148,37
233,26
488,45
943,44
1929,8
16,15
113,41
174,8
307,34
662,24
1284,17
8,7
15,1
117,9
213,49
386,17
771,49
1524,45
56,50
81,5
180,32
392,42
774,14
1541,42
61,48
77,45
149,12
386,36
745,46
1453,31
37,36
76,37
200,14
332,5
666,9
1314,20
37,17
47,43
114,14
206,33
417,39
826,47
1748,49
50,28
69,35
122,13
262,10
572,7
1139,8
45,39
136,16
281,8
521,25
1025,28
91,49
101,34
256,18
548,26
1051,37
40,39
89,26
163,21
372,23
689,2
1370,37
26,16
44,31
141,18
276,2
500,6
1080,30
46,23
49,25
190,50
352,37
678,34
1320,24
88,35
180,14
345,21
700,10
1349,39
29,25
108,46
177,4
375,44
785,13
1521,21
45,34
118,4
262,21
454,18
885,33
1851,29
19,18
51,6
124,37
283,37
538,11
1039,22
12,11
81,49
155,26
339,42
661,45
1250,12
23,22
99,38
205,50
402,23
763,29
1512,47
62,23
92,15
212,7
446,30
890,44
1742,27
31,30
115,27
155,19
335,4
688,49
1363,48
44,28
145,25
221,24
431,4
873,2
1720,33
71,48
165,39
326,16
637,37
1286,39
41,26
120,14
227,25
433,13
850,45
1762,10
50,17
139,42
215,1
479,35
898,25
1791,5
82,50
143,17
310,5
561,49
1160,11
57,5
101,5
174,42
413,25
790,23
1611,3
28,21
99,23
139,16
270,23
619,6
1232,41
74,47
122,2
244,42
501,21
951,18
1895,5
18,17
109,7
198,35
360,37
756,26
1539,6
23,10
39,38
126,23
266,17
458,26
955,18
1909,6
76,16
107,33
224,27
471,29
913,42
1798,45
33,32
65,49
125,43
257,35
523,46
1043,2
86,7
104,2
267,34
481,47
1030,42
1919,21
57,44
117,41
228,25
474,13
945,26
1921,45
47,39
49,5
151,32
324,19
661,37
1302,3
7,6
66,42
90,4
222,27
423,39
828,34
1706,45
19,18
37,1
121,8
246,49
430,35
890,26
1804,4
2,1
24,23
30,9
69,41
133,43
278,26
537,17
1137,14
36,5
91,14
223,43
386,9
801,10
1601,37
74,45
134,18
278,24
542,10
1052,29
68,1
100,9
217,13
416,20
826,40
1661,46
39,38
69,10
204,25
354,10
690,13
1398,16
79,6
98,5
179,4
439,26
850,31
1676,37
101,48
103,12
276,46
538,18
1111,23
39,12
58,7
124,13
242,43
526,34
1057,45
27,22
68,40
141,2
303,45
607,26
1205,39
93,28
99,6
243,3
460,16
908,39
1860,31
80,25
175,19
303,7
615,17
1273,20
71,2
72,1
194,17
374,10
720,25
1481,32
65,50
137,18
244,39
545,9
1000,44
1911,49
53,11
149,28
281,25
506,45
1029,49
87,23
125,15
230,11
514,7
1050,12
88,18
185,16
332,26
676,45
1333,14
54,3
151,38
243,1
541,18
1009,16
1931,26
42,23
53,25
132,49
323,46
633,8
1186,45
58,26
70,47
177,12
316,30
705,29
1395,43
68,9
163,50
238,45
475,21
972,1
1934,14
45,17
75,35
133,12
270,16
540,26
1132,47
57,26
104,28
217,26
382,19
821,24
1679,9
16,15
92,38
176,11
339,24
664,19
1359,28
52,27
132,19
272,14
461,2
960,48
1963,1962
99,11
179,26
311,39
632,32
1301,8
24,2
76,5
116,4
276,4
547,30
1072,36
52,27
133,17
196,42
417,44
855,27
1705,1
42,21
80,24
200,50
346,17
723,1
1484,35
65,16
73,36
180,5
351,38
710,17
1382,20
94,24
157,50
316,48
636,47
1258,35
29,28
36,1
73,40
230,21
410,25
852,40
1727,36
51,41
76,33
146,44
343,22
642,15
1345,49
21,20
88,44
195,19
311,41
684,2
1330,42
9,8
104,10
136,29
273,46
574,33
1181,8
92,27
125,43
282,47
597,8
1190,2
94,8
181,21
291,10
570,36
1220,10
67,27
154,1
240,2
515,35
1027,41
30,29
77,7
136,31
304,42
568,9
1116,22
61,21
109,9
235,29
408,20
874,36
1772,18
31,30
131,39
229,24
434,18
833,14
1667,44
22,1
98,41
193,9
390,30
726,18
1530,45
66,1
129,19
270,32
478,15
1041,23
1977,8
64,29
114,21
234,1
414,45
876,28
1763,33
11,4
89,2
152,5
256,27
586,21
1170,25
81,34
145,25
324,32
554,6
1129,44
27,10
57,34
113,31
202,49
463,6
864,31
1818,33
69,30
105,48
274,5
518,39
1025,40
1953,33
74,37
85,3
207,43
387,34
805,31
1559,21
82,25
152,20
253,8
512,34
1031,34
54,28
91,38
179,6
333,41
718,28
1397,44
30,23
86,5
138,38
284,35
626,49
1176,26
13,12
36,20
63,27
185,35
357,37
664,6
1413,34
19,18
62,41
157,28
288,5
541,14
1115,23
58,20
128,24
235,31
463,20
966,48
1876,49
20,19
57,10
83,44
215,22
388,18
812,42
1625,48
99,21
125,44
301,36
562,35
1167,41
1,0
32,22
107,41
168,21
359,2
668,38
1368,17
63,28
135,28
292,17
540,36
1044,48
52,41
92,6
190,22
360,47
761,20
1466,27
11,10
46,20
145,32
265,41
551,19
1040,26
39,35
56,24
156,39
274,1
547,21
1097,19
11,10
44,28
125,26
257,19
477,5
998,28
1967,21
91,8
130,27
309,20
584,40
1173,50
92,21
125,11
249,2
537,39
1087,35
15,14
78,25
181,32
341,42
639,23
1283,45
7,6
89,48
144,19
278,50
532,14
1105,34
81,10
116,18
230,30
461,18
971,23
1938,44
17,16
87,14
115,20
255,44
572,3
1062,38
37,10
113,24
212,18
443,41
862,22
1692,35
3,2
34,33
134,38
175,48
423,7
832,28
1671,39
30,18
52,17
138,45
231,3
486,32
1019,34
1984,1983
73,44
101,34
190,15
375,26
796,15
1596,10
85,14
113,11
205,24
424,24
909,38
1753,27
46,37
56,3
138,15
326,16
585,50
1244,8
65,23
164,27
324,48
610,35
1182,24
25,18
51,48
171,24
273,6
577,40
1130,47
70,25
167,14
317,34
591,37
1175,36
93,39
172,42
308,25
606,33
1240,21
93,39
112,3
250,50
512,39
1020,28
1997,1996
2,1
5,4
107,11
203,23
331,12
652,13
1388,43
26,24
88,3
183,28
303,37
612,9
1308,1
84,2
164,16
253,3
503,48
1076,4
99,39
140,5
275,22
607,15
1220,46
67,38
141,2
218,2
444,16
945,12
1856,3
45,15
61,42
142,27
289,1
607,33
1231,49
45,44
77,7
217,36
390,22
741,40
1550,46
89,12
142,37
252,12
560,39
1132,9
66,6
164,36
300,15
533,9
1101,27
36,9
70,30
144,39
349,3
650,14
1333,47
75,7
155,29
302,18
633,30
1218,30
81,3
109,16
252,21
493,10
989,22
1929,44
57,34
156,11
280,27
534,8
1063,23
41,2
134,41
230,6
477,20
948,6
1877,47
24,12
99,20
199,15
381,2
716,11
1495,13
72,6
171,8
295,30
561,18
1155,4
90,29
144,21
241,18
552,25
1079,27
14,13
57,12
167,33
270,19
575,20
1116,20
2,1
30,17
114,35
238,15
425,45
837,17
1673,41
45,24
63,7
126,27
262,23
520,24
1097,7
30,12
35,6
138,4
215,27
449,49
921,32
1816,10
18,14
51,47
158,11
270,19
560,19
1098,7
29,27
104,38
188,30
412,17
824,39
1578,14
33,26
119,31
195,46
371,16
722,8
1465,46
68,24
132,22
270,17
565,4
1063,16
46,3
132,32
214,26
398,26
826,41
1645,26
6,5
42,33
127,34
267,16
490,10
962,49
1977,1976
50,36
66,45
168,50
375,18
738,30
1447,40
98,46
148,26
309,14
655,39
1272,30
95,50
175,3
288,39
572,29
1165,37
39,30
128,30
208,29
393,22
804,47
1621,2
84,30
152,33
320,50
616,20
1268,34
22,7
103,47
141,5
270,46
599,18
1169,33
9,8
106,11
131,47
259,7
511,16
1064,12
88,2
142,34
240,49
484,6
984,27
1905,26
5,4
64,19
159,42
253,50
525,32
1083,25
31,30
129,21
224,45
471,2
921,37
1797,21
97,20
129,2
259,19
531,19
1106,31
71,20
79,26
182,36
365,11
736,50
1518,18
68,27
71,2
177,9
345,5
749,31
1463,41
14,13
57,13
115,47
285,10
520,40
1059,50
7,6
16,15
107,36
195,50
383,31
728,25
1482,15
52,23
70,1
145,34
313,25
652,9
1255,19
23,22
68,46
98,10
207,41
402,49
851,47
1671,36
92,13
125,50
243,47
551,30
1072,12
76,21
126,34
243,36
537,50
1009,39
1903,40
38,21
64,46
195,3
348,41
669,45
1325,45
7,6
72,36
159,33
316,31
571,12
1183,35
44,40
126,45
262,2
516,38
1037,1
1986,5
15,14
24,4
125,20
227,45
484,37
953,16
1923,9
67,47
82,16
150,40
350,46
668,27
1340,13
47,44
81,22
136,15
285,35
552,7
1189,25
47,3
105,14
224,47
470,34
866,1
1800,37
29,11
47,37
169,17
336,20
634,33
1290,32
58,8
66,28
167,42
349,27
672,18
1324,20
3,2
19,7
52,9
88,35
201,16
396,46
841,8
1638,17
46,22
73,43
167,25
352,13
704,28
1398,15
49,48
77,20
216,9
363,28
747,8
1536,48
10,9
54,50
135,46
209,49
488,39
922,46
1908,16
56,37
60,17
161,30
326,47
623,46
1255,42
70,32
134,14
289,28
543,11
1064,24
33,32
121,26
220,11
426,38
875,27
1775,29
37,4
56,9
110,21
299,17
577,26
1133,23
60,16
90,21
193,47
437,29
806,4
1605,10
84,44
141,14
302,3
607,16
1215,18
84,38
132,40
286,16
583,33
1154,22
51,36
74,21
180,16
359,27
757,41
1497,47
60,6
128,6
265,21
461,24
999,21
1949,19
5,4
95,6
167,20
363,44
716,43
1422,24
84,32
157,19
322,50
628,11
1274,42
48,38
116,38
185,9
382,47
758,17
1508,33
18,17
94,2
128,8
321,48
580,47
1195,34
8,7
18,17
50,2
139,25
224,42
519,43
1027,17
1969,9
75,40
121,26
267,20
531,28
1063,50
10,9
97,26
137,31
290,12
562,4
1152,17
96,46
181,19
337,10
618,34
1243,50
37,1
138,34
253,12
500,23
989,31
1976,1975
59,8
89,37
159,10
363,1
745,7
1475,42
73,11
162,13
254,37
500,26
1005,43
1944,26
35,29
41,36
149,30
240,35
505,34
1013,44
1990,1989
89,43
106,47
286,50
497,47
1014,13
1981,1980
85,9
121,17
307,1
596,24
1169,46
54,42
89,5
212,10
375,26
762,47
1494,43
23,7
62,48
183,26
360,5
695,27
1405,42
88,49
176,14
320,46
596,18
1210,19
80,37
82,35
171,50
393,14
744,6
1533,49
83,43
101,43
253,31
527,39
966,42
1933,14
85,45
134,17
310,36
547,50
1125,42
54,14
90,32
195,49
380,23
739,1
1484,42
38,37
71,2
204,42
404,18
735,24
1505,50
78,44
167,24
340,26
663,26
1346,5
66,38
106,36
205,49
405,8
794,16
1619,13
43,34
144,31
235,21
519,26
1012,16
1980,12
17,5
107,10
179,6
310,49
669,39
1343,13
17,5
117,18
235,41
393,41
787,21
1555,41
38,10
126,45
230,50
417,14
846,22
1726,48
98,37
188,39
341,42
674,43
1379,33
101,35
196,46
355,33
699,14
1431,31
100,49
140,31
312,25
628,41
1181,33
64,19
119,13
190,4
389,24
807,27
1664,30
18,17
23,5
126,34
226,24
449,25
898,43
1823,3
17,16
20,1
88,43
127,46
302,20
584,35
1212,2
35,23
67,1
108,50
296,1
551,45
1120,13
7,6
71,32
153,39
291,14
542,19
1144,35
5,4
81,46
163,26
291,41
639,23
1199,25
52,34
123,14
193,7
421,13
878,24
1727,50
50,46
146,4
248,34
487,33
1024,27
1962,11
78,16
162,30
338,1
639,36
1275,27
33,28
119,16
204,44
441,41
858,6
1745,36
95,24
195,29
375,17
671,38
1436,34
80,44
97,45
201,48
432,19
862,15
1732,34
38,37
64,24
132,13
286,34
528,44
1049,40
73,41
161,39
313,24
552,16
1146,29
34,33
116,5
0
0
0
0
0
0
0
0
0
0
0
0
0
0
0
0
0
0
0
0
0
0
0
0
0
1
1
1
1
1
1
1
1
1
1
1
1
1
1
1
1
1
1
1
1
2
2
2
2
2
2
2
2
2
2
2
2
2
2
3
3
3
3
3
3
3
3
3
3
3
3
3
4
4
4
4
4
4
4
4
4
5
5
5
5
5
5
5
5
5
6
6
6
6
7
7
7
7
7
7
7
7
7
7
7
7
8
8
8
8
8
9
9
9
9
9
9
9
9
9
9
9
9
9
9
10
10
10
10
10
10
10
10
10
11
11
11
11
11
11
11
12
12
12
12
12
13
13
13
13
13
13
13
13
13
14
14
14
14
14
15
15
15
15
15
15
15
15
16
16
16
16
16
16
16
16
16
16
16
16
17
17
17
17
17
17
17
18
18
18
18
18
18
18
18
18
19
19
19
19
19
19
19
19
19
19
19
20
20
20
20
20
21
21
21
21
21
21
21
21
21
22
22
22
22
22
22
22
22
22
23
23
23
23
23
23
23
24
24
24
24
24
24
24
25
25
25
25
25
25
25
25
25
25
25
25
25
25
25
25
25
25
26
26
26
26
26
26
26
26
26
26
26
27
27
27
27
27
27
27
27
27
27
27
27
27
27
27
27
27
28
28
28
28
28
28
28
28
28
29
29
29
29
29
29
29
29
29
30
30
30
30
30
30
31
31
31
31
31
31
31
31
32
32
33
33
33
33
33
33
33
33
33
33
33
33
33
33
33
33
33
34
34
34
34
34
34
34
34
34
35
35
35
35
35
35
35
35
35
36
36
36
36
36
36
36
36
37
37
37
37
37
37
37
37
37
37
37
37
38
38
38
38
38
38
38
38
39
39
39
39
39
39
39
39
39
39
39
39
40
40
40
40
40
40
40
40
40
40
41
41
41
41
41
41
41
42
42
42
42
42
42
42
42
42
42
42
42
42
42
42
43
43
43
43
43
43
43
43
43
44
44
44
44
44
44
44
44
45
45
45
45
45
46
46
46
46
46
46
46
46
46
47
47
47
47
47
47
47
47
47
47
47
47
47
48
48
48
48
48
48
48
49
49
49
49
49
49
49
49
49
49
50
50
50
50
50
50
50
50
50
50
50
50
50
51
51
51
51
51
51
51
51
51
51
51
51
51
51
51
52
52
52
52
52
52
52
52
52
52
52
52
52
52
53
53
53
53
53
53
53
53
53
53
54
54
54
54
54
54
54
54
54
54
54
54
54
54
55
55
55
55
55
55
55
55
55
55
55
55
55
55
55
56
56
56
56
56
56
56
56
56
56
57
57
57
57
57
57
57
57
58
58
58
58
58
58
58
58
58
58
58
59
59
59
59
59
59
59
59
59
59
59
59
60
60
60
60
60
60
61
61
61
61
61
61
61
61
61
62
62
62
62
62
62
62
62
63
63
63
63
63
63
63
63
63
64
64
64
64
64
64
65
65
65
65
65
65
65
65
65
65
65
66
66
66
66
66
66
66
66
66
67
67
67
67
67
67
67
67
67
67
68
68
68
68
68
68
68
68
68
68
68
68
68
68
68
68
69
69
69
69
69
69
69
69
69
69
69
70
70
70
70
70
70
70
70
70
70
70
70
70
70
71
71
71
71
71
71
71
71
71
71
72
72
72
72
72
72
72
72
72
72
72
72
72
73
73
73
73
73
73
73
73
73
73
73
74
74
74
74
74
74
74
74
74
74
75
75
75
75
75
75
75
75
75
75
75
75
76
76
76
76
76
76
76
76
76
76
77
77
77
77
77
77
77
77
77
77
78
78
78
78
78
78
78
78
78
78
78
79
79
79
79
79
79
79
79
79
79
79
79
79
79
79
80
80
80
80
80
80
80
80
80
81
81
81
81
81
81
81
81
81
81
81
81
81
81
82
82
82
82
82
82
82
82
82
82
82
82
82
82
82
83
83
83
83
83
83
83
83
83
83
83
83
83
83
83
83
83
83
84
84
84
84
84
84
84
84
84
84
84
84
84
84
84
84
84
85
85
85
85
85
85
85
85
85
85
85
85
85
85
85
85
85
85
86
86
86
86
86
86
86
86
86
86
86
86
86
87
87
87
87
87
87
87
87
87
87
87
87
88
88
88
88
88
88
88
88
88
88
88
89
89
89
89
89
89
89
89
89
89
89
90
90
90
90
90
90
90
90
90
90
90
90
90
90
91
91
91
91
91
91
91
91
91
91
91
92
92
92
92
92
93
93
93
93
93
93
93
93
93
93
93
93
94
94
94
94
94
94
94
94
94
95
95
95
95
95
95
95
95
95
95
95
95
95
95
95
95
95
95
95
95
96
96
96
96
96
96
96
96
96
96
96
97
97
97
97
97
97
97
97
98
98
98
98
98
98
98
98
98
98
98
98
98
98
98
98
98
98
98
99
99
99
99
99
99
99
99
99
99
99
100
100
100
100
100
100
100
100
100
100
100
100
100
100
100
100
100
100
100
101
101
101
101
101
101
101
101
101
101
102
102
102
102
102
102
102
102
102
102
102
102
102
103
103
103
103
103
103
103
103
103
103
103
104
104
104
104
104
104
104
104
104
104
104
104
105
105
105
105
105
105
105
105
105
105
105
105
106
106
106
106
107
107
107
107
107
107
107
107
107
107
107
107
107
107
107
107
107
107
108
108
108
108
108
108
108
109
109
109
109
109
110
110
110
110
110
110
110
111
111
111
111
111
111
112
112
112
112
112
112
112
112
112
112
112
112
112
112
112
112
112
113
113
113
113
113
113
113
113
113
114
114
114
114
114
114
114
114
114
114
114
114
114
114
114
114
114
115
115
115
115
115
115
115
115
116
116
116
116
116
116
116
116
116
116
116
116
116
117
117
117
117
117
117
117
117
117
117
117
117
118
118
118
118
118
118
118
118
118
118
118
118
119
119
119
119
119
119
119
119
119
120
120
120
120
120
120
121
121
121
121
121
121
121
121
121
122
122
122
122
122
122
123
123
123
123
123
123
123
124
124
124
124
124
124
125
125
125
125
125
125
125
125
125
125
126
126
126
126
126
126
126
126
127
127
127
127
127
127
127
127
127
127
127
128
128
128
128
128
128
128
128
128
128
128
128
128
128
129
129
129
129
129
129
129
129
129
130
130
130
130
130
130
130
130
131
131
131
131
131
131
131
132
132
132
132
132
132
133
133
133
133
133
133
133
133
134
134
134
134
134
134
135
135
135
135
135
135
135
136
136
136
136
136
136
136
136
136
136
136
136
137
137
137
137
137
137
137
137
138
138
138
138
138
138
138
138
138
139
139
139
139
139
139
140
140
140
140
140
140
140
140
140
140
140
140
140
141
141
141
141
141
141
141
141
141
141
141
142
142
142
142
142
142
142
143
143
143
143
143
143
143
143
143
144
144
144
144
144
144
144
144
144
145
145
145
145
145
145
146
146
146
146
146
146
146
146
146
146
147
147
147
147
147
147
147
148
148
148
148
148
148
148
149
149
149
149
149
149
149
149
149
149
149
150
150
150
150
150
151
151
151
151
151
151
152
152
152
152
152
152
152
152
153
153
153
153
153
153
153
154
154
154
154
154
154
154
154
154
155
155
155
155
155
155
155
155
155
155
155
156
156
156
156
156
156
156
157
157
157
158
158
158
158
158
158
158
159
159
159
159
159
159
160
160
160
161
161
161
161
161
161
161
161
161
161
161
162
162
162
163
163
163
164
164
164
164
164
164
164
164
164
164
164
165
165
165
165
165
165
165
165
165
165
166
166
166
166
166
166
167
167
167
167
167
167
167
168
168
168
168
168
168
168
168
168
168
169
169
169
169
169
169
170
170
170
170
170
170
170
170
170
170
170
170
171
171
171
171
171
172
172
172
172
172
172
173
173
173
173
173
173
173
174
174
174
174
174
174
174
174
174
174
174
175
175
175
176
176
176
176
177
177
177
177
177
177
177
178
178
178
178
178
178
178
178
179
179
179
179
179
179
179
179
180
180
180
180
180
180
180
181
181
181
181
181
181
181
182
182
182
182
182
182
182
182
182
182
183
183
183
183
183
183
183
183
183
183
183
183
184
184
184
184
184
184
184
185
185
185
185
186
186
187
187
187
187
187
187
188
188
188
188
188
189
189
189
189
190
190
190
191
191
192
192
192
192
193
193
193
193
193
193
194
194
194
194
194
194
194
195
195
195
195
195
195
196
196
196
196
197
197
197
197
197
197
197
197
197
199
199
199
199
200
200
200
200
200
200
201
201
201
201
201
201
201
201
201
201
202
202
203
203
203
203
203
203
204
204
204
204
204
204
205
205
205
205
205
206
206
206
207
207
207
207
208
208
208
208
208
208
208
208
208
209
209
209
209
209
210
210
210
210
211
211
211
211
212
212
212
212
212
212
212
213
213
213
213
214
214
214
214
214
214
214
215
215
216
216
216
216
216
216
216
216
217
217
217
217
217
217
218
218
218
218
218
218
219
219
219
219
219
219
220
220
220
221
221
222
222
222
222
223
223
223
223
223
224
224
224
224
224
225
225
225
225
226
226
226
226
226
227
227
227
227
227
227
227
227
227
227
227
228
228
228
228
229
229
229
229
229
229
230
230
230
230
231
231
231
231
232
232
232
232
233
233
233
233
233
234
234
234
234
234
234
234
235
235
235
235
236
236
236
236
236
236
237
237
237
237
237
237
237
237
238
238
238
238
239
239
239
239
240
240
240
240
240
240
240
241
241
241
241
241
242
242
242
242
242
243
243
243
243
243
243
244
244
244
244
245
245
246
246
246
246
246
246
246
247
247
247
248
248
248
248
248
249
249
249
249
249
249
249
250
250
250
250
250
250
250
250
250
250
251
251
251
251
251
252
252
252
252
252
252
252
253
253
253
253
253
253
254
254
255
255
255
255
255
255
255
255
255
256
256
256
256
256
256
257
257
257
257
257
257
258
258
258
258
258
259
259
259
260
260
260
260
261
261
261
261
261
261
261
261
261
261
261
262
262
262
263
263
263
263
264
265
265
265
266
266
267
267
267
267
267
267
267
268
268
268
268
268
269
269
269
270
270
270
271
271
271
271
271
271
271
271
272
272
272
272
272
272
272
272
272
273
273
273
273
274
274
275
275
275
275
276
276
276
276
277
277
277
277
277
277
278
278
278
278
279
279
279
280
280
280
280
280
280
280
281
281
281
281
281
281
281
281
282
282
282
282
282
282
282
282
282
283
283
283
283
283
284
285
285
285
285
285
286
286
286
286
287
287
287
287
287
287
287
288
288
289
289
289
290
290
291
291
291
291
291
291
291
291
291
292
292
292
292
292
292
292
293
293
293
293
293
293
293
294
294
294
295
295
295
296
296
296
296
297
297
297
297
298
298
298
298
298
298
299
299
299
299
299
299
299
299
299
300
300
300
300
300
300
300
301
301
302
302
302
302
302
302
302
303
303
303
303
303
303
304
304
304
304
304
305
305
305
306
306
306
306
306
306
306
307
307
307
307
308
308
308
308
309
309
309
309
310
310
310
310
311
311
311
311
311
312
312
312
312
313
313
313
313
313
314
314
314
314
315
315
315
315
315
316
316
316
316
317
317
318
318
318
319
319
319
319
319
319
319
319
319
321
321
321
321
321
321
322
322
322
322
322
323
323
324
324
325
325
325
326
326
326
326
326
327
327
327
327
327
327
328
328
328
328
328
328
329
329
329
330
330
330
331
331
331
331
331
332
332
332
332
332
332
333
333
333
333
333
333
334
334
334
334
334
334
334
335
335
335
335
335
335
336
336
336
337
337
337
338
338
338
338
338
338
338
339
340
340
340
340
340
340
340
340
341
341
341
341
342
342
343
343
343
344
345
346
346
346
346
346
347
347
347
348
348
348
348
348
348
349
349
349
349
349
350
350
350
351
351
351
351
351
352
352
352
352
352
352
353
354
354
354
354
355
355
355
355
355
356
356
356
356
356
356
357
357
357
357
357
358
358
359
359
359
359
360
360
360
360
361
361
362
362
362
362
362
362
363
363
363
363
364
364
364
365
365
365
365
365
367
367
367
367
367
368
368
368
368
369
369
369
369
370
370
370
370
371
371
371
372
372
372
372
373
373
373
374
374
375
375
375
375
375
376
376
376
376
377
377
377
377
378
378
378
378
378
378
378
378
378
379
379
379
379
379
380
380
380
380
381
381
381
381
381
382
382
382
383
383
385
385
385
385
385
385
386
386
386
386
387
387
387
388
388
388
389
390
390
390
391
391
391
392
393
393
393
394
394
394
394
394
394
395
395
395
395
395
395
396
396
396
396
396
397
397
397
397
397
397
398
399
399
399
400
400
400
400
400
401
401
401
402
402
402
403
403
403
404
404
404
405
405
405
405
406
406
406
406
407
407
408
408
408
408
408
408
409
409
409
410
410
411
411
412
412
412
413
413
413
414
414
414
414
414
414
414
414
415
415
415
416
416
416
416
416
416
417
417
418
418
419
419
419
419
419
419
420
420
420
421
421
421
422
422
422
423
423
423
423
423
423
424
424
424
425
425
426
426
426
426
427
427
428
428
429
430
430
430
430
430
430
431
431
431
431
431
432
432
432
433
433
433
434
434
434
434
434
435
435
435
435
436
436
436
436
436
437
437
437
438
438
438
439
439
439
440
441
441
441
441
442
443
443
443
443
445
445
445
445
445
445
446
446
446
446
446
446
447
448
448
448
448
448
448
449
449
449
449
450
450
450
450
451
451
451
451
451
451
451
452
452
452
452
453
453
453
453
454
454
455
455
455
455
455
456
456
456
457
457
457
457
457
457
458
458
458
458
458
458
458
459
459
459
459
460
460
460
461
461
461
462
462
462
462
462
463
463
463
463
463
463
464
464
465
465
465
465
466
466
466
466
466
467
468
468
468
468
468
469
469
469
469
469
469
469
470
470
471
471
471
471
472
472
472
472
472
472
472
473
473
473
473
473
473
473
474
474
475
475
475
475
475
475
476
476
476
477
477
477
477
478
478
478
478
479
479
479
479
479
479
479
479
480
480
480
480
480
481
481
481
481
481
482
483
483
483
483
484
484
484
484
485
485
485
485
485
486
486
486
487
487
488
489
489
489
489
490
490
491
492
492
493
493
494
494
494
495
495
496
496
496
496
496
496
496
497
497
498
498
499
499
500
501
501
501
501
501
502
503
504
504
504
504
504
505
505
505
505
505
506
506
506
506
506
506
506
506
506
507
507
508
508
509
509
510
510
510
510
510
511
511
511
511
511
511
511
512
512
513
513
513
513
514
514
514
514
514
514
515
515
515
515
516
516
516
516
516
517
517
518
518
518
519
519
520
520
520
520
520
520
520
521
521
521
521
521
521
522
522
523
523
524
524
525
525
525
526
527
527
527
528
529
529
529
529
530
531
531
531
531
531
532
532
532
533
533
533
534
534
534
535
536
536
536
537
538
538
538
538
539
539
540
540
541
541
542
542
542
542
542
542
542
542
543
544
544
544
544
544
545
545
545
545
546
546
546
546
546
547
547
547
547
547
547
548
548
548
549
549
549
550
550
550
550
550
551
551
551
551
552
552
553
553
553
554
554
554
554
555
555
556
556
556
556
556
557
557
558
558
558
559
559
559
559
560
560
560
560
560
560
560
560
561
561
562
562
562
563
563
564
565
565
565
565
566
566
566
566
566
567
567
567
567
567
567
568
568
568
568
568
568
569
569
569
570
570
570
570
571
571
571
571
572
572
573
573
573
573
573
574
574
574
575
576
576
576
577
577
578
578
578
579
579
579
579
580
580
580
580
580
581
581
581
581
582
582
582
583
583
583
583
584
584
584
585
585
586
586
586
586
586
587
588
588
588
588
588
588
588
589
589
590
590
590
590
591
591
592
592
593
593
593
594
594
594
595
595
595
595
596
596
596
597
597
597
597
597
598
598
598
598
599
599
599
599
600
600
600
600
601
601
602
602
602
602
602
602
603
603
603
603
603
604
604
604
604
604
604
605
605
606
606
606
606
606
607
607
607
608
608
608
608
609
609
609
609
609
610
610
610
611
611
611
612
612
612
613
613
613
613
613
613
614
614
614
615
616
617
617
617
617
618
618
619
620
620
620
620
620
621
621
621
621
622
622
622
622
622
623
624
624
624
625
625
625
625
625
625
626
626
626
626
627
627
627
628
628
628
629
629
629
629
630
630
630
630
630
631
631
631
632
632
632
633
633
633
634
634
634
634
635
635
635
635
636
637
637
637
637
638
638
639
639
639
640
640
640
640
641
641
641
642
642
642
643
643
643
643
644
644
644
644
646
646
646
647
647
647
647
648
648
648
648
648
648
648
649
649
649
649
650
651
651
651
651
651
651
651
652
652
652
652
652
652
653
653
653
653
654
654
654
655
655
655
655
655
655
656
656
656
657
657
657
657
657
658
658
658
658
658
658
659
659
659
659
660
660
661
661
661
662
662
662
662
663
663
663
663
665
665
665
666
666
666
666
666
666
666
667
667
668
668
668
668
668
669
669
669
669
669
670
670
671
671
672
672
673
673
673
674
675
675
675
675
676
677
677
677
678
678
678
678
678
678
678
678
679
679
679
680
681
681
682
682
682
682
683
683
683
684
684
685
685
685
685
686
686
686
686
687
687
687
687
688
688
689
689
690
690
690
690
690
690
690
691
692
692
692
693
693
694
694
695
695
696
696
696
697
698
698
698
699
699
699
699
699
700
700
700
700
701
701
701
701
702
702
703
703
703
703
704
704
704
705
705
705
706
706
707
707
708
708
708
708
709
709
710
710
710
710
713
713
715
715
715
715
715
715
715
716
717
717
717
717
718
718
719
719
720
721
722
722
722
722
722
722
722
723
723
723
724
724
724
724
725
725
725
725
725
727
727
727
727
727
727
728
728
728
729
730
730
730
730
730
733
733
733
733
734
734
735
735
735
736
736
737
737
737
737
738
738
739
739
739
739
739
740
740
740
740
741
741
741
741
742
743
743
743
743
744
744
744
745
745
746
747
747
747
747
747
747
748
748
748
749
750
750
750
750
750
750
751
751
752
752
752
752
753
753
753
754
754
755
756
756
756
757
757
757
757
757
758
758
759
759
760
761
761
761
761
762
762
762
764
764
765
765
765
765
766
767
767
767
767
768
768
768
769
769
769
769
769
769
771
771
771
771
771
772
772
772
772
773
774
775
775
775
776
776
776
776
777
778
778
778
778
778
779
779
779
780
780
780
781
782
782
783
784
784
784
784
785
785
785
785
786
786
786
787
787
787
787
788
789
790
790
791
791
791
792
792
792
793
793
796
796
797
797
797
798
798
798
799
799
800
800
801
801
801
801
801
802
802
802
803
803
804
804
804
805
805
806
806
807
807
808
808
809
809
809
809
809
810
810
810
810
811
811
811
812
812
812
812
812
813
813
814
814
814
814
815
815
816
816
816
817
817
817
818
818
818
818
818
818
818
819
819
820
820
821
821
821
821
821
821
821
822
822
822
823
823
823
824
824
824
825
825
825
825
827
828
828
829
829
829
829
829
830
830
830
831
831
832
832
832
833
834
834
834
834
834
834
835
835
835
836
836
836
837
838
838
838
838
839
839
839
839
839
840
840
840
840
840
841
841
842
842
842
842
842
842
843
843
844
844
845
845
845
846
846
846
846
847
848
848
849
850
850
850
851
852
852
854
854
855
855
855
855
856
857
857
858
858
858
859
859
859
859
860
860
860
861
861
861
862
862
863
863
863
864
864
864
865
865
866
866
866
866
866
866
866
867
867
867
867
868
869
869
869
869
870
871
872
873
873
873
873
874
875
876
876
876
876
876
876
876
876
877
878
879
879
879
879
880
880
881
881
882
882
882
883
884
884
884
885
885
885
885
886
887
887
888
888
888
889
889
889
889
890
890
892
893
893
893
893
894
894
894
894
895
895
895
897
897
898
898
899
899
899
900
900
900
900
900
902
902
902
902
902
904
904
905
905
905
905
905
906
907
908
908
909
910
911
911
911
911
912
912
912
913
913
913
914
914
914
914
915
916
916
916
917
918
918
918
918
918
919
919
920
920
920
920
921
922
922
922
922
922
923
923
924
924
924
924
924
924
924
926
926
927
927
927
927
927
928
928
928
928
928
929
929
929
929
929
930
930
931
931
932
932
932
932
932
932
932
933
933
933
933
934
934
934
934
934
935
935
936
936
937
938
938
938
938
938
939
939
939
940
940
940
941
941
941
942
942
944
944
945
945
947
947
947
947
947
948
948
949
950
950
951
951
951
951
951
952
952
953
953
953
954
954
954
955
955
955
956
956
956
957
957
958
959
960
961
961
961
962
963
963
963
963
964
964
964
964
965
965
965
966
966
967
967
967
968
969
969
970
970
971
971
971
971
971
973
973
973
973
974
974
974
974
975
976
976
976
977
977
977
977
977
978
978
978
978
979
979
980
980
980
980
981
981
982
982
982
982
982
983
983
983
984
984
984
985
985
985
985
986
986
986
986
987
988
988
988
988
989
989
989
989
989
989
991
991
992
992
992
993
993
994
994
995
995
996
996
996
996
997
997
997
997
998
998
999
999
999
999
1000
1000
1000
1001
1002
1002
1003
1003
1003
1003
1004
1004
1004
1005
1005
1005
1005
1006
1007
1007
1007
1007
1008
1008
1009
1009
1009
1010
1010
1012
1012
1012
1012
1012
1013
1013
1014
1014
1014
1015
1015
1016
1016
1016
1016
1017
1018
1018
1018
1019
1020
1020
1020
1020
1020
1020
1020
1021
1021
1021
1021
1021
1021
1022
1022
1022
1022
1022
1023
1023
1023
1024
1024
1024
1024
1024
1024
1025
1025
1025
1025
1026
1026
1026
1026
1026
1026
1026
1027
1027
1027
1027
1027
1028
1029
1030
1031
1031
1031
1032
1032
1033
1033
1033
1033
1034
1034
1034
1035
1035
1036
1036
1036
1036
1036
1036
1037
1038
1038
1038
1038
1038
1039
1039
1039
1039
1039
1040
1040
1040
1040
1041
1041
1041
1042
1043
1043
1044
1044
1044
1045
1045
1045
1045
1047
1047
1047
1048
1048
1049
1049
1050
1050
1050
1050
1051
1051
1051
1051
1052
1052
1052
1052
1054
1054
1055
1055
1055
1055
1055
1055
1056
1057
1057
1058
1058
1059
1059
1059
1060
1060
1060
1060
1060
1061
1062
1062
1063
1063
1064
1064
1064
1064
1064
1065
1065
1066
1066
1067
1067
1067
1068
1068
1068
1068
1069
1069
1069
1069
1070
1070
1070
1070
1071
1072
1072
1074
1074
1075
1075
1075
1076
1076
1076
1076
1076
1077
1077
1078
1078
1078
1078
1078
1078
1079
1079
1079
1079
1080
1080
1080
1080
1081
1081
1081
1081
1082
1082
1082
1082
1083
1083
1083
1083
1083
1083
1084
1084
1084
1084
1085
1085
1085
1085
1086
1087
1087
1089
1089
1090
1091
1091
1091
1092
1092
1093
1093
1093
1094
1094
1094
1094
1094
1094
1095
1095
1095
1096
1096
1098
1098
1099
1099
1099
1100
1100
1100
1100
1100
1101
1101
1101
1102
1103
1104
1104
1104
1104
1106
1106
1106
1107
1107
1107
1108
1108
1109
1109
1110
1110
1110
1111
1111
1111
1112
1112
1112
1113
1113
1113
1114
1114
1114
1114
1114
1114
1114
1114
1115
1116
1117
1117
1118
1118
1119
1119
1119
1120
1121
1121
1121
1121
1121
1122
1122
1122
1122
1123
1123
1123
1123
1123
1124
1124
1125
1126
1126
1126
1126
1127
1127
1127
1127
1127
1127
1128
1128
1128
1129
1129
1129
1129
1129
1130
1130
1131
1131
1131
1131
1132
1132
1132
1132
1132
1132
1133
1133
1133
1134
1134
1135
1135
1135
1135
1136
1136
1136
1137
1137
1137
1137
1138
1138
1138
1138
1139
1140
1140
1140
1141
1142
1142
1142
1142
1143
1143
1143
1144
1144
1145
1145
1145
1145
1146
1146
1146
1147
1147
1148
1148
1149
1149
1149
1149
1150
1150
1151
1151
1152
1152
1152
1153
1153
1154
1155
1156
1156
1156
1156
1156
1157
1157
1158
1158
1159
1159
1160
1160
1160
1160
1161
1161
1162
1162
1162
1163
1163
1163
1164
1165
1166
1166
1168
1168
1169
1170
1170
1171
1171
1171
1172
1172
1172
1172
1172
1172
1172
1173
1173
1173
1173
1173
1173
1174
1174
1174
1174
1175
1176
1176
1176
1176
1176
1176
1177
1177
1177
1178
1178
1179
1179
1179
1179
1179
1180
1180
1182
1182
1183
1184
1184
1185
1185
1186
1186
1187
1187
1187
1188
1188
1188
1188
1188
1188
1189
1189
1191
1191
1191
1191
1192
1193
1194
1194
1195
1196
1196
1197
1197
1198
1199
1199
1199
1200
1200
1201
1201
1201
1201
1202
1202
1203
1203
1204
1204
1205
1206
1206
1207
1207
1207
1208
1209
1210
1210
1210
1211
1211
1212
1212
1212
1212
1212
1212
1212
1213
1214
1214
1214
1215
1215
1216
1216
1217
1217
1218
1218
1218
1218
1218
1219
1219
1219
1219
1220
1220
1222
1222
1222
1224
1224
1226
1226
1226
1227
1228
1228
1228
1229
1229
1229
1230
1230
1231
1231
1231
1232
1232
1232
1233
1233
1233
1234
1234
1235
1235
1235
1236
1237
1237
1237
1237
1237
1238
1239
1240
1240
1240
1241
1241
1241
1241
1242
1242
1242
1243
1243
1243
1244
1245
1245
1246
1246
1247
1247
1248
1248
1248
1250
1250
1251
1252
1254
1254
1254
1255
1255
1255
1256
1257
1257
1257
1257
1257
1258
1259
1259
1259
1260
1260
1260
1260
1261
1262
1262
1262
1263
1263
1263
1264
1264
1264
1264
1265
1266
1267
1267
1268
1268
1268
1268
1269
1269
1269
1269
1270
1270
1270
1270
1270
1271
1271
1271
1272
1273
1273
1273
1274
1274
1274
1274
1275
1275
1275
1275
1275
1275
1275
1276
1277
1277
1278
1279
1279
1280
1282
1282
1282
1283
1283
1283
1284
1284
1285
1285
1285
1285
1286
1286
1286
1287
1287
1288
1289
1289
1289
1290
1290
1291
1291
1291
1291
1292
1292
1293
1293
1293
1293
1294
1294
1295
1295
1295
1296
1296
1296
1296
1297
1297
1297
1298
1298
1300
1301
1301
1302
1302
1302
1303
1303
1303
1303
1304
1304
1304
1305
1305
1307
1307
1307
1308
1309
1309
1309
1309
1309
1309
1310
1310
1311
1312
1313
1314
1314
1315
1315
1316
1316
1316
1316
1317
1317
1317
1319
1319
1319
1320
1320
1320
1321
1321
1321
1322
1323
1323
1323
1324
1324
1324
1324
1324
1324
1325
1325
1325
1325
1325
1326
1328
1328
1329
1329
1330
1330
1330
1330
1330
1330
1331
1331
1332
1334
1335
1336
1336
1336
1336
1337
1337
1340
1341
1341
1342
1343
1344
1344
1345
1345
1345
1345
1346
1346
1346
1346
1347
1347
1347
1347
1348
1348
1348
1348
1348
1348
1348
1348
1349
1349
1349
1349
1349
1350
1350
1351
1351
1351
1351
1351
1352
1352
1352
1352
1354
1354
1355
1355
1355
1355
1356
1357
1357
1357
1357
1357
1357
1358
1359
1359
1359
1360
1361
1361
1362
1363
1364
1365
1365
1365
1365
1366
1367
1368
1368
1368
1368
1369
1369
1370
1370
1370
1371
1371
1373
1373
1374
1374
1375
1375
1376
1376
1376
1377
1377
1377
1378
1378
1379
1379
1380
1382
1383
1384
1385
1385
1386
1386
1386
1387
1388
1389
1390
1391
1391
1391
1392
1392
1393
1393
1393
1394
1394
1394
1394
1394
1395
1395
1395
1396
1396
1398
1398
1398
1400
1400
1401
1401
1401
1401
1402
1403
1403
1404
1404
1405
1406
1407
1407
1408
1408
1408
1409
1410
1410
1410
1411
1411
1411
1412
1412
1413
1413
1414
1414
1415
1415
1415
1415
1415
1417
1417
1417
1418
1418
1418
1418
1419
1419
1420
1421
1421
1422
1422
1423
1423
1424
1425
1427
1427
1428
1428
1429
1430
1430
1431
1431
1431
1431
1432
1432
1433
1433
1434
1435
1435
1435
1436
1436
1438
1438
1439
1440
1440
1440
1440
1440
1440
1440
1441
1441
1442
1442
1444
1444
1444
1444
1445
1445
1446
1446
1446
1447
1447
1448
1449
1449
1450
1450
1450
1451
1453
1453
1454
1455
1456
1456
1456
1456
1456
1457
1458
1459
1459
1459
1459
1459
1460
1461
1462
1462
1464
1464
1464
1465
1465
1465
1466
1466
1466
1466
1466
1467
1467
1468
1468
1468
1469
1469
1469
1471
1471
1471
1473
1473
1474
1474
1474
1474
1475
1475
1475
1476
1476
1476
1477
1477
1477
1477
1478
1478
1479
1479
1480
1480
1481
1481
1481
1481
1483
1483
1483
1484
1484
1485
1485
1485
1486
1486
1487
1487
1488
1488
1489
1489
1490
1490
1492
1492
1493
1493
1494
1494
1495
1495
1495
1496
1496
1498
1498
1499
1500
1500
1501
1501
1501
1501
1502
1502
1502
1503
1503
1503
1503
1504
1504
1504
1504
1507
1507
1507
1508
1508
1508
1508
1508
1509
1510
1510
1510
1511
1511
1513
1514
1514
1514
1515
1515
1515
1515
1515
1515
1515
1515
1516
1516
1516
1517
1517
1517
1518
1518
1518
1518
1518
1518
1519
1519
1519
1521
1523
1523
1523
1525
1525
1525
1526
1527
1528
1530
1530
1530
1531
1532
1532
1533
1533
1533
1533
1533
1533
1534
1534
1534
1534
1534
1534
1534
1534
1535
1536
1536
1537
1537
1538
1540
1541
1541
1541
1542
1542
1542
1542
1543
1545
1545
1546
1546
1550
1550
1550
1550
1550
1551
1552
1552
1554
1554
1554
1554
1554
1555
1556
1557
1557
1558
1558
1559
1559
1560
1560
1561
1562
1562
1562
1562
1562
1563
1564
1564
1566
1566
1567
1567
1568
1568
1569
1569
1569
1570
1571
1571
1573
1573
1573
1574
1574
1574
1575
1575
1575
1575
1575
1576
1576
1577
1577
1578
1578
1578
1578
1579
1580
1580
1580
1581
1581
1582
1582
1583
1583
1583
1583
1583
1584
1586
1586
1586
1587
1587
1589
1591
1591
1592
1592
1594
1595
1596
1596
1596
1596
1597
1598
1599
1599
1600
1600
1601
1602
1603
1603
1603
1603
1603
1603
1604
1605
1606
1607
1607
1607
1608
1608
1609
1609
1609
1609
1609
1609
1609
1609
1610
1610
1611
1613
1614
1615
1615
1616
1616
1616
1617
1617
1617
1618
1618
1619
1619
1619
1620
1622
1622
1623
1623
1624
1625
1625
1626
1626
1627
1628
1628
1628
1628
1628
1629
1629
1630
1631
1631
1632
1633
1633
1633
1634
1634
1635
1635
1635
1636
1636
1638
1638
1639
1639
1639
1639
1641
1641
1641
1641
1641
1642
1642
1642
1644
1644
1645
1645
1645
1647
1648
1648
1648
1649
1649
1649
1650
1650
1651
1651
1651
1652
1652
1652
1652
1653
1653
1653
1654
1654
1654
1654
1655
1655
1656
1656
1657
1657
1657
1659
1660
1660
1661
1662
1663
1663
1663
1663
1665
1665
1665
1665
1666
1666
1666
1667
1669
1669
1669
1670
1670
1671
1671
1671
1672
1672
1673
1674
1674
1675
1675
1675
1676
1677
1677
1678
1678
1679
1679
1679
1680
1680
1681
1681
1682
1682
1684
1685
1686
1687
1687
1688
1688
1688
1688
1689
1689
1690
1690
1690
1691
1691
1691
1692
1692
1693
1693
1693
1694
1694
1694
1695
1695
1695
1696
1696
1697
1698
1698
1700
1700
1701
1701
1701
1702
1702
1702
1702
1702
1702
1703
1703
1703
1704
1705
1705
1705
1705
1706
1706
1706
1706
1706
1707
1707
1707
1708
1709
1709
1710
1711
1711
1712
1713
1714
1714
1714
1714
1714
1714
1715
1715
1716
1716
1716
1717
1718
1718
1719
1719
1719
1720
1720
1721
1721
1722
1722
1722
1722
1722
1723
1723
1723
1723
1724
1724
1725
1725
1725
1726
1727
1728
1729
1730
1730
1730
1730
1730
1731
1731
1731
1732
1732
1732
1733
1733
1733
1734
1736
1736
1736
1736
1737
1737
1738
1738
1739
1739
1739
1740
1740
1741
1743
1743
1743
1743
1744
1744
1744
1745
1745
1746
1746
1746
1746
1746
1747
1747
1748
1748
1748
1748
1750
1750
1750
1751
1751
1752
1752
1752
1752
1753
1753
1753
1754
1754
1754
1754
1755
1755
1755
1756
1756
1756
1756
1757
1757
1757
1759
1759
1759
1761
1761
1761
1761
1762
1762
1762
1762
1763
1763
1763
1763
1765
1765
1765
1766
1766
1766
1766
1766
1766
1767
1767
1768
1768
1768
1769
1770
1770
1770
1770
1771
1771
1772
1772
1772
1772
1772
1772
1772
1772
1774
1774
1775
1776
1776
1776
1777
1777
1777
1778
1778
1778
1778
1778
1779
1780
1780
1781
1781
1782
1782
1783
1783
1785
1785
1786
1786
1786
1786
1789
1789
1789
1790
1790
1792
1794
1794
1794
1794
1794
1794
1794
1796
1796
1798
1798
1799
1800
1801
1801
1802
1802
1803
1803
1803
1805
1805
1806
1806
1806
1807
1807
1807
1807
1808
1808
1809
1811
1811
1811
1812
1812
1813
1814
1814
1814
1815
1815
1815
1816
1816
1817
1818
1819
1819
1820
1820
1821
1822
1822
1823
1823
1823
1823
1824
1824
1824
1824
1825
1826
1826
1826
1826
1826
1827
1827
1827
1828
1828
1829
1831
1831
1831
1831
1833
1833
1833
1834
1835
1835
1837
1838
1838
1838
1840
1841
1841
1841
1841
1842
1842
1843
1844
1844
1844
1845
1845
1845
1845
1845
1847
1849
1849
1850
1850
1850
1850
1850
1851
1852
1852
1852
1852
1852
1852
1853
1853
1853
1855
1856
1856
1856
1857
1857
1857
1858
1859
1859
1860
1860
1860
1860
1860
1861
1861
1861
1861
1862
1862
1863
1863
1864
1865
1865
1866
1866
1866
1867
1867
1868
1869
1869
1869
1870
1870
1870
1870
1870
1871
1871
1872
1872
1872
1873
1873
1874
1874
1875
1876
1876
1877
1877
1877
1877
1877
1877
1878
1878
1879
1879
1880
1881
1881
1882
1884
1884
1884
1884
1884
1885
1885
1885
1885
1886
1886
1886
1886
1887
1887
1888
1888
1889
1890
1890
1890
1890
1891
1891
1891
1891
1892
1892
1892
1892
1892
1892
1892
1892
1893
1893
1894
1894
1894
1894
1894
1894
1895
1895
1896
1896
1897
1897
1898
1898
1899
1899
1899
1900
1902
1902
1902
1902
1902
1903
1903
1903
1904
1905
1905
1905
1906
1907
1907
1908
1908
1908
1909
1910
1910
1911
1911
1911
1911
1912
1912
1913
1913
1913
1914
1915
1915
1915
1915
1915
1916
1916
1917
1917
1918
1918
1919
1922
1922
1922
1922
1923
1923
1924
1925
1925
1925
1926
1927
1928
1928
1928
1928
1929
1929
1929
1930
1930
1930
1931
1932
1932
1934
1935
1936
1936
1937
1937
1937
1937
1938
1938
1938
1939
1939
1939
1940
1941
1941
1942
1942
1943
1944
1944
1945
1945
1946
1946
1946
1946
1948
1948
1948
1948
1949
1949
1949
1949
1950
1950
1950
1950
1951
1951
1952
1952
1952
1952
1952
1952
1954
1954
1954
1954
1956
1956
1956
1956
1957
1957
1958
1958
1959
1960
1960
1961
1962
1962
1963
1963
1963
1965
1965
1965
1965
1965
1965
1966
1966
1966
1966
1967
1967
1967
1967
1967
1967
1968
1968
1970
1970
1971
1971
1971
1971
1972
1973
1974
1974
1974
1974
1974
1975
1976
1976
1976
1977
1978
1978
1978
1978
1979
1979
1979
1979
1981
1983
1983
1983
1984
1984
1985
1986
1986
1986
1988
1988
1988
1989
1989
1989
1989
1991
1991
1992
1993
1993
1993
1993
1993
1994
1995
1995
1996
1996
1997
1997
1998
1998
1998
1999
2335
2663
2861
3104
3117
3168
3515
3738
3844
