Primero viene la cantidad (n) de timestamps para ambos, luego n líneas que son un timestamp aproximado cada uno separado por una coma (',') del error, y luego n lineas de las transacciones del sospechoso
7500
1103,542
1091,640
1058,736
1163,375
810,186
868,685
1071,651
1271,263
1303,342
1527,344
1208,354
1102,626
835,692
1125,848
646,566
1656,266
1098,655
1070,116
1142,725
707,354
1594,35
925,495
1173,792
320,270
1563,371
1063,936
706,680
1443,287
294,137
784,340
1638,244
354,303
1271,276
673,524
580,472
997,974
1206,344
1117,800
727,608
759,549
836,624
1769,135
906,801
272,161
1847,148
928,62
1053,782
404,383
745,456
612,609
1721,248
1221,433
694,597
1053,857
863,680
986,913
761,359
791,774
1129,566
945,870
1510,136
809,332
1551,186
965,952
1540,405
843,759
557,296
926,474
1601,24
1869,84
1066,835
1593,211
1542,449
1174,787
1225,581
920,757
898,864
858,839
1091,456
1827,151
1027,505
616,612
853,357
1065,700
521,312
1229,742
686,445
1106,762
1386,306
926,576
1359,624
713,495
919,890
814,771
1263,663
934,674
1020,769
782,744
1359,566
589,486
1183,402
547,519
537,375
941,754
389,206
1376,561
1410,294
1338,539
1087,760
1423,343
1449,370
1009,522
507,461
1149,352
1702,125
253,239
1387,461
1542,384
616,528
1644,346
887,875
1265,366
612,580
1113,636
796,263
312,137
1368,605
1218,248
969,962
1364,366
435,407
888,763
846,763
1475,429
1219,471
1088,682
918,303
962,809
993,737
979,731
1009,906
971,415
980,970
1366,182
1202,701
1089,693
737,609
1025,713
981,570
1264,707
1409,293
902,478
1387,600
435,116
1552,316
1249,478
1300,480
1268,440
1289,703
1254,463
1165,798
924,614
1047,414
813,697
1639,296
640,610
1005,914
1050,629
1258,296
906,802
723,722
979,315
1402,437
1495,445
446,416
819,538
1362,482
1305,450
1688,105
1271,713
1595,381
895,117
979,907
1101,706
1880,118
574,437
872,762
849,785
944,935
1047,642
902,740
1074,769
1431,390
1025,929
957,912
688,417
1660,313
1163,834
1020,218
584,406
1522,444
1033,375
1238,642
1325,666
963,875
1342,556
727,694
1026,779
1086,325
1117,598
1554,111
1237,317
921,356
904,608
1077,878
369,350
1483,446
364,358
878,508
1044,663
769,766
1150,557
1180,382
1244,327
816,807
1215,550
1871,88
972,450
1186,695
667,352
768,689
764,511
1239,622
940,925
488,317
1180,232
509,293
1656,344
983,960
615,509
1147,751
1374,433
1010,946
375,96
726,701
1004,899
1119,836
668,501
1667,289
1273,428
783,424
1077,539
1690,256
435,417
315,211
1684,134
879,837
1058,835
1033,646
1076,760
923,908
572,307
1452,543
435,150
1822,69
170,115
1145,663
1005,554
833,609
1363,602
1126,460
541,514
689,360
1505,458
971,360
837,832
692,619
1495,369
165,83
836,742
1020,487
1056,714
853,380
1275,534
1706,180
980,576
911,537
1365,623
875,650
1043,715
1595,337
686,644
1278,420
1439,276
947,866
1206,504
699,624
1094,843
598,347
273,113
674,423
1315,650
1103,895
1378,61
1119,356
1012,885
844,599
998,369
1270,687
1812,181
315,115
1022,928
1480,468
672,154
464,433
694,541
1579,200
910,509
1309,677
1070,715
1054,668
1091,395
990,947
1452,239
1204,539
1021,599
1028,608
605,501
726,656
913,547
269,247
1368,398
1720,201
814,771
1056,836
432,286
1365,506
1188,337
1471,285
693,690
986,925
1463,511
908,336
238,238
1838,91
478,395
673,440
914,597
599,553
779,660
1294,698
879,635
876,528
721,675
848,679
835,791
757,716
781,698
408,356
1019,878
1315,665
1419,343
1105,767
246,172
870,706
1088,772
876,864
910,544
1017,776
1641,295
610,374
630,271
1282,527
1434,468
1672,311
876,773
1184,404
490,468
773,366
733,633
1835,77
696,605
1090,899
599,410
445,419
831,123
1129,359
1522,326
1579,412
1381,490
788,532
946,876
766,387
1644,337
1360,633
959,845
352,330
849,686
1373,528
1447,487
775,19
1006,956
923,443
896,867
1243,241
459,339
1095,884
683,331
425,379
1567,203
998,858
1048,564
1092,882
1290,504
585,429
1045,476
1292,573
1324,294
861,225
1015,594
811,779
786,662
1000,216
1219,578
1067,116
1080,868
1329,187
739,638
725,400
1115,195
324,117
1094,681
766,762
1143,854
1535,460
645,599
1493,362
1251,513
1011,940
818,628
1151,765
1443,513
340,271
1349,420
1488,365
1316,389
479,319
1332,201
1125,695
854,735
675,493
1048,884
778,407
354,318
848,747
1372,507
1544,386
1143,580
725,243
1022,866
737,688
1414,153
1620,209
345,245
1780,37
1077,473
409,243
73,72
534,420
590,526
937,490
1249,597
1645,116
807,358
679,617
567,140
451,306
836,572
224,219
1049,650
800,678
1124,661
523,448
479,395
752,549
1374,574
743,207
908,413
675,233
1004,874
937,476
210,145
1203,167
1265,83
605,589
1347,467
1371,549
1560,331
695,232
1106,379
923,663
1189,565
810,391
984,573
1254,725
1291,311
241,148
518,318
1100,631
1005,990
803,669
867,379
1279,599
1214,275
1514,262
907,793
954,402
368,160
1574,409
898,861
1004,751
1246,423
963,728
1184,802
1037,431
1031,637
1256,499
879,854
719,696
566,464
800,375
435,402
1027,962
901,781
1313,369
886,296
801,758
1272,480
1026,399
1736,227
1619,328
963,878
774,622
1241,741
1292,565
1419,537
1255,723
902,882
675,637
600,555
60,32
1261,606
1078,264
1282,550
208,114
860,480
1718,229
411,335
1305,174
1689,296
122,84
1139,491
1112,696
769,401
901,296
1473,236
503,458
1038,955
1259,245
379,367
673,546
1102,628
470,255
1577,410
1343,356
1176,684
1072,507
208,93
202,178
1708,155
1755,234
1125,780
205,204
1630,211
863,861
658,21
916,824
929,482
1696,258
1106,697
896,239
797,658
1497,361
780,381
1497,85
1188,709
1876,122
497,494
662,488
984,646
1111,866
795,662
1028,742
832,821
1295,481
995,604
1238,494
1663,309
213,190
1263,75
1533,394
999,445
1335,536
1145,839
429,42
873,778
994,971
1625,356
906,773
331,247
687,682
607,592
517,478
1295,541
1109,826
1275,211
1321,225
1489,475
1017,847
944,822
921,495
531,451
719,242
1228,583
1352,551
832,318
1577,255
826,325
643,640
322,135
990,617
1159,198
709,665
526,243
1610,383
1047,785
1342,575
685,386
584,428
1126,583
976,957
1052,705
905,579
750,216
801,375
747,430
813,725
1294,385
1670,115
116,112
733,581
1236,562
148,135
766,502
1560,439
1181,595
1958,35
1039,325
1217,160
650,451
953,921
596,429
1356,230
1098,771
1095,901
1147,463
661,407
1159,459
621,447
1355,623
1496,247
687,657
571,382
1129,634
1360,240
1267,717
1578,177
1397,193
1381,337
1086,851
1065,927
1652,314
1113,873
1198,562
796,404
392,358
986,793
850,613
1294,241
1055,878
946,648
785,342
1089,908
1142,747
1074,881
830,604
445,124
640,600
1768,146
1593,322
977,856
1335,547
792,630
390,324
830,674
126,79
1290,523
1507,413
1298,599
927,639
560,490
912,872
1304,666
606,123
324,210
489,267
952,935
893,878
900,424
847,813
1069,931
869,697
1325,481
989,921
1120,575
850,794
1819,180
720,707
1110,556
886,383
694,310
902,468
1816,166
1022,966
556,498
1085,712
755,340
1466,135
1256,730
908,708
829,421
1521,392
746,245
223,186
386,294
1074,248
990,541
1084,876
1494,369
353,204
200,51
1556,278
524,380
954,418
394,232
252,199
996,767
738,648
1063,352
1491,509
1121,793
933,647
1287,407
1084,729
1412,474
596,300
1438,337
1263,480
978,678
1095,704
1219,428
534,492
1144,851
940,600
646,566
591,312
1487,249
1124,850
477,251
842,263
409,292
697,641
1045,766
1194,777
380,365
1073,841
1551,367
674,199
870,816
1305,385
975,905
1381,572
579,428
556,368
655,582
1175,472
780,667
319,309
876,551
668,591
1040,447
1024,900
433,392
1144,708
1414,146
767,670
977,299
1248,480
373,326
500,359
975,760
719,226
982,972
885,697
312,138
657,314
806,457
578,410
1679,272
1087,867
539,532
1066,847
810,810
1085,857
1126,838
740,498
703,117
447,367
1133,526
966,780
1083,348
1190,300
899,710
1189,660
735,453
1107,741
1723,167
633,273
1355,568
1032,274
882,757
626,86
1156,631
767,284
608,513
393,339
747,174
1699,268
946,886
1524,442
672,489
809,204
1244,600
857,689
686,76
1469,530
1297,281
813,751
578,148
534,534
902,297
963,745
1558,421
1334,649
986,753
783,771
1780,181
774,769
1283,714
1047,940
498,494
682,631
894,149
765,354
784,486
469,404
1001,626
1024,804
948,947
1058,713
701,84
547,516
1357,357
1863,92
1031,302
1032,565
1675,303
516,512
1324,166
1220,771
1146,672
1128,843
962,936
1092,853
304,263
895,184
735,691
1567,290
660,570
1161,576
1352,387
1406,539
1317,667
1812,42
994,919
716,427
990,810
988,835
1545,380
1325,668
915,911
1064,781
1293,325
1248,727
580,414
1238,221
686,504
1147,738
815,694
1493,462
1714,284
857,709
1303,560
817,99
1390,443
885,695
581,180
827,540
820,578
1054,873
881,689
825,823
767,314
973,737
994,869
1434,210
957,830
953,864
438,435
1449,343
1397,577
1131,841
1243,251
624,495
867,449
1535,169
943,730
1201,796
1007,983
1524,221
590,508
1089,847
1083,472
1062,552
1402,426
1933,67
1227,416
1209,123
1847,150
1692,173
525,117
1025,846
1081,506
562,348
978,563
126,49
1094,744
374,303
1153,815
1230,687
1133,844
595,491
932,530
1029,945
867,680
1083,861
607,319
1845,107
1715,241
923,623
1543,451
521,516
679,679
1146,58
808,25
1598,230
872,841
974,789
957,593
271,270
1405,351
1653,89
490,291
1728,265
1330,535
505,371
257,121
236,84
1465,430
866,713
1564,230
1285,615
656,546
983,948
1322,657
1178,568
872,859
1666,229
930,410
853,815
137,44
1511,489
672,369
940,779
780,102
1069,851
193,186
114,52
420,243
1102,897
1285,553
1552,397
463,456
1241,651
410,346
1104,807
1107,241
946,546
1472,463
1510,128
469,257
1024,422
1905,47
1421,519
830,734
1204,157
1634,102
1534,38
1301,528
491,377
945,875
479,413
1380,596
1284,666
795,711
1159,720
502,193
653,381
1102,843
986,914
1010,898
310,280
1175,769
908,302
940,640
918,858
1151,105
843,191
441,349
1208,655
1146,423
683,400
630,416
789,739
1136,683
974,761
1051,844
737,373
1667,57
1897,55
601,559
1213,748
577,418
703,388
497,491
600,271
1216,669
979,816
1071,409
947,920
888,376
901,675
1015,486
1226,355
1182,685
1070,899
666,203
820,467
683,220
1762,190
1387,277
459,452
821,447
819,462
522,79
561,497
1159,402
535,445
354,261
1471,217
899,715
1134,550
391,63
1715,104
566,458
456,355
1288,539
981,931
941,273
678,446
493,303
744,439
1367,217
953,471
194,162
1094,319
859,657
818,665
958,326
862,863
952,604
511,387
1505,430
1058,426
822,537
986,193
1688,270
504,143
681,671
1343,434
913,597
1075,751
1205,231
1635,130
1304,472
1185,676
1619,134
1000,416
850,626
1649,283
949,434
1606,289
1226,652
362,158
1098,872
868,617
1259,241
1246,634
1622,308
648,402
1014,961
1331,480
926,770
880,878
938,167
1239,631
1773,139
1543,361
974,705
807,588
1002,815
1413,527
499,481
1511,423
1174,166
585,489
582,523
570,428
1212,715
512,421
303,96
787,659
1254,189
627,380
899,664
984,397
1427,122
1563,118
893,790
807,388
1336,596
830,710
662,653
956,557
753,289
1650,301
1064,478
1126,871
1578,422
1635,333
1384,98
1231,333
557,183
1051,906
1183,738
701,681
1437,545
1456,327
1316,469
1939,32
902,250
230,190
857,692
995,921
1189,544
1120,845
995,803
507,491
1029,906
730,167
1356,431
1159,581
1064,594
385,292
294,281
1048,356
731,679
866,597
768,414
594,578
1668,237
861,849
1147,73
498,400
1566,216
1046,910
594,549
592,444
979,391
1048,902
651,361
1000,992
1382,493
403,294
439,312
1163,804
924,868
286,239
792,384
1009,433
870,828
509,275
1098,867
298,210
1097,719
227,193
1591,334
438,425
1412,386
697,579
982,503
251,246
850,734
1710,226
460,212
1421,366
909,517
866,801
999,567
328,145
889,834
1016,784
1443,451
872,594
1406,467
932,866
996,984
1518,304
1007,783
1024,846
642,193
1264,675
966,838
1249,646
1530,458
585,561
721,706
1368,620
769,738
1032,943
1056,510
1151,744
275,275
1647,349
847,775
1742,127
928,518
1059,832
990,945
778,715
736,714
1445,500
1147,685
912,873
988,971
933,768
1197,463
482,223
943,809
1166,559
966,487
1147,647
707,332
1062,470
1735,225
1118,875
1156,812
917,888
1149,749
1414,339
873,710
1694,277
1150,209
1168,428
586,460
321,275
817,768
587,332
895,706
949,339
1542,368
825,811
1331,548
242,220
828,720
1077,526
1043,909
762,470
1554,229
1051,921
1573,405
805,657
593,335
734,627
678,546
997,525
1413,456
1294,646
989,956
1198,537
657,642
1775,182
1100,399
227,161
1597,352
1424,309
877,838
364,339
398,47
313,265
1662,252
907,463
1263,496
801,638
934,779
954,677
1630,92
717,587
1043,576
205,166
1030,275
1246,266
1352,265
578,409
1410,219
1323,282
1233,404
768,339
775,28
749,520
954,936
1485,486
717,705
488,300
924,222
985,367
848,665
667,281
806,437
759,739
1084,912
392,380
508,403
956,431
1553,437
1050,902
1354,616
1163,633
774,509
1532,237
867,677
1754,173
558,545
1089,558
1104,612
1839,152
1367,395
658,518
374,182
1517,394
674,614
614,339
1017,374
835,527
1220,614
1822,152
1490,336
852,823
479,407
854,338
822,670
777,526
427,419
756,685
727,474
1304,637
839,818
1142,707
1598,375
943,442
620,519
1053,940
370,113
933,846
1159,669
1567,396
359,254
1589,392
623,547
633,265
1438,461
986,789
1256,586
971,166
1309,255
331,317
845,558
1058,936
1099,877
1276,369
1239,608
1389,588
1309,452
574,211
1001,758
434,394
959,677
611,140
1637,139
927,449
904,736
1219,393
656,218
1794,183
820,746
1432,464
998,972
634,209
1634,316
912,897
1116,867
1007,898
1410,362
732,726
860,731
1521,397
809,791
1038,365
1584,125
1179,696
616,525
794,695
1399,200
467,353
472,241
994,935
941,816
1031,945
1891,74
1307,676
643,639
1137,474
1533,454
718,598
1196,217
1269,588
1569,380
1078,693
1276,192
1036,913
1301,251
1420,408
611,610
608,391
1303,465
962,422
1958,11
860,376
1461,369
830,404
493,161
630,524
837,358
830,596
1118,304
836,721
945,200
892,892
1283,337
1144,705
695,447
968,834
1114,325
1101,261
855,668
1622,186
1444,389
349,326
563,482
927,867
1005,538
1271,638
1071,665
1195,764
917,899
1136,695
226,192
1349,573
1196,492
1303,332
1023,601
993,910
1087,349
1338,618
611,465
1042,644
681,664
445,443
1171,786
1888,56
1664,277
1274,686
1687,175
1057,481
872,545
512,357
1188,326
1059,509
795,634
277,207
806,593
1112,866
1413,346
993,593
1098,879
1865,126
278,152
162,117
1305,651
1027,791
289,272
1868,105
1341,381
356,326
786,308
856,285
1763,210
451,154
1132,584
1026,321
981,915
716,706
1092,884
255,247
1287,310
1178,677
1285,636
1162,364
432,406
894,573
833,412
911,688
1438,499
1556,435
614,400
637,565
903,687
1071,805
828,221
1144,701
533,417
1317,304
1079,649
1474,517
1444,519
1459,524
1614,316
1013,919
1036,922
1414,586
1324,316
1060,857
1334,656
718,484
675,662
752,663
1049,688
711,459
935,901
1137,116
1008,956
1039,418
900,847
1233,646
1941,53
970,725
1176,391
940,714
844,746
1037,680
1176,616
680,600
1001,467
693,485
1136,708
1040,722
831,810
370,192
1353,304
781,754
1090,729
1030,954
750,94
1345,227
1132,856
942,280
830,622
900,671
716,615
1245,396
349,336
633,559
537,308
480,266
889,742
556,272
692,690
738,360
1079,356
1543,239
888,760
289,189
1072,899
600,438
272,187
1603,392
1067,701
575,559
981,794
581,464
1067,868
800,586
923,544
269,267
810,522
1424,454
995,597
1409,411
1288,348
480,405
1109,828
1160,273
745,550
1222,619
1420,294
1483,473
568,530
1152,633
512,508
1151,779
971,884
1223,333
1566,288
1287,705
642,438
900,575
1244,686
965,499
694,605
905,819
1229,701
494,494
810,118
265,204
620,529
255,232
1489,461
1194,286
696,107
1333,479
770,224
210,89
848,520
1353,472
542,279
1005,303
955,791
897,106
1502,394
1498,329
1164,795
925,511
522,461
1103,554
1838,116
752,419
974,918
1660,336
1226,518
1374,524
862,417
1654,254
705,691
809,754
1176,794
842,790
923,482
1544,434
1276,297
519,354
52,46
1107,659
835,747
1032,488
540,269
1187,459
1436,503
216,189
1568,283
1266,421
1379,530
911,830
820,619
1154,578
963,919
950,539
1179,699
1419,578
1579,267
714,524
804,795
1510,353
1200,717
907,510
1666,298
332,285
1354,637
947,739
1805,49
1079,846
953,832
1352,621
877,740
1740,249
1493,489
643,246
124,31
730,581
186,105
1033,436
976,574
341,192
700,409
1603,33
1007,209
1631,91
1015,808
994,577
793,405
665,416
1116,712
421,332
1460,460
992,968
1288,260
1468,506
1293,696
1480,294
649,507
991,900
1176,639
1225,601
1068,894
1082,738
1181,348
1107,646
502,484
1458,442
868,323
1184,666
1018,924
1387,244
847,833
1605,347
476,338
1027,322
1132,523
1636,362
1571,342
1227,401
859,725
422,344
997,964
1082,465
635,629
990,839
303,297
1380,498
940,883
579,505
806,417
1214,710
841,468
1661,135
1417,430
964,877
1448,548
320,201
1076,378
1074,853
1198,534
781,278
780,423
1021,827
1174,557
851,471
725,564
956,866
1158,788
866,821
1705,287
895,594
717,526
890,537
564,524
1561,377
626,620
971,676
1138,529
1164,796
996,97
1509,130
696,142
813,709
594,243
992,930
506,441
1121,604
981,961
1235,707
1068,916
1020,786
419,407
520,298
1313,394
496,446
1321,313
1113,736
1163,523
1310,673
1268,708
1112,389
772,523
877,598
379,369
784,353
1200,561
1732,161
1133,718
1397,486
1737,262
1013,927
931,161
1329,561
903,793
1907,74
516,470
1070,606
1036,819
801,767
324,291
1199,762
1188,706
1344,51
1022,947
1266,234
883,799
1640,294
638,622
1075,723
1214,429
1847,97
735,735
663,543
894,874
1595,244
716,586
1840,150
1147,423
926,926
1846,137
1005,737
1328,456
1637,282
791,671
665,599
1555,441
1086,755
825,536
591,530
1146,565
1537,454
1046,770
802,656
766,640
1134,542
335,301
625,124
1613,324
713,515
574,404
665,516
843,300
1100,839
1274,709
910,483
919,552
1506,471
947,789
557,538
685,360
934,456
1527,416
940,892
1016,830
1566,385
1422,575
436,203
1316,480
1569,358
1143,641
466,462
1158,209
1317,683
679,389
851,608
1086,155
1343,613
894,849
900,265
1085,493
1124,435
415,361
470,164
1239,755
784,609
487,148
1705,64
1027,796
1522,393
1102,400
703,676
569,504
1112,584
957,736
1175,571
416,234
672,429
1122,728
1347,536
1679,209
898,795
860,776
1271,112
1052,593
506,261
405,337
1223,735
1313,593
638,513
781,719
759,759
1199,611
822,166
419,228
927,275
283,146
751,99
1738,141
393,371
1601,106
652,169
1105,800
766,708
818,699
1047,566
1350,70
829,807
860,558
1242,374
1469,524
590,265
1517,395
869,724
1013,870
662,11
1273,418
1397,35
955,76
693,180
1099,712
897,707
1786,178
963,957
1584,285
1306,622
1000,727
1322,476
980,957
958,421
373,342
1152,804
1445,535
1139,340
881,830
766,386
1031,487
1444,353
1273,694
125,109
608,458
1506,100
1625,338
746,492
859,724
731,478
1697,280
1228,550
1259,691
167,134
121,121
1050,625
1497,316
1515,406
943,521
690,366
1406,518
1528,457
541,507
944,454
659,222
653,512
1100,421
976,829
1191,553
1002,658
1477,246
1184,770
827,404
1024,636
919,778
822,771
1312,604
1550,347
1161,432
941,589
1652,197
1248,472
223,193
1069,163
505,461
1219,758
806,744
1083,385
1082,590
1024,185
1031,816
1581,419
1131,676
1316,576
1711,247
1400,554
1480,342
746,303
984,560
1039,907
295,270
747,471
505,497
489,398
1001,677
1061,198
455,263
1063,898
817,676
1005,278
866,514
1149,812
866,348
1710,277
680,435
1088,486
1072,491
530,313
451,182
824,622
713,630
1674,315
1629,332
812,732
847,517
1653,308
1515,280
1612,382
630,138
355,335
975,961
1029,803
1775,220
955,461
1281,601
1110,852
804,611
906,293
1135,862
825,826
1171,455
899,794
1044,639
1297,575
775,705
1383,553
279,181
656,503
947,473
1505,369
1238,447
1415,464
766,652
1626,232
1010,714
1153,724
281,228
1600,274
1228,524
257,256
1159,667
1563,317
1305,364
638,298
1448,544
1467,515
1130,743
1350,625
946,940
250,208
791,484
1397,220
1054,464
1739,228
1106,558
1120,719
917,827
764,658
674,358
689,353
817,643
1039,669
452,452
856,616
679,483
334,319
818,565
1098,540
904,558
165,21
1192,650
1118,374
1200,94
811,647
647,562
1056,906
1286,711
1521,368
1029,490
1113,405
733,627
1224,677
514,213
877,673
1197,388
699,482
908,891
591,531
877,713
1037,738
726,626
1444,529
1597,274
463,179
1052,537
407,345
874,675
635,270
1139,670
1036,845
1557,339
1049,930
1208,726
679,283
1194,303
1684,254
1669,320
1705,253
1181,738
626,489
1290,515
1239,759
790,568
1284,521
1353,647
1105,807
645,219
1035,947
345,119
814,463
1271,728
1454,441
1559,298
764,696
1186,719
542,437
1239,233
907,855
882,552
1146,790
1280,573
416,298
1218,675
1233,469
205,189
681,554
803,528
967,849
814,259
649,554
974,844
1521,168
1055,810
1121,804
958,891
1132,788
1143,733
160,134
1041,755
699,319
1768,83
1376,621
903,895
884,199
1323,349
822,533
1612,330
1156,737
1202,653
892,348
263,171
435,350
719,610
1255,527
1445,209
1483,250
750,655
1343,618
1418,141
690,358
779,707
1611,369
1112,857
1202,684
1011,526
973,958
1745,214
703,271
1063,882
961,61
1026,811
1066,766
1310,525
1277,655
935,556
975,682
1129,773
1176,691
1265,333
1074,721
641,567
741,603
1127,759
1152,585
912,80
942,705
431,176
1022,568
615,527
459,38
1002,940
1655,85
730,678
753,710
1165,796
701,286
106,29
1299,581
986,521
109,84
990,962
1039,874
1149,37
1526,415
518,412
1781,89
383,369
1194,525
1190,775
1156,813
1379,501
621,487
381,247
879,745
528,492
903,358
853,628
1020,965
873,362
887,646
797,472
989,849
225,204
592,433
971,568
1408,575
895,657
1086,185
1747,246
1197,564
1486,383
993,892
1618,321
1218,477
714,578
482,259
1066,532
992,767
1020,932
1351,636
1034,633
1554,326
1413,578
1077,343
1369,62
812,636
787,125
991,953
887,499
1058,797
1099,320
1326,461
1362,621
1199,566
1018,506
533,305
708,565
1335,636
711,601
556,328
1186,491
1357,639
595,454
946,481
798,776
441,294
1544,105
708,468
1073,619
1042,910
1007,212
795,283
745,521
1698,255
1378,584
1200,656
1306,407
608,560
418,388
694,502
725,544
1215,684
1039,780
1000,420
785,565
1380,492
716,218
1876,116
867,690
1387,101
1192,339
667,623
1645,115
1443,471
1214,714
689,627
1926,45
1014,404
914,836
1163,814
1247,739
77,43
929,924
923,608
718,392
232,233
1189,607
1415,285
848,750
1253,376
1093,582
888,512
905,363
492,358
925,424
1126,669
1700,278
885,756
1768,227
1153,369
1680,197
326,303
826,517
807,704
1730,236
404,114
879,423
960,922
1005,501
925,698
542,38
1327,419
1058,729
1007,896
400,400
1163,749
212,17
1116,632
851,605
1874,119
699,680
1238,211
1248,532
867,274
603,604
138,111
1176,791
799,375
884,165
859,707
402,243
246,241
436,253
513,484
1192,786
661,564
788,782
565,348
1020,822
1516,199
845,731
1095,876
1078,605
1005,589
1021,963
541,212
1068,739
1180,797
956,634
1159,431
937,785
776,724
1803,106
889,762
1388,532
1282,576
761,667
692,502
1054,875
1195,724
801,791
1135,567
745,591
983,671
1369,409
353,192
1027,714
1325,571
583,241
1509,400
108,63
783,760
859,688
1774,67
1123,666
843,382
897,575
985,834
1138,273
563,450
1187,730
1527,332
551,437
1017,391
991,393
1188,794
1152,70
1106,399
1014,941
957,918
602,511
1098,857
1109,711
614,516
743,652
814,746
915,679
1146,449
991,926
583,381
996,730
245,206
535,424
813,709
1043,818
927,777
1652,309
1741,238
1405,563
557,366
936,317
886,495
1005,941
1069,156
1012,875
1175,658
943,866
1632,211
962,257
860,687
894,821
528,461
1030,640
599,500
909,302
1575,315
1171,712
224,170
1084,719
1318,560
606,368
866,653
1380,138
1751,241
772,727
604,496
616,611
1300,687
1376,559
1174,272
1345,584
1437,440
647,569
363,346
1384,605
1790,85
1325,240
1198,711
982,909
718,625
1569,191
1108,387
803,692
1080,723
923,619
678,450
775,642
1242,330
684,344
392,311
1595,129
681,629
924,843
1859,69
1523,393
1371,619
1003,848
328,264
1424,558
1160,367
1311,616
672,639
530,240
1405,503
1007,608
945,569
1053,432
322,315
1012,782
992,294
1160,237
1051,511
782,535
1066,814
1329,507
60,50
418,210
1195,769
1897,85
1299,530
1033,685
1291,417
777,325
817,569
803,716
1162,835
571,561
1556,149
420,141
907,810
904,836
1332,621
1441,503
797,769
1778,112
958,934
1690,102
407,126
24,14
536,498
1191,134
922,772
1024,631
700,399
796,779
1740,212
1122,558
1269,554
482,276
427,386
1621,337
1000,212
890,880
699,323
1472,320
960,688
473,340
659,644
1336,602
1221,453
190,172
994,897
231,230
1048,216
918,479
614,576
1278,233
775,664
952,853
1083,751
987,742
962,36
1442,537
654,534
1108,871
477,254
885,181
940,583
1564,346
433,433
577,279
749,739
313,284
212,188
692,612
1572,409
718,657
1141,848
307,305
1204,624
1005,920
827,810
383,266
1424,193
755,335
938,348
1059,542
603,593
1450,85
977,906
1609,267
636,636
905,723
966,421
1303,375
861,852
406,399
1688,289
1023,789
693,647
1660,293
1229,285
1820,173
566,354
1015,706
1374,619
511,463
822,195
768,750
935,248
328,273
1551,350
849,222
1725,263
1287,544
1012,958
595,345
1230,756
1291,640
983,593
344,31
927,752
319,231
752,596
1626,319
934,913
177,43
1047,870
209,202
1113,857
1452,180
940,790
1601,236
1207,484
1164,513
1031,948
1323,547
1192,710
616,95
876,630
532,500
1246,754
944,617
936,926
668,575
721,566
1358,437
1036,849
1142,683
1277,709
879,589
364,294
1189,801
947,594
1379,322
946,943
1609,357
1060,724
997,965
826,763
1169,661
1289,421
1069,822
1034,732
1077,770
1007,538
1025,785
770,641
1280,442
402,139
1016,659
1228,588
1210,752
659,439
796,145
1507,491
1120,544
1265,516
1257,673
1372,227
848,489
411,162
969,960
977,374
764,503
322,291
846,832
1149,511
504,504
1044,693
969,957
1608,279
538,539
1078,533
1659,339
814,556
1099,890
923,277
1307,669
1206,579
959,854
1335,588
803,719
858,715
986,490
622,270
1723,240
846,753
1160,332
1040,785
1297,259
710,666
917,396
689,387
1289,448
551,548
923,511
254,214
1739,75
955,706
1381,408
1567,411
1267,183
637,396
1820,178
254,212
985,902
1424,218
1312,524
1737,86
1506,484
1470,495
1170,672
471,353
1352,549
1162,786
904,787
1652,201
788,777
1704,278
655,643
563,509
966,745
1365,87
1142,609
1225,488
1000,968
961,946
1339,414
1849,89
1087,584
693,595
315,254
1283,533
406,399
1150,676
902,900
569,449
1091,637
969,69
1365,488
1393,341
1096,629
1265,432
1463,527
1297,414
1371,438
450,364
812,781
780,255
862,790
710,675
1299,616
681,327
1478,511
1216,325
880,772
982,701
1499,236
1597,386
829,188
1673,123
855,737
1885,96
1300,677
1270,414
971,905
1208,393
1136,387
1299,376
1451,190
1248,693
1314,536
1265,228
1812,188
1622,374
1002,919
1441,509
651,542
1267,454
506,102
889,412
1353,536
739,602
1010,976
452,392
1108,826
801,662
434,401
1004,753
309,208
966,520
680,288
1691,217
1515,128
1270,421
1139,613
1153,671
813,772
1352,524
256,255
422,408
1740,237
1133,47
972,292
1150,647
880,755
583,298
967,858
1135,372
667,563
754,605
1148,750
102,91
979,158
712,661
970,365
1091,774
1339,661
1024,968
984,419
1066,209
468,402
423,238
474,375
126,74
929,803
909,578
1397,439
1063,928
127,115
846,708
1105,487
750,704
1504,468
1391,555
1094,545
649,589
1630,262
750,610
1324,502
781,777
1351,609
246,193
1259,96
1526,429
1061,921
1637,184
1026,648
352,83
982,884
770,730
433,350
517,389
769,754
1848,151
484,28
1271,136
293,185
556,392
749,716
1536,370
1120,796
223,172
1583,377
515,399
840,605
1278,308
1407,461
1228,99
1090,371
934,756
1688,207
698,344
987,764
1926,70
821,675
867,427
787,413
640,593
782,781
1063,666
626,586
754,630
528,526
1135,526
822,406
1036,295
867,214
1284,285
1082,501
1076,363
204,154
1145,799
478,76
858,846
1815,184
915,887
859,828
1060,704
943,691
1181,564
618,235
705,372
720,554
1119,693
1084,778
1105,654
1071,843
1250,446
777,73
387,383
1247,124
1483,512
1353,643
757,667
879,873
810,716
1029,893
486,470
864,449
341,269
218,195
1054,904
1292,590
601,76
558,370
595,539
1302,100
880,332
794,475
1141,481
519,375
668,381
606,446
1549,136
1469,387
894,423
530,400
992,971
961,219
1330,292
571,448
848,612
993,351
1000,501
1368,503
829,830
1391,562
937,548
786,596
1675,320
1207,724
800,738
757,701
589,420
1273,647
1295,669
1624,322
1223,540
901,253
1110,837
1277,679
700,641
401,332
517,474
848,575
1102,228
965,738
916,757
890,888
471,463
1020,663
1168,828
1321,442
809,328
704,675
333,190
840,657
1068,477
969,945
1053,710
775,599
1273,626
1117,798
804,729
1250,615
343,221
584,552
465,262
818,688
820,310
1695,212
1366,616
1452,529
1208,683
1333,302
899,812
448,294
723,272
1117,721
635,635
646,258
1462,530
961,569
601,353
1272,564
1330,670
332,188
685,479
530,431
871,818
1393,47
703,421
901,485
1096,609
791,362
709,570
912,314
1774,192
1099,850
772,573
505,441
937,753
1073,797
1365,522
816,608
883,702
464,62
1503,474
420,290
1286,708
369,162
1538,424
650,570
860,840
440,370
1133,753
825,623
969,569
1577,392
342,114
1062,615
698,524
853,478
1099,645
248,159
1293,492
1770,219
483,409
972,930
558,404
486,422
1074,689
757,435
627,509
579,482
1022,859
793,556
1079,449
882,545
975,863
849,707
885,627
1333,497
642,586
929,449
785,158
1225,703
1150,531
1186,760
265,160
1040,932
1175,299
1049,603
469,162
1366,536
791,662
1663,277
1087,562
1618,354
1136,843
1478,520
754,637
1183,800
1512,223
1104,620
1344,423
562,414
833,732
158,96
544,497
290,186
1937,33
931,770
627,562
419,391
1789,201
1435,170
859,783
834,513
509,445
871,425
687,624
820,740
582,580
434,359
93,89
539,390
581,350
1486,359
1613,254
496,297
1333,183
1034,724
808,747
473,471
1050,632
1935,51
1185,474
454,206
818,784
922,800
505,474
920,273
818,765
807,700
858,162
846,314
872,865
736,106
709,542
1408,267
937,860
995,600
1042,410
946,771
759,492
429,393
1146,784
410,363
1510,342
261,132
998,954
611,587
1071,450
1220,770
894,777
925,741
865,611
1027,254
882,872
1068,718
1263,322
1075,871
1000,952
548,538
135,86
526,423
899,386
1565,313
571,193
669,649
1197,557
1106,726
967,724
1059,450
720,295
1139,611
1476,195
1585,193
517,495
1177,445
587,583
971,886
1479,434
250,239
670,670
383,326
1097,875
1057,760
1300,530
671,639
628,457
1285,587
411,351
1025,688
1445,391
875,574
829,698
705,166
1168,553
989,812
928,734
483,460
1290,291
1291,589
765,701
1438,411
1191,704
1140,822
430,408
963,143
995,455
767,444
1859,115
1115,708
992,733
1054,495
1298,466
1347,500
1038,576
428,414
1528,194
909,765
1140,246
1447,384
1000,469
1085,848
539,198
1074,618
981,884
1215,160
753,480
1315,636
666,631
1474,487
895,645
1004,955
1137,530
780,639
1282,576
1326,578
1178,396
687,72
456,442
1493,478
839,806
846,707
1016,812
785,557
580,335
641,286
540,517
938,846
700,679
1023,582
1312,367
844,744
1029,849
165,165
1319,589
70,31
947,368
997,391
707,378
1143,290
209,180
849,817
1352,606
1334,621
1022,548
727,300
1339,441
774,406
910,753
74,69
756,740
644,256
1114,873
969,968
1735,257
186,155
1449,537
434,158
709,702
311,310
938,716
936,790
979,896
948,820
1757,239
914,395
1639,297
507,354
880,724
913,444
877,542
775,767
1540,199
776,63
1625,298
155,50
1647,260
1087,541
1475,310
663,84
547,466
925,582
1075,539
1072,901
648,542
1558,216
1145,698
1077,911
1762,143
1377,130
151,151
472,162
1022,617
675,561
962,185
436,423
905,706
914,894
1287,690
432,369
933,371
682,358
1344,523
885,738
843,836
652,525
1123,395
881,767
1171,442
1155,552
1123,672
1090,831
1212,567
937,263
613,189
808,534
1363,610
613,269
688,512
1363,371
1177,421
840,656
1116,385
1134,704
1089,555
1226,454
415,389
1141,471
985,204
1309,667
671,71
1028,808
1303,501
707,535
1049,748
1402,535
367,359
831,602
1474,465
775,487
865,215
911,885
500,239
760,321
1156,504
925,722
807,620
1704,91
680,542
1024,875
1282,476
589,199
1031,856
924,510
748,616
797,551
1600,364
1099,450
1150,300
1202,526
1446,116
933,889
1300,535
1190,611
1064,596
684,566
968,780
860,602
739,564
595,573
1765,172
449,435
854,802
975,840
346,333
1271,729
1017,511
1938,50
953,386
306,237
1000,447
939,591
1244,522
1446,234
596,254
1082,798
1422,181
1485,443
1938,49
1034,931
886,611
1145,684
940,740
698,193
865,815
1352,215
1319,577
1358,560
548,543
911,814
1551,432
713,594
862,289
939,769
996,407
376,339
823,531
651,497
1024,952
636,623
661,528
1104,267
1033,828
1051,734
1109,125
955,726
1195,674
1189,284
863,804
1644,275
731,625
1285,699
952,882
1212,227
718,484
963,699
971,142
1129,779
824,210
648,275
1113,339
851,241
1028,648
1485,390
942,452
592,334
789,757
761,229
829,521
1423,553
616,497
927,846
92,78
954,828
1057,775
945,755
821,625
1873,124
615,614
1406,379
1267,535
1465,476
930,809
1668,279
180,143
1351,623
1279,644
1095,738
1356,626
811,669
1248,650
1069,461
559,457
1114,823
1306,636
1532,453
699,530
774,555
1524,429
833,675
1436,413
867,213
676,523
870,805
484,408
1159,692
700,591
715,295
1391,571
1690,249
996,600
1419,424
1040,683
907,378
1658,86
786,778
1160,760
1332,411
1457,444
1511,181
820,610
1271,718
1577,419
1132,610
1019,941
850,803
1640,190
1536,426
1673,166
719,560
531,169
1330,443
1308,620
774,321
1610,248
1104,818
1312,544
1064,904
969,759
1070,861
624,555
501,101
762,587
408,400
887,559
919,850
882,220
1000,991
1137,494
695,457
1689,86
863,816
710,683
853,399
543,400
1584,412
935,671
1287,398
672,527
982,668
999,454
211,168
1658,224
1538,356
1529,217
1665,42
886,873
712,570
694,618
678,501
695,695
1222,582
1113,823
460,116
584,510
908,814
1167,590
1144,744
1838,110
1024,567
868,842
1283,712
547,487
759,474
684,625
1020,704
927,579
1466,382
1164,658
1588,407
888,205
715,412
857,570
403,397
1444,393
1377,432
767,119
161,161
1109,413
773,765
1566,246
1362,417
1608,381
1090,114
1106,582
723,588
638,508
1360,423
1062,787
1117,441
512,344
828,821
774,701
991,871
774,627
1301,335
580,279
805,475
364,275
1339,180
933,934
987,590
352,345
1306,389
1213,537
1247,636
1491,344
933,890
1769,215
673,482
1332,352
1007,257
452,351
1141,715
697,616
1821,160
1467,380
1408,444
1750,146
1658,270
964,588
806,274
873,614
1331,657
956,867
824,703
1297,563
74,28
1186,543
1389,154
1283,181
1096,81
954,923
280,208
874,800
960,553
1554,441
939,885
1471,464
1513,396
1780,142
1230,714
917,873
1375,571
1098,865
405,135
734,469
808,632
973,971
514,323
546,546
1243,348
1004,401
1151,727
1187,760
1186,749
852,567
558,441
1285,157
1002,701
556,232
996,305
1637,113
567,390
1052,923
596,160
1185,632
937,798
652,423
1365,604
966,893
1132,753
1072,812
1316,595
1575,178
1642,160
990,905
772,350
1501,383
1141,836
739,500
520,463
1583,217
945,819
1417,189
785,759
954,892
402,268
1127,447
1244,736
372,224
943,872
1623,314
1081,522
917,858
1337,614
1298,363
1310,657
1186,740
1370,603
988,934
997,447
1447,397
972,506
1366,356
1601,364
774,665
1125,820
780,305
1221,586
1271,428
1276,177
698,308
1053,662
67,46
948,480
819,676
827,759
764,517
1007,401
868,563
997,919
592,226
567,286
1625,256
1150,598
1068,843
1083,420
1858,125
1575,399
1261,380
1297,657
1280,256
1337,490
1085,215
1006,452
954,814
125,124
1059,709
943,812
1275,279
1351,616
1095,795
151,54
883,742
974,587
1328,666
1250,391
932,687
1176,671
839,270
1131,524
787,630
1265,727
871,865
1001,912
1131,659
550,237
742,658
569,481
663,478
893,846
276,176
968,835
439,345
877,862
1308,299
114,103
421,66
1547,385
1610,276
792,227
1306,622
957,956
1736,264
810,592
936,509
404,377
1058,818
1335,654
1132,438
1449,531
1166,466
1036,841
734,283
1223,644
378,279
1009,324
1488,175
771,82
1419,575
1235,751
933,282
1049,667
1032,707
816,225
1137,615
361,308
1152,318
1834,158
1875,98
1013,437
556,220
1060,409
1306,663
505,235
1011,919
931,904
988,197
884,293
925,242
452,414
295,30
1056,551
859,165
1190,678
1143,852
1419,547
615,274
1001,974
908,882
855,608
1732,169
969,554
1748,127
1140,814
470,453
1176,483
1077,801
480,478
803,165
967,228
1680,284
367,365
847,447
1093,746
890,487
1170,739
1265,677
531,361
445,382
1404,520
1002,972
1426,498
1295,629
981,753
978,222
1029,859
1302,667
903,589
1125,667
1148,840
520,314
848,638
1424,429
1114,397
777,607
1206,370
494,416
1032,813
1795,94
1015,822
1149,662
558,277
877,596
1133,526
1002,775
1443,259
521,301
67,57
1021,976
698,393
519,336
287,288
985,665
177,139
594,184
748,713
1305,582
1209,663
1155,780
671,656
1051,622
845,692
761,178
1366,464
929,929
1272,410
1203,474
1081,785
735,570
964,56
470,343
1067,668
1556,439
916,549
987,963
634,536
327,192
728,468
1200,682
310,261
1588,391
798,598
771,329
1228,469
1039,783
1067,580
1245,542
1347,382
693,286
1038,475
165,158
1475,469
540,463
904,695
1607,312
1066,284
349,292
842,798
1005,962
1091,671
381,338
91,85
714,266
1232,404
516,496
1809,57
1103,865
699,678
1132,795
778,334
1415,547
1497,457
1437,331
831,714
1505,459
1229,607
1172,177
929,119
784,546
1247,703
1370,465
937,850
457,404
1050,923
521,379
1146,714
957,411
941,905
214,101
1216,415
740,558
1771,189
1754,68
870,465
1239,464
649,200
1795,119
922,763
309,253
1640,355
466,215
1031,835
582,583
1876,67
42,30
1661,250
859,747
1221,514
887,338
1605,142
1025,233
1594,351
1173,477
1024,971
1606,390
893,362
1142,475
1174,813
403,393
1233,611
990,709
1542,356
501,192
536,476
446,397
1153,543
795,445
980,637
1581,413
1047,286
475,162
1420,327
1392,319
1494,227
687,683
1659,262
488,437
958,724
1470,530
966,853
521,479
1451,372
658,518
116,115
1487,82
1376,292
1206,699
497,235
488,363
1363,397
1255,744
1193,523
674,620
1211,456
1583,417
1267,605
946,936
1225,750
477,191
1178,436
1677,205
1764,33
1290,572
1072,396
1053,653
706,697
1419,299
551,381
387,373
1229,733
450,370
1566,374
1193,755
902,242
879,482
801,729
1531,461
1100,576
557,423
922,801
1126,399
1301,689
539,293
1037,461
1432,267
459,411
1132,493
1011,636
533,427
1407,314
877,766
839,538
969,327
1248,346
1571,418
1275,548
652,433
1518,258
1073,924
1117,827
447,145
878,682
995,720
619,282
1528,290
578,468
673,231
809,474
452,389
1538,347
1545,330
1240,656
527,477
226,198
1364,402
815,737
1037,905
1175,738
1440,447
1066,440
944,880
971,613
1174,332
625,596
713,696
1337,333
557,431
969,146
1167,604
1226,146
1421,189
565,339
871,458
793,282
1196,551
1045,789
1118,697
1039,783
1564,347
894,854
321,237
1307,601
876,875
1319,35
932,369
1519,398
917,810
1170,362
1153,681
1403,327
791,508
1197,652
696,319
908,298
1115,607
756,751
909,865
1667,18
986,904
1118,750
1246,533
986,745
1193,680
580,517
651,606
1076,435
838,782
1551,218
822,635
1271,490
1189,688
1645,348
1827,171
911,447
600,513
1078,764
881,819
1617,289
1487,507
236,167
48,47
1195,464
458,178
753,489
771,151
672,392
1312,618
713,689
981,481
922,469
856,651
1062,284
797,498
1114,458
956,494
1094,833
801,710
1354,554
628,245
997,853
1301,305
602,371
715,425
1212,575
1088,567
1017,887
1148,834
563,332
979,323
886,254
976,975
1338,309
980,817
381,310
1313,661
1702,271
928,652
944,901
1233,703
1185,756
352,215
1019,970
996,766
1388,604
1355,181
696,314
678,548
550,316
967,860
369,125
307,45
902,802
1085,859
1257,454
1339,586
603,385
1761,172
1401,426
1746,141
1445,536
1123,778
678,649
978,977
825,583
1455,411
74,64
1409,292
324,264
1247,177
323,291
203,75
994,959
1186,788
1824,153
1041,140
1171,782
657,642
1640,360
498,497
1023,807
914,203
799,468
1487,351
1653,271
1398,553
465,404
745,653
1353,628
126,75
884,578
876,743
929,913
472,320
1057,848
857,606
1479,400
842,710
1114,843
1275,556
785,480
794,452
1520,466
1215,450
635,360
1653,169
1062,696
1241,683
1545,375
934,930
1062,600
371,323
922,736
980,870
994,635
651,545
763,748
1260,681
143,92
924,675
635,475
524,153
1750,140
809,536
830,630
785,227
1201,59
930,779
1136,848
1052,935
1161,395
1003,721
1361,600
199,195
651,569
427,413
1187,485
1210,265
1240,746
1414,529
825,437
376,202
1446,314
1395,208
871,497
1859,126
1124,662
341,329
1198,730
473,395
1686,305
736,612
1206,580
651,209
858,241
864,434
1084,321
1306,31
669,599
851,743
1057,561
1610,344
912,579
469,386
785,707
773,393
1302,630
1484,115
1416,479
1005,812
959,589
965,690
1129,813
796,578
1077,799
945,627
772,232
819,672
1468,397
1261,568
1362,627
1655,245
562,262
707,535
835,778
455,387
1107,328
1317,614
1057,912
1219,741
1319,418
1151,807
1623,296
1193,674
804,780
1647,291
516,205
1295,370
1421,577
492,492
1168,632
987,795
979,850
649,449
957,728
882,882
1456,500
1938,60
466,101
1462,280
1014,725
983,314
1036,676
946,874
920,485
1172,753
230,113
529,388
1119,518
1805,74
1071,338
946,397
828,745
1660,337
879,364
1051,696
1335,619
917,917
782,455
1512,228
1768,128
1130,779
899,598
1610,200
1418,554
1337,632
1008,570
1454,428
749,607
1354,105
1616,347
1506,353
1064,453
1348,494
918,514
579,205
1009,819
1387,444
1306,688
1146,831
1151,509
587,287
73,58
1172,386
1330,279
962,888
464,366
1177,449
1043,912
669,384
1347,636
847,747
1283,571
1136,720
767,618
1109,649
1073,730
1430,181
498,416
1366,600
544,348
791,546
653,555
1711,214
1730,246
1159,760
1000,976
920,610
539,422
842,664
1217,159
803,782
1326,599
1937,60
632,350
933,544
1141,838
1574,123
934,928
326,264
1009,249
1347,375
1795,180
698,628
797,742
851,725
1340,407
943,860
419,345
444,289
1608,201
960,826
852,434
1930,69
736,212
716,544
1527,394
987,804
791,707
1073,588
1252,462
910,765
1216,748
1142,712
1416,533
1576,288
925,687
1216,753
1073,699
1401,556
884,818
956,568
748,568
1060,682
948,727
968,199
1001,927
729,403
748,656
1911,64
1076,92
877,710
1394,437
1487,287
1059,771
672,656
855,617
606,581
405,357
1103,784
1022,314
216,213
1450,368
1860,140
1043,659
841,772
988,594
1629,356
648,377
1008,309
1173,342
955,611
807,711
1083,217
673,418
1068,570
753,602
1145,571
532,187
1075,663
1212,430
1128,96
1175,465
1110,736
771,548
1154,475
1046,672
806,667
283,255
1378,233
982,831
312,238
902,779
596,378
1314,662
713,662
868,607
871,175
291,210
1230,749
1419,487
1037,956
1036,876
1054,595
1038,719
975,437
652,224
1344,382
689,689
550,315
1253,737
1526,139
817,597
946,566
902,719
863,679
1206,202
182,129
1819,154
1319,362
1024,721
760,678
844,628
1000,507
1684,256
777,557
702,104
888,829
325,277
1261,590
1161,507
1532,260
1334,584
1504,452
849,541
446,416
1471,515
924,888
760,353
570,540
1055,516
1202,764
362,351
620,604
946,725
654,548
1234,163
862,459
530,396
591,528
1257,368
1334,449
1331,643
1337,624
711,311
801,510
783,771
1198,562
1174,717
1011,664
810,685
797,710
676,309
911,269
467,414
861,554
915,642
1554,440
718,548
950,237
492,482
1004,228
992,984
710,633
1020,754
1590,161
711,575
839,623
309,276
734,686
1163,592
1071,452
1491,454
623,426
971,901
334,275
1308,376
915,871
860,556
1698,169
898,758
339,63
1464,517
494,425
1331,296
1000,461
842,313
1120,113
1548,385
973,769
572,450
293,276
391,328
394,393
787,738
709,608
225,204
1047,770
1053,459
1702,53
1369,598
1611,383
1114,336
1509,137
734,416
1215,376
1215,446
1202,762
442,420
1049,792
445,408
1123,849
643,368
561,483
1123,794
950,743
1127,717
1811,185
1162,250
1628,199
565,273
971,579
1071,913
722,496
1246,710
464,328
1196,763
49,33
1274,515
526,433
435,302
1539,378
980,304
1062,606
1519,461
874,818
685,275
895,831
1349,553
375,365
1014,479
794,356
1267,690
1401,169
796,589
1521,346
1085,774
1349,593
1529,367
1218,780
1698,271
1226,768
681,282
323,280
781,343
1066,816
737,496
839,667
542,463
750,631
1180,513
1225,480
1066,635
1607,181
1299,237
888,874
1503,218
341,261
1365,435
999,947
957,241
976,595
568,288
1240,279
963,728
1454,433
446,252
832,764
627,627
989,582
1056,934
751,660
712,599
807,318
1032,786
906,828
1144,278
974,744
45,42
1016,765
905,890
918,809
941,774
883,795
1206,719
1302,469
363,290
1228,528
731,649
1415,562
1177,342
845,352
1320,659
944,888
839,667
1189,680
1166,252
954,141
1096,559
1862,104
830,577
708,614
616,447
1206,638
1244,586
1117,640
573,243
366,296
804,210
1054,216
955,793
918,693
464,401
603,587
437,296
892,473
1000,578
797,619
1163,88
1333,442
1251,652
988,933
1352,161
299,266
848,334
422,247
417,160
1229,733
841,504
704,202
1598,281
293,239
1283,488
995,928
944,562
1651,311
1011,966
838,621
702,700
663,639
411,373
1189,626
1414,566
1049,859
1681,294
1271,348
1245,664
499,483
667,630
1083,620
1451,535
990,939
412,43
1287,416
1426,419
843,350
1616,177
642,183
976,775
1027,565
550,517
1275,721
818,95
1464,506
452,330
739,408
1121,871
1088,582
1739,208
545,516
1711,205
974,968
714,238
723,351
415,362
1242,407
264,184
1128,819
625,476
832,612
795,472
1419,258
1242,480
1531,363
984,855
579,481
989,679
1636,210
767,275
522,406
937,793
1586,279
1245,726
879,758
511,401
871,713
1520,473
952,913
1498,502
257,236
613,610
799,741
1210,585
786,621
290,288
953,716
1084,566
756,279
1197,367
1374,613
752,601
725,143
883,502
996,898
1238,474
291,234
1191,578
873,778
1070,920
1706,202
1374,444
693,555
742,339
1219,435
1292,109
1371,545
815,407
1618,361
646,472
1093,760
1125,856
920,706
440,293
597,567
982,971
616,447
980,742
1007,781
1165,583
55,38
1419,288
1727,61
1174,337
878,614
137,73
1138,577
974,719
175,166
909,694
1738,202
737,682
1306,129
1337,578
958,911
1057,722
1043,899
1799,165
1168,428
748,678
925,80
718,295
776,677
1526,314
817,765
949,764
1028,914
466,339
926,785
1150,460
924,882
965,555
942,888
1131,722
1179,482
496,282
983,954
816,581
505,383
1297,304
1537,392
512,277
554,540
1215,736
1101,852
706,460
1205,277
1668,326
508,487
963,723
863,627
1629,360
1738,112
484,311
1337,323
685,574
1212,698
1622,176
646,634
1459,370
999,694
946,942
539,145
1413,584
1476,506
1090,504
564,384
1746,104
1559,357
1433,138
1712,252
1663,320
1468,457
999,785
1053,907
1237,673
1500,433
734,532
1100,682
759,278
1114,855
1044,743
1090,859
290,202
952,749
1035,863
855,769
833,698
862,253
1397,585
1059,913
980,976
725,491
1828,158
540,537
1279,628
1001,798
1149,650
268,106
1030,489
716,607
600,529
607,419
1152,846
1073,499
953,703
666,369
277,127
479,342
563,305
859,775
1384,531
347,245
682,355
1361,572
1089,539
1403,593
774,515
973,782
769,720
836,801
1367,567
1015,797
455,335
1107,857
1298,305
1382,348
862,440
1550,418
1072,474
896,798
1142,814
1196,730
1207,462
887,818
1103,809
693,455
1418,398
1007,921
897,868
1362,632
693,617
490,301
672,661
486,479
855,816
100,98
1308,689
1127,792
978,527
998,930
861,498
932,749
1288,706
688,468
985,837
1420,497
1043,750
1014,859
1177,779
505,499
1052,623
804,635
1797,143
912,648
1021,911
939,847
117,102
827,630
1158,822
401,393
302,298
715,540
1392,375
1405,536
969,833
793,675
710,242
976,449
1196,786
1269,554
860,253
1222,340
1773,221
1165,680
1146,588
622,408
1401,442
917,272
824,255
1020,962
1346,383
1603,42
1321,173
883,817
1860,139
824,803
985,798
1234,730
743,648
1344,631
1556,369
791,450
1020,818
695,599
1389,611
1342,567
562,560
622,613
748,585
898,651
1233,682
1377,562
701,600
351,311
1109,130
459,335
1223,726
1187,472
519,459
1215,490
620,545
1062,637
1346,559
1292,707
783,361
1180,741
1093,604
1220,759
514,320
1223,331
485,275
1046,358
1014,424
891,294
1213,327
744,537
1032,865
428,368
1005,492
1594,391
832,301
1169,517
562,343
1592,171
1482,493
811,607
480,374
509,339
931,911
1286,386
1714,147
1196,753
670,487
1214,737
1230,590
1561,413
611,455
1018,862
977,818
1873,125
1199,587
1346,464
869,862
901,66
1195,452
402,235
1157,680
1308,681
1916,82
1015,93
1152,691
559,413
671,288
633,629
1376,406
392,345
1154,536
944,945
1458,378
598,291
911,361
804,734
895,834
1321,171
1497,345
470,91
1395,529
880,799
1834,139
1055,620
728,691
995,868
244,69
1054,785
1172,64
1050,598
999,823
1767,198
784,679
503,371
781,681
575,379
1400,494
1622,377
1555,409
616,445
969,302
620,338
1130,771
1103,806
1069,892
776,508
998,932
1405,414
403,151
563,512
1073,286
1519,277
1095,711
529,390
1225,423
1191,693
1785,59
436,417
1080,906
851,791
641,604
1495,284
1520,354
1435,314
959,904
1035,921
1086,336
789,732
247,55
853,369
1318,433
1141,664
263,169
946,243
1548,435
1074,709
345,25
1569,243
1399,543
1170,297
631,572
763,668
566,152
1512,451
1140,444
1138,638
857,367
1534,135
1393,434
1915,68
901,803
1004,464
815,655
1733,217
427,360
1008,936
1397,183
1000,242
913,659
1159,279
843,495
1278,609
562,288
400,324
1106,369
1240,132
1211,754
1600,151
844,540
1546,452
737,611
801,586
619,337
1456,455
875,348
1642,321
566,505
994,990
879,729
910,680
581,555
1012,545
1131,510
529,388
1209,660
873,575
1222,523
755,485
1129,838
1225,166
1259,565
1143,457
742,654
1014,975
793,628
630,247
799,736
1631,296
1161,716
1003,597
350,269
681,415
999,783
1293,361
983,483
846,802
849,729
1070,284
877,495
1151,733
195,79
745,696
1174,531
799,24
411,266
1508,430
1024,488
1269,611
1428,202
401,281
910,842
1069,912
1715,155
1128,754
1301,382
1833,86
1757,177
1090,601
540,349
1490,361
1061,673
875,794
841,699
1032,902
1045,939
1702,297
966,275
1337,597
1480,364
426,334
525,461
707,378
834,541
1069,305
655,110
236,83
143,142
981,920
1418,454
1366,611
298,131
528,356
741,144
396,102
1638,346
1565,383
1641,209
683,392
832,574
1347,469
521,429
1436,479
672,224
428,222
1020,282
851,65
1117,133
979,831
1698,287
943,479
1003,697
863,563
1065,719
655,536
1186,493
789,637
989,427
748,749
1281,696
1117,804
684,257
1868,129
1007,984
891,473
1045,435
1492,121
552,435
1450,415
1504,492
985,610
487,403
998,276
719,703
991,657
194,174
993,929
1237,503
1120,284
1021,925
1403,566
1516,275
573,468
433,58
678,572
1141,360
681,400
805,714
783,660
411,122
1655,223
393,376
936,919
860,662
1070,794
431,432
1183,411
1063,676
735,680
620,185
738,540
1265,412
356,304
1010,988
1267,405
860,687
469,396
892,826
819,667
394,167
533,175
969,512
1659,232
1310,652
636,566
955,832
933,524
610,457
1335,553
1279,299
518,189
1097,875
1020,633
630,622
1022,499
663,630
75,41
918,267
1050,906
1415,170
650,564
594,377
1647,287
1188,478
1080,888
1924,27
1824,107
1671,238
625,454
436,388
1348,201
633,337
933,537
1004,715
1637,276
1617,250
732,721
803,723
356,282
567,279
1303,246
1956,44
1427,391
1261,439
1504,396
400,399
1089,513
267,206
1451,458
702,529
1108,745
1690,260
1380,616
1307,689
1152,233
1277,706
1368,621
1167,824
498,385
1332,555
1005,790
868,521
1735,249
1158,742
1214,217
1394,577
1655,339
844,413
1339,639
530,351
1104,524
135,57
1270,634
1484,493
992,889
1141,662
911,396
962,902
525,484
692,564
602,185
1619,219
611,597
1021,734
1772,107
880,362
243,107
1308,688
104,77
1081,505
996,234
480,317
410,241
828,460
627,624
967,960
772,395
1348,636
642,265
857,447
641,513
226,201
1168,809
1292,235
130,89
1594,358
1225,769
1852,148
878,748
1001,446
1179,773
659,556
1510,416
265,254
862,810
1301,176
1017,953
1123,706
933,471
142,136
1229,403
944,544
592,578
1659,276
1265,715
1296,565
741,277
906,671
1341,474
1523,446
894,863
945,570
969,744
1597,254
876,735
683,262
447,201
824,746
1478,322
808,692
1223,460
1049,817
1073,845
942,888
864,480
1624,312
1220,136
1183,631
1550,385
516,223
970,599
1481,351
785,655
1322,318
629,599
675,486
706,685
863,605
874,861
489,452
336,267
1238,757
1866,134
934,877
1032,833
1031,317
756,730
1318,344
415,176
1158,724
552,508
740,582
843,294
804,167
1190,406
1260,498
375,70
965,231
757,606
857,847
858,410
230,138
933,725
1459,258
1852,99
1657,306
970,795
1139,386
413,378
899,394
825,146
620,513
1670,330
1010,539
888,776
1683,302
573,422
150,133
529,527
1465,273
714,415
693,327
1203,436
1335,664
856,771
1680,264
1874,90
1152,253
925,800
842,795
1588,324
893,787
1080,612
890,399
610,103
972,802
1258,279
324,115
1023,412
693,366
490,345
1287,313
1114,562
687,468
1182,570
868,853
1374,564
764,474
544,496
1075,87
993,555
990,520
472,433
1128,720
502,268
626,494
1079,567
997,972
401,170
764,760
1496,217
1359,592
1279,615
1660,250
868,731
620,554
961,707
1000,682
841,582
635,273
1553,296
886,768
515,432
1532,319
816,714
1489,408
1369,316
1936,48
1100,868
875,598
175,136
1210,165
710,614
590,438
197,183
1855,121
949,930
501,236
775,694
593,500
838,247
479,318
425,216
975,725
454,150
1061,231
1297,325
686,415
1201,679
782,727
1020,623
753,422
909,316
748,524
994,907
1719,234
606,457
545,143
490,449
487,339
1325,631
1050,734
1273,677
1058,769
740,240
1318,678
1218,705
1142,853
935,627
1008,978
212,121
982,651
983,939
1037,963
1109,690
773,411
1232,643
1543,243
1306,619
1246,682
1559,236
873,353
1066,785
737,488
1076,405
888,637
628,566
1123,756
1492,508
991,966
1170,792
407,223
1065,900
1189,416
508,356
534,406
903,799
713,526
1127,415
887,814
1207,125
1947,3
592,488
1501,251
1337,151
1838,140
709,447
767,459
860,463
939,899
1011,771
1206,546
1005,313
1171,698
1009,913
863,834
1644,109
733,657
891,620
753,718
884,491
1301,506
33,16
1605,255
392,250
819,595
1278,250
887,816
874,397
1171,806
548,538
634,305
950,924
1085,871
514,476
1156,741
734,724
1081,539
414,288
995,583
1353,368
632,526
693,372
951,896
365,322
548,201
1717,205
279,262
582,297
858,403
593,563
1350,539
1024,748
978,708
393,367
794,294
709,541
696,395
425,165
1012,272
906,797
1608,383
1279,394
1613,381
1001,888
738,704
988,931
1398,381
1621,369
1105,843
603,581
1527,397
800,797
1254,736
721,275
1003,960
816,767
1010,953
1583,166
705,686
1204,537
1081,780
811,468
1320,581
1706,189
1317,303
611,605
893,203
720,591
1260,319
976,962
585,524
430,294
1525,349
655,440
1411,526
780,369
753,668
1048,926
1303,571
965,693
924,815
1053,482
930,509
1123,857
850,754
1384,383
1726,262
549,487
428,260
1273,32
948,721
672,642
1417,349
1059,166
1292,534
609,411
1077,896
1796,102
1320,676
743,646
875,436
483,278
1373,517
1060,247
780,444
644,638
1287,488
1515,279
1270,558
1083,611
734,685
684,397
1306,412
852,779
780,516
916,666
1477,279
1217,497
1179,793
1258,662
338,48
979,858
1060,389
1583,345
547,518
1254,425
1254,653
959,797
1637,320
1784,124
1232,330
738,370
827,827
934,712
995,267
924,823
1133,270
900,582
1113,594
1202,633
1602,357
938,727
1074,834
694,525
757,616
600,594
1547,152
890,390
1601,170
552,376
911,226
588,456
1541,29
796,750
1303,628
902,391
1137,390
1221,555
1010,463
839,499
1336,572
825,244
1716,255
983,739
510,336
1187,570
1064,773
1206,59
922,864
1009,426
1580,393
1145,334
962,731
870,416
1476,520
964,669
981,693
1035,392
898,552
1360,435
1313,425
1304,644
968,778
522,518
930,924
1790,206
994,976
1104,773
162,120
943,903
1593,369
1021,433
228,190
1292,680
779,501
1196,601
1051,110
857,616
1169,579
1252,463
1207,278
1698,283
1822,54
575,571
1466,431
433,318
1363,289
1691,210
1284,699
753,570
919,555
519,512
1184,373
1030,613
1280,702
1223,529
1440,425
895,326
543,481
1175,812
892,890
1050,897
1088,209
224,170
1009,755
448,157
887,473
1116,743
1761,139
971,841
1552,404
1690,194
161,54
696,302
953,218
566,419
1074,282
1069,263
1629,340
1249,739
566,374
873,831
1702,239
980,637
925,766
585,521
1081,335
192,188
1036,797
243,200
1163,148
813,792
740,290
679,558
767,741
917,608
1354,583
1453,505
1077,569
936,860
1160,446
1183,505
1021,919
1405,538
1063,738
1056,219
1747,253
1409,520
468,318
1315,392
1203,71
841,712
1002,660
831,363
1440,449
1139,830
912,822
1245,333
889,341
1646,336
780,558
1157,402
752,605
470,360
871,415
1080,908
1181,800
634,362
978,724
1479,375
662,330
1411,589
747,713
991,631
808,717
1053,469
611,338
761,503
543,58
1231,719
986,953
1139,378
854,603
1401,594
1244,704
585,574
1342,521
741,657
1682,149
541,500
1259,99
797,707
1555,239
1116,869
1238,722
1428,399
1262,735
1120,879
635,373
1258,528
1038,792
577,196
561,353
921,758
853,805
646,291
699,503
1901,73
1104,810
917,907
1310,282
747,307
1029,737
919,84
879,293
378,298
1797,120
1394,560
1156,820
1359,641
469,204
1559,79
580,467
1617,122
986,983
368,80
1236,564
848,838
882,489
1496,504
481,441
549,532
965,776
739,736
725,466
1193,375
622,457
1008,712
156,150
1139,783
1317,209
1057,495
1114,860
1166,345
239,217
1208,700
859,812
1234,489
685,366
1882,118
1067,597
368,319
1242,298
1390,487
210,139
1716,203
1110,759
1001,885
1114,677
912,871
1293,610
624,570
1067,877
654,591
703,517
967,664
793,355
938,673
1199,732
949,897
1552,350
953,898
1097,853
1270,461
782,730
939,600
867,369
1055,250
1221,609
1390,510
1058,924
1061,827
970,674
1273,586
944,178
721,702
1114,849
279,156
887,862
1506,278
614,591
562,558
1209,651
887,674
799,375
1271,666
399,372
1106,872
931,855
1028,952
1192,425
1422,559
1386,381
817,811
1014,769
1635,322
733,618
1610,283
645,626
923,761
199,198
855,647
1438,521
1896,98
1535,404
1655,200
828,652
1580,109
890,783
910,518
1010,766
913,847
543,448
732,207
577,481
602,553
1261,275
946,802
588,508
1324,416
1139,630
776,772
932,776
1186,409
857,300
1348,428
1627,345
669,656
866,563
1134,185
1412,452
1078,922
1556,417
985,983
1012,677
720,544
1663,318
1102,856
1090,463
1228,629
704,637
1401,539
651,622
480,336
1245,709
1269,483
771,528
799,671
896,844
959,519
531,155
316,260
1196,687
1309,558
1089,800
725,340
674,585
848,773
435,351
1393,131
1488,503
1557,384
1016,694
1171,580
935,762
934,763
609,114
1275,453
184,174
1234,534
1011,970
1211,706
1520,338
916,912
909,595
971,943
1387,582
522,185
773,391
1106,439
1263,226
382,273
1376,537
1062,879
776,319
610,492
496,276
1023,419
1884,95
711,631
1410,394
1052,484
576,545
1191,147
1091,391
557,509
1505,402
1526,277
711,638
671,427
1328,197
957,925
1422,516
1777,217
1039,745
1058,783
374,105
953,427
1233,499
299,243
662,550
832,817
1431,362
1556,181
933,783
1002,918
1368,162
1519,452
1367,586
477,302
869,355
700,346
733,671
649,601
823,706
1410,214
322,322
936,601
1865,78
1222,722
1259,598
515,418
1031,808
942,602
1214,775
971,327
1071,698
1525,310
1246,462
1419,334
1208,452
799,412
1116,580
596,575
553,541
1296,208
1101,559
800,344
1216,728
1125,226
1571,155
1412,467
1051,724
1402,344
1023,741
1896,93
1734,87
1193,583
650,600
1055,165
966,520
911,672
1076,570
1134,577
793,311
739,719
1053,938
1098,302
365,363
668,565
1068,544
968,927
800,292
1022,620
557,158
299,211
961,918
1125,294
1488,98
704,514
677,390
1208,160
1200,524
544,436
984,483
1420,426
476,455
685,679
1183,490
921,921
1093,182
1450,546
1034,758
1016,938
1082,856
1663,271
1052,764
1033,744
1455,429
987,334
965,759
154,138
1328,589
809,259
1103,758
1514,457
914,868
111,108
917,730
1806,160
945,741
977,935
973,756
385,85
528,157
1253,689
943,504
1448,173
1176,802
775,581
149,124
1013,691
748,359
758,684
182,113
982,809
481,164
964,905
663,526
845,585
1241,243
603,279
1038,784
1592,287
1334,68
138,126
1751,174
1035,865
595,394
506,376
1197,702
1157,616
651,564
980,862
1038,602
1073,594
831,478
950,309
721,631
962,695
1120,809
1351,366
643,568
789,614
1121,511
1289,327
892,392
1409,580
378,296
1186,768
1129,244
502,363
980,186
1074,450
1478,506
963,677
522,480
709,622
1017,898
398,370
922,881
748,621
1248,727
1527,322
664,369
268,36
757,685
993,630
1039,873
1037,534
1069,914
1300,489
473,473
603,554
1026,673
1236,739
604,377
205,178
1542,433
928,552
1602,306
835,736
1462,406
1503,453
1053,674
1849,29
792,768
976,869
378,368
908,798
688,533
991,755
407,321
989,858
1099,677
1184,443
1012,481
1307,449
691,683
622,527
816,528
842,724
1234,731
1276,594
774,333
841,663
556,301
832,824
1435,503
703,204
1393,570
1490,187
851,155
1212,776
1204,651
1536,115
1094,905
1770,21
1178,773
1361,624
1607,318
356,347
1083,804
1184,773
975,969
649,399
1401,460
1341,505
638,270
651,368
598,580
214,197
880,6
638,415
1014,366
986,928
1575,95
1038,813
667,652
1771,155
1335,20
910,770
858,295
1428,546
410,400
999,253
1268,601
1787,168
994,966
816,617
1319,532
790,515
516,373
1557,431
692,644
451,334
1437,392
722,702
1623,343
512,284
1056,482
1401,545
1251,427
1160,729
441,188
1007,353
862,856
1044,936
1911,82
935,919
1102,869
1762,94
1141,294
712,711
427,342
391,178
1047,952
168,126
1459,445
857,691
1202,163
720,701
1459,286
799,505
910,910
500,210
1290,346
470,414
620,436
847,424
944,411
1086,848
859,335
1138,446
1234,555
257,141
175,155
911,348
726,550
1001,976
1710,240
1436,362
1043,679
715,394
652,302
911,744
1613,188
1048,820
760,673
1840,102
1046,671
813,442
1492,499
190,134
871,612
1058,855
1109,701
989,900
777,283
1383,212
1493,473
844,559
1672,301
990,680
452,159
609,394
878,269
1167,828
687,542
1801,160
1150,358
1664,328
893,797
1138,708
1210,618
301,257
1080,110
1652,329
1501,491
1228,421
783,406
280,194
754,615
1592,157
1023,320
912,830
488,461
738,567
780,247
1110,812
1059,522
1133,634
1178,697
1335,650
1191,457
663,272
831,447
1026,714
1036,599
1492,303
1502,200
959,884
981,915
1169,445
1339,304
1212,620
1056,563
841,721
571,355
795,658
1237,394
617,554
839,372
1711,186
905,832
1462,138
892,871
1695,271
1079,512
1031,487
569,389
1013,522
1301,615
1618,62
1103,773
1364,68
817,717
838,837
881,847
981,935
1773,198
416,248
1125,436
372,178
1323,630
644,150
1286,704
1169,451
686,480
921,814
899,224
1679,180
1084,524
969,502
467,348
1290,523
1133,739
755,609
925,851
1242,451
1197,592
1374,79
878,534
1067,634
1674,277
1522,200
870,163
1253,559
1026,766
1135,845
1326,618
705,454
885,545
973,665
1404,368
692,631
1083,646
931,287
776,345
1364,612
1485,329
597,194
784,427
1395,467
565,498
1333,481
510,125
1357,408
1406,285
882,739
895,805
1323,477
1175,805
649,575
1293,486
1007,609
654,569
1478,395
1049,846
932,834
823,283
1238,409
990,952
1106,448
1136,512
1308,691
873,842
1140,851
1214,715
1740,256
318,284
1179,552
749,715
1072,800
759,724
1525,430
1293,589
1161,727
567,512
1457,422
807,518
464,398
571,431
433,431
944,882
1072,177
248,137
545,398
680,558
1076,656
1110,782
473,221
849,843
1120,805
931,693
641,416
1076,870
1228,635
1058,786
1118,603
1595,119
1023,827
1747,186
1095,550
106,107
1066,459
1217,562
1281,689
880,754
1847,89
789,434
486,481
1596,351
1536,342
972,814
743,248
1408,441
1326,428
1004,689
1288,467
937,542
984,649
1603,338
1100,611
1037,937
1023,624
1112,779
919,752
1403,348
886,520
939,366
1415,569
851,389
562,456
1182,758
1006,461
919,71
386,39
1432,563
942,855
630,347
893,482
577,406
1152,762
1124,691
703,675
1437,413
602,411
1551,365
428,263
1004,402
451,343
721,276
529,517
955,896
1296,628
1114,821
985,907
1172,310
1924,18
508,474
1058,753
449,414
1116,195
633,511
1250,304
600,79
1624,287
541,293
1062,509
1208,489
573,431
1359,638
348,205
1021,842
1022,833
1384,565
995,569
1465,203
877,388
771,669
682,659
661,399
814,413
1107,312
954,451
963,187
1965,34
1519,310
781,773
913,785
219,195
1027,678
780,508
394,320
918,446
1154,835
764,480
1101,859
1734,100
1043,808
1454,443
1005,824
1390,588
222,190
1284,697
1142,856
566,299
1224,609
857,311
551,493
790,605
1058,918
1190,456
1635,190
1100,659
1097,588
914,804
1286,689
843,582
1006,279
657,416
543,439
1146,659
781,712
465,268
665,471
601,373
1423,284
1153,503
1669,214
1075,715
759,685
779,717
682,497
876,756
332,205
501,274
1191,446
288,107
1316,337
894,526
658,533
1099,701
355,347
1260,166
814,773
937,841
1018,742
551,301
1260,650
949,891
347,68
1465,146
1388,600
956,918
704,549
322,213
743,409
691,452
341,207
1121,248
1027,534
997,977
838,636
1141,773
203,171
1293,485
951,668
672,668
1394,256
1073,869
1226,537
928,875
1029,448
1170,491
551,455
429,215
813,781
1214,740
656,288
644,619
834,387
992,705
420,115
1186,168
1569,275
925,916
567,476
388,268
594,584
767,405
1009,938
1040,728
1498,61
572,469
1000,979
968,640
927,878
313,115
1131,863
914,410
336,241
505,126
717,394
366,270
1062,512
349,265
1095,885
1824,161
1225,618
1268,703
1429,450
1372,217
808,462
1151,394
931,452
1123,331
972,964
1474,526
824,809
1009,556
539,488
1070,199
1066,691
849,590
1348,458
1026,195
1206,783
980,669
1121,404
1135,701
1291,658
1095,658
952,751
1129,818
1489,364
890,807
1546,283
1123,420
474,304
912,755
1547,365
572,441
1385,178
1000,991
743,233
925,763
603,441
1628,85
771,675
1172,480
502,485
768,557
1343,607
1517,429
1792,185
1232,339
1185,736
100,54
1316,461
930,896
1584,400
988,551
562,557
1064,933
1225,619
330,300
1513,160
800,797
1139,560
687,521
1390,384
1064,596
978,620
1119,567
939,828
581,368
1529,385
654,394
1050,772
275,146
150,130
1454,282
1026,654
431,257
907,493
983,902
1421,342
752,448
679,457
1095,580
996,578
1140,860
553,458
690,509
809,429
739,254
101,47
1193,674
1149,752
369,360
953,825
1089,670
685,426
1233,526
1027,609
903,280
1300,122
1231,196
1510,425
1296,430
1429,413
628,321
642,622
356,329
941,752
1888,111
939,161
933,875
764,362
999,776
938,679
1443,366
906,391
1305,204
1189,803
1010,109
1259,413
407,353
394,353
1529,141
891,633
1064,679
86,64
590,302
1031,500
1013,847
1609,184
1033,372
1207,545
671,550
1196,724
891,838
924,921
1317,680
1068,856
1137,770
1239,690
856,175
1484,425
331,322
1506,491
505,485
1290,233
780,578
1162,633
1037,834
1200,674
806,734
1212,354
686,122
1090,564
581,305
92,85
495,474
1385,584
937,704
1186,571
554,456
1003,853
1430,354
1105,788
688,500
1311,636
515,478
1353,570
1270,500
957,272
1242,675
311,101
803,504
872,679
1713,80
771,699
1189,803
1825,66
682,397
695,507
550,456
420,376
584,510
615,359
558,301
1051,840
879,343
637,584
992,852
952,943
357,303
988,885
1148,616
898,514
929,877
1094,676
1281,715
1455,302
986,699
308,256
264,265
664,600
1059,743
707,560
1037,396
1174,169
1120,683
1230,739
700,470
978,271
593,311
841,771
1029,901
724,642
1030,706
1060,722
521,371
1051,765
1048,949
1066,238
843,265
822,791
766,88
381,365
1000,47
1267,660
893,587
1306,331
1467,385
1110,713
1042,492
1072,902
995,873
641,295
925,715
1787,186
887,779
852,753
1029,959
1692,104
676,629
1139,713
1440,457
902,675
937,906
887,841
1046,234
755,660
1209,411
1484,475
1389,606
331,243
981,397
1325,433
1002,483
1116,689
1096,833
217,179
690,686
1086,791
874,809
778,301
937,710
760,506
1755,221
711,243
819,784
730,327
698,558
1006,723
928,839
980,878
1503,400
967,690
1622,343
917,866
1080,650
689,565
1689,133
1387,16
1754,190
1598,374
1111,536
686,508
963,596
1257,642
492,173
1603,262
1916,68
960,709
927,898
1220,724
1072,437
1417,403
458,395
1873,70
1428,544
829,729
1565,304
1031,968
402,335
856,798
615,580
1281,239
1366,557
790,468
726,482
514,308
1076,830
775,204
815,721
956,945
602,540
667,244
1198,630
742,742
1056,936
1458,361
383,323
1437,352
1731,192
1708,180
986,361
882,850
1050,492
1018,896
649,75
518,127
587,197
500,439
1086,911
0
0
0
1
1
1
1
1
1
2
2
3
3
3
3
3
4
4
5
5
5
5
6
6
6
7
7
7
7
7
8
8
9
9
9
10
11
11
11
12
12
12
12
13
14
14
14
14
14
14
15
15
15
15
16
16
16
16
16
16
16
17
17
17
17
17
18
18
18
18
18
19
19
19
19
20
20
20
20
20
21
21
21
22
22
22
22
23
23
23
23
24
24
24
24
24
24
25
25
25
25
25
25
26
26
26
27
27
27
27
27
28
28
28
28
28
29
29
29
30
30
30
30
31
31
31
31
31
32
32
32
33
33
35
35
35
35
35
36
36
36
36
36
37
37
38
38
39
39
39
40
40
40
40
40
40
40
40
40
41
41
42
42
42
42
43
43
43
43
44
44
45
45
45
45
45
45
45
45
45
45
45
46
46
47
47
47
47
47
47
48
48
48
48
48
48
48
49
49
49
50
51
51
52
52
52
52
52
53
53
53
53
53
53
53
53
53
53
54
54
54
54
54
54
54
54
55
55
55
56
56
56
57
57
57
57
58
58
59
59
59
59
59
60
60
60
60
61
61
61
62
62
62
62
62
62
62
62
63
64
64
64
65
65
65
65
65
65
65
65
66
66
66
66
67
67
67
67
67
67
67
67
68
68
68
68
68
68
68
69
69
69
70
70
70
71
71
71
72
73
73
73
73
74
75
75
75
75
76
77
77
77
78
78
78
79
79
79
80
80
80
81
81
81
81
82
82
82
82
83
83
83
83
83
83
84
84
84
84
84
85
85
85
85
85
86
86
86
86
86
86
87
87
87
87
87
87
87
87
88
88
88
88
88
88
89
90
90
90
90
91
91
91
92
92
92
92
92
93
93
93
93
94
95
95
95
95
96
96
96
96
96
96
96
96
97
97
97
97
97
98
98
98
99
99
100
100
101
101
102
102
102
102
102
103
104
104
105
105
105
106
106
107
107
108
108
109
109
109
109
110
110
110
110
110
111
111
112
113
113
113
113
113
113
113
114
114
114
115
116
117
117
118
119
119
119
119
120
120
121
121
121
121
121
122
122
122
122
122
122
122
122
122
122
123
123
123
123
123
123
123
123
124
124
124
124
124
125
125
125
125
125
126
126
126
126
127
127
127
127
127
128
128
128
128
128
128
128
128
129
129
129
129
130
131
132
132
133
133
133
134
134
134
134
135
135
135
135
135
135
136
136
136
136
136
136
136
137
137
137
138
138
138
139
139
139
140
140
140
141
141
141
141
141
141
142
142
142
142
142
143
143
143
143
143
143
143
144
145
145
146
146
146
146
147
147
147
147
147
147
147
148
149
150
150
150
151
151
152
152
152
152
152
152
152
153
153
153
153
153
153
154
154
154
154
154
155
155
155
156
156
157
157
158
158
158
158
159
159
159
159
159
159
160
160
161
161
161
161
161
161
161
161
162
162
163
163
163
163
163
163
163
163
164
164
164
164
164
164
165
165
165
165
166
166
167
167
167
167
167
168
168
168
169
169
169
169
170
170
170
171
171
171
171
172
172
172
172
173
173
174
174
174
174
174
174
174
175
175
175
176
176
177
177
178
178
178
179
179
179
179
179
179
180
180
180
181
181
182
182
182
182
182
182
183
183
183
184
184
185
185
185
185
185
186
186
186
186
186
186
186
187
187
187
188
188
188
188
188
188
188
188
189
189
189
189
189
189
190
190
191
191
191
191
192
192
192
192
193
193
193
193
193
194
194
194
194
195
195
196
196
196
196
196
196
196
197
197
197
197
197
198
198
198
198
199
199
199
199
200
200
200
200
201
201
203
203
204
204
204
204
204
204
205
205
205
205
206
206
206
206
207
207
207
207
208
208
208
209
209
210
210
211
211
212
212
212
212
212
212
213
213
214
214
214
214
214
215
215
218
218
219
219
219
220
220
220
220
220
220
220
221
221
221
222
222
222
223
223
224
224
224
224
225
225
225
225
227
227
227
227
227
227
227
228
228
228
228
228
229
229
230
230
230
230
230
231
232
232
233
234
234
234
235
235
235
236
236
236
237
237
237
237
238
238
238
238
239
239
239
239
239
239
239
239
239
240
240
241
241
241
241
241
241
241
241
242
243
244
244
244
244
245
245
245
245
246
246
247
247
247
247
248
248
248
248
248
248
248
248
249
249
249
249
249
249
249
250
250
250
250
250
251
251
251
251
252
252
252
252
253
253
253
253
254
254
254
254
254
254
255
255
256
257
257
258
258
258
259
259
259
260
260
260
260
260
260
260
261
261
261
263
263
263
263
263
264
264
264
265
266
266
266
266
266
267
267
268
268
268
269
269
270
270
270
270
270
271
271
271
271
272
272
272
273
273
273
273
273
274
275
275
275
276
276
276
276
277
277
277
277
277
278
278
278
278
278
279
279
279
280
281
281
281
281
281
282
282
282
283
283
283
283
284
284
284
284
284
284
285
285
285
285
285
287
287
287
287
287
287
287
287
288
288
289
289
290
291
291
292
292
293
293
293
293
293
294
294
294
295
295
296
296
296
296
296
296
296
296
297
297
297
297
297
298
298
298
299
299
299
299
299
299
300
300
300
301
301
301
302
302
302
302
302
303
303
304
304
305
305
305
305
305
305
306
306
307
308
308
308
308
308
309
310
310
310
311
311
312
312
312
312
312
312
312
313
314
314
314
314
315
315
315
315
315
316
316
316
317
317
318
318
318
318
318
319
319
319
319
319
320
320
321
321
321
321
322
322
322
322
322
323
324
324
324
324
325
325
326
326
326
327
327
328
328
328
329
329
329
329
330
330
330
331
331
331
331
331
331
331
332
332
332
332
332
332
333
333
334
335
336
336
336
336
336
336
336
336
336
337
338
338
338
338
338
338
338
338
338
338
339
339
340
340
340
341
341
342
342
342
343
343
343
343
343
343
343
343
343
344
344
344
344
344
345
345
346
346
346
346
346
346
347
347
348
348
349
349
349
350
350
350
350
350
351
351
351
351
352
352
352
352
353
353
353
353
353
353
354
354
355
356
356
356
356
357
357
357
357
357
358
358
358
358
359
359
359
359
359
360
360
360
360
360
361
361
362
362
362
362
362
362
362
363
363
363
363
363
364
364
364
364
364
365
365
365
365
367
367
367
368
368
368
368
368
369
369
369
369
370
370
370
370
370
370
371
371
371
371
372
372
372
372
374
374
374
374
374
374
375
375
375
375
375
375
376
377
378
378
378
378
378
379
379
379
380
380
380
380
381
381
381
381
381
382
382
382
382
383
383
383
384
384
384
384
384
385
385
385
386
386
387
387
387
387
387
387
387
387
387
388
388
388
388
388
389
389
389
390
390
390
391
391
392
392
392
392
393
393
393
393
393
393
394
394
394
395
395
395
396
396
396
396
396
396
397
397
398
398
400
400
400
401
401
402
402
402
402
402
402
403
403
404
405
405
405
405
405
405
406
406
406
406
406
406
406
407
407
407
407
407
408
408
408
408
408
409
409
409
410
410
410
410
410
410
411
412
412
413
413
413
414
414
414
415
415
415
415
415
416
416
416
416
416
416
417
417
418
418
418
418
418
418
419
419
419
419
419
419
419
419
420
420
420
420
421
421
422
422
422
422
422
422
422
422
423
423
423
424
424
424
424
425
425
425
426
426
427
427
427
427
428
428
428
428
429
429
429
429
430
430
431
431
431
431
431
431
432
432
432
432
432
433
434
434
434
434
435
435
435
435
435
435
436
436
436
436
437
437
437
437
437
437
438
438
439
439
439
439
439
440
440
440
441
441
441
441
442
442
442
443
444
444
444
444
444
445
445
445
445
445
445
446
446
446
446
446
447
447
447
447
447
448
448
448
448
448
448
448
449
449
449
449
449
449
449
451
451
451
452
452
452
452
453
453
453
453
454
454
454
455
455
455
455
456
456
456
456
457
457
457
457
457
457
458
458
458
458
458
459
459
459
459
460
461
461
461
461
461
461
461
462
462
462
463
463
464
464
464
464
465
465
465
465
465
465
465
465
465
465
466
466
466
466
466
466
467
467
467
467
468
468
468
468
468
468
468
468
468
468
469
470
471
471
471
471
471
472
472
472
472
473
473
473
474
474
474
474
474
474
475
475
475
475
475
475
476
476
477
477
477
477
478
479
479
479
479
480
480
480
480
480
481
481
481
482
482
482
482
483
483
484
484
485
485
485
485
485
485
486
486
486
487
488
488
489
489
489
489
490
490
490
491
491
491
491
491
491
492
492
492
492
492
492
494
494
494
494
494
495
495
495
495
496
496
496
497
497
497
497
497
497
497
498
498
498
498
499
499
499
499
499
500
500
501
501
501
501
502
502
503
503
503
503
503
503
504
504
504
504
505
505
505
506
506
506
506
507
507
507
507
507
507
509
510
510
510
510
510
510
511
511
511
511
512
512
512
512
512
514
514
514
514
514
514
514
515
515
516
516
516
516
516
516
516
517
517
517
517
517
517
518
519
519
519
519
519
519
519
519
519
519
520
520
520
521
521
521
521
522
522
523
523
523
524
524
524
524
524
524
525
525
525
526
526
526
526
526
526
526
527
527
528
528
528
528
529
529
529
529
530
530
530
530
530
532
532
532
532
532
532
533
534
534
534
534
534
534
534
535
535
535
535
535
536
536
537
538
538
538
538
538
539
539
540
540
541
541
541
542
542
542
543
543
543
544
544
545
545
546
546
546
546
547
547
547
547
548
548
549
549
550
550
550
550
550
551
551
552
553
553
554
554
554
554
554
554
554
555
555
555
555
556
556
556
557
557
557
557
557
557
557
558
558
558
558
558
558
558
558
559
560
560
560
561
561
562
562
562
562
562
562
562
563
563
563
563
564
564
564
564
564
564
565
565
565
565
565
566
566
566
566
566
567
568
568
569
569
569
569
569
569
569
569
570
570
570
571
572
572
572
572
572
573
573
573
573
573
574
574
575
575
575
575
575
575
575
576
576
576
576
576
577
578
578
578
578
578
578
579
579
579
579
579
580
580
580
580
580
581
581
582
582
583
583
584
584
584
585
585
585
586
586
587
587
587
587
588
588
588
588
588
588
589
589
589
590
590
590
590
591
591
591
592
592
592
592
593
593
593
593
594
594
594
594
594
595
595
596
596
596
597
597
597
597
598
598
598
598
599
599
599
599
599
599
599
600
600
600
600
601
601
602
602
602
603
603
603
603
603
604
604
604
605
605
605
606
606
606
606
606
606
607
607
607
607
607
608
608
608
608
609
609
609
609
609
609
610
610
610
611
612
612
612
612
612
612
613
613
613
613
614
614
614
614
615
615
615
616
617
617
617
617
617
618
618
618
618
618
619
620
620
620
620
621
621
621
622
622
623
623
623
624
625
625
625
625
626
626
627
627
627
627
628
628
629
629
630
630
630
630
630
630
630
631
632
632
632
632
633
633
634
634
635
635
636
636
636
636
636
637
637
637
637
637
637
637
638
638
638
638
639
639
639
639
639
640
640
640
641
641
642
642
642
642
642
642
642
643
643
643
643
643
644
644
644
645
645
646
646
646
646
646
647
647
647
647
648
648
648
648
648
648
649
649
649
649
649
650
650
650
650
650
650
651
652
652
652
653
653
653
653
653
653
654
654
654
654
654
654
654
654
654
654
655
655
655
655
655
656
657
657
657
657
658
658
658
658
658
659
659
659
659
659
659
660
660
660
661
661
661
662
662
663
663
663
663
664
664
664
664
665
665
665
666
666
666
667
667
668
668
668
668
668
669
669
669
669
669
669
669
669
669
670
670
670
670
670
671
671
672
672
672
672
672
672
672
673
673
673
673
673
673
674
674
674
674
674
674
674
675
675
676
676
676
676
676
676
676
676
677
677
677
677
678
678
678
678
678
678
679
679
679
681
681
681
681
682
682
682
682
682
682
683
683
683
683
683
684
684
684
685
685
686
686
686
687
687
687
688
688
688
688
689
689
689
689
690
690
691
692
692
693
693
693
693
693
693
693
694
694
694
694
694
695
695
695
696
696
696
697
697
697
698
698
698
699
699
699
699
699
700
700
700
700
701
701
702
702
702
702
702
703
703
703
703
703
703
703
703
704
704
704
704
705
705
705
705
705
706
706
706
706
706
706
707
708
708
708
709
709
709
710
710
711
711
711
712
712
712
712
713
713
713
714
715
715
715
715
715
716
716
716
716
716
717
717
718
718
718
718
719
719
719
720
720
720
720
721
721
721
722
722
722
722
723
724
724
725
725
725
725
725
725
725
725
725
725
726
726
726
726
726
726
727
727
727
727
727
728
728
728
729
729
729
729
730
730
731
731
731
731
732
732
733
733
734
734
734
734
735
735
735
735
735
736
736
736
737
737
737
737
738
738
739
739
739
739
740
740
740
740
741
741
741
742
742
742
742
743
743
743
743
744
744
744
744
744
744
744
744
745
745
746
746
746
746
746
747
747
747
747
747
748
748
748
748
748
749
749
749
750
750
751
752
752
752
752
753
753
753
753
755
755
756
757
757
757
757
758
758
758
758
758
758
759
759
759
760
760
760
760
760
760
760
761
761
761
761
761
761
762
762
762
762
762
763
764
764
764
764
765
766
766
766
766
766
766
766
767
767
767
767
768
768
768
768
769
769
769
769
769
770
770
770
770
770
771
771
771
771
771
773
773
775
776
776
776
776
776
776
777
777
777
777
778
778
778
779
779
779
779
780
780
780
780
781
781
781
781
782
782
782
782
782
783
783
783
784
784
784
784
784
785
785
785
785
785
786
786
786
786
787
787
787
787
788
788
788
788
788
788
789
789
789
790
790
790
790
790
790
790
790
791
791
791
791
791
791
791
791
791
792
792
792
792
793
793
793
793
793
793
793
794
794
794
794
794
794
794
795
795
795
795
796
796
796
796
797
797
797
797
797
797
797
798
798
798
799
799
799
799
800
800
800
801
802
803
803
803
803
803
803
803
804
804
805
805
805
805
805
806
808
808
808
808
808
809
809
809
809
810
810
810
810
810
810
810
810
810
811
811
812
812
813
813
813
814
814
814
814
814
814
815
816
816
816
818
819
820
820
820
820
820
820
820
821
821
821
821
821
821
821
822
822
822
822
822
822
822
822
822
823
823
823
823
823
824
824
824
825
825
826
826
826
826
826
827
827
827
828
828
828
828
828
828
829
829
829
829
829
829
830
830
830
830
830
831
831
831
831
831
831
832
832
832
833
833
833
833
834
834
834
834
834
835
835
835
835
835
836
836
836
837
837
837
837
837
838
838
838
838
838
838
838
838
839
839
839
840
840
840
840
840
840
840
841
841
841
841
841
843
843
843
844
844
844
845
845
845
846
846
846
846
846
846
847
847
847
848
848
848
848
848
848
848
849
849
849
849
849
850
851
851
851
851
852
852
852
853
853
853
853
853
853
853
853
854
854
854
854
855
855
855
856
856
856
856
856
856
857
857
857
859
859
859
859
860
860
860
860
860
860
861
861
861
861
862
862
862
862
863
863
863
864
865
865
865
866
866
867
867
867
868
868
868
868
869
869
869
869
869
869
869
869
869
870
870
870
870
871
871
872
873
873
874
874
874
874
875
875
875
876
876
876
876
877
877
877
878
878
878
879
879
879
880
880
880
881
881
881
881
882
883
884
884
884
884
884
884
884
885
885
885
885
885
885
885
885
885
886
886
886
886
887
887
887
887
888
889
889
889
889
889
889
890
890
891
891
891
891
892
892
892
892
893
893
893
894
894
894
894
894
895
895
895
896
896
896
897
897
897
898
898
898
898
898
899
899
900
900
901
901
902
902
902
903
903
903
903
903
905
905
905
905
906
906
906
907
907
907
907
908
908
909
909
909
909
909
909
910
910
910
910
910
910
911
911
912
912
912
913
913
913
913
913
914
914
914
914
914
915
915
915
915
916
916
916
916
916
916
917
917
917
917
918
919
919
919
920
920
920
921
921
921
922
922
922
923
923
924
924
924
924
925
925
925
925
926
926
926
926
926
926
927
928
928
928
928
929
930
930
930
930
931
932
933
933
933
934
934
934
934
935
935
935
936
936
936
936
936
936
936
936
937
937
937
938
938
938
938
938
938
938
939
939
939
939
939
940
940
941
941
941
941
941
941
941
942
942
942
943
943
943
943
944
944
945
945
946
946
946
946
946
946
947
947
947
948
948
949
949
949
949
950
950
951
951
952
952
952
952
953
953
954
954
954
954
955
955
955
956
956
956
956
956
956
956
956
957
957
958
958
958
958
960
960
961
961
961
961
962
962
962
962
963
963
963
963
963
963
963
963
964
964
964
965
966
967
967
968
968
968
968
968
969
969
969
969
969
969
970
970
970
970
971
971
971
971
971
971
972
972
972
972
973
974
974
975
975
975
976
976
976
978
978
978
978
978
979
979
980
980
981
981
981
982
982
982
982
982
983
983
983
984
985
985
985
986
986
986
986
986
987
988
988
988
988
989
989
989
989
989
989
989
990
990
990
991
991
991
991
991
992
992
992
993
993
993
993
994
994
995
995
996
996
996
996
997
997
998
998
999
999
999
999
1000
1000
1001
1001
1002
1002
1003
1003
1003
1003
1003
1003
1003
1004
1004
1005
1005
1005
1005
1006
1006
1006
1007
1007
1007
1007
1007
1007
1007
1007
1008
1008
1008
1008
1008
1008
1008
1008
1009
1009
1009
1009
1009
1009
1010
1010
1011
1012
1012
1012
1012
1013
1013
1013
1013
1013
1013
1014
1014
1014
1014
1014
1015
1016
1016
1016
1016
1016
1016
1017
1017
1017
1017
1018
1018
1018
1019
1019
1019
1020
1020
1021
1022
1023
1023
1024
1024
1024
1025
1025
1026
1026
1026
1026
1027
1027
1027
1027
1028
1028
1029
1029
1029
1029
1031
1031
1031
1031
1031
1031
1032
1032
1032
1032
1033
1033
1033
1033
1034
1034
1034
1034
1034
1035
1035
1036
1036
1036
1036
1036
1036
1037
1037
1037
1037
1037
1038
1038
1038
1038
1039
1039
1039
1039
1040
1040
1040
1040
1040
1041
1041
1041
1042
1042
1042
1042
1043
1043
1043
1043
1043
1045
1045
1045
1045
1045
1045
1046
1046
1046
1047
1047
1047
1047
1047
1047
1048
1048
1048
1048
1048
1049
1049
1049
1049
1049
1050
1050
1050
1050
1050
1050
1051
1051
1052
1052
1052
1052
1053
1053
1053
1053
1054
1054
1054
1054
1054
1055
1055
1055
1055
1055
1056
1056
1056
1056
1056
1057
1057
1057
1057
1058
1058
1058
1058
1059
1059
1059
1059
1059
1060
1060
1061
1061
1061
1061
1062
1062
1063
1063
1063
1063
1063
1063
1064
1064
1064
1066
1067
1067
1067
1067
1067
1067
1067
1067
1067
1068
1069
1069
1069
1069
1069
1070
1070
1070
1071
1071
1072
1072
1072
1072
1073
1073
1073
1073
1073
1073
1073
1074
1074
1074
1075
1075
1075
1075
1076
1076
1076
1077
1077
1077
1078
1078
1078
1078
1078
1078
1079
1079
1080
1080
1080
1080
1081
1081
1081
1082
1082
1082
1082
1082
1082
1082
1083
1083
1083
1083
1083
1083
1083
1084
1084
1084
1085
1085
1085
1085
1086
1086
1086
1086
1087
1087
1087
1087
1087
1088
1088
1088
1088
1088
1088
1089
1089
1089
1089
1089
1090
1090
1091
1091
1091
1092
1092
1092
1092
1093
1093
1093
1093
1094
1094
1095
1095
1095
1096
1096
1096
1097
1097
1097
1097
1097
1098
1098
1098
1099
1099
1099
1100
1100
1100
1100
1101
1101
1101
1102
1102
1103
1103
1103
1103
1104
1104
1104
1104
1104
1104
1104
1105
1106
1106
1106
1107
1108
1108
1108
1109
1109
1109
1109
1110
1110
1110
1110
1110
1110
1111
1111
1112
1112
1112
1112
1113
1113
1113
1113
1113
1113
1114
1114
1114
1114
1114
1115
1115
1115
1115
1117
1117
1117
1118
1119
1119
1119
1119
1119
1120
1120
1120
1121
1121
1121
1122
1122
1122
1122
1122
1123
1123
1123
1123
1124
1124
1125
1125
1125
1126
1126
1127
1127
1127
1127
1127
1127
1128
1129
1129
1129
1129
1130
1130
1130
1130
1130
1130
1131
1131
1131
1131
1131
1132
1133
1133
1134
1134
1134
1134
1134
1134
1135
1135
1135
1135
1136
1136
1137
1137
1137
1137
1138
1138
1139
1139
1139
1139
1140
1140
1140
1141
1141
1142
1142
1142
1142
1142
1143
1143
1143
1144
1144
1144
1144
1144
1145
1145
1145
1145
1146
1146
1146
1146
1146
1146
1147
1147
1147
1147
1147
1147
1147
1148
1148
1148
1148
1149
1149
1150
1151
1151
1151
1151
1151
1152
1153
1153
1153
1153
1154
1154
1154
1154
1155
1155
1155
1155
1156
1156
1157
1157
1158
1158
1158
1159
1159
1159
1159
1160
1160
1160
1161
1161
1161
1161
1161
1161
1161
1162
1162
1163
1163
1163
1163
1164
1164
1164
1164
1165
1165
1165
1165
1166
1166
1166
1166
1166
1166
1166
1167
1167
1167
1167
1167
1167
1167
1167
1168
1168
1168
1169
1169
1169
1170
1170
1170
1171
1171
1171
1172
1172
1172
1172
1173
1173
1173
1173
1173
1173
1174
1174
1176
1176
1176
1176
1177
1177
1177
1178
1178
1178
1179
1179
1179
1179
1179
1179
1180
1180
1181
1181
1181
1181
1181
1181
1182
1182
1182
1182
1183
1183
1183
1183
1183
1183
1184
1185
1186
1186
1186
1187
1187
1187
1187
1187
1187
1187
1188
1188
1188
1188
1188
1189
1189
1189
1190
1190
1190
1190
1191
1191
1191
1191
1191
1192
1192
1192
1192
1193
1193
1194
1194
1195
1195
1195
1196
1196
1196
1196
1196
1196
1196
1197
1197
1197
1198
1198
1198
1198
1198
1198
1198
1198
1198
1198
1198
1198
1199
1199
1199
1199
1199
1200
1200
1200
1200
1201
1201
1202
1202
1202
1203
1203
1203
1203
1204
1204
1204
1205
1205
1205
1205
1205
1205
1205
1206
1206
1206
1207
1207
1207
1207
1207
1207
1207
1208
1208
1208
1208
1209
1209
1209
1209
1209
1210
1210
1210
1210
1211
1211
1212
1212
1213
1213
1213
1214
1214
1214
1214
1214
1214
1214
1215
1215
1215
1216
1216
1216
1216
1217
1217
1217
1218
1218
1218
1218
1218
1218
1219
1219
1219
1219
1220
1220
1221
1221
1221
1221
1221
1222
1222
1222
1222
1223
1224
1224
1225
1225
1225
1226
1226
1226
1226
1227
1227
1227
1227
1227
1228
1228
1228
1229
1229
1229
1229
1229
1230
1230
1230
1231
1231
1231
1231
1231
1232
1232
1232
1233
1233
1234
1234
1235
1235
1236
1236
1237
1237
1237
1237
1237
1237
1237
1237
1238
1238
1239
1239
1239
1239
1239
1239
1239
1239
1240
1240
1240
1241
1242
1242
1242
1242
1242
1243
1243
1243
1244
1244
1244
1244
1244
1244
1245
1245
1245
1245
1245
1246
1247
1247
1247
1247
1247
1248
1248
1248
1249
1249
1249
1249
1249
1250
1251
1251
1251
1252
1252
1252
1252
1252
1252
1252
1253
1253
1253
1253
1253
1253
1254
1254
1254
1254
1255
1255
1255
1255
1255
1255
1256
1256
1256
1256
1257
1257
1257
1258
1258
1258
1258
1258
1259
1259
1259
1259
1259
1260
1260
1260
1260
1260
1261
1261
1261
1261
1262
1262
1262
1262
1263
1263
1263
1263
1263
1264
1264
1265
1265
1266
1267
1267
1267
1267
1268
1268
1269
1269
1269
1269
1269
1269
1269
1270
1271
1271
1271
1271
1271
1271
1271
1272
1272
1272
1272
1273
1273
1273
1274
1274
1275
1275
1275
1276
1276
1276
1276
1277
1277
1278
1278
1278
1278
1278
1279
1279
1280
1280
1280
1281
1281
1282
1282
1282
1282
1282
1282
1283
1283
1284
1284
1286
1286
1286
1286
1286
1287
1287
1287
1288
1288
1288
1288
1289
1290
1290
1290
1291
1292
1292
1292
1293
1294
1294
1295
1295
1295
1295
1295
1296
1296
1296
1296
1297
1297
1297
1297
1298
1298
1298
1298
1298
1298
1298
1298
1299
1299
1299
1299
1299
1299
1300
1300
1300
1300
1300
1301
1301
1301
1301
1301
1302
1302
1302
1302
1303
1303
1303
1304
1305
1306
1306
1306
1306
1306
1306
1307
1307
1307
1307
1307
1307
1308
1308
1308
1308
1308
1308
1308
1309
1309
1310
1310
1311
1311
1312
1312
1312
1312
1312
1312
1312
1312
1313
1313
1313
1314
1314
1314
1314
1314
1314
1314
1314
1314
1315
1315
1315
1315
1316
1316
1316
1316
1316
1317
1317
1317
1317
1318
1318
1319
1319
1320
1320
1321
1321
1322
1322
1323
1323
1323
1324
1324
1325
1326
1326
1326
1326
1326
1326
1326
1326
1326
1327
1327
1327
1328
1328
1328
1329
1329
1329
1329
1329
1329
1330
1331
1331
1331
1332
1332
1332
1332
1332
1332
1333
1333
1333
1333
1333
1334
1334
1334
1334
1334
1334
1334
1335
1335
1335
1335
1335
1335
1335
1336
1336
1336
1336
1337
1337
1337
1337
1338
1338
1338
1338
1338
1339
1339
1339
1339
1339
1339
1341
1341
1341
1341
1342
1343
1343
1343
1343
1344
1345
1345
1346
1346
1347
1347
1347
1347
1348
1348
1348
1348
1348
1349
1349
1349
1349
1350
1350
1350
1350
1350
1350
1351
1351
1352
1352
1352
1352
1353
1353
1353
1353
1353
1353
1354
1354
1355
1355
1355
1355
1356
1356
1356
1357
1357
1357
1357
1357
1358
1358
1358
1359
1359
1360
1360
1360
1360
1361
1361
1361
1361
1361
1361
1361
1361
1361
1362
1363
1363
1363
1363
1363
1363
1364
1364
1364
1364
1365
1365
1365
1366
1366
1366
1366
1366
1367
1367
1368
1368
1369
1369
1369
1369
1369
1370
1370
1370
1370
1370
1370
1371
1371
1371
1371
1371
1371
1371
1372
1372
1372
1372
1373
1373
1374
1374
1374
1374
1374
1375
1375
1376
1376
1376
1376
1378
1378
1378
1378
1379
1379
1379
1379
1379
1379
1380
1381
1381
1381
1381
1381
1382
1382
1382
1382
1382
1382
1383
1383
1383
1384
1384
1384
1385
1385
1385
1385
1385
1386
1386
1386
1386
1386
1386
1387
1387
1387
1387
1387
1388
1388
1388
1388
1388
1388
1389
1389
1389
1389
1389
1390
1390
1391
1391
1391
1391
1391
1391
1391
1391
1392
1392
1392
1392
1392
1392
1392
1393
1393
1393
1393
1394
1395
1395
1395
1395
1395
1396
1396
1396
1397
1397
1397
1397
1397
1398
1398
1398
1398
1398
1399
1399
1399
1400
1400
1401
1401
1401
1401
1402
1403
1403
1404
1404
1405
1405
1405
1405
1406
1406
1406
1407
1408
1408
1409
1410
1410
1410
1410
1411
1411
1412
1412
1412
1413
1413
1413
1413
1413
1413
1414
1414
1415
1415
1415
1415
1415
1416
1416
1416
1416
1417
1417
1417
1417
1418
1418
1418
1418
1418
1418
1418
1419
1419
1419
1419
1420
1420
1420
1420
1421
1421
1421
1422
1422
1422
1423
1423
1423
1423
1424
1424
1424
1424
1424
1424
1424
1425
1426
1426
1426
1426
1426
1427
1428
1428
1428
1428
1428
1429
1429
1431
1431
1431
1431
1431
1432
1432
1433
1433
1433
1433
1434
1434
1435
1435
1435
1435
1436
1436
1436
1436
1436
1436
1436
1436
1436
1437
1437
1437
1437
1437
1437
1438
1438
1438
1438
1439
1439
1439
1439
1440
1440
1440
1440
1441
1441
1441
1441
1441
1441
1441
1441
1441
1442
1442
1442
1443
1443
1443
1443
1443
1443
1443
1443
1444
1444
1444
1444
1444
1444
1445
1445
1445
1445
1445
1446
1446
1448
1448
1448
1448
1449
1449
1450
1450
1450
1451
1451
1452
1452
1452
1452
1452
1452
1452
1453
1453
1453
1453
1453
1453
1453
1454
1455
1455
1455
1455
1456
1456
1456
1456
1456
1456
1457
1457
1457
1458
1458
1458
1458
1458
1459
1459
1459
1459
1459
1459
1460
1460
1460
1461
1461
1462
1462
1462
1462
1462
1463
1463
1464
1465
1465
1465
1465
1466
1466
1466
1466
1466
1466
1467
1467
1467
1467
1467
1467
1468
1468
1468
1469
1469
1469
1469
1470
1470
1470
1470
1470
1470
1471
1471
1472
1472
1472
1473
1473
1473
1473
1473
1473
1474
1474
1474
1474
1474
1474
1475
1475
1475
1476
1476
1476
1476
1476
1477
1477
1477
1477
1478
1478
1478
1478
1478
1478
1479
1479
1480
1480
1481
1481
1481
1481
1481
1482
1482
1482
1482
1482
1483
1483
1483
1484
1484
1485
1485
1485
1486
1486
1486
1487
1487
1487
1487
1487
1487
1487
1488
1488
1488
1490
1490
1490
1490
1492
1492
1492
1492
1493
1493
1493
1493
1494
1494
1495
1495
1495
1495
1495
1496
1496
1497
1497
1497
1497
1497
1498
1498
1498
1498
1499
1499
1500
1500
1500
1502
1502
1502
1502
1502
1503
1503
1503
1503
1503
1503
1504
1504
1504
1504
1505
1505
1505
1505
1506
1506
1507
1507
1507
1507
1507
1508
1508
1508
1508
1508
1508
1509
1509
1510
1510
1511
1511
1511
1511
1511
1512
1512
1512
1512
1512
1512
1512
1512
1513
1513
1513
1514
1515
1515
1515
1515
1516
1516
1516
1516
1516
1516
1516
1516
1517
1517
1518
1518
1518
1519
1519
1519
1520
1520
1520
1521
1521
1521
1521
1521
1521
1522
1522
1522
1522
1522
1522
1523
1523
1523
1523
1523
1524
1524
1525
1525
1525
1525
1525
1525
1525
1525
1526
1526
1526
1527
1527
1527
1527
1528
1528
1528
1528
1529
1529
1529
1530
1530
1530
1531
1531
1531
1531
1531
1531
1532
1532
1532
1532
1532
1532
1533
1533
1533
1533
1534
1534
1535
1536
1536
1537
1537
1537
1538
1538
1538
1539
1539
1539
1539
1539
1540
1540
1540
1540
1540
1540
1540
1540
1540
1540
1541
1541
1542
1542
1542
1542
1542
1542
1543
1543
1544
1544
1544
1544
1544
1545
1545
1546
1546
1546
1547
1547
1547
1548
1548
1548
1549
1549
1549
1549
1550
1550
1551
1551
1551
1551
1552
1553
1553
1554
1554
1554
1554
1555
1555
1556
1556
1556
1556
1556
1557
1557
1557
1558
1558
1558
1559
1559
1560
1560
1560
1561
1561
1561
1562
1562
1562
1562
1563
1563
1564
1564
1565
1565
1565
1565
1565
1566
1566
1567
1567
1568
1568
1568
1569
1569
1569
1570
1570
1570
1570
1570
1571
1571
1571
1572
1572
1572
1572
1573
1573
1574
1574
1574
1574
1574
1574
1574
1575
1576
1576
1576
1577
1578
1578
1578
1579
1579
1580
1580
1580
1580
1580
1581
1581
1581
1581
1581
1581
1581
1581
1582
1583
1583
1584
1584
1584
1584
1585
1585
1585
1586
1586
1587
1587
1588
1588
1588
1588
1588
1589
1589
1589
1589
1590
1590
1590
1590
1590
1591
1591
1591
1591
1591
1591
1592
1592
1592
1593
1593
1593
1594
1594
1594
1594
1595
1595
1596
1596
1596
1596
1597
1598
1598
1598
1598
1598
1598
1598
1598
1598
1599
1599
1599
1599
1600
1600
1600
1600
1600
1601
1601
1601
1601
1601
1601
1601
1602
1602
1602
1602
1602
1603
1603
1603
1603
1603
1603
1604
1604
1605
1605
1606
1606
1606
1606
1606
1606
1607
1607
1607
1608
1608
1608
1608
1609
1609
1610
1610
1610
1610
1610
1611
1612
1612
1612
1612
1613
1613
1613
1613
1614
1614
1614
1614
1614
1615
1615
1617
1618
1618
1618
1618
1619
1619
1620
1621
1622
1622
1622
1622
1622
1622
1622
1623
1623
1624
1624
1625
1625
1625
1625
1626
1627
1627
1627
1627
1627
1627
1628
1629
1629
1629
1629
1631
1631
1631
1631
1632
1632
1632
1632
1633
1633
1633
1633
1633
1633
1633
1633
1633
1634
1634
1634
1634
1634
1635
1635
1635
1635
1636
1636
1636
1636
1636
1637
1637
1637
1637
1638
1638
1638
1638
1639
1639
1639
1639
1640
1640
1640
1640
1640
1640
1641
1642
1642
1643
1643
1643
1643
1644
1645
1645
1645
1645
1645
1645
1646
1646
1646
1646
1647
1647
1647
1648
1648
1648
1648
1648
1648
1648
1649
1649
1649
1650
1650
1651
1651
1652
1652
1652
1652
1652
1653
1653
1653
1654
1654
1654
1654
1654
1654
1654
1654
1654
1655
1655
1655
1656
1657
1657
1657
1658
1658
1658
1658
1658
1659
1659
1659
1659
1659
1659
1659
1660
1661
1661
1662
1662
1662
1662
1662
1662
1662
1663
1663
1663
1663
1664
1664
1664
1665
1665
1665
1665
1665
1666
1666
1666
1666
1666
1666
1667
1667
1667
1667
1668
1668
1668
1669
1669
1669
1669
1669
1670
1670
1670
1670
1671
1671
1671
1671
1672
1672
1672
1673
1673
1673
1674
1674
1674
1675
1675
1675
1675
1675
1675
1675
1675
1676
1676
1676
1676
1677
1677
1677
1679
1679
1680
1680
1681
1681
1681
1682
1682
1682
1683
1683
1683
1684
1684
1684
1684
1685
1686
1686
1686
1687
1687
1687
1688
1688
1688
1688
1688
1688
1689
1689
1689
1689
1690
1690
1690
1690
1690
1691
1691
1691
1691
1691
1691
1692
1692
1692
1692
1692
1693
1693
1693
1693
1694
1694
1694
1695
1695
1695
1696
1696
1696
1696
1697
1697
1697
1697
1697
1697
1698
1698
1698
1698
1699
1700
1700
1700
1701
1701
1701
1701
1702
1702
1702
1703
1703
1703
1703
1703
1703
1704
1704
1704
1704
1705
1705
1705
1706
1706
1706
1706
1706
1706
1707
1707
1707
1707
1708
1708
1708
1708
1708
1709
1709
1709
1710
1710
1710
1711
1711
1712
1712
1713
1713
1713
1714
1714
1714
1715
1715
1715
1716
1717
1717
1717
1717
1717
1718
1718
1718
1718
1718
1718
1718
1719
1719
1719
1720
1720
1721
1721
1721
1721
1722
1722
1722
1722
1722
1722
1722
1722
1722
1723
1724
1724
1724
1724
1724
1725
1725
1725
1725
1726
1726
1726
1726
1727
1728
1728
1729
1729
1729
1730
1730
1730
1730
1730
1731
1731
1732
1732
1733
1733
1733
1733
1733
1733
1733
1734
1734
1734
1735
1735
1735
1736
1736
1736
1736
1736
1736
1737
1737
1737
1737
1738
1738
1738
1738
1738
1739
1739
1739
1740
1740
1740
1740
1740
1741
1741
1742
1742
1742
1742
1743
1743
1743
1743
1744
1744
1745
1745
1745
1745
1745
1745
1745
1746
1746
1746
1746
1746
1746
1747
1747
1747
1748
1748
1748
1749
1749
1750
1750
1750
1751
1751
1751
1752
1752
1753
1753
1754
1754
1754
1754
1754
1755
1755
1755
1755
1755
1756
1756
1756
1757
1757
1757
1757
1757
1758
1758
1759
1760
1760
1760
1760
1761
1761
1761
1761
1761
1762
1762
1763
1763
1763
1764
1764
1764
1764
1764
1764
1765
1765
1765
1765
1766
1766
1766
1766
1766
1767
1768
1768
1768
1769
1769
1769
1769
1769
1770
1771
1771
1771
1771
1772
1772
1772
1772
1772
1772
1773
1774
1774
1774
1774
1775
1775
1775
1775
1777
1777
1778
1778
1779
1780
1780
1780
1781
1781
1781
1782
1782
1782
1782
1783
1783
1783
1783
1784
1785
1785
1786
1786
1786
1786
1786
1786
1786
1786
1786
1787
1787
1788
1788
1788
1788
1788
1788
1788
1788
1789
1789
1790
1790
1790
1791
1791
1791
1792
1792
1792
1792
1793
1793
1793
1793
1793
1793
1793
1793
1794
1794
1794
1795
1795
1795
1795
1795
1795
1795
1795
1795
1796
1796
1796
1797
1797
1797
1798
1798
1799
1799
1799
1799
1799
1800
1800
1800
1801
1801
1801
1801
1801
1801
1801
1801
1801
1803
1803
1803
1804
1804
1805
1805
1805
1805
1805
1806
1806
1806
1806
1806
1807
1807
1807
1808
1808
1808
1809
1809
1809
1810
1810
1810
1811
1811
1811
1811
1811
1812
1813
1813
1813
1814
1814
1815
1815
1816
1816
1816
1816
1816
1817
1817
1817
1817
1817
1819
1819
1819
1819
1820
1820
1820
1821
1821
1821
1821
1821
1821
1822
1822
1822
1823
1825
1826
1826
1827
1828
1828
1828
1829
1829
1830
1830
1830
1831
1831
1831
1831
1831
1832
1832
1832
1832
1832
1833
1833
1833
1833
1833
1833
1834
1834
1834
1834
1835
1835
1835
1835
1835
1835
1835
1835
1836
1836
1836
1836
1837
1838
1838
1838
1838
1838
1839
1839
1839
1839
1840
1840
1840
1840
1841
1842
1842
1842
1842
1843
1843
1844
1844
1844
1844
1845
1845
1845
1845
1846
1847
1847
1847
1847
1847
1848
1849
1849
1849
1849
1850
1850
1851
1851
1851
1851
1851
1851
1852
1852
1852
1853
1853
1854
1854
1854
1854
1855
1855
1855
1856
1856
1856
1856
1856
1856
1857
1857
1857
1857
1857
1857
1858
1858
1859
1859
1859
1859
1859
1860
1860
1860
1860
1860
1860
1860
1860
1861
1861
1861
1861
1862
1862
1862
1862
1862
1862
1863
1863
1864
1864
1864
1864
1865
1865
1865
1865
1865
1866
1866
1866
1867
1867
1867
1867
1867
1868
1868
1869
1869
1869
1870
1870
1871
1871
1871
1871
1872
1872
1872
1872
1872
1873
1873
1874
1874
1874
1874
1874
1875
1876
1876
1876
1877
1877
1877
1877
1877
1878
1878
1879
1879
1879
1879
1880
1880
1880
1881
1881
1881
1881
1881
1882
1882
1883
1884
1884
1885
1885
1885
1885
1885
1886
1886
1886
1886
1886
1887
1888
1888
1888
1889
1890
1891
1891
1891
1891
1892
1892
1892
1893
1893
1893
1893
1894
1894
1894
1894
1894
1894
1894
1895
1895
1895
1895
1895
1896
1896
1896
1896
1896
1896
1897
1897
1897
1898
1898
1898
1898
1899
1899
1899
1899
1900
1900
1900
1900
1900
1900
1900
1900
1901
1901
1901
1901
1901
1902
1903
1903
1903
1904
1904
1904
1905
1905
1905
1905
1906
1906
1906
1906
1906
1906
1906
1907
1907
1907
1908
1908
1908
1908
1908
1909
1910
1910
1911
1911
1911
1911
1911
1912
1912
1912
1912
1912
1913
1913
1914
1915
1915
1915
1915
1916
1916
1916
1916
1916
1916
1917
1917
1918
1918
1918
1918
1919
1919
1919
1919
1919
1920
1920
1920
1920
1921
1921
1921
1922
1922
1922
1922
1923
1923
1923
1923
1923
1923
1923
1923
1924
1924
1924
1924
1924
1925
1925
1926
1926
1927
1927
1928
1928
1928
1928
1928
1929
1929
1929
1929
1929
1930
1930
1930
1930
1930
1931
1931
1931
1931
1932
1933
1933
1933
1934
1934
1934
1934
1934
1935
1935
1935
1935
1935
1936
1936
1936
1936
1936
1936
1936
1937
1937
1937
1937
1937
1937
1937
1938
1938
1938
1938
1939
1939
1939
1939
1939
1940
1940
1940
1940
1940
1940
1941
1941
1941
1941
1941
1941
1941
1941
1941
1941
1942
1942
1942
1942
1942
1943
1943
1943
1944
1944
1945
1945
1945
1945
1946
1946
1947
1947
1947
1947
1947
1948
1948
1948
1948
1948
1949
1949
1949
1949
1950
1950
1950
1950
1951
1951
1951
1951
1952
1952
1952
1952
1953
1953
1953
1954
1954
1954
1954
1954
1955
1955
1956
1956
1956
1956
1956
1956
1956
1956
1956
1957
1957
1957
1957
1958
1958
1958
1958
1958
1958
1958
1958
1959
1959
1959
1960
1960
1960
1960
1960
1961
1961
1961
1961
1962
1962
1962
1963
1963
1963
1963
1963
1964
1964
1964
1964
1964
1964
1964
1965
1965
1965
1965
1965
1965
1965
1965
1966
1966
1966
1966
1966
1966
1967
1967
1968
1968
1969
1970
1970
1970
1971
1971
1971
1971
1971
1971
1971
1971
1971
1972
1972
1972
1972
1972
1972
1972
1973
1973
1973
1974
1974
1974
1975
1975
1976
1977
1977
1978
1978
1979
1979
1980
1980
1980
1980
1980
1980
1980
1981
1981
1981
1981
1982
1982
1982
1982
1982
1982
1983
1983
1984
1984
1984
1984
1985
1985
1986
1986
1986
1987
1987
1987
1987
1987
1987
1988
1988
1988
1988
1988
1988
1988
1988
1988
1988
1989
1989
1991
1991
1991
1991
1991
1992
1992
1992
1992
1992
1993
1993
1993
1994
1994
1994
1994
1994
1995
1995
1995
1995
1996
1996
1996
1996
1996
1996
1996
1996
1998
1998
1998
1998
1999
1999
1999
1999
2000
2000
2000
2000
