Primero viene la cantidad (n) de timestamps para ambos, luego n líneas que son un timestamp aproximado cada uno separado por una coma (',') del error, y luego n lineas de las transacciones del sospechoso
7505
24,23
115,4
164,42
353,2
713,9
1422,21
83,11
115,37
270,37
486,23
973,15
1967,19
3,2
40,39
66,33
192,46
380,33
718,2
1464,2
42,19
66,47
142,2
303,27
585,4
1148,47
95,32
123,14
262,4
501,43
984,8
1962,32
5,4
94,36
169,5
339,20
649,13
1269,41
86,1
106,30
228,50
449,47
947,14
1889,30
81,34
179,37
275,24
541,49
1093,50
6,5
63,22
104,29
177,43
428,29
785,26
1626,1
53,40
105,49
177,18
353,18
744,42
1449,36
99,36
127,22
319,35
605,27
1190,26
36,35
62,7
173,26
337,26
698,28
1370,28
14,13
63,35
166,22
262,18
586,39
1124,40
68,23
149,43
263,50
487,26
1056,33
78,32
177,15
338,19
606,8
1205,10
88,43
158,43
328,24
644,2
1223,16
5,4
88,31
166,40
333,3
673,34
1288,12
11,10
43,21
95,19
183,28
391,12
814,35
1542,20
59,39
113,37
228,5
423,36
874,1
1762,18
86,9
129,48
298,22
526,18
1111,29
23,22
89,10
155,8
346,32
658,17
1318,15
25,13
63,5
172,17
317,11
657,34
1249,46
53,18
123,50
223,20
442,42
846,20
1694,6
80,13
83,28
244,37
504,4
997,34
1962,1961
88,27
146,31
320,2
588,28
1204,34
30,19
59,24
94,40
280,32
498,15
1047,43
4,3
21,15
89,48
155,16
274,2
622,6
1236,3
19,18
91,30
165,39
332,2
658,8
1279,12
22,21
123,24
180,20
408,1
787,7
1550,17
98,8
154,12
307,21
614,21
1215,29
95,39
176,27
332,2
662,45
1363,29
93,23
194,38
344,28
643,7
1341,6
69,16
112,35
258,50
509,45
950,43
1912,35
91,24
170,26
264,6
569,30
1179,15
39,38
77,20
187,46
370,40
687,15
1417,24
15,6
25,24
139,33
232,13
503,35
930,21
1911,47
94,5
176,11
271,32
587,42
1178,8
6,5
101,23
152,43
350,28
657,43
1310,1
24,23
116,39
192,30
357,43
726,12
1492,30
68,12
132,1
248,32
475,26
928,1
1887,21
97,5
111,49
285,13
526,21
1020,30
83,25
122,25
224,17
462,18
951,50
1856,36
17,9
86,11
152,2
329,16
640,18
1236,47
83,29
118,38
257,40
532,49
1058,24
18,7
101,45
155,35
318,20
660,24
1309,22
78,17
110,5
261,36
530,6
1057,38
83,47
176,43
302,12
616,33
1263,17
82,3
86,4
226,23
455,29
950,11
1813,41
98,49
167,30
325,14
669,20
1286,14
2,1
39,17
137,22
243,21
479,39
954,9
1897,13
59,27
106,21
230,49
424,12
866,26
1772,42
93,42
156,49
294,30
580,37
1185,38
3,2
89,43
102,31
286,36
558,19
1080,19
81,9
87,32
171,15
417,38
824,34
1590,25
88,2
108,12
260,34
464,8
959,20
1940,37
49,40
62,26
153,35
271,18
602,20
1223,7
96,17
171,31
308,27
623,24
1229,31
75,42
152,10
242,36
473,44
1026,36
1910,47
52,40
93,42
218,27
433,37
832,3
1705,24
29,28
103,42
171,27
382,44
770,43
1506,5
15,14
100,27
137,36
294,12
594,1
1233,29
49,28
94,10
227,3
454,40
828,30
1711,23
47,43
125,47
176,35
448,44
887,13
1759,40
86,7
124,14
223,39
434,30
870,18
1739,44
46,15
91,50
178,22
317,49
705,10
1403,34
3,2
14,13
108,32
144,18
278,47
644,8
1264,15
57,47
79,10
200,18
374,23
750,26
1483,14
92,29
120,17
247,37
499,12
1018,48
1977,20
61,35
144,46
302,24
564,37
1148,12
16,12
34,1
59,18
169,46
365,38
667,17
1388,31
56,23
152,49
219,38
528,7
979,43
1940,15
94,41
171,48
295,45
633,29
1292,36
15,14
57,45
129,36
237,46
485,7
957,50
1882,14
99,44
192,35
329,35
652,3
1292,17
56,10
139,17
249,4
499,4
1029,29
1942,4
39,38
114,10
160,37
320,49
720,2
1359,29
17,16
79,40
166,40
335,16
643,37
1337,2
51,50
103,37
211,38
382,12
772,19
1586,8
34,2
106,43
208,6
356,41
709,1
1439,30
64,27
136,17
296,4
521,49
1045,47
27,19
67,2
190,26
383,34
677,27
1392,33
10,9
16,15
50,31
92,22
170,21
348,4
766,1
1485,45
22,21
120,31
183,39
332,27
754,19
1478,49
37,36
120,41
202,44
416,20
838,15
1637,23
57,25
152,24
259,11
554,45
1103,6
60,31
89,5
208,2
392,5
816,17
1625,21
70,1
161,48
303,49
589,21
1170,3
74,24
158,41
295,50
540,48
1075,17
96,34
186,29
326,24
635,13
1247,10
65,13
108,22
238,33
486,18
937,3
1835,7
53,5
148,30
283,15
487,31
1063,46
60,50
92,50
203,16
367,24
814,37
1541,40
31,24
66,47
135,37
233,9
503,28
976,43
1973,16
15,11
35,34
146,40
225,46
474,26
937,11
1906,36
39,38
137,34
188,42
383,14
807,8
1624,23
69,42
115,4
271,28
514,11
1002,49
1921,27
14,7
109,30
151,33
348,8
673,28
1377,4
53,4
59,50
164,33
329,40
671,32
1363,9
54,27
67,41
192,9
353,49
706,30
1436,23
70,24
85,24
198,27
432,20
799,30
1603,18
94,46
135,35
319,45
589,28
1219,5
99,45
175,9
321,45
669,6
1271,14
91,11
145,9
335,33
635,49
1286,10
79,37
170,26
281,48
568,36
1119,12
15,14
65,49
125,24
295,1
527,49
1060,38
80,38
136,13
221,27
471,4
935,33
1855,39
11,10
37,36
73,27
215,29
412,32
803,30
1587,25
94,31
108,27
273,29
503,13
1013,21
1910,5
42,27
86,15
155,47
326,35
687,25
1368,13
71,3
73,18
160,13
399,49
730,31
1491,28
47,40
56,48
117,36
225,1
530,45
1052,13
14,4
65,49
137,44
223,16
473,31
973,50
1978,1977
31,23
111,27
242,45
412,15
834,42
1699,42
28,7
80,48
134,16
272,47
589,16
1187,4
73,50
153,23
259,15
575,28
1127,5
42,20
74,30
213,32
389,27
789,43
1585,5
101,26
106,41
255,4
480,25
955,20
1996,1995
98,29
169,35
341,36
629,24
1245,37
28,12
105,21
172,29
339,9
738,22
1400,31
79,45
145,31
306,18
627,29
1178,6
84,19
86,35
183,1
365,2
767,50
1533,29
87,38
111,17
259,41
467,5
978,19
1931,2
91,28
137,43
302,19
607,35
1205,7
12,11
57,20
83,42
174,9
400,45
816,19
1584,31
69,39
160,50
273,6
547,18
1078,33
55,43
102,8
203,14
435,14
807,12
1665,28
33,29
88,37
214,15
357,30
748,47
1534,23
79,22
101,9
280,9
483,45
960,12
1968,10
15,7
82,25
136,27
271,50
536,47
1090,27
85,1
120,39
233,39
475,17
939,19
1945,39
85,33
160,47
324,24
666,39
1254,18
101,44
169,46
277,9
555,18
1107,49
91,49
161,22
285,35
616,44
1158,18
63,2
108,12
242,28
452,12
922,20
1848,49
29,7
90,18
170,5
327,42
691,29
1347,25
66,50
159,21
277,30
514,45
1117,40
14,13
104,38
216,38
407,20
742,35
1548,40
57,14
97,4
192,24
371,11
798,8
1554,29
86,23
138,1
299,16
551,24
1174,9
67,24
124,1
238,37
492,41
946,28
1965,15
43,33
63,27
123,42
273,3
545,20
1142,40
17,16
90,26
200,43
327,21
700,44
1411,19
46,5
103,1
231,10
396,14
848,44
1636,38
99,30
183,5
373,18
742,16
1430,23
8,7
37,36
100,24
221,29
396,17
776,47
1617,48
40,21
68,34
184,1
354,44
677,23
1389,33
97,26
197,26
362,36
754,36
1479,6
19,18
84,9
176,13
316,21
626,36
1246,7
80,29
129,37
299,30
558,43
1084,44
44,40
61,46
190,28
383,50
699,24
1385,38
9,8
46,11
120,38
251,37
436,20
953,12
1868,35
6,5
72,23
112,21
206,43
405,48
862,13
1670,25
38,37
52,12
175,32
343,25
640,34
1295,42
12,11
71,41
176,32
276,43
566,2
1157,15
101,14
171,11
287,6
562,14
1134,14
76,24
91,45
214,16
462,17
877,24
1819,1
13,12
74,47
166,48
330,12
653,44
1291,17
10,7
83,50
115,40
213,23
499,48
977,41
1989,1988
43,41
135,44
189,7
442,18
885,20
1718,31
28,27
46,40
142,2
275,16
519,28
1092,32
22,21
43,19
95,4
251,13
432,5
893,42
1828,6
15,14
50,49
72,12
228,12
441,2
867,41
1723,27
35,16
103,26
209,10
399,20
755,17
1537,31
97,12
121,15
238,7
553,9
1014,13
42,39
134,1
184,12
438,29
842,13
1710,5
65,40
133,45
213,38
510,7
958,8
1884,18
16,15
36,35
60,44
155,47
364,43
717,5
1424,23
46,5
145,19
268,16
540,18
1022,49
26,25
96,31
197,20
403,14
785,42
1516,32
69,31
153,11
280,41
589,9
1103,3
8,7
24,23
69,25
114,6
266,12
498,2
1014,50
1937,2
90,44
180,20
274,10
590,43
1211,9
38,9
92,16
191,45
324,29
682,25
1399,7
88,6
139,12
315,20
624,35
1228,23
2,1
37,36
87,50
185,23
314,25
680,50
1344,10
9,8
95,11
197,23
317,48
641,22
1314,30
27,26
98,6
181,13
353,37
664,32
1399,26
56,33
149,8
216,14
459,40
934,22
1888,4
48,37
82,2
148,6
295,31
614,4
1229,42
28,1
95,23
181,16
353,45
682,17
1418,17
96,49
128,42
308,19
626,28
1217,19
24,10
26,25
90,12
162,22
402,16
750,26
1497,9
65,20
69,1
198,31
389,37
729,15
1451,32
96,19
108,50
218,32
517,21
942,44
1912,26
76,14
78,47
182,13
419,27
810,35
1586,7
79,20
113,33
197,34
444,45
920,4
1827,37
57,41
106,34
181,21
441,50
843,24
1644,19
97,7
189,3
287,15
629,45
1251,5
77,25
176,7
329,12
584,18
1244,1
22,21
53,38
162,24
322,49
567,39
1170,1
56,48
92,26
154,35
381,31
744,18
1458,24
76,13
145,30
253,16
502,46
1060,31
14,1
84,24
142,17
246,12
535,15
1054,46
18,17
24,3
90,20
221,26
450,25
864,13
1744,29
75,3
79,34
232,11
421,43
834,37
1662,5
25,24
61,35
140,38
299,45
621,20
1210,41
41,29
54,13
188,14
335,32
696,20
1338,9
53,8
132,17
280,19
565,38
1040,42
99,2
153,42
275,45
580,41
1144,34
29,4
59,12
124,43
213,3
442,37
955,40
1862,29
86,32
132,42
241,33
479,12
947,7
1887,23
99,20
198,28
355,50
705,20
1432,37
87,42
103,13
203,4
461,25
905,19
1772,6
28,11
54,12
170,26
334,3
656,38
1251,27
60,25
160,45
245,9
564,16
1102,17
95,21
131,13
260,21
579,40
1136,33
78,10
117,43
272,10
468,13
952,32
1889,26
24,20
51,40
98,20
174,3
422,38
787,27
1609,38
79,19
87,17
256,9
477,22
918,2
1899,4
51,26
79,36
193,20
347,31
754,31
1464,50
29,28
65,48
127,23
287,19
528,44
1044,36
24,19
87,47
147,11
309,15
583,45
1213,11
92,12
121,43
242,23
527,28
990,2
1901,41
78,18
149,25
230,43
526,8
1022,32
55,5
64,19
162,14
356,48
735,8
1402,6
98,9
160,19
272,11
537,14
1106,13
87,38
162,24
287,45
605,2
1161,33
15,12
22,21
129,2
266,20
523,39
976,12
1987,10
65,44
131,30
276,23
496,14
1056,27
41,40
99,48
158,33
368,21
677,43
1395,48
68,11
85,37
237,5
410,24
879,19
1736,29
54,4
57,46
145,8
325,42
628,31
1233,4
28,27
43,42
91,1
213,1
383,50
837,8
1608,50
3,2
104,26
129,17
292,34
579,15
1202,47
70,14
166,28
273,12
519,4
1068,17
53,20
92,33
202,8
351,36
781,47
1526,13
27,26
76,20
106,38
265,3
488,5
989,47
1963,16
49,35
67,31
211,50
419,49
791,36
1568,47
42,41
113,9
233,47
486,4
917,43
1803,13
39,31
117,28
191,47
381,9
769,31
1523,24
70,2
131,1
275,38
506,10
1063,9
35,11
126,36
249,7
431,35
918,30
1821,25
41,40
89,2
160,26
301,34
665,10
1284,16
61,7
106,7
223,17
413,38
855,47
1692,13
36,14
124,19
201,33
406,14
771,34
1586,43
38,18
61,5
174,33
368,28
686,31
1400,33
87,15
147,12
249,19
521,15
1035,10
67,16
73,29
179,50
418,17
815,47
1563,25
64,5
138,17
239,1
479,11
956,33
1886,46
4,3
20,19
103,48
206,45
371,45
714,44
1475,15
87,1
119,31
267,28
505,25
1052,6
69,43
136,32
216,16
490,9
996,11
1944,4
88,29
182,6
337,23
611,28
1249,48
44,43
64,9
181,11
374,8
700,46
1395,29
43,22
55,13
137,33
324,12
602,33
1189,18
55,8
133,33
287,45
566,13
1134,1
16,13
62,42
166,16
339,12
628,29
1220,26
60,39
71,20
213,32
389,27
772,18
1539,14
40,2
79,15
207,41
329,13
707,49
1460,22
92,47
187,12
375,45
673,8
1356,1
5,4
84,45
168,43
298,5
581,6
1140,25
79,2
144,39
248,34
534,34
1026,34
14,13
88,42
193,35
382,15
758,17
1487,38
45,29
53,49
192,44
389,2
721,43
1454,19
17,16
27,10
127,22
174,17
370,32
815,42
1595,40
12,11
61,38
149,21
302,28
582,29
1195,22
49,42
114,20
182,8
445,30
834,9
1710,12
82,1
164,30
297,38
629,44
1262,44
61,44
98,22
239,44
455,15
856,32
1793,42
34,20
118,4
171,31
413,32
759,30
1520,1
16,15
101,12
210,26
417,7
833,33
1599,8
4,3
18,17
83,23
111,20
278,28
531,49
1062,10
50,31
151,24
261,32
484,18
970,3
1993,1992
4,3
105,8
187,20
307,12
651,50
1318,10
32,31
75,23
110,17
317,36
630,42
1228,25
86,48
173,31
359,5
644,18
1320,50
16,15
57,11
134,3
247,8
517,24
1063,7
8,7
39,12
116,4
177,45
359,47
705,34
1473,11
40,1
140,33
199,46
463,1
858,15
1763,25
93,50
156,36
273,23
595,9
1166,28
52,11
87,24
208,24
377,42
747,3
1524,47
29,28
58,21
129,47
302,26
599,40
1118,45
20,14
98,26
121,20
295,31
616,10
1170,44
87,39
98,14
239,10
494,22
996,32
1975,1974
72,46
76,20
167,8
344,32
691,9
1352,15
66,4
150,49
307,16
529,30
1122,12
58,23
78,7
203,33
349,14
784,27
1559,11
38,37
61,38
104,32
240,2
478,45
944,19
1908,7
9,8
54,27
85,8
208,6
363,48
725,41
1502,35
34,18
43,27
139,31
224,34
448,5
972,48
1929,7
42,26
119,38
219,8
459,44
909,11
1818,1
76,23
84,34
175,46
381,17
783,40
1585,28
52,12
115,33
193,18
368,33
752,8
1491,11
12,2
89,3
133,39
305,6
618,45
1202,18
6,3
30,29
94,15
221,2
356,45
789,36
1584,36
45,36
118,30
173,6
346,25
727,27
1487,6
78,5
121,18
209,36
492,35
955,18
1874,21
19,18
63,35
139,1
307,23
550,43
1147,14
48,41
101,24
250,34
423,18
846,18
1734,31
4,3
81,38
168,27
256,11
551,7
1080,43
3,2
70,6
148,17
286,5
572,8
1097,25
21,20
68,20
164,42
263,1
617,11
1173,39
97,15
111,11
261,17
478,48
1036,10
1914,23
93,24
135,44
318,8
548,35
1112,27
56,33
118,16
244,9
429,37
926,4
1864,44
55,28
63,18
159,16
308,42
648,14
1306,32
56,29
67,18
161,1
314,32
677,17
1332,6
9,8
76,50
169,31
300,10
572,33
1133,18
31,5
108,25
157,39
351,47
649,1
1373,15
9,8
66,7
147,29
262,36
537,35
1053,12
49,12
98,32
160,42
337,6
725,41
1439,19
54,30
131,19
245,36
486,12
1004,5
1978,9
98,5
156,13
284,7
622,25
1174,40
98,49
138,6
250,47
488,26
1072,21
16,2
102,5
179,35
363,11
726,35
1439,30
60,33
88,24
160,32
351,3
660,4
1327,44
44,43
114,20
218,21
454,2
893,36
1804,25
100,14
158,50
271,5
550,36
1145,11
13,12
113,33
190,35
346,14
683,31
1420,46
30,8
89,8
146,13
329,24
677,39
1316,1
101,18
110,20
256,1
525,34
1072,22
90,28
154,46
302,34
563,6
1111,46
85,17
88,28
245,29
485,31
948,7
1907,6
66,11
133,25
247,43
529,8
999,11
1986,1985
9,8
103,27
203,15
374,47
722,9
1418,41
86,45
164,4
298,23
621,33
1196,47
71,6
74,12
165,8
362,49
737,28
1430,32
50,32
78,29
227,18
377,37
821,7
1614,37
67,23
78,38
155,30
327,4
699,33
1354,31
99,40
153,11
258,19
606,25
1125,19
70,8
160,44
300,49
548,4
1118,15
60,40
69,38
217,22
395,22
747,50
1495,34
59,26
64,47
214,11
348,23
701,47
1436,35
55,28
116,49
225,37
441,36
864,8
1788,19
84,19
156,34
286,29
546,21
1131,12
75,30
84,25
211,33
408,20
813,9
1688,35
31,30
119,27
194,13
407,40
787,24
1600,4
6,2
37,28
46,17
176,7
324,10
686,25
1321,35
66,30
100,39
236,19
413,30
910,11
1814,36
20,1
113,2
195,3
405,36
805,24
1638,28
99,9
108,1
232,38
503,35
952,43
1936,34
25,24
61,31
168,6
340,45
651,41
1266,26
68,20
75,19
239,38
396,10
830,43
1676,8
22,21
106,18
179,23
398,3
793,33
1503,16
97,47
153,28
327,5
653,1
1243,4
78,3
169,1
312,23
564,2
1142,30
61,15
82,9
191,38
338,9
695,8
1420,14
14,13
71,29
146,48
248,12
574,10
1113,1
37,36
81,43
183,50
302,50
606,48
1270,31
76,22
79,42
242,8
468,14
878,1
1808,3
46,16
60,40
158,44
283,11
620,12
1241,19
36,28
83,42
144,7
353,27
621,34
1250,42
87,5
106,41
204,7
463,37
882,33
1746,47
68,38
120,47
241,10
479,43
981,37
1919,24
77,22
119,2
269,25
546,38
1054,9
10,9
93,23
198,20
335,10
685,45
1401,18
58,29
107,18
218,15
460,42
907,40
1758,26
22,21
26,25
80,27
227,34
414,48
799,32
1656,11
48,14
139,34
191,5
423,46
856,29
1747,9
97,46
160,13
262,4
609,39
1143,23
32,7
102,46
149,17
326,24
632,21
1330,16
76,37
124,47
220,16
438,27
902,48
1840,19
28,27
91,39
154,46
313,14
639,19
1321,42
23,22
24,1
52,46
106,8
295,48
592,22
1111,49
64,10
110,4
264,37
539,37
1064,46
14,13
67,12
164,38
316,16
569,15
1212,41
53,4
91,38
160,41
357,48
679,1
1386,44
68,49
84,37
222,23
421,43
849,48
1711,19
47,34
80,6
153,20
303,11
622,20
1221,41
35,21
40,18
100,18
253,41
484,2
913,49
1869,3
10,9
28,27
54,31
105,18
256,43
514,15
1008,22
1957,1956
74,27
100,17
230,23
492,25
930,13
1857,27
96,36
173,12
285,9
643,40
1288,20
65,32
74,17
219,38
412,3
776,34
1550,3
16,15
81,15
187,6
323,30
694,35
1317,49
65,2
126,5
269,30
560,47
1098,25
84,41
152,8
299,35
572,43
1124,41
95,42
189,40
312,20
612,17
1235,40
49,1
73,28
152,40
353,37
701,13
1391,6
49,40
114,25
202,21
417,22
803,1
1665,22
91,13
120,10
240,35
515,26
1067,17
67,27
73,12
235,13
442,4
894,32
1718,23
73,41
142,7
273,5
553,29
1114,49
92,3
103,11
239,39
450,46
889,48
1845,37
97,44
139,18
326,2
608,17
1226,43
83,18
156,5
283,18
531,8
1141,23
50,33
132,46
226,39
431,26
928,49
1834,26
78,38
131,16
262,33
525,35
1027,8
70,2
108,48
246,10
440,3
923,9
1854,15
45,23
138,4
253,48
521,5
1014,13
1900,41
92,10
111,1
209,29
463,40
971,28
1915,26
41,40
52,13
137,3
261,33
573,38
1090,31
81,33
104,1
227,8
440,30
881,31
1806,23
79,41
108,1
217,21
413,39
862,43
1771,28
93,19
125,17
309,3
576,9
1110,23
35,34
58,47
141,38
254,17
566,41
1066,17
94,42
118,8
277,47
548,22
1123,8
5,4
41,38
125,1
206,48
440,21
837,44
1688,46
8,3
103,43
147,41
337,24
615,36
1294,45
36,1
130,47
182,13
393,25
821,41
1645,35
45,21
142,50
262,29
506,37
1053,35
18,17
59,18
80,34
253,9
412,43
876,2
1737,50
49,36
105,32
155,28
326,2
656,43
1297,9
73,20
101,9
195,39
453,35
919,14
1831,44
39,11
88,32
135,24
313,34
591,16
1210,16
2,1
97,25
164,48
302,41
569,3
1152,11
9,8
49,1
99,18
185,50
407,48
816,45
1591,33
87,38
178,15
326,22
622,42
1308,20
61,41
84,3
169,31
331,42
726,37
1459,7
32,31
45,23
145,18
285,25
578,28
1160,50
62,26
82,11
218,3
442,22
905,16
1760,37
99,42
131,22
240,24
515,29
1028,21
89,38
115,43
257,21
482,3
958,49
1964,1963
91,18
118,19
269,19
530,3
1020,27
67,19
136,15
287,47
546,18
1115,4
11,10
18,5
40,39
87,33
245,24
434,47
848,24
1732,40
84,18
124,21
217,25
454,11
930,44
1876,2
101,27
170,8
362,9
664,10
1301,34
17,7
38,37
150,27
231,41
519,34
1045,41
80,13
84,18
208,11
447,1
869,27
1717,39
70,40
71,1
203,39
387,19
733,2
1554,43
56,33
150,47
294,40
585,3
1127,38
70,8
110,38
190,13
426,38
880,32
1702,31
20,19
100,26
206,8
346,10
762,5
1437,39
36,35
40,24
112,48
270,45
538,47
1042,29
6,5
75,35
85,36
224,5
415,43
855,16
1719,11
85,37
182,24
345,41
636,6
1284,33
79,41
165,21
319,9
663,47
1229,16
20,6
81,28
111,14
228,33
468,9
948,39
1897,21
17,16
18,17
56,1
137,8
291,30
601,8
1149,22
5,3
60,15
100,15
245,15
496,19
991,17
1943,1
59,20
148,34
300,45
594,22
1174,29
80,43
148,2
264,31
573,10
1109,25
97,28
144,50
326,49
597,9
1205,49
80,21
124,5
213,6
449,29
907,3
1820,24
21,20
109,17
200,19
349,7
759,39
1445,34
52,32
145,45
210,35
504,23
983,17
1958,29
53,45
143,24
237,3
493,42
932,15
1930,26
23,22
68,8
192,11
291,28
650,46
1244,2
95,39
109,10
222,32
457,30
919,25
1808,2
13,12
42,1
100,50
180,28
393,39
739,41
1538,32
91,23
137,50
230,16
491,1
972,13
1949,11
79,15
146,16
230,39
546,26
1036,34
100,13
117,16
276,49
498,48
997,14
1912,34
42,1
106,35
177,9
401,27
814,33
1547,20
97,26
187,37
375,20
667,40
1379,1
8,7
97,49
206,18
357,17
762,16
1509,9
5,4
72,20
100,11
273,21
474,44
932,38
1948,28
33,32
132,41
207,12
423,19
833,50
1665,29
42,11
130,27
234,32
424,15
851,16
1744,12
56,50
144,19
206,33
501,6
990,41
1984,1983
54,22
115,47
190,1
395,10
792,4
1633,37
11,10
27,4
49,28
186,18
337,20
640,20
1272,16
32,31
111,10
194,19
359,14
785,33
1499,48
81,10
92,31
197,4
415,2
799,11
1633,47
32,31
41,2
75,24
232,42
442,27
882,40
1729,21
94,25
121,20
272,45
507,22
1016,49
30,29
121,39
202,5
377,9
783,32
1572,27
38,36
119,4
233,24
476,6
909,31
1812,22
79,34
94,12
252,8
512,48
956,6
1938,39
70,14
141,29
251,4
504,3
1018,40
1952,7
13,12
92,36
203,46
343,29
742,49
1486,18
52,3
122,29
260,43
490,42
1014,10
1972,1971
89,36
151,24
262,24
554,27
1087,1
45,15
98,8
202,7
414,14
777,38
1626,4
39,28
49,31
157,27
280,5
537,14
1064,19
1,0
98,26
198,49
374,1
722,8
1457,13
97,5
101,7
255,49
551,45
1009,30
77,45
129,21
294,29
563,29
1154,4
34,17
58,41
165,11
264,36
524,38
1054,11
2,1
36,15
101,49
232,4
425,32
888,1
1746,38
8,7
42,17
101,24
241,7
426,39
885,24
1747,8
37,36
60,11
113,13
305,37
548,32
1085,45
63,11
125,6
204,6
465,41
943,8
1862,3
33,20
36,35
74,20
198,22
395,39
789,43
1544,28
7,6
67,1
168,42
330,12
657,2
1273,40
57,46
87,42
216,34
389,21
799,34
1614,15
13,12
38,12
87,35
191,30
401,36
756,29
1579,27
16,2
110,32
199,15
348,45
759,7
1513,24
55,26
81,50
210,15
377,17
754,45
1493,30
49,39
68,15
162,15
323,34
697,16
1327,28
77,22
122,31
217,39
493,20
919,11
1875,33
93,38
186,5
368,39
705,21
1435,30
84,14
152,40
263,26
530,30
1103,50
68,7
108,18
189,3
374,46
753,6
1500,23
88,45
138,49
239,1
546,15
1088,47
52,21
114,43
182,43
438,44
876,2
1754,48
74,40
99,40
189,20
404,23
804,25
1629,35
3,2
33,32
79,49
202,47
334,14
662,33
1355,41
33,26
129,20
236,28
494,8
896,41
1889,19
79,39
139,2
266,49
515,31
1088,2
5,4
20,9
65,6
97,25
201,43
464,33
895,33
1789,37
10,9
31,28
58,38
115,39
282,33
500,22
1080,42
21,20
61,10
118,38
292,17
510,35
1048,1
34,24
114,27
216,47
457,25
879,44
1749,8
84,9
98,35
218,37
489,14
890,18
1805,35
60,1
89,12
181,18
402,19
746,7
1571,22
76,48
113,14
267,30
488,46
965,25
1952,7
72,11
150,10
261,24
563,39
1136,37
77,50
162,17
262,2
544,23
1083,45
3,2
74,37
178,37
285,12
602,37
1185,17
75,6
164,32
325,27
663,15
1310,36
73,16
87,19
232,45
435,40
885,44
1741,50
69,31
161,37
272,14
593,29
1170,11
46,2
59,46
188,49
317,9
646,7
1300,14
43,18
126,49
253,32
523,48
946,7
1946,44
28,12
105,16
159,32
378,26
758,7
1527,38
60,42
85,11
233,32
390,2
807,16
1587,24
82,49
93,14
222,30
446,18
875,17
1797,33
59,21
69,23
148,16
340,15
678,1
1325,18
7,6
59,50
134,28
253,4
544,10
1061,5
31,28
102,50
191,40
376,3
751,42
1484,50
34,19
51,45
100,12
267,19
541,46
1022,3
73,23
133,25
235,5
499,43
984,16
1985,1984
62,1
128,6
216,30
492,25
913,26
1834,27
59,7
89,5
164,4
370,7
712,35
1428,49
78,7
92,35
244,10
461,2
950,28
1839,26
26,25
87,41
137,41
333,30
611,47
1244,23
74,48
143,13
284,37
535,23
1091,18
45,34
49,2
123,25
226,5
534,49
1036,4
53,48
125,17
198,8
468,18
873,14
1798,37
25,24
27,26
140,38
216,6
454,9
930,13
1824,39
20,19
41,4
131,23
212,14
484,48
981,35
1969,19
89,30
114,37
234,50
479,22
989,49
1935,3
1,0
92,35
185,27
335,23
690,40
1313,29
37,20
126,34
264,35
492,13
1011,6
1901,49
86,38
102,46
190,11
460,8
906,42
1794,8
41,40
116,9
195,5
368,40
805,12
1614,47
100,13
159,36
312,1
625,25
1281,32
15,10
52,30
121,27
254,47
514,44
1029,15
1990,10
57,26
129,23
256,20
541,2
1049,14
88,23
118,15
251,10
539,37
1065,24
63,3
151,26
310,10
574,27
1152,47
16,15
28,21
140,36
275,2
533,35
1062,4
31,14
57,29
127,11
221,17
468,50
998,38
1938,48
60,34
89,42
162,19
338,39
706,15
1420,23
7,2
31,30
117,46
198,14
405,7
802,25
1650,17
90,44
168,2
274,47
588,48
1128,25
66,34
108,11
272,21
455,30
928,17
1832,31
37,36
77,13
193,20
372,4
766,24
1475,15
20,19
56,20
78,15
156,7
343,12
752,5
1441,3
40,17
100,28
202,42
439,20
800,17
1588,32
100,7
115,48
312,39
627,3
1248,46
84,33
134,27
246,12
476,14
1026,21
1983,1982
88,30
128,23
281,11
576,45
1108,3
52,26
121,29
190,20
398,50
862,31
1687,23
63,43
156,49
279,23
574,27
1096,42
26,10
69,46
133,6
313,44
609,37
1213,32
43,8
95,2
205,30
344,16
721,43
1417,5
86,16
92,45
200,42
438,8
858,29
1704,30
45,29
62,38
128,27
274,24
520,5
1106,37
51,39
134,37
225,49
413,25
874,42
1761,1
14,13
62,38
86,17
166,46
342,17
758,4
1527,13
84,1
86,27
219,19
488,4
957,45
1900,24
43,3
86,46
131,49
262,41
610,8
1164,13
38,37
78,48
136,13
319,19
636,46
1289,47
25,8
69,9
96,14
212,21
496,2
969,15
1962,38
10,9
26,6
82,16
172,22
371,13
680,33
1343,16
3,2
27,26
64,41
123,44
220,47
490,31
1011,13
1988,10
67,40
155,33
224,6
462,6
995,50
1988,1987
48,23
107,10
218,2
429,31
889,3
1713,35
71,35
81,5
218,46
428,40
832,5
1655,49
79,2
80,13
190,33
450,50
828,24
1666,41
13,12
15,13
86,25
172,38
294,39
602,38
1218,18
55,14
150,27
296,38
560,21
1147,28
100,45
150,34
282,10
571,48
1145,41
27,26
120,17
188,45
419,43
829,44
1669,50
32,25
79,32
205,42
326,9
718,18
1422,1
81,13
162,5
309,2
645,25
1226,18
66,2
108,39
211,12
429,35
913,41
1739,14
30,7
75,33
164,35
366,20
705,14
1399,16
39,38
41,1
107,47
218,50
499,15
961,21
1901,18
9,8
52,41
158,43
294,14
542,5
1148,28
4,3
13,12
74,34
160,39
289,32
559,34
1161,12
62,17
149,16
222,15
458,10
895,32
1812,18
100,25
193,31
297,24
597,12
1221,49
26,10
51,43
120,17
247,35
513,4
961,15
1951,3
81,30
159,18
293,9
579,45
1124,35
26,25
30,1
104,28
198,9
439,46
840,28
1663,45
99,14
130,13
321,7
605,24
1232,35
67,29
156,17
292,19
549,18
1150,37
1,0
54,8
80,40
145,15
283,43
657,26
1300,19
56,3
109,8
237,16
499,50
964,34
1908,12
12,11
86,36
103,29
277,10
494,16
1045,44
73,21
147,27
298,16
590,23
1137,21
89,23
139,18
230,34
495,40
1019,12
1977,1976
41,29
61,33
125,13
301,47
573,48
1150,22
91,16
146,29
256,45
567,20
1073,17
20,1
64,8
87,47
236,6
456,42
915,10
1825,25
9,8
73,19
97,30
208,49
428,39
896,29
1806,30
63,10
100,4
207,30
439,10
904,36
1803,11
35,26
62,11
100,39
213,4
455,26
950,29
1915,16
92,24
133,19
307,40
625,25
1189,17
83,39
130,5
298,2
535,38
1079,44
31,7
97,4
172,6
306,50
655,45
1293,32
21,16
72,29
146,7
339,27
640,42
1277,36
17,16
28,27
142,49
242,48
519,37
1001,5
1912,9
100,40
180,29
380,48
750,28
1436,9
67,17
140,38
243,22
524,37
1038,44
92,11
190,43
329,48
684,19
1360,43
80,2
129,47
216,29
526,24
1005,23
1944,50
77,4
146,14
246,49
508,27
1048,46
83,42
102,8
200,49
486,26
884,24
1765,17
4,3
97,12
128,45
281,40
514,10
1107,28
99,15
135,25
289,45
566,32
1180,12
78,20
127,5
256,46
513,43
1006,31
1918,25
100,2
144,26
261,40
548,27
1107,42
8,6
29,16
109,15
186,2
433,13
808,49
1635,34
89,45
107,35
225,26
422,43
850,21
1723,35
49,32
56,38
120,48
237,35
531,20
1058,2
88,9
153,18
318,27
563,43
1127,37
5,4
29,28
124,48
195,44
363,11
816,25
1595,40
11,6
50,28
138,28
261,40
482,41
1026,46
1906,39
9,8
86,39
125,28
277,1
546,10
1076,4
34,26
57,40
92,8
228,30
483,29
933,24
1864,21
80,30
164,49
248,24
538,38
1071,10
76,39
156,42
253,1
497,38
1060,5
94,26
126,35
302,25
568,14
1130,33
40,17
134,45
199,26
458,44
926,26
1758,30
21,20
81,5
201,28
307,38
710,41
1347,4
97,23
101,40
249,30
458,3
948,38
1889,20
7,4
24,20
67,27
191,24
365,27
705,17
1381,30
29,13
93,20
155,28
377,44
723,1
1434,8
27,26
30,29
131,18
261,14
511,50
1012,49
1989,1988
29,28
48,30
167,42
256,42
531,2
1049,2
18,17
98,4
177,2
376,29
749,36
1446,44
31,20
108,44
168,30
372,14
767,26
1447,1
49,12
117,27
255,42
485,45
1007,43
1947,28
41,26
74,38
173,23
380,14
737,9
1419,25
62,21
119,36
258,40
483,37
1015,45
1987,13
57,50
84,11
228,25
375,5
768,25
1602,28
63,28
74,41
197,36
431,20
775,10
1553,24
47,2
53,23
140,46
273,35
562,36
1109,16
67,23
104,25
222,10
437,3
851,2
1694,42
64,20
91,42
191,22
366,14
806,23
1566,23
81,37
125,26
298,9
574,9
1179,42
81,46
182,42
324,38
631,47
1271,35
7,6
85,26
170,22
308,32
647,9
1240,35
65,23
94,15
213,8
374,30
771,28
1551,26
80,13
122,4
247,18
522,12
1054,35
32,18
77,36
160,29
296,44
642,3
1305,35
22,21
117,33
231,43
449,39
862,11
1748,34
37,20
108,50
239,14
466,47
908,9
1803,29
100,9
110,48
237,13
511,14
960,12
1991,1990
16,15
19,18
122,7
201,11
424,20
847,35
1718,39
96,14
158,48
342,3
636,20
1247,47
77,41
135,37
283,12
589,5
1183,25
77,13
90,15
174,17
355,41
699,42
1447,30
34,25
60,25
109,46
245,37
529,24
1043,49
62,38
155,32
278,43
525,45
1079,10
57,20
107,37
248,41
500,1
962,3
1920,35
74,34
129,22
259,12
508,10
1009,4
1991,8
31,17
117,32
159,49
346,34
687,40
1424,30
71,41
136,40
252,40
514,40
1017,25
1995,1994
91,33
188,1
369,15
715,48
1366,28
6,5
95,12
153,29
342,24
660,23
1326,40
74,46
175,15
310,37
613,23
1262,26
70,1
77,31
231,25
398,42
796,19
1673,39
68,8
101,44
176,4
360,12
787,38
1573,6
49,42
92,17
209,1
354,36
753,14
1484,38
87,24
137,2
285,32
563,2
1085,12
29,5
130,13
250,18
509,21
987,19
1996,1995
2,1
56,47
89,41
230,13
395,15
857,29
1716,13
60,17
123,45
276,12
522,21
1054,48
97,5
151,26
281,45
580,18
1160,31
38,37
45,1
165,22
263,50
556,27
1087,22
93,9
179,48
285,6
657,8
1285,32
42,7
79,41
137,30
341,11
653,38
1333,12
59,10
154,43
266,22
549,12
1075,7
13,12
17,16
113,43
195,50
376,34
785,19
1594,5
49,45
51,39
190,12
370,21
731,33
1439,3
67,16
68,24
161,16
353,44
697,9
1423,3
23,11
102,10
216,4
385,10
783,42
1511,10
19,12
22,21
64,41
125,17
266,46
512,22
1064,11
29,25
46,31
129,13
283,37
546,37
1113,12
81,8
104,10
188,1
427,23
829,13
1683,29
70,17
124,12
243,7
490,29
963,5
1925,30
88,50
116,41
234,21
489,9
981,34
1938,38
90,44
174,13
340,40
697,33
1307,2
72,38
103,49
224,4
416,46
881,34
1697,4
100,25
189,31
309,29
631,13
1235,11
37,23
93,19
218,48
357,46
790,9
1564,29
26,23
103,40
153,35
371,20
696,13
1381,13
21,20
69,13
147,11
240,46
561,28
1088,41
3,2
24,17
76,41
194,7
328,13
647,21
1318,30
83,2
129,40
306,38
524,8
1083,38
81,11
119,19
235,42
440,21
974,30
1942,44
23,22
62,50
103,30
279,17
478,8
1022,13
1941,4
24,23
45,44
99,16
207,16
437,31
815,47
1715,1
39,15
63,38
178,38
334,37
691,3
1367,4
96,34
116,31
213,50
440,37
933,34
1885,35
49,41
120,25
227,16
409,13
854,13
1749,46
27,7
35,22
107,26
193,40
449,6
864,34
1702,36
39,9
58,28
107,32
228,37
458,1
952,13
1925,28
38,10
42,33
157,11
275,38
534,13
1081,35
101,27
155,11
320,1
597,17
1273,8
63,31
101,6
243,15
460,50
958,30
1894,44
25,24
76,22
103,48
244,37
529,34
1062,30
8,7
47,4
69,16
153,39
373,42
750,33
1401,28
69,35
76,46
176,39
374,7
793,32
1561,25
59,43
139,44
251,23
456,22
935,11
1858,31
35,2
106,15
195,20
394,24
761,23
1563,36
91,6
100,32
278,26
506,17
983,39
1955,26
66,21
142,36
284,12
593,2
1129,50
99,13
138,40
241,47
532,30
1078,18
69,18
162,32
316,4
629,8
1241,40
1,0
14,13
116,38
153,50
325,39
619,22
1317,34
77,28
119,8
267,18
519,48
1066,47
53,46
56,3
114,17
225,8
542,30
1049,5
20,12
105,21
127,42
296,29
628,27
1237,42
64,16
127,27
276,16
530,9
999,10
1943,9
71,19
95,36
201,47
416,35
786,28
1607,43
55,27
74,10
135,1
282,16
569,8
1178,33
81,50
133,15
307,31
607,43
1194,4
85,31
182,24
328,36
640,35
1252,12
28,27
119,34
194,26
418,34
784,25
1547,25
49,37
65,37
208,18
366,18
777,22
1559,16
80,39
107,29
254,15
525,32
1011,2
1966,1965
60,2
110,26
236,31
421,6
879,35
1778,47
73,13
119,7
226,43
489,44
947,7
1857,30
79,7
127,25
288,28
513,3
1067,24
41,5
111,5
240,4
476,50
928,10
1860,13
17,16
20,14
39,28
176,19
295,47
645,30
1198,27
82,41
143,15
288,43
543,24
1074,15
25,24
43,32
78,23
239,41
429,13
841,1
1656,7
68,10
98,14
199,13
434,4
818,44
1687,12
77,4
167,24
306,24
650,49
1257,41
59,47
157,1
286,13
588,49
1145,44
71,38
168,12
326,22
615,15
1197,29
16,15
93,5
169,14
363,16
645,28
1376,46
71,34
162,13
318,45
587,39
1170,13
73,3
154,5
318,43
636,19
1261,26
31,14
35,2
162,2
283,16
588,18
1192,4
39,23
64,43
193,37
362,49
706,12
1440,8
45,27
71,16
126,33
252,17
590,42
1151,4
45,42
50,9
111,26
290,33
533,12
1085,7
66,43
83,6
185,10
400,30
800,38
1539,4
12,5
62,1
153,31
237,40
504,46
1008,27
1948,31
71,47
74,33
168,36
355,4
701,37
1440,41
53,50
81,24
164,42
359,25
720,38
1427,28
62,42
69,17
152,15
363,38
712,16
1391,43
40,19
79,36
194,49
412,28
817,44
1611,20
66,9
131,5
224,39
436,12
945,27
1901,8
84,1
109,8
229,39
515,41
976,22
1997,1996
19,17
27,7
72,8
194,32
317,28
641,41
1356,45
47,10
135,28
213,9
425,43
909,28
1739,41
13,12
83,15
121,50
244,17
538,20
1044,14
45,4
139,35
229,19
438,12
934,30
1812,25
44,8
120,12
239,48
451,15
933,5
1826,49
51,38
96,16
188,20
405,50
787,40
1557,24
51,28
83,5
228,32
410,26
783,31
1650,5
96,24
175,8
357,50
670,32
1389,20
1,0
63,43
85,13
219,23
370,19
800,42
1569,8
85,25
113,21
225,13
475,27
904,4
1812,31
59,25
81,31
172,36
322,48
720,27
1450,33
36,35
123,27
199,26
445,48
835,30
1690,11
55,49
147,4
246,25
458,29
910,18
1889,15
30,29
65,39
160,43
294,1
599,12
1149,6
66,17
166,1
303,11
548,11
1105,22
85,35
129,26
269,38
504,34
1043,22
54,43
146,15
231,6
443,10
970,38
1898,23
80,24
160,35
265,24
564,13
1138,7
94,10
135,21
256,37
582,4
1137,29
63,18
100,38
165,49
348,50
732,36
1419,32
21,8
30,29
95,42
176,20
384,49
771,5
1564,34
61,2
77,1
187,16
397,20
805,31
1551,23
63,12
128,28
212,34
424,46
829,42
1680,13
52,26
107,48
244,47
488,23
936,19
1854,16
33,3
131,31
240,5
477,3
965,9
1849,25
61,7
134,16
246,1
464,31
928,38
1857,27
80,41
140,4
310,10
610,10
1232,16
48,47
94,9
238,19
474,38
921,34
1811,21
44,14
118,22
231,18
448,50
872,50
1733,27
38,37
137,22
222,23
477,48
917,40
1863,29
10,9
59,29
169,42
305,31
580,6
1189,29
81,1
149,33
238,35
508,22
1013,29
1956,1955
1,0
22,21
37,21
125,10
266,26
527,29
1065,22
97,15
182,21
285,31
632,38
1200,43
52,1
95,31
172,27
355,18
707,7
1425,39
71,41
116,11
242,2
475,10
929,21
1843,29
79,10
172,32
350,31
618,15
1294,32
48,29
56,20
142,9
307,9
621,8
1226,49
67,8
139,32
224,20
475,21
1003,11
1992,1991
41,10
128,26
251,45
479,11
981,25
1944,7
14,13
29,17
79,33
137,10
317,34
648,49
1296,27
93,44
154,11
281,48
600,47
1154,26
54,43
137,39
251,41
491,12
956,12
1926,26
74,15
134,26
296,3
510,24
1018,35
58,3
140,25
249,23
486,15
1015,12
1982,1981
70,7
110,28
206,13
470,1
932,49
1858,14
87,40
169,41
263,15
618,48
1195,46
22,21
26,25
87,37
151,17
300,43
661,27
1287,13
71,48
81,26
200,50
407,47
774,5
1570,2
16,15
104,36
187,43
320,23
646,25
1348,8
75,38
146,13
297,48
600,12
1183,12
57,5
68,34
219,19
411,13
848,42
1628,30
13,12
44,38
127,50
274,20
484,5
955,43
1937,2
49,21
93,47
236,17
389,30
808,32
1667,47
59,44
111,32
176,35
425,5
787,27
1565,49
67,50
100,4
261,48
515,48
995,45
1941,23
85,39
148,20
261,40
547,6
1135,11
51,32
58,34
207,39
368,30
734,31
1489,43
74,38
105,47
245,49
503,25
967,20
1978,6
58,46
120,33
242,8
469,10
899,15
1885,45
1,0
97,11
114,41
278,48
558,47
1102,30
54,4
147,6
277,32
484,21
963,1
1950,39
68,38
98,3
198,1
374,28
800,13
1621,6
79,26
159,22
298,34
633,28
1246,7
42,41
55,40
194,41
384,43
694,14
1378,2
80,32
177,41
259,28
534,3
1109,32
7,4
15,6
74,16
157,14
329,25
668,26
1295,48
59,1
123,1
222,2
447,11
948,37
1899,16
21,3
119,32
234,49
420,20
895,42
1751,12
18,16
75,25
142,40
248,21
554,50
1084,7
38,37
139,1
272,35
468,50
999,3
2000,1999
30,3
104,29
229,10
463,29
916,45
1785,15
5,4
27,2
42,7
141,22
217,38
483,36
930,12
1862,15
87,48
96,31
217,24
471,22
886,39
1841,10
51,31
104,35
171,8
418,6
845,5
1674,5
70,30
153,48
288,24
611,31
1169,41
30,28
80,9
154,37
342,8
660,5
1335,35
101,24
193,23
307,6
646,49
1313,50
56,8
68,24
220,19
371,32
795,6
1604,39
97,38
170,11
349,21
698,8
1403,17
35,32
131,25
211,18
400,3
780,11
1600,29
20,19
24,23
110,25
175,31
370,1
760,2
1531,11
38,22
96,22
135,19
338,40
701,29
1345,30
75,36
116,26
196,27
445,30
879,40
1742,4
41,28
99,27
215,38
423,19
806,36
1634,41
85,22
134,17
315,13
574,13
1137,39
48,29
85,22
170,37
346,9
725,33
1382,39
86,39
164,36
294,3
559,41
1110,37
49,38
148,29
228,5
429,24
890,24
1780,6
22,21
95,19
142,2
343,18
673,39
1376,22
12,11
77,14
118,42
240,15
528,14
1021,15
2000,1999
60,16
67,23
171,41
398,32
738,21
1489,49
55,23
104,33
236,30
418,41
849,18
1694,29
16,15
89,37
173,14
354,45
723,41
1425,44
2,1
44,14
94,14
163,47
383,44
736,3
1462,18
27,26
74,15
116,32
249,23
491,3
1015,37
1994,1993
25,24
73,2
122,14
276,30
529,18
1119,49
5,4
11,10
81,49
123,50
317,28
588,34
1192,24
49,37
113,10
250,18
429,50
941,4
1809,14
25,24
86,14
186,7
327,36
644,23
1357,21
57,45
89,47
241,44
471,40
925,4
1797,38
29,1
39,38
90,27
161,17
408,26
825,6
1583,20
51,19
83,14
203,38
432,35
833,40
1665,25
100,23
149,27
301,13
594,20
1219,15
60,3
73,36
171,39
312,12
716,43
1356,40
52,34
73,46
183,12
322,10
679,2
1408,30
41,31
131,49
200,4
399,33
845,49
1678,28
2,1
14,13
25,7
97,27
238,44
474,23
853,33
1779,33
52,11
138,30
225,38
504,16
986,7
1966,1965
87,34
166,45
340,35
601,30
1238,3
65,28
96,46
253,22
475,2
965,30
1864,31
25,24
44,43
81,34
226,30
447,47
863,31
1751,47
79,37
86,12
265,46
506,47
1018,19
1962,1961
57,20
110,4
217,2
483,20
868,42
1740,37
81,1
129,12
249,13
509,4
978,20
1936,2
68,15
102,16
183,23
358,34
727,1
1463,27
30,9
102,48
182,32
397,35
784,24
1535,22
47,46
77,36
220,21
362,36
801,43
1534,39
26,2
99,1
189,34
340,26
727,11
1442,28
76,48
139,49
316,29
595,29
1176,1
27,26
29,28
133,34
278,1
492,46
1038,14
1995,1994
98,9
141,28
260,18
577,11
1103,42
23,22
121,39
187,34
372,26
715,4
1426,21
39,38
87,8
141,42
296,46
653,17
1275,3
86,30
105,25
210,38
412,28
909,32
1738,31
69,27
101,41
244,16
418,24
917,12
1763,26
57,20
107,37
166,7
428,4
832,1
1631,30
48,39
113,5
234,35
489,26
969,48
1945,30
75,31
84,47
217,40
394,28
840,40
1633,35
62,8
147,14
212,17
511,36
1015,31
1961,1
91,37
94,39
282,50
539,41
1022,18
28,27
87,12
120,7
316,20
557,9
1136,2
29,27
100,2
211,7
392,27
756,29
1524,34
77,14
132,5
281,1
515,5
1091,5
96,9
121,44
263,39
484,40
1056,50
80,1
104,38
220,49
453,20
883,26
1803,48
55,27
68,37
126,49
305,6
613,22
1195,24
38,19
52,12
169,11
353,2
676,10
1349,26
99,16
111,32
257,36
493,41
1037,47
1980,1979
51,33
90,30
215,32
367,48
797,25
1582,10
71,41
109,16
185,13
377,44
771,18
1529,26
60,48
94,3
162,28
342,19
681,33
1435,49
71,45
103,43
247,32
515,27
992,44
1934,35
40,26
113,29
200,38
423,44
824,46
1619,50
26,25
67,9
110,33
298,43
589,33
1137,18
17,16
58,47
138,35
239,50
517,21
971,38
1978,1977
28,11
68,33
163,21
282,25
628,41
1214,46
89,27
112,28
267,48
548,49
1069,42
75,4
124,31
227,38
493,1
971,17
1932,9
21,20
40,1
137,23
277,12
523,16
1070,43
52,21
146,47
247,9
479,19
954,44
1977,21
48,35
59,24
116,41
270,35
542,9
1086,8
86,42
179,12
347,36
693,18
1373,44
41,11
108,7
248,45
455,10
861,25
1797,14
45,43
140,43
269,4
525,6
983,14
1995,2
5,4
80,45
181,15
275,11
576,10
1178,20
72,49
101,9
231,31
453,10
943,42
1889,41
56,19
153,17
255,6
514,8
1053,33
98,44
111,16
232,36
519,36
1036,46
1922,33
59,19
60,22
184,10
326,36
728,19
1375,49
16,2
74,47
98,36
250,14
524,50
975,44
1988,8
60,16
69,19
133,17
331,19
682,18
1364,27
36,1
106,20
221,47
380,31
828,4
1636,48
46,21
49,41
117,8
264,45
576,19
1101,32
72,3
148,48
292,12
529,4
1079,32
97,7
118,33
304,33
576,49
1169,38
19,17
83,50
187,2
379,15
701,8
1375,49
15,14
43,27
77,5
175,21
340,41
699,37
1424,22
41,21
85,45
199,24
417,47
791,26
1539,44
1,0
96,38
138,18
262,32
577,16
1168,14
91,42
110,7
247,4
479,42
994,19
1935,12
50,3
104,34
162,23
404,30
799,48
1526,18
27,26
47,20
166,39
248,14
566,37
1091,16
40,23
52,21
159,20
293,25
609,27
1219,34
33,15
134,17
235,3
405,13
861,7
1745,30
95,30
164,7
326,2
618,33
1213,8
83,29
133,3
288,8
593,30
1141,39
65,20
105,44
233,6
455,43
925,1
1873,36
101,4
136,16
337,46
598,9
1221,15
62,36
124,16
250,1
468,26
964,8
1888,18
60,38
73,44
174,29
378,28
703,31
1392,26
41,40
138,33
198,32
403,22
861,33
1725,27
81,33
139,31
238,11
514,2
974,43
1973,1972
71,17
146,27
302,20
579,36
1179,24
82,43
162,47
330,14
674,32
1300,13
76,1
134,48
222,15
483,25
962,37
1904,28
89,46
123,3
223,39
535,5
1010,43
1968,28
24,19
119,33
232,32
415,27
842,12
1663,2
41,40
76,27
143,37
273,49
605,48
1162,25
17,16
54,29
90,24
222,8
405,24
848,28
1700,26
51,9
72,2
168,3
337,11
643,2
1362,42
100,12
158,3
291,38
571,14
1176,12
83,9
117,22
232,6
463,37
917,12
1906,19
21,5
73,1
194,31
300,33
619,38
1219,21
93,47
129,3
312,32
542,35
1080,16
72,3
100,44
263,31
481,26
936,45
1884,13
41,2
86,25
202,5
369,48
731,24
1509,3
45,5
62,34
144,30
313,28
629,9
1225,41
47,42
76,39
221,34
381,1
792,40
1534,9
73,12
150,36
313,24
553,9
1152,43
28,12
37,36
147,46
255,42
544,9
1012,48
3,2
22,21
119,25
182,22
425,41
821,49
1604,14
60,45
117,45
232,23
418,22
900,3
1741,50
10,9
19,18
43,40
103,28
198,50
460,19
873,36
1728,32
41,9
74,11
201,5
416,30
761,17
1535,12
13,12
87,35
106,22
235,8
496,15
949,2
1900,2
23,22
83,7
117,5
298,18
612,50
1226,14
21,20
74,30
152,8
260,5
591,20
1135,5
79,19
123,26
286,7
511,10
1085,23
96,27
135,44
238,9
549,21
1045,38
49,14
77,30
163,17
292,8
662,39
1265,39
91,16
158,26
263,16
603,16
1207,38
36,6
88,30
217,44
417,47
823,48
1605,7
18,10
106,9
220,11
366,50
777,41
1501,8
15,14
82,8
112,11
270,47
526,17
1014,43
7,6
102,9
122,23
270,48
602,3
1167,48
94,49
123,25
298,50
554,42
1092,48
57,31
66,39
136,11
342,4
614,37
1218,4
55,16
121,44
216,10
413,41
898,18
1797,27
20,19
54,33
148,18
301,46
557,5
1174,36
82,27
176,2
294,27
567,25
1213,17
62,21
81,12
202,1
381,14
826,34
1588,27
59,47
117,45
190,4
428,15
819,13
1642,24
14,6
37,36
114,41
169,6
423,11
837,18
1630,43
30,4
55,45
96,25
275,28
519,30
1004,19
1940,2
97,49
165,41
331,26
657,20
1283,31
60,25
125,21
188,3
384,47
826,2
1601,17
9,8
101,8
193,21
352,29
723,22
1452,21
13,12
30,29
122,47
214,23
443,48
896,48
1732,12
16,15
92,17
133,7
305,22
610,35
1218,32
35,10
56,11
166,42
294,18
601,41
1220,47
31,20
81,45
155,21
298,48
600,4
1196,27
70,38
127,28
201,30
399,49
845,34
1661,31
40,13
130,47
244,48
421,27
883,3
1723,6
53,30
93,18
164,32
344,41
727,15
1410,33
96,32
128,30
292,12
567,28
1132,43
61,44
103,12
168,33
432,24
831,3
1624,13
8,4
28,12
115,50
198,16
400,18
846,3
1655,4
70,47
87,32
256,6
478,13
938,41
1925,49
65,39
117,16
225,40
416,38
902,13
1825,9
28,12
121,42
235,31
468,32
947,36
1826,38
81,47
121,50
299,16
507,49
1049,37
30,29
80,5
157,42
356,18
658,9
1296,36
48,37
98,19
159,39
375,29
744,40
1513,40
80,24
150,2
242,7
552,6
1043,40
27,26
125,8
163,18
402,5
776,17
1571,30
9,8
20,17
111,25
233,19
405,24
874,25
1663,18
85,17
108,7
224,23
424,48
845,10
1732,28
45,40
108,7
231,1
385,38
803,37
1585,37
60,44
133,11
240,40
530,13
1064,13
61,25
81,36
197,39
407,21
830,20
1627,45
27,17
48,31
107,38
225,32
430,46
909,3
1836,21
91,4
153,39
302,1
571,21
1182,17
31,30
91,49
156,45
315,8
674,8
1302,30
38,30
87,44
226,10
356,1
733,30
1530,45
51,37
148,5
213,31
459,32
924,40
1807,31
46,39
53,42
118,27
270,10
575,37
1131,30
82,44
101,49
186,29
415,23
839,40
1718,34
63,24
109,4
202,41
397,15
801,39
1580,37
60,7
122,24
195,24
473,3
938,11
1872,2
56,43
149,46
232,17
447,15
885,20
1809,29
13,12
103,26
150,48
333,15
617,25
1227,24
40,37
96,30
149,50
363,11
701,34
1409,7
67,18
97,42
200,2
446,9
838,26
1686,49
35,32
126,21
198,17
436,15
823,13
1675,40
15,9
34,33
56,37
134,46
328,19
574,9
1230,39
33,11
112,1
149,40
322,50
632,16
1308,37
29,28
88,11
149,30
309,33
576,36
1190,22
1,0
96,23
134,24
260,31
565,21
1154,31
14,13
23,22
115,20
212,42
386,13
833,8
1587,31
55,47
135,4
286,30
487,9
1063,7
79,20
160,15
291,5
548,29
1178,27
20,19
95,43
152,15
285,46
585,42
1211,17
42,41
74,30
164,13
348,39
650,50
1295,11
78,8
151,13
279,24
588,38
1196,45
34,31
44,4
117,38
245,48
495,17
992,45
1961,1960
85,23
160,18
288,44
612,31
1227,44
33,2
84,2
197,19
383,25
758,35
1484,44
76,18
87,31
185,30
439,1
866,7
1674,35
41,6
134,21
251,19
437,34
922,5
1864,24
78,34
85,24
179,41
426,40
805,14
1659,27
37,32
45,44
155,15
326,26
577,17
1166,26
70,23
131,43
274,40
572,8
1095,26
79,39
114,33
226,11
458,43
927,48
1826,18
14,13
26,24
105,3
185,39
423,23
808,2
1627,21
22,14
64,43
100,9
189,11
410,11
871,32
1678,31
13,12
76,9
111,44
232,10
470,8
977,20
1919,36
22,21
104,15
211,30
438,8
851,37
1700,23
1,0
20,19
31,30
60,22
158,32
328,48
599,38
1274,32
65,4
153,36
293,37
574,6
1117,41
48,5
60,8
206,25
359,2
736,19
1427,19
86,25
153,29
334,38
649,26
1278,1
28,27
47,10
95,46
174,44
365,9
718,43
1430,25
89,14
170,39
342,34
623,15
1230,31
49,47
116,1
197,48
423,44
800,18
1626,24
4,2
9,3
25,7
79,6
170,33
313,27
688,21
1361,35
29,28
130,21
238,31
401,22
837,6
1674,28
55,47
60,5
216,34
370,48
768,11
1483,7
11,10
38,11
139,36
242,8
478,16
929,24
1895,35
83,43
91,29
181,48
456,36
824,7
1721,46
19,4
55,47
116,45
237,25
443,23
949,18
1870,25
92,48
143,10
328,18
572,8
1136,8
72,14
168,39
265,12
605,46
1198,1
76,44
121,16
275,47
478,30
1022,39
1997,1996
3,2
21,13
66,2
135,41
259,45
569,50
1131,32
42,25
126,44
200,42
369,10
744,19
1538,43
1,0
85,44
106,13
238,15
469,30
947,26
1876,41
22,11
86,37
128,41
317,22
632,49
1220,6
97,24
182,25
306,5
661,24
1346,45
54,1
91,30
188,40
411,45
791,4
1624,26
95,3
138,7
299,24
607,13
1167,1
65,15
103,35
252,10
445,37
955,15
1889,25
70,44
78,34
211,26
389,6
786,34
1629,16
41,40
123,17
245,37
439,1
900,6
1761,40
43,6
63,22
185,24
293,7
585,9
1245,8
50,20
140,12
287,34
486,48
1016,34
1985,1984
33,20
91,44
160,22
384,7
751,9
1516,16
17,16
81,41
184,8
310,44
602,28
1199,20
30,29
91,11
124,31
294,38
624,37
1172,14
5,4
70,46
124,17
272,30
482,10
1013,11
1971,1970
1,0
48,32
88,46
232,31
459,9
927,48
1778,38
10,2
39,12
104,42
194,17
365,50
713,26
1476,45
30,29
87,18
144,22
316,49
629,18
1306,41
8,1
13,12
117,27
195,50
413,48
772,35
1607,50
59,14
153,23
250,7
517,29
1067,33
100,13
182,50
369,43
749,2
1477,16
78,33
126,20
302,6
584,2
1182,13
73,9
157,17
241,36
474,16
978,16
1932,12
72,32
87,36
170,23
346,12
685,27
1440,18
33,32
72,12
178,8
377,22
756,4
1470,46
89,27
147,22
262,33
592,13
1183,47
5,4
34,8
126,27
249,48
478,38
910,10
1897,35
45,44
83,36
129,28
268,49
608,20
1214,37
89,18
128,48
290,14
586,10
1106,39
95,40
170,42
326,26
686,22
1293,21
26,25
62,47
179,12
310,26
610,11
1267,37
67,24
75,4
186,43
363,9
697,11
1456,40
24,23
119,24
195,9
438,43
850,27
1693,3
20,19
91,23
185,24
394,11
695,49
1391,37
56,37
68,3
171,49
392,31
750,19
1472,32
14,13
98,32
150,27
278,19
638,12
1262,16
26,17
39,7
147,24
276,2
575,10
1152,16
1,0
97,27
192,10
318,47
662,33
1292,25
45,10
66,45
114,46
281,3
528,49
1059,42
47,16
133,39
261,38
454,29
917,31
1847,6
25,22
39,20
111,13
216,10
429,47
855,48
1740,30
3,2
93,9
122,6
268,31
521,1
1061,46
95,6
124,8
234,16
510,38
1030,12
1924,19
37,19
103,36
177,4
373,26
743,26
1441,45
66,10
78,21
186,49
373,50
784,17
1542,30
94,19
176,18
289,12
571,23
1209,43
69,41
97,15
265,47
459,21
979,13
1960,20
12,11
34,33
142,16
219,38
444,38
952,6
1886,28
1,0
59,39
124,48
203,27
395,50
809,35
1681,50
89,20
184,43
373,49
723,4
1432,22
32,31
71,47
148,20
254,10
576,43
1089,15
97,16
166,11
290,32
643,20
1229,3
60,21
70,13
231,28
444,25
810,6
1674,42
48,21
69,17
172,4
349,26
707,20
1351,15
75,15
131,34
296,29
525,42
1098,24
79,42
83,6
170,48
334,9
717,33
1473,12
81,46
88,20
258,12
465,28
991,10
1945,44
9,8
99,9
156,28
279,9
604,25
1242,27
24,11
86,38
170,1
344,47
720,38
1432,38
59,31
142,37
230,46
494,13
964,3
1934,36
33,32
70,48
204,25
342,21
740,48
1444,17
62,46
124,37
202,41
482,45
880,23
1794,50
91,13
130,40
292,11
572,27
1109,22
28,26
121,12
193,27
379,5
765,11
1569,14
36,35
72,18
136,22
277,43
572,46
1178,43
4,3
31,22
101,47
174,45
314,6
628,39
1328,26
8,7
71,4
156,24
321,17
627,44
1187,12
40,31
64,1
162,32
292,31
601,1
1250,10
34,33
38,17
95,1
179,44
349,50
787,49
1523,34
73,29
151,19
284,2
536,19
1139,42
90,11
184,37
315,34
674,42
1364,9
55,40
119,23
242,25
424,11
926,22
1832,20
77,23
158,13
291,45
587,2
1213,31
31,30
36,16
140,16
219,48
509,47
1004,48
1990,1989
75,3
153,34
243,37
560,28
1045,4
1,0
102,2
108,45
312,6
550,30
1083,26
46,20
97,9
185,40
358,32
726,27
1470,21
46,13
137,21
229,31
512,3
955,31
1893,40
92,5
155,46
337,18
600,28
1213,37
44,43
58,5
105,33
295,37
585,23
1125,49
95,27
130,47
285,15
564,7
1133,39
74,38
133,16
242,39
462,30
987,40
1962,5
38,37
52,29
181,14
276,29
588,3
1171,15
38,37
135,21
269,8
519,6
1048,46
38,37
57,6
105,6
256,35
546,9
1028,36
4,3
14,13
119,1
225,48
416,31
860,1
1654,21
76,23
129,26
283,24
526,22
1061,33
90,1
130,34
239,24
559,34
1055,43
89,28
127,28
243,2
508,18
1055,7
46,45
92,17
194,47
342,46
762,25
1476,32
10,7
50,8
76,1
143,18
372,41
704,30
1446,48
3,2
7,6
38,27
74,40
184,32
332,5
729,30
1415,2
11,10
51,48
110,6
261,9
526,17
1058,17
22,4
46,35
144,43
309,20
532,36
1135,33
59,13
128,17
244,48
459,23
892,23
1797,6
3,2
61,47
133,50
263,45
495,26
1034,1
1925,37
84,14
109,50
202,47
494,32
903,18
1853,21
91,22
159,38
328,46
607,5
1262,1
41,40
66,4
170,20
332,18
651,25
1282,30
66,25
150,44
219,30
485,1
980,33
1994,1993
4,3
57,42
103,5
250,3
469,48
894,27
1852,1
49,31
50,45
103,4
228,47
477,11
999,9
1938,49
60,37
107,31
225,42
442,36
848,15
1752,41
44,19
142,46
278,37
531,48
1013,50
37,36
80,44
172,39
340,21
699,35
1334,16
76,22
174,44
278,28
549,37
1094,30
68,24
94,37
216,8
383,21
766,21
1604,23
45,10
136,8
265,16
530,14
1042,23
76,23
152,14
312,16
640,5
1281,6
83,50
174,22
319,46
635,18
1214,26
71,1
117,18
276,47
482,28
1028,41
1935,44
3,2
18,17
91,3
130,45
269,12
599,5
1159,46
30,29
72,27
134,50
301,4
539,28
1094,36
92,42
183,26
296,39
672,21
1282,34
48,23
101,48
204,15
454,37
817,30
1635,31
66,45
123,25
268,22
488,24
1003,34
1932,35
55,19
106,50
179,48
372,13
770,18
1569,33
47,46
99,39
148,48
355,48
667,21
1399,34
93,48
192,28
386,19
769,12
1447,6
42,41
84,44
223,23
389,20
748,30
1546,42
27,26
85,2
144,31
320,38
632,1
1294,13
34,33
39,34
166,46
240,24
560,40
1109,30
10,9
97,36
144,33
291,44
626,36
1264,32
51,40
115,20
255,34
505,18
947,31
1927,17
40,33
105,7
238,42
436,20
826,41
1727,1
42,40
103,47
223,5
457,14
879,27
1705,43
92,6
106,43
217,8
515,46
966,38
1957,1956
47,10
134,19
229,46
437,11
928,18
1872,43
41,16
92,22
226,6
367,26
822,24
1594,17
7,6
77,16
127,9
287,41
517,17
1078,7
56,36
75,36
201,47
398,19
805,33
1636,32
42,18
78,26
125,10
317,19
654,34
1262,8
2,1
43,42
94,30
148,2
376,30
737,8
1422,5
4,3
70,33
122,5
209,42
480,10
984,41
1942,33
19,18
38,10
102,49
205,46
381,32
759,14
1593,38
59,3
158,23
305,45
552,42
1154,24
46,33
116,41
183,11
440,38
885,23
1705,24
16,2
63,9
81,19
230,32
489,47
958,13
1906,25
44,17
45,44
127,1
239,31
468,3
930,6
1910,49
58,48
117,4
243,26
440,50
875,10
1823,26
94,30
152,9
341,44
637,34
1282,48
31,19
35,34
108,49
242,11
452,38
957,50
1828,41
92,14
137,6
235,14
533,14
1032,43
19,18
70,8
151,26
331,34
616,34
1214,32
42,11
45,25
95,20
232,43
446,14
914,30
1811,48
62,3
98,49
248,43
457,42
877,11
1842,50
28,27
102,39
163,2
373,1
714,9
1415,46
32,31
84,35
212,35
366,49
770,31
1542,32
4,2
16,15
65,21
128,48
230,24
491,16
961,37
1905,1
63,44
120,13
269,42
506,14
1027,11
1939,45
44,34
73,14
161,5
376,44
741,28
1485,25
9,8
17,16
100,40
186,18
354,47
702,35
1426,36
93,45
112,20
238,40
535,30
1073,41
30,2
109,45
148,16
348,31
642,1
1357,16
76,21
174,15
252,48
572,22
1083,45
9,8
60,11
135,23
211,40
464,27
917,4
1835,7
42,41
108,49
208,28
406,6
819,49
1681,31
78,15
123,28
230,34
453,40
982,21
1927,46
8,7
63,8
163,48
277,9
545,26
1140,15
99,29
137,44
312,3
593,31
1211,3
34,33
76,50
195,44
330,3
665,13
1320,45
47,4
99,50
239,23
462,23
889,12
1766,38
97,36
156,40
267,34
579,35
1134,38
31,18
32,6
134,11
250,1
501,35
1005,17
1986,1985
58,21
77,15
215,31
422,28
851,17
1699,18
53,45
127,26
226,37
435,4
869,14
1792,40
96,45
186,10
300,33
664,4
1324,1
4,3
55,21
110,16
219,23
402,38
866,44
1681,23
32,26
125,13
214,27
374,50
803,44
1633,37
58,50
148,41
234,2
470,34
934,8
1868,18
91,5
99,35
283,46
539,39
1063,26
4,3
36,35
44,23
134,10
259,49
516,11
1079,39
44,43
125,43
248,6
442,14
929,45
1793,45
30,4
36,21
114,21
213,25
493,29
950,46
1926,22
54,13
141,18
198,23
414,41
834,36
1740,3
15,14
38,27
126,42
234,14
500,42
1001,45
1958,24
90,23
152,24
306,17
624,8
1178,30
34,33
57,44
168,50
338,47
653,26
1313,10
58,9
147,32
250,26
536,46
1005,20
1967,6
37,15
84,20
211,20
351,34
699,47
1413,12
51,15
111,33
228,42
412,33
902,7
1727,44
54,13
113,12
268,40
479,4
970,1
1973,1972
60,27
124,46
232,39
504,33
999,10
1993,3
63,8
109,2
247,12
503,11
936,7
1901,27
23,22
47,34
120,47
235,33
431,22
945,19
1889,43
25,10
109,30
173,46
375,28
724,35
1491,26
94,30
178,28
358,38
686,29
1332,47
63,49
71,36
195,16
395,31
783,35
1556,14
13,12
44,43
98,32
254,29
447,43
867,15
1741,44
78,9
148,47
250,10
577,45
1115,13
67,5
87,6
203,41
420,41
797,2
1652,3
23,12
101,47
163,26
303,25
675,46
1269,34
88,30
142,25
269,8
552,10
1084,50
53,22
111,12
221,26
444,5
840,23
1720,27
58,40
107,31
260,21
444,7
958,22
1898,6
45,26
108,24
236,30
474,26
941,11
1869,37
34,33
127,29
262,32
472,10
919,45
1846,32
8,7
19,18
101,40
214,45
413,19
784,30
1602,48
16,5
43,26
69,19
212,39
440,5
857,2
1651,12
82,24
134,27
268,26
489,10
999,25
1979,1978
42,36
104,20
188,45
385,38
724,46
1461,13
21,16
120,41
217,8
378,40
813,5
1564,26
81,40
93,48
237,12
505,44
949,33
1938,8
27,12
94,6
155,25
331,48
694,41
1381,10
97,32
186,46
364,12
697,39
1379,38
57,37
155,45
264,21
529,1
1031,45
62,9
139,4
218,8
432,2
856,27
1746,2
87,14
130,16
265,38
548,14
1057,36
21,20
73,8
168,26
310,33
649,20
1290,38
60,31
99,36
245,18
409,38
875,16
1757,29
39,25
115,24
178,5
428,29
823,7
1660,48
92,41
187,24
327,3
613,44
1309,47
23,22
53,4
157,44
307,12
626,4
1219,35
97,29
140,36
331,17
650,49
1278,46
58,9
117,49
253,36
502,19
993,8
1952,13
89,45
131,19
247,44
477,15
971,13
1998,1997
100,15
192,26
324,39
649,14
1322,29
69,21
96,27
248,20
451,5
928,27
1806,30
36,17
111,13
189,18
346,37
723,6
1443,42
67,36
68,31
194,42
382,40
805,11
1568,41
85,13
167,44
346,14
610,5
1225,11
65,30
147,1
259,43
498,2
1047,10
88,41
189,17
345,33
702,43
1333,27
58,44
126,46
206,28
473,50
937,11
1806,7
24,16
72,29
188,5
287,38
625,12
1261,19
45,28
109,30
176,23
381,10
727,46
1524,19
85,20
172,36
264,9
615,43
1149,41
98,33
116,18
282,24
545,41
1103,26
44,39
63,30
120,5
316,40
575,22
1205,50
76,11
121,4
241,35
451,13
0
0
0
0
0
0
0
0
0
0
0
0
0
0
0
0
0
0
0
0
0
0
0
0
1
1
1
1
1
1
1
1
1
1
1
1
1
1
1
1
1
2
2
2
2
2
2
2
2
2
3
3
3
3
3
3
3
3
3
3
3
3
4
4
4
4
4
4
4
4
4
5
5
5
5
5
5
5
5
6
6
6
6
6
6
6
6
6
7
7
7
7
7
7
7
8
8
8
8
8
8
8
9
9
9
9
9
9
9
9
9
9
9
9
10
10
10
10
11
11
11
11
11
11
11
12
12
12
12
12
13
13
13
13
13
13
13
14
14
14
14
14
14
14
14
14
14
15
15
15
15
15
16
16
16
16
16
16
16
16
16
16
16
16
17
17
17
17
17
17
17
17
17
17
17
17
17
17
18
18
18
18
18
18
18
18
18
18
18
18
18
18
19
19
19
19
19
19
19
19
20
20
20
20
20
20
20
20
21
21
21
21
21
21
21
21
22
22
22
22
22
23
23
23
23
23
23
23
23
23
23
24
24
24
24
24
24
24
24
24
24
24
24
25
25
25
25
25
25
25
25
25
25
26
26
26
26
26
26
26
26
26
27
27
27
27
27
27
27
27
27
27
28
28
28
28
28
28
28
28
28
28
28
28
28
29
29
29
29
29
29
29
29
29
30
30
30
30
30
30
30
31
31
31
31
31
31
31
31
32
32
32
32
32
32
32
32
32
32
32
32
32
33
33
33
33
33
33
33
33
33
33
33
33
33
33
34
34
34
34
34
34
34
34
34
34
34
35
35
35
35
35
35
35
35
35
35
35
35
36
36
36
36
36
36
36
36
36
36
36
36
36
36
36
37
37
37
37
37
37
37
37
37
37
37
37
37
38
38
38
38
38
38
38
39
39
39
39
39
39
39
39
39
39
39
40
40
40
40
40
40
40
40
40
40
40
41
41
41
41
41
41
42
42
42
42
42
42
42
42
42
42
42
42
42
43
43
43
43
43
43
43
43
44
44
44
44
44
44
45
45
45
45
45
45
45
45
46
46
46
46
46
46
46
46
46
46
46
46
46
47
47
47
47
47
47
47
47
47
47
47
47
47
48
48
48
48
48
48
49
49
49
49
49
49
49
49
49
49
49
49
49
50
50
50
50
50
50
50
50
50
50
50
50
50
50
51
51
51
51
51
51
51
51
51
51
51
51
51
52
52
52
52
52
52
52
52
52
53
53
53
53
53
54
54
54
54
54
54
54
54
54
54
54
54
54
54
55
55
55
55
55
55
55
55
55
56
56
56
56
56
56
56
56
56
57
57
57
57
57
57
57
57
57
57
57
57
57
57
57
57
57
57
57
58
58
58
58
58
58
58
58
58
58
58
58
59
59
59
59
59
59
59
59
59
59
59
59
59
60
60
60
60
60
60
60
60
60
60
60
60
60
60
60
60
61
61
61
61
61
61
61
61
61
61
61
61
61
61
61
61
62
62
62
62
62
62
62
62
62
62
62
62
62
62
62
62
62
63
63
63
63
64
64
64
64
64
64
64
64
64
64
65
65
65
65
65
65
65
66
66
66
66
66
66
66
66
66
66
66
66
67
67
67
67
67
67
67
67
67
67
67
67
67
67
67
68
68
68
68
68
68
68
68
68
68
68
68
69
69
69
69
69
69
69
69
69
69
70
70
70
70
70
70
70
70
70
70
70
70
71
71
71
71
71
71
71
71
71
71
71
71
71
71
71
71
72
72
72
72
72
72
72
72
72
72
72
72
72
72
73
73
73
73
73
73
73
73
73
73
73
73
73
73
74
74
74
74
74
74
74
74
74
74
74
74
74
74
74
74
74
74
74
75
75
75
75
75
75
75
75
75
75
75
75
75
75
76
76
76
76
76
76
76
76
76
76
76
76
76
76
76
77
77
77
77
77
77
77
77
77
77
77
77
77
78
78
78
78
78
78
78
78
78
78
78
78
78
79
79
79
79
79
79
79
79
79
79
79
79
79
79
79
79
79
79
80
80
80
80
80
80
80
80
80
80
80
80
80
80
80
80
80
81
81
81
81
81
81
81
81
81
81
81
81
81
81
81
82
82
82
82
82
82
82
82
82
82
82
83
83
83
83
83
83
83
83
83
83
83
83
83
83
83
83
84
84
84
84
84
84
84
84
84
84
84
84
85
85
85
85
85
85
85
85
85
85
85
85
85
85
86
86
86
86
86
86
87
87
87
87
87
87
87
87
87
87
87
87
87
88
88
88
88
88
88
88
88
88
88
88
88
88
88
89
89
89
89
89
89
89
89
89
89
89
89
89
90
90
90
90
90
90
91
91
91
91
91
91
91
91
91
91
91
91
91
91
92
92
92
92
92
92
92
92
92
92
92
92
92
92
92
92
92
92
93
93
93
93
93
93
93
93
93
93
93
93
93
94
94
94
94
94
94
94
94
94
94
94
94
94
94
94
95
95
95
95
95
95
95
95
95
95
95
95
96
96
96
96
96
96
96
96
96
96
96
96
96
96
96
96
96
97
97
97
97
97
97
97
97
97
97
97
98
98
98
98
98
98
98
98
98
98
98
98
98
99
99
99
99
99
99
99
99
99
99
99
99
99
99
100
100
100
100
100
100
100
100
100
100
101
101
101
101
101
101
101
102
102
102
102
102
102
102
102
102
102
102
102
102
103
103
103
103
103
103
103
103
103
103
103
103
103
103
103
103
103
103
103
104
104
104
104
104
104
104
104
104
104
104
104
104
105
105
105
105
105
105
105
105
105
105
105
105
105
105
106
106
106
106
106
107
107
107
107
107
107
107
107
107
107
107
107
107
107
108
108
108
108
108
108
108
109
109
109
109
109
109
109
109
109
109
110
110
110
110
110
110
110
110
110
111
111
111
111
111
111
111
111
111
111
111
111
112
112
112
112
112
112
112
112
112
112
112
112
112
112
112
112
112
113
113
113
113
113
113
113
113
114
114
114
114
114
114
114
114
114
114
114
115
115
115
115
115
115
115
115
115
115
115
116
116
116
116
116
116
116
116
116
116
117
117
117
117
117
117
117
117
117
117
117
117
118
118
118
118
118
118
118
118
119
119
119
119
119
119
119
119
119
120
120
120
120
120
120
120
120
121
121
121
122
122
122
122
122
122
122
122
123
123
123
123
123
123
123
123
123
123
123
124
124
124
124
124
124
124
125
125
125
125
125
125
125
125
125
126
126
126
126
126
126
126
126
127
127
127
127
127
127
127
127
127
128
128
128
128
128
128
128
129
129
129
129
130
130
130
130
130
130
130
130
130
130
130
130
130
130
130
130
130
131
131
131
131
131
131
132
132
132
132
132
132
132
132
132
132
133
133
133
133
133
133
133
134
134
134
134
134
134
134
134
134
135
135
135
135
135
135
135
135
135
135
135
135
135
135
136
136
136
136
136
136
136
136
136
137
137
137
137
137
137
137
137
137
137
137
138
138
138
138
138
138
138
139
139
139
139
139
139
139
140
140
140
140
140
140
141
141
141
141
141
142
142
142
142
142
142
142
142
142
142
143
143
143
143
143
143
143
143
143
143
144
144
144
144
144
144
144
144
144
144
144
145
145
145
145
145
145
145
145
146
146
146
146
146
146
147
147
147
147
147
147
147
147
147
147
148
148
148
148
148
148
148
148
148
148
148
148
148
148
148
149
149
149
149
149
149
149
149
149
149
149
150
150
150
150
150
150
150
150
150
150
151
151
151
151
151
152
152
152
152
152
152
153
153
153
153
153
153
153
154
154
154
154
154
154
154
154
154
154
154
154
154
154
154
154
154
154
154
155
155
155
155
155
156
156
156
156
156
156
156
156
157
157
157
157
157
157
158
158
158
158
159
159
159
159
159
159
159
160
160
160
160
160
160
161
161
162
162
162
162
162
162
162
162
162
162
162
162
162
163
163
163
163
163
163
164
164
164
164
164
164
164
165
165
165
165
165
165
165
166
166
166
166
166
166
166
167
167
167
167
167
168
168
168
168
168
168
169
169
169
169
169
170
170
170
171
171
171
171
171
171
171
171
172
172
172
172
172
172
173
173
174
174
174
174
174
175
175
175
175
175
175
176
176
176
176
176
176
176
176
176
176
177
177
177
177
177
177
177
177
178
178
178
178
178
178
178
178
178
179
179
179
179
179
179
179
180
180
180
180
180
181
181
181
181
182
182
182
182
182
182
182
183
183
183
183
183
183
183
184
184
184
184
184
184
185
185
185
185
186
186
186
186
187
187
187
187
187
187
187
187
187
188
188
188
188
188
188
188
188
188
188
188
188
189
189
189
189
189
189
189
189
190
190
190
190
190
191
191
191
191
192
192
192
193
193
193
193
193
194
194
194
194
194
194
194
194
195
195
195
196
196
196
196
196
197
197
197
197
197
197
197
197
197
197
197
197
197
197
198
198
198
198
198
198
198
198
199
199
199
199
199
199
199
200
200
201
201
201
201
202
202
202
202
202
202
202
203
203
203
203
203
203
203
203
203
204
204
204
205
205
205
205
205
205
205
205
206
206
206
206
206
206
207
207
207
207
207
207
207
208
208
208
208
208
209
209
209
209
209
209
210
210
210
210
210
210
210
210
210
211
211
212
212
212
212
212
212
213
213
213
213
213
213
213
214
214
214
214
214
215
215
215
215
215
215
215
215
215
215
215
215
216
216
216
216
216
216
216
216
216
216
216
217
217
217
217
217
217
217
217
217
217
218
218
218
218
218
219
219
219
219
219
220
220
220
220
220
220
220
221
221
221
221
221
222
222
222
222
222
223
223
223
223
223
223
224
224
224
224
224
224
224
224
224
224
224
224
224
224
225
225
225
225
226
226
226
227
227
227
227
227
227
228
228
228
228
228
228
228
228
228
229
229
229
229
229
230
230
230
230
231
231
231
231
231
231
231
231
231
231
231
231
232
232
232
233
233
233
233
233
233
233
233
233
233
233
234
234
235
235
235
235
235
235
236
236
236
236
236
236
237
237
237
237
237
237
237
237
238
238
238
238
238
239
239
239
239
239
239
239
239
239
240
240
240
240
240
240
240
240
241
241
241
242
242
242
243
243
243
243
243
244
244
244
244
244
244
244
244
244
244
244
244
245
245
245
245
245
245
245
245
246
246
246
246
246
246
246
246
246
246
247
247
247
247
247
247
247
248
248
248
248
248
249
249
249
249
249
249
249
249
249
250
250
250
250
250
250
251
251
251
251
251
251
251
251
251
251
252
252
252
252
253
253
253
253
253
254
254
254
254
255
256
256
256
256
256
256
256
256
256
256
257
257
258
258
258
258
259
259
259
259
259
259
259
259
259
260
260
260
260
260
260
261
261
261
261
262
262
262
262
262
262
262
262
262
262
262
262
263
263
263
263
263
264
264
264
264
264
264
265
265
265
265
265
265
265
266
266
266
266
266
266
267
267
267
267
268
269
269
269
270
270
270
270
270
270
270
270
270
270
271
271
271
271
271
272
272
272
272
272
272
272
272
272
273
273
273
273
273
274
274
275
275
275
275
275
275
275
275
275
275
276
276
276
276
276
276
277
277
277
277
277
277
278
278
278
278
278
279
279
279
280
280
280
280
280
281
281
281
281
281
281
281
281
282
282
282
282
282
282
283
283
283
283
283
283
284
284
284
284
284
285
285
286
286
286
286
286
286
286
286
287
287
287
287
287
287
287
287
288
288
288
289
289
289
290
290
290
290
291
292
292
292
292
293
293
293
293
293
293
294
294
294
294
294
294
294
294
294
295
295
295
296
296
296
297
297
297
297
297
297
297
297
298
298
298
298
298
298
298
298
298
299
299
299
299
299
299
299
300
300
300
301
301
301
301
302
302
302
303
303
303
304
304
305
305
306
306
306
306
306
306
307
307
307
307
307
307
307
307
308
308
308
308
309
309
309
309
309
309
310
310
310
310
311
311
311
311
311
311
311
311
311
311
312
312
312
312
312
312
312
312
312
312
312
313
313
313
313
313
314
314
314
314
315
315
316
316
316
316
316
316
317
317
317
317
318
319
319
319
319
319
319
319
319
320
320
320
320
320
321
321
321
321
321
321
322
322
322
322
323
323
323
323
323
323
323
323
323
323
324
324
324
324
324
325
325
325
325
325
325
325
326
326
326
326
326
326
327
327
327
327
327
328
328
328
329
329
329
329
329
329
330
330
330
331
331
331
331
331
331
331
332
332
332
332
332
332
333
333
333
333
333
333
333
333
333
333
334
334
334
334
334
334
335
335
336
336
336
336
336
337
337
338
338
338
338
339
339
339
340
340
340
340
340
342
342
342
342
342
343
343
343
343
343
343
343
344
344
344
344
344
345
345
345
346
346
346
346
346
346
347
347
348
348
348
348
348
348
348
348
349
349
349
349
349
349
349
349
349
350
350
350
350
351
351
351
351
352
352
352
352
352
352
352
352
353
353
353
353
353
354
355
355
356
356
356
357
357
358
358
358
358
359
359
359
359
360
360
360
360
360
361
361
362
362
362
363
363
363
363
364
364
364
364
365
365
366
366
366
366
367
367
367
367
367
368
368
368
368
368
368
369
369
369
369
370
370
370
370
370
371
371
371
371
371
371
371
371
371
372
372
372
373
373
373
373
375
375
375
375
375
375
375
376
376
376
376
376
376
376
376
377
377
377
377
377
377
378
378
378
378
378
378
378
379
379
379
379
379
380
380
380
380
381
382
382
382
382
382
382
383
383
383
383
383
384
384
384
384
384
385
385
385
385
385
386
386
386
387
387
388
388
388
389
389
389
390
390
390
390
390
390
391
391
391
392
392
392
393
393
393
393
393
394
394
394
395
395
395
395
395
395
396
396
396
396
397
398
399
399
399
399
400
400
400
400
401
401
401
403
403
403
404
404
404
405
405
405
405
405
405
406
406
406
406
407
407
407
407
408
408
408
409
409
409
410
410
411
411
412
412
412
413
413
413
413
414
414
414
414
414
415
415
415
415
416
416
416
416
416
416
417
417
418
418
418
418
419
419
419
419
420
420
420
420
420
421
421
421
422
422
422
422
422
422
422
422
423
423
423
423
423
423
424
424
424
424
424
425
425
425
425
425
426
426
426
426
427
427
428
428
428
428
428
429
429
429
429
430
430
430
430
430
430
431
431
431
432
432
432
432
433
433
433
433
434
434
434
434
434
435
435
435
435
435
436
436
436
436
437
437
437
438
438
438
438
439
439
439
440
440
440
440
440
440
441
441
441
441
441
442
442
442
443
443
443
444
444
444
445
445
445
446
446
446
447
447
447
448
448
448
448
449
449
449
450
450
451
451
452
453
453
453
454
454
454
454
455
455
455
455
455
455
455
456
456
456
457
457
457
457
457
458
458
459
459
459
460
460
461
461
462
463
463
463
463
463
463
463
464
464
464
464
464
464
464
464
464
465
465
466
466
466
466
466
467
467
467
468
468
468
468
469
469
469
469
470
471
471
471
471
471
471
471
472
472
472
472
472
472
472
472
472
473
473
474
474
474
475
475
475
475
476
476
476
476
476
476
476
476
477
477
477
478
478
478
478
479
479
479
479
479
479
480
480
480
480
480
480
480
481
481
482
482
482
482
483
483
483
484
484
484
484
485
485
486
486
486
486
487
487
487
488
488
488
488
488
488
489
489
490
490
490
490
491
491
491
492
492
492
492
493
493
494
494
494
495
495
495
495
495
495
497
497
497
497
498
498
498
498
499
500
500
500
500
501
501
502
502
502
502
503
503
503
504
504
504
505
505
505
505
505
506
506
506
506
506
507
507
508
509
509
509
510
510
511
511
511
511
512
512
512
512
513
513
514
514
514
514
514
514
515
515
515
515
516
516
517
517
517
517
518
518
518
518
518
518
519
519
519
519
519
520
520
520
520
520
520
520
520
521
521
521
521
522
522
523
523
523
523
523
524
524
524
524
525
525
525
525
525
525
525
526
526
526
526
527
527
527
527
527
527
527
528
528
528
529
529
530
531
531
531
532
532
532
532
533
533
534
535
535
535
535
535
536
536
536
536
537
537
537
537
537
537
538
538
538
538
538
538
538
539
539
539
539
540
540
541
541
541
542
542
543
543
543
543
543
543
543
543
544
544
544
544
544
544
545
545
546
546
546
546
547
547
547
547
548
548
548
549
549
549
550
550
550
550
550
550
551
551
552
552
552
552
552
552
553
554
554
554
556
556
557
558
558
558
558
558
558
559
559
559
559
559
560
561
561
561
562
562
563
563
563
563
563
564
564
564
564
564
564
564
565
565
565
565
566
566
566
566
567
567
567
567
567
568
568
568
568
568
568
569
570
570
570
571
571
571
571
572
572
572
573
573
573
573
573
573
574
574
575
575
576
577
577
578
578
579
579
579
580
580
581
581
581
581
581
581
581
582
582
582
582
582
583
583
583
583
583
583
584
584
584
584
584
585
585
585
585
586
586
586
586
586
587
587
587
587
588
588
589
590
590
590
591
591
591
591
591
592
592
592
593
593
594
594
595
595
595
595
595
596
596
596
597
597
598
598
598
599
599
599
600
600
600
600
600
601
601
601
601
601
602
602
602
602
602
603
603
603
603
604
604
604
605
605
605
605
606
606
606
606
606
607
607
607
608
608
608
609
609
610
610
610
610
610
610
610
611
611
611
612
613
613
613
613
614
614
614
614
614
614
615
615
615
615
616
616
616
616
616
617
617
617
617
618
618
618
618
619
619
619
619
621
621
622
622
623
623
623
624
624
624
624
624
624
624
624
625
625
625
626
626
627
627
627
627
628
628
628
629
629
630
630
630
632
632
632
632
632
633
633
633
633
634
634
634
635
635
636
636
636
636
636
637
637
637
637
637
637
638
638
639
639
639
639
639
640
640
641
641
642
643
643
643
644
645
645
646
646
646
646
646
647
647
647
648
648
649
649
649
649
649
649
650
650
650
650
651
651
651
651
652
652
653
653
654
655
655
656
656
657
658
659
659
659
660
660
660
660
660
660
660
661
661
662
663
663
664
664
665
666
666
666
666
667
667
667
668
668
669
669
669
669
669
669
670
670
670
670
671
671
671
671
671
672
672
672
673
673
673
674
676
676
677
677
678
678
678
678
678
679
679
680
681
681
681
681
681
682
682
682
682
683
683
683
684
684
684
684
684
684
684
685
686
687
687
687
687
687
687
688
688
688
689
689
689
690
690
690
690
690
691
691
691
691
691
692
692
692
692
692
693
694
695
695
695
695
696
696
696
697
698
698
698
698
698
699
699
700
700
700
700
701
701
701
701
702
702
702
703
703
703
703
704
704
705
705
705
706
706
707
707
707
707
707
707
707
708
708
708
708
708
709
709
709
710
710
710
711
712
712
712
712
713
713
713
713
713
714
714
715
715
715
715
715
716
716
716
717
718
718
718
718
721
721
722
722
722
722
722
723
723
724
724
724
724
724
724
725
725
725
726
727
727
728
728
728
728
728
728
728
729
729
730
731
731
731
732
732
732
733
734
734
734
734
734
735
735
735
736
736
736
737
738
738
738
738
738
739
739
739
739
740
740
740
740
741
741
741
742
742
742
743
744
744
744
744
745
745
745
746
746
747
747
747
748
748
749
750
750
750
751
753
753
754
754
755
755
756
756
756
756
756
757
757
757
757
757
757
757
758
758
758
759
759
759
760
760
760
760
761
761
761
762
762
762
762
762
763
764
764
764
764
765
765
765
766
766
766
767
767
767
767
768
768
768
769
769
770
770
770
771
771
771
772
772
772
773
773
773
774
774
774
774
775
775
775
775
775
776
776
776
776
776
777
777
777
777
777
777
778
778
779
779
779
779
780
780
780
780
780
780
781
781
781
782
782
782
782
783
783
784
784
784
785
785
787
787
787
787
787
787
788
788
788
789
789
789
789
790
790
790
791
791
792
792
792
792
792
792
793
793
793
795
795
795
796
796
796
797
797
798
798
799
799
800
801
801
802
802
802
802
803
803
804
804
804
804
805
805
805
805
806
806
806
807
808
809
809
809
810
810
810
810
811
812
812
812
812
812
813
814
815
816
816
816
817
817
817
818
818
818
819
819
819
819
820
820
820
821
821
821
822
822
823
823
823
823
823
824
824
825
825
826
826
826
826
827
827
827
828
828
828
828
828
829
829
829
829
829
829
830
830
831
831
831
832
832
832
833
833
834
834
835
835
835
836
836
837
837
837
837
837
838
838
838
838
839
839
840
840
840
841
841
842
842
842
842
843
843
844
844
844
844
844
844
845
845
846
847
847
847
847
848
848
848
848
849
849
849
850
850
850
851
852
852
852
852
852
854
854
854
855
855
855
855
855
855
856
856
856
856
856
856
857
857
858
858
858
858
858
859
859
859
859
859
859
859
860
860
860
862
862
863
864
864
864
864
865
865
865
867
867
867
867
868
868
868
868
868
869
869
870
871
871
871
871
872
872
872
873
873
873
873
874
875
875
875
876
877
877
877
878
878
878
878
879
879
879
879
880
880
880
881
882
882
883
884
886
886
886
887
887
887
887
888
888
888
888
889
890
890
891
891
891
892
892
893
893
893
895
896
896
897
897
897
897
897
897
897
898
899
899
899
900
900
900
901
901
901
901
902
902
902
902
902
902
903
903
903
904
905
905
905
905
906
906
906
907
907
907
908
908
908
908
908
909
910
911
912
912
912
912
912
913
913
913
913
914
914
914
914
914
915
915
915
915
915
916
916
916
917
917
917
917
918
918
919
919
920
920
920
921
921
921
921
922
922
922
923
923
923
923
923
923
923
923
924
924
925
925
925
925
925
925
925
926
926
926
927
927
927
927
927
927
927
927
928
928
928
929
929
930
930
930
931
931
931
931
931
932
932
933
933
933
933
933
933
934
934
934
934
935
935
935
936
936
936
936
936
937
937
938
938
938
938
939
939
940
940
940
940
941
941
941
941
941
942
942
942
943
944
944
944
944
945
945
945
945
945
946
946
947
947
947
948
948
948
949
949
949
950
950
950
950
950
951
951
951
952
952
953
953
954
954
955
956
956
957
957
957
958
958
958
958
958
959
959
960
961
961
961
961
962
962
963
964
964
965
965
965
965
965
966
966
967
967
968
968
969
969
970
970
970
970
971
971
972
972
972
972
972
972
973
973
974
974
974
975
975
975
975
976
976
976
976
977
977
977
978
978
978
978
978
979
979
979
979
980
980
980
981
981
981
982
983
983
984
984
985
985
986
986
986
986
987
987
987
988
988
988
988
989
989
989
989
989
990
990
990
991
991
991
991
991
991
992
992
992
992
993
994
994
994
995
995
995
996
997
997
997
998
998
998
999
999
1000
1000
1000
1001
1001
1002
1003
1003
1003
1003
1004
1004
1004
1004
1004
1005
1005
1005
1005
1006
1006
1006
1007
1007
1007
1007
1007
1008
1009
1009
1010
1010
1010
1011
1012
1012
1012
1012
1013
1013
1013
1013
1014
1014
1014
1016
1016
1016
1017
1017
1017
1018
1018
1018
1018
1019
1020
1020
1020
1020
1021
1021
1021
1021
1021
1022
1022
1022
1022
1022
1022
1023
1024
1025
1025
1026
1026
1027
1027
1027
1029
1030
1030
1030
1031
1031
1031
1031
1032
1033
1033
1033
1033
1033
1033
1034
1034
1035
1035
1035
1035
1035
1035
1036
1036
1036
1036
1036
1037
1037
1037
1038
1038
1038
1038
1038
1038
1039
1039
1039
1039
1040
1040
1041
1041
1041
1041
1041
1041
1042
1043
1044
1044
1044
1044
1045
1045
1045
1046
1046
1046
1047
1048
1049
1050
1050
1050
1051
1051
1052
1052
1053
1053
1053
1054
1054
1054
1054
1054
1055
1055
1055
1055
1056
1056
1056
1057
1058
1058
1058
1058
1058
1059
1059
1059
1060
1061
1061
1061
1062
1062
1062
1062
1063
1063
1063
1064
1064
1064
1065
1065
1065
1065
1066
1067
1067
1067
1068
1068
1068
1068
1068
1068
1068
1069
1070
1071
1071
1071
1071
1072
1072
1072
1072
1072
1074
1074
1074
1074
1074
1076
1076
1076
1076
1077
1077
1077
1077
1078
1078
1078
1078
1079
1079
1079
1080
1081
1081
1082
1082
1082
1082
1082
1083
1083
1083
1084
1084
1085
1085
1085
1085
1085
1085
1086
1087
1087
1087
1087
1088
1088
1088
1088
1088
1088
1088
1089
1089
1089
1089
1089
1090
1090
1090
1090
1090
1090
1091
1091
1091
1092
1092
1092
1092
1092
1092
1092
1093
1093
1093
1094
1094
1094
1094
1094
1094
1095
1095
1095
1096
1096
1096
1096
1097
1097
1098
1098
1098
1099
1099
1099
1100
1100
1101
1101
1101
1101
1101
1101
1102
1102
1102
1102
1102
1102
1102
1103
1103
1103
1103
1104
1104
1105
1105
1106
1106
1107
1107
1108
1108
1108
1108
1108
1109
1109
1109
1109
1109
1110
1110
1110
1111
1111
1112
1113
1113
1114
1115
1116
1116
1116
1116
1116
1117
1117
1117
1117
1119
1119
1120
1120
1120
1121
1121
1121
1121
1122
1123
1123
1124
1124
1124
1124
1125
1127
1127
1127
1128
1128
1128
1129
1130
1130
1130
1130
1130
1131
1131
1132
1132
1132
1132
1133
1133
1133
1133
1134
1134
1134
1134
1135
1135
1135
1135
1136
1137
1137
1137
1137
1138
1138
1138
1138
1139
1139
1140
1140
1140
1140
1142
1143
1143
1144
1144
1144
1144
1145
1145
1145
1146
1146
1147
1147
1148
1148
1148
1149
1149
1149
1150
1150
1151
1151
1151
1151
1151
1152
1152
1152
1153
1153
1153
1153
1153
1154
1154
1155
1155
1155
1155
1155
1156
1156
1156
1157
1158
1158
1158
1158
1158
1159
1160
1160
1161
1161
1162
1162
1163
1163
1163
1163
1163
1163
1163
1164
1164
1164
1164
1164
1165
1165
1165
1165
1166
1167
1168
1168
1168
1168
1169
1169
1169
1170
1170
1170
1171
1171
1171
1172
1173
1174
1174
1175
1175
1176
1176
1177
1178
1179
1179
1180
1180
1181
1181
1182
1182
1182
1183
1183
1184
1184
1184
1184
1184
1184
1185
1185
1185
1185
1186
1186
1186
1186
1186
1187
1187
1187
1187
1187
1188
1188
1189
1189
1190
1190
1191
1191
1191
1191
1192
1192
1193
1193
1193
1194
1194
1195
1195
1196
1197
1198
1198
1198
1198
1198
1198
1199
1199
1199
1199
1200
1200
1200
1201
1202
1203
1203
1203
1203
1203
1203
1204
1205
1205
1206
1206
1206
1206
1206
1207
1207
1207
1208
1208
1209
1209
1209
1209
1209
1210
1210
1210
1210
1210
1210
1210
1211
1211
1211
1211
1211
1212
1212
1212
1212
1213
1214
1215
1215
1215
1216
1216
1217
1217
1217
1218
1219
1220
1220
1220
1221
1221
1222
1222
1222
1222
1224
1224
1224
1225
1225
1225
1226
1226
1227
1227
1228
1229
1229
1229
1229
1230
1230
1230
1231
1231
1232
1232
1232
1232
1232
1232
1233
1234
1235
1236
1236
1237
1237
1237
1237
1238
1238
1238
1239
1239
1239
1240
1241
1241
1241
1241
1242
1243
1243
1244
1244
1244
1245
1245
1245
1246
1246
1246
1247
1247
1248
1248
1249
1249
1251
1251
1251
1251
1251
1252
1252
1252
1253
1254
1254
1254
1254
1254
1255
1255
1256
1256
1256
1257
1258
1260
1260
1260
1261
1261
1261
1261
1261
1261
1262
1262
1262
1262
1262
1262
1263
1263
1263
1264
1264
1264
1265
1265
1265
1265
1266
1266
1266
1267
1268
1268
1268
1268
1268
1269
1269
1269
1269
1269
1270
1270
1270
1270
1271
1271
1271
1272
1272
1272
1272
1272
1272
1273
1273
1274
1274
1274
1274
1276
1276
1276
1277
1277
1278
1279
1279
1280
1280
1280
1280
1280
1280
1282
1282
1282
1283
1284
1284
1285
1285
1285
1285
1286
1288
1288
1288
1289
1289
1290
1290
1290
1290
1290
1290
1291
1291
1292
1293
1293
1293
1294
1294
1294
1294
1294
1296
1296
1296
1296
1297
1297
1297
1297
1298
1298
1299
1299
1299
1299
1300
1301
1301
1301
1302
1302
1302
1302
1303
1303
1304
1304
1305
1305
1305
1305
1306
1306
1307
1307
1307
1308
1308
1308
1309
1309
1309
1310
1310
1311
1311
1311
1311
1312
1312
1313
1313
1314
1314
1314
1315
1315
1315
1315
1315
1317
1317
1318
1318
1318
1318
1319
1319
1320
1321
1323
1324
1324
1325
1325
1326
1326
1326
1326
1326
1326
1327
1327
1327
1327
1327
1328
1328
1328
1329
1330
1331
1331
1332
1332
1332
1332
1332
1333
1334
1334
1334
1334
1335
1335
1335
1337
1337
1338
1339
1339
1339
1339
1340
1340
1340
1340
1341
1341
1341
1341
1342
1342
1342
1343
1343
1344
1344
1344
1344
1345
1345
1345
1345
1346
1346
1347
1348
1348
1348
1349
1350
1350
1351
1352
1352
1352
1353
1353
1353
1354
1354
1354
1355
1356
1356
1356
1357
1357
1357
1357
1357
1357
1358
1358
1358
1359
1360
1360
1360
1361
1361
1361
1361
1362
1362
1363
1363
1363
1364
1365
1366
1366
1367
1367
1368
1368
1369
1370
1370
1370
1371
1372
1373
1373
1374
1374
1374
1375
1376
1376
1377
1377
1378
1378
1379
1379
1379
1379
1380
1380
1381
1381
1381
1382
1382
1382
1382
1383
1383
1383
1383
1383
1384
1384
1385
1385
1385
1386
1386
1386
1387
1387
1387
1388
1388
1388
1389
1389
1392
1392
1392
1393
1394
1394
1394
1394
1395
1395
1395
1395
1397
1398
1398
1399
1401
1401
1402
1404
1405
1405
1405
1405
1405
1406
1407
1408
1409
1409
1409
1410
1410
1410
1410
1410
1411
1411
1411
1411
1412
1412
1412
1413
1413
1413
1413
1413
1414
1415
1415
1415
1416
1416
1417
1417
1418
1418
1418
1419
1419
1419
1419
1419
1420
1421
1421
1421
1421
1422
1422
1423
1423
1424
1424
1425
1425
1425
1426
1427
1428
1428
1429
1430
1430
1430
1430
1431
1431
1431
1432
1435
1436
1436
1437
1439
1439
1439
1440
1440
1440
1441
1442
1442
1442
1442
1442
1442
1442
1443
1443
1443
1443
1443
1443
1444
1445
1445
1446
1447
1447
1448
1449
1449
1449
1449
1449
1449
1450
1450
1450
1450
1451
1451
1451
1451
1451
1451
1452
1452
1453
1453
1454
1454
1455
1457
1457
1457
1457
1457
1457
1458
1458
1460
1460
1460
1460
1461
1461
1461
1462
1462
1463
1463
1464
1464
1464
1465
1465
1465
1466
1466
1466
1466
1466
1466
1466
1467
1467
1468
1468
1468
1468
1468
1468
1468
1469
1469
1469
1470
1470
1470
1471
1471
1472
1473
1473
1473
1473
1474
1474
1474
1474
1475
1475
1476
1476
1477
1477
1477
1478
1478
1478
1478
1478
1479
1480
1480
1481
1481
1481
1481
1482
1483
1483
1484
1484
1484
1484
1484
1484
1484
1490
1490
1491
1491
1492
1493
1493
1494
1494
1494
1494
1494
1496
1496
1497
1498
1498
1498
1499
1499
1500
1500
1501
1503
1504
1504
1505
1505
1507
1507
1507
1508
1509
1509
1509
1509
1510
1510
1510
1510
1511
1511
1512
1512
1512
1513
1513
1514
1515
1515
1516
1516
1518
1518
1518
1518
1519
1519
1520
1520
1520
1520
1521
1521
1521
1523
1524
1524
1524
1525
1525
1525
1526
1526
1526
1527
1527
1527
1528
1529
1529
1529
1530
1531
1531
1531
1532
1532
1533
1533
1534
1536
1536
1537
1537
1538
1538
1539
1539
1539
1539
1540
1540
1540
1541
1541
1542
1542
1542
1543
1544
1545
1545
1545
1547
1547
1548
1549
1549
1549
1550
1550
1550
1550
1551
1551
1551
1552
1553
1553
1553
1554
1554
1555
1555
1556
1557
1558
1558
1558
1558
1558
1558
1559
1559
1560
1560
1561
1561
1562
1562
1563
1563
1564
1564
1564
1565
1565
1565
1565
1565
1566
1568
1568
1568
1568
1569
1569
1569
1569
1570
1570
1570
1571
1571
1571
1571
1571
1573
1574
1574
1576
1576
1577
1578
1578
1579
1579
1581
1581
1581
1581
1581
1582
1583
1583
1583
1584
1584
1584
1585
1585
1585
1585
1585
1586
1586
1586
1587
1587
1587
1588
1588
1588
1588
1588
1589
1590
1590
1590
1590
1590
1590
1590
1590
1591
1592
1592
1593
1593
1594
1594
1594
1594
1594
1596
1596
1596
1597
1598
1598
1599
1599
1600
1601
1602
1602
1603
1603
1604
1604
1604
1604
1605
1605
1606
1606
1607
1608
1609
1609
1609
1609
1610
1610
1611
1611
1612
1612
1612
1612
1614
1614
1615
1615
1615
1615
1616
1616
1617
1617
1617
1618
1619
1619
1619
1620
1620
1620
1620
1621
1621
1622
1622
1623
1623
1623
1623
1623
1624
1625
1625
1626
1626
1627
1627
1627
1627
1627
1627
1627
1628
1628
1628
1628
1629
1629
1629
1629
1630
1630
1631
1631
1632
1632
1632
1633
1633
1634
1634
1635
1636
1637
1637
1638
1638
1638
1638
1639
1639
1639
1639
1641
1643
1644
1644
1644
1645
1646
1646
1647
1648
1648
1648
1649
1649
1650
1650
1650
1650
1650
1651
1651
1652
1652
1652
1652
1653
1654
1654
1655
1655
1655
1655
1655
1656
1656
1657
1657
1657
1657
1658
1658
1658
1659
1659
1660
1661
1662
1662
1662
1662
1663
1663
1664
1664
1664
1666
1666
1666
1667
1667
1667
1668
1668
1668
1669
1670
1670
1670
1670
1670
1670
1671
1671
1671
1672
1672
1673
1673
1673
1674
1674
1675
1676
1676
1676
1676
1677
1678
1678
1679
1679
1680
1680
1681
1681
1681
1681
1681
1682
1682
1682
1683
1683
1683
1683
1683
1683
1684
1684
1684
1684
1685
1685
1686
1686
1687
1687
1687
1687
1687
1687
1687
1688
1688
1688
1690
1692
1692
1692
1692
1692
1692
1692
1693
1693
1694
1694
1694
1695
1695
1695
1696
1696
1696
1697
1697
1697
1698
1698
1698
1698
1698
1698
1699
1699
1699
1699
1699
1699
1701
1701
1702
1702
1702
1702
1702
1703
1704
1705
1705
1705
1706
1706
1707
1707
1707
1707
1708
1709
1709
1709
1709
1710
1711
1711
1711
1712
1713
1714
1714
1714
1715
1715
1715
1716
1718
1718
1719
1719
1720
1720
1720
1721
1721
1721
1722
1722
1723
1723
1723
1723
1723
1725
1725
1725
1725
1726
1726
1726
1726
1726
1728
1728
1728
1728
1728
1729
1729
1729
1730
1730
1730
1731
1732
1733
1733
1733
1734
1734
1734
1734
1734
1735
1736
1736
1736
1738
1738
1738
1739
1739
1740
1740
1740
1740
1741
1742
1742
1742
1743
1743
1744
1744
1744
1745
1745
1745
1746
1746
1746
1746
1747
1747
1747
1749
1749
1749
1750
1751
1751
1751
1751
1752
1752
1754
1754
1754
1755
1755
1757
1758
1760
1760
1761
1762
1763
1763
1763
1763
1764
1764
1765
1765
1765
1765
1767
1767
1767
1767
1768
1768
1768
1768
1768
1768
1769
1770
1770
1771
1771
1772
1773
1773
1774
1775
1775
1776
1777
1777
1778
1778
1779
1779
1779
1780
1780
1780
1781
1781
1782
1782
1783
1784
1785
1785
1786
1787
1787
1788
1788
1788
1788
1788
1789
1789
1789
1789
1790
1790
1790
1790
1791
1792
1793
1793
1793
1794
1796
1796
1796
1797
1797
1797
1797
1798
1798
1799
1800
1800
1801
1801
1802
1803
1803
1804
1804
1805
1805
1805
1806
1806
1806
1806
1806
1806
1807
1808
1809
1810
1810
1811
1812
1813
1813
1815
1815
1816
1817
1817
1817
1818
1818
1818
1818
1819
1819
1819
1820
1820
1821
1821
1821
1821
1822
1823
1823
1823
1823
1823
1824
1825
1825
1825
1825
1825
1826
1827
1827
1827
1828
1828
1828
1828
1829
1829
1831
1831
1832
1834
1834
1834
1834
1835
1835
1835
1836
1836
1836
1837
1837
1837
1838
1838
1839
1839
1839
1840
1840
1840
1840
1841
1842
1842
1842
1842
1843
1843
1844
1844
1845
1845
1845
1846
1846
1846
1847
1847
1847
1848
1848
1849
1849
1849
1850
1850
1850
1850
1851
1851
1852
1853
1854
1854
1855
1855
1857
1857
1858
1858
1858
1858
1859
1859
1859
1859
1859
1861
1861
1861
1863
1864
1865
1865
1865
1865
1865
1866
1867
1868
1869
1869
1871
1872
1872
1873
1873
1873
1874
1874
1875
1875
1875
1876
1876
1877
1877
1878
1879
1879
1879
1879
1880
1880
1880
1881
1881
1881
1882
1882
1882
1882
1883
1883
1883
1884
1884
1885
1885
1885
1885
1886
1886
1887
1887
1887
1888
1888
1888
1889
1889
1890
1890
1891
1891
1891
1891
1892
1892
1893
1893
1893
1894
1894
1895
1896
1897
1897
1897
1898
1898
1899
1899
1899
1900
1901
1901
1901
1901
1902
1902
1902
1904
1904
1904
1904
1905
1906
1906
1906
1906
1907
1907
1907
1907
1907
1908
1908
1909
1910
1910
1910
1910
1910
1911
1911
1911
1912
1912
1913
1913
1914
1915
1916
1916
1916
1916
1917
1917
1917
1917
1917
1918
1918
1918
1918
1919
1919
1919
1920
1920
1920
1921
1922
1922
1923
1923
1924
1924
1924
1925
1925
1926
1926
1927
1927
1928
1928
1929
1929
1929
1930
1931
1932
1933
1934
1934
1935
1936
1937
1937
1937
1937
1938
1938
1939
1939
1939
1940
1940
1940
1940
1940
1940
1940
1941
1941
1941
1942
1942
1942
1942
1942
1942
1943
1943
1943
1944
1944
1945
1945
1946
1947
1947
1947
1948
1948
1948
1949
1949
1949
1949
1950
1950
1950
1951
1951
1951
1952
1953
1953
1953
1953
1953
1954
1955
1955
1955
1955
1957
1957
1957
1957
1957
1959
1959
1960
1961
1961
1961
1961
1962
1962
1962
1963
1963
1964
1964
1964
1964
1964
1964
1965
1965
1965
1965
1965
1965
1965
1966
1966
1967
1967
1968
1968
1969
1969
1969
1969
1969
1969
1971
1971
1972
1973
1974
1974
1974
1975
1975
1976
1976
1977
1977
1977
1977
1978
1978
1978
1978
1979
1980
1980
1980
1982
1982
1982
1983
1984
1984
1986
1986
1986
1986
1986
1986
1986
1987
1988
1989
1990
1991
1991
1991
1995
1995
1995
1996
1996
1996
1996
1998
1998
1998
2000
2000
2240
2641
2830
2942
3316
3376
3380
3394
3532
3604
3684
