Primero viene la cantidad (n) de timestamps para ambos, luego n líneas que son un timestamp aproximado cada uno separado por una coma (',') del error, y luego n lineas de las transacciones del sospechoso
7505
88,32
119,50
275,40
498,19
1034,23
9,8
106,20
182,4
348,14
675,35
1387,34
31,30
123,14
179,2
358,34
701,37
1457,28
68,17
158,43
320,40
600,29
1199,13
20,19
45,42
113,39
188,25
378,28
751,21
1521,26
64,7
124,31
278,19
539,34
1012,25
21,15
57,45
84,37
177,2
407,8
799,1
1606,5
42,41
102,48
176,28
366,10
770,40
1514,39
42,41
78,34
183,40
322,35
670,35
1377,38
76,46
147,29
282,23
600,28
1119,39
40,39
117,9
239,12
486,35
936,50
1909,43
63,43
129,30
237,16
494,35
931,36
1953,17
89,32
167,40
259,45
529,34
1103,3
24,21
35,28
143,32
275,22
562,32
1113,12
91,46
157,7
297,32
625,42
1248,30
18,17
81,33
122,37
258,46
539,21
1034,30
13,8
42,25
92,43
190,25
406,19
835,18
1632,48
43,26
119,11
223,18
481,34
952,21
1891,11
83,27
123,49
275,8
569,27
1125,35
99,48
124,7
312,13
552,3
1139,14
87,13
174,7
279,13
572,47
1165,19
24,23
55,37
115,36
272,50
531,50
1029,16
9,8
88,17
176,27
311,46
628,20
1267,1
26,25
124,2
215,17
378,24
803,8
1617,31
29,28
30,29
72,1
202,31
399,20
757,15
1573,41
21,4
45,13
155,26
305,41
566,45
1093,23
44,33
113,19
169,8
413,8
754,3
1517,41
19,18
61,15
91,22
185,49
443,35
848,2
1712,29
12,11
29,28
84,7
149,38
311,21
620,4
1231,10
67,9
111,49
233,27
505,15
953,1
1967,14
75,22
125,30
228,36
473,49
937,45
1841,50
4,3
39,38
71,9
140,18
351,28
620,18
1277,21
27,26
63,43
157,47
344,43
622,42
1220,17
36,35
89,49
176,13
355,17
661,48
1349,12
35,12
64,9
148,12
260,41
517,47
1079,24
83,15
174,5
323,30
668,23
1299,38
22,3
80,4
190,11
351,10
682,10
1349,43
86,9
153,37
308,20
566,40
1174,43
55,3
142,48
290,25
546,28
1070,24
17,2
96,4
150,8
296,34
633,5
1272,30
39,33
78,26
155,21
288,6
630,38
1249,32
39,20
123,40
172,37
339,21
686,34
1390,16
4,3
12,11
27,26
53,26
145,19
269,32
549,25
1125,50
24,23
73,8
153,50
268,38
565,40
1130,2
51,23
130,12
259,26
444,36
893,29
1856,50
96,46
175,44
317,18
645,8
1239,6
72,33
109,4
242,3
453,33
947,18
1871,21
70,19
140,12
228,24
520,2
1022,17
1959,1958
56,42
70,18
218,39
376,32
725,14
1473,46
82,16
118,49
255,19
509,23
1011,20
1988,1987
10,9
60,6
100,27
210,47
406,39
793,25
1628,6
48,38
102,1
248,26
465,3
887,3
1773,7
51,10
130,11
192,25
439,5
838,1
1713,46
99,21
195,42
302,30
604,45
1269,37
73,6
135,38
220,44
464,23
950,19
1854,44
94,16
186,4
305,21
625,44
1270,10
23,22
99,30
195,36
376,4
707,13
1469,49
84,6
105,15
262,40
540,30
1065,39
35,34
63,43
161,36
286,39
613,2
1173,39
5,4
64,14
81,31
201,7
403,44
766,29
1543,22
55,21
143,39
234,7
435,12
904,37
1854,43
16,9
22,21
39,36
102,20
222,7
436,20
891,14
1790,22
34,33
83,11
210,42
360,35
728,35
1500,46
34,19
73,31
183,32
311,23
665,6
1341,29
75,3
93,27
194,29
399,9
856,38
1700,22
81,48
88,14
219,17
468,15
869,9
1747,10
82,20
134,15
230,23
536,37
1078,3
67,17
159,21
296,38
594,20
1130,49
66,14
144,8
233,33
476,49
1004,49
1948,24
4,3
21,20
112,38
212,21
425,36
799,8
1640,15
60,10
113,31
177,2
389,4
801,31
1561,49
91,49
144,16
301,32
610,27
1200,29
1,0
86,11
174,31
273,42
548,33
1102,17
52,9
152,26
280,37
538,27
1031,35
92,26
131,18
289,36
599,22
1200,44
5,4
95,2
182,44
357,34
653,10
1375,9
80,23
162,33
319,5
644,7
1244,2
40,9
118,7
227,6
437,31
900,38
1770,43
26,23
82,19
188,5
335,4
724,37
1378,3
58,3
129,24
232,15
469,1
971,39
1937,18
68,12
119,39
250,15
441,11
905,3
1878,50
85,10
149,47
324,26
582,17
1186,42
90,4
93,10
223,40
448,19
870,47
1777,33
16,10
62,2
139,20
278,6
596,9
1112,11
40,22
56,41
101,26
216,14
444,8
898,4
1797,46
20,19
33,30
84,7
223,44
448,7
891,38
1748,44
91,20
150,34
247,9
539,39
1091,19
34,33
130,36
199,13
424,41
839,40
1635,48
30,24
78,25
112,49
263,19
501,29
1053,36
81,40
141,47
313,9
626,1
1240,49
76,25
152,28
295,49
554,43
1123,26
87,34
128,48
265,36
535,3
1103,40
31,9
114,38
148,32
326,35
667,8
1314,37
85,40
107,39
207,42
500,1
955,6
1933,50
43,19
91,28
195,46
373,20
782,1
1531,46
67,39
139,14
267,13
536,30
1026,34
36,11
81,33
205,5
336,34
743,45
1484,11
100,27
159,37
278,5
599,37
1161,24
35,1
128,19
244,23
443,13
855,34
1712,38
17,16
77,21
110,27
285,6
516,44
1065,23
94,28
190,24
318,1
676,10
1377,49
69,12
146,27
254,15
521,22
1088,49
57,15
89,29
244,14
441,45
847,15
1739,40
57,50
145,31
211,48
442,32
929,2
1800,30
20,19
32,31
91,33
191,36
347,10
761,12
1526,5
69,50
123,22
258,46
550,1
1077,33
64,39
82,3
228,19
400,46
799,11
1606,13
41,1
141,17
218,34
429,29
863,44
1713,2
57,3
61,8
150,26
351,28
717,30
1426,10
42,2
65,3
158,33
340,34
688,11
1394,37
53,20
121,2
195,26
425,44
835,19
1709,39
84,34
169,36
283,35
633,15
1185,41
6,5
91,42
119,17
300,44
544,11
1161,32
100,12
179,46
287,12
651,31
1219,2
38,37
44,22
142,48
227,45
463,36
938,27
1912,22
7,6
93,23
118,47
261,37
578,1
1061,35
24,23
33,32
74,12
208,18
343,49
696,24
1428,49
93,34
187,41
338,20
646,39
1340,46
101,40
177,2
346,30
645,48
1288,1
67,43
126,6
281,41
561,9
1078,49
45,3
60,46
168,17
362,12
668,4
1362,18
100,25
102,40
292,6
589,44
1111,50
4,3
104,50
147,8
326,25
678,35
1346,48
83,40
97,15
265,11
507,7
1010,45
1995,1994
60,8
77,40
228,16
447,25
908,37
1803,7
1,0
26,8
66,18
127,30
248,28
565,48
1070,44
93,27
145,35
275,44
593,25
1157,47
21,20
46,29
104,21
252,19
496,19
952,49
1927,8
66,1
142,26
210,8
461,46
947,33
1860,7
42,34
53,22
170,11
363,9
688,42
1391,36
7,6
9,8
35,34
63,20
181,10
369,19
667,19
1358,12
83,2
176,4
310,21
604,7
1186,5
98,43
195,47
371,26
762,5
1486,18
32,16
81,10
182,34
323,10
636,38
1310,24
68,28
121,48
286,14
519,49
1028,27
90,28
157,19
318,35
583,42
1221,6
84,13
141,1
287,25
578,33
1171,44
7,6
42,18
55,46
110,19
307,29
536,34
1073,38
52,2
109,16
198,20
405,14
806,34
1659,34
32,12
33,32
163,41
308,6
574,23
1185,1
72,35
106,14
213,16
417,7
868,40
1711,19
61,26
97,25
221,46
476,5
890,29
1787,50
35,34
66,1
134,3
288,20
557,47
1083,20
67,18
144,8
308,36
571,30
1134,17
75,27
113,26
223,7
412,36
876,14
1732,38
99,4
198,41
374,40
693,36
1430,36
91,35
182,5
329,38
668,29
1302,50
2,1
95,11
195,44
327,38
719,45
1362,33
8,7
52,30
134,5
254,23
471,10
950,28
1878,12
36,35
83,35
136,24
288,25
570,14
1117,28
16,15
98,6
165,24
342,11
718,46
1394,40
2,1
72,16
166,49
270,45
516,34
1035,38
46,34
126,39
199,14
412,6
818,44
1620,1
82,23
153,19
301,35
542,2
1115,31
7,6
32,9
117,47
248,40
503,3
1004,27
1957,5
31,21
37,35
142,32
304,31
597,14
1198,21
97,33
170,33
316,25
679,26
1293,27
62,41
84,5
153,28
321,50
641,25
1281,8
54,30
119,10
257,11
509,46
995,49
1937,1
89,37
137,41
300,6
536,16
1095,31
85,11
173,17
355,49
626,29
1295,36
42,5
113,17
176,16
403,20
736,31
1528,36
49,48
128,11
219,44
467,20
917,8
1809,48
15,14
61,8
108,15
276,32
493,4
1007,41
1988,1987
10,9
107,7
195,29
321,41
718,4
1380,44
73,28
81,1
220,38
417,38
864,19
1663,10
87,6
120,5
253,27
543,50
1027,2
64,49
94,20
160,2
408,50
786,47
1563,24
34,3
61,48
135,23
238,39
473,30
980,14
1967,2
38,20
102,31
235,16
471,38
943,20
1889,22
90,16
188,20
313,32
592,14
1188,34
71,37
157,49
283,10
524,7
1102,13
24,1
30,29
150,23
259,18
549,39
1074,16
21,20
120,16
181,32
334,8
673,22
1341,14
88,11
110,50
288,32
554,10
1059,43
90,48
175,39
291,40
600,4
1185,8
46,42
136,35
243,18
466,25
896,17
1885,26
72,45
165,25
296,40
549,41
1105,29
47,15
91,17
174,10
330,13
687,16
1388,34
56,47
128,9
256,37
526,21
1011,36
1985,1984
94,36
131,40
295,40
564,24
1121,28
45,1
134,44
255,1
487,25
970,44
1910,24
55,17
121,21
220,26
474,45
958,49
1860,25
28,23
61,5
180,17
274,9
589,18
1202,11
27,8
36,25
159,5
297,40
604,9
1156,36
97,21
197,12
321,44
680,18
1387,34
36,35
67,35
110,5
305,30
520,13
1083,17
39,22
119,1
228,1
421,46
894,37
1714,44
22,5
64,50
167,7
307,22
579,46
1227,9
58,4
65,7
132,49
292,1
610,27
1184,3
16,11
19,18
80,13
162,45
355,21
662,1
1394,49
41,19
82,43
215,41
412,11
820,42
1592,7
99,1
108,27
264,46
518,28
1059,21
80,29
105,7
193,24
447,31
850,37
1702,20
50,39
118,23
195,20
404,45
823,28
1669,41
99,6
146,43
327,5
670,9
1334,20
42,26
135,36
194,7
400,16
815,45
1651,1
55,20
99,34
166,22
331,43
716,4
1380,21
98,36
167,39
296,36
610,48
1235,36
61,45
93,35
243,42
495,10
954,25
1856,27
9,7
59,36
81,9
184,22
398,33
816,25
1648,43
34,10
36,20
97,14
176,49
359,45
798,39
1573,10
76,5
153,47
294,29
600,28
1202,34
95,45
134,43
287,28
519,5
1070,15
64,28
133,10
248,23
525,43
1000,41
1901,27
100,22
182,50
332,43
692,49
1395,41
55,29
95,38
186,8
422,25
843,32
1625,42
15,14
20,19
58,13
95,41
211,36
433,41
835,13
1711,1
52,16
143,6
249,45
529,8
982,28
1986,1985
82,47
183,45
354,25
684,40
1370,31
5,4
51,50
138,18
234,15
444,17
893,11
1803,20
100,40
158,39
345,41
647,20
1309,6
62,20
134,24
209,23
436,2
907,41
1757,5
1,0
99,43
189,29
304,4
662,2
1329,30
75,3
153,49
316,36
558,6
1110,27
98,43
164,28
311,47
591,33
1264,22
47,6
88,41
174,1
343,32
657,20
1343,12
53,16
137,15
251,3
456,42
949,9
1905,19
84,35
137,10
227,50
482,11
966,38
1955,33
11,10
22,21
119,22
243,21
447,42
904,43
1783,36
90,45
119,41
250,35
468,6
971,1
1995,1994
56,28
154,20
278,6
560,13
1110,24
87,20
98,4
273,14
459,44
919,38
1882,30
56,30
76,15
142,16
371,27
664,33
1410,36
3,2
35,4
113,29
181,39
398,15
819,43
1640,39
71,39
166,43
336,39
643,20
1263,31
83,33
170,35
351,49
612,31
1225,14
12,5
48,25
99,10
252,25
510,13
968,16
1943,4
35,16
108,26
208,3
356,1
763,40
1556,10
29,3
121,35
189,8
386,3
823,26
1637,18
56,34
120,29
220,11
489,5
894,21
1858,45
56,5
85,37
166,34
322,22
695,21
1329,30
52,1
100,17
199,29
422,24
822,22
1663,13
85,32
141,18
319,49
556,43
1112,13
83,16
158,4
296,37
629,9
1233,37
86,17
121,30
208,4
449,29
963,4
1840,19
29,28
90,45
186,31
328,15
672,34
1311,22
79,2
166,2
253,12
506,14
1060,12
34,7
130,28
214,46
418,21
860,29
1741,16
60,34
75,46
163,24
376,6
728,17
1408,15
48,34
76,26
209,38
403,24
832,48
1646,17
5,4
42,15
118,18
262,17
517,13
1016,3
1959,4
88,46
150,18
277,13
570,35
1110,34
28,20
59,42
180,39
332,10
644,27
1294,25
30,10
89,14
168,29
349,4
637,25
1292,23
19,12
35,34
155,21
237,8
494,43
948,33
1898,38
101,48
107,26
210,36
429,34
885,41
1815,22
4,3
31,17
40,39
172,47
341,27
622,17
1291,19
15,14
104,46
121,39
244,48
501,50
1063,13
67,48
140,47
285,12
508,33
1085,16
13,12
35,10
51,37
148,17
290,49
558,1
1196,24
67,33
126,49
216,9
458,30
875,44
1763,47
29,21
92,3
150,23
329,4
700,23
1341,48
4,3
54,11
108,44
196,18
395,33
841,42
1634,27
59,17
78,30
138,10
299,49
618,22
1277,35
98,44
150,32
304,40
588,48
1203,33
45,13
60,31
189,16
325,50
673,44
1321,28
69,31
79,46
194,22
397,33
793,24
1557,42
4,3
19,9
81,36
109,20
283,39
574,17
1121,16
74,20
151,32
239,6
522,10
989,33
1971,1970
69,35
169,27
280,48
598,48
1213,46
49,9
136,8
214,4
408,13
867,31
1678,34
1,0
85,25
89,3
210,11
454,48
890,44
1763,12
80,29
86,27
218,21
412,27
854,34
1653,10
67,46
140,27
257,6
565,35
1078,38
64,4
106,25
267,17
484,39
954,19
1880,12
85,44
162,15
316,49
611,20
1275,44
54,34
122,17
215,4
407,47
838,1
1733,15
66,37
137,13
207,36
438,42
899,19
1827,9
83,44
151,33
310,41
619,27
1190,2
94,30
109,20
301,16
525,31
1078,42
8,7
24,23
75,14
159,33
330,10
684,48
1344,21
4,3
87,3
145,9
279,45
563,9
1110,49
40,37
58,33
159,14
260,20
552,25
1091,20
38,19
70,1
129,10
282,31
538,42
1138,30
68,23
157,17
270,18
521,22
1083,36
64,32
71,50
204,41
357,7
701,29
1493,2
21,8
111,14
148,12
314,27
672,13
1337,11
70,19
151,12
284,11
529,41
1039,46
21,20
53,31
130,6
279,49
553,21
1121,4
27,26
95,5
181,46
392,10
699,39
1410,9
2,1
23,22
38,26
90,8
242,16
456,3
901,20
1798,9
16,15
28,27
137,35
218,24
444,1
944,2
1865,33
86,19
143,17
319,48
593,44
1172,2
78,6
175,6
310,1
595,31
1222,22
27,11
103,43
168,4
368,20
747,37
1495,46
69,15
100,32
242,20
509,30
983,22
1946,44
59,15
132,38
283,20
538,32
1047,40
30,25
115,11
216,19
413,41
859,22
1692,15
98,3
171,6
356,9
662,13
1344,16
54,26
62,26
194,24
394,2
706,6
1499,5
7,6
83,3
110,14
301,49
561,35
1115,49
72,18
82,47
169,11
373,1
724,39
1443,40
94,50
160,24
324,5
664,47
1285,11
98,38
186,13
322,4
701,34
1368,27
17,16
70,17
115,28
290,35
518,31
1041,25
59,3
123,29
199,34
399,35
829,38
1698,44
35,20
91,13
127,48
287,11
566,37
1185,1
7,6
69,7
130,14
294,26
562,49
1118,3
33,22
58,33
162,7
332,46
594,42
1180,20
41,40
89,38
181,42
351,28
702,30
1446,9
17,16
76,45
99,21
243,21
527,35
1060,44
35,28
66,25
173,16
356,9
724,17
1435,7
44,39
90,27
156,45
360,9
667,43
1400,42
42,32
114,23
199,17
400,11
855,42
1680,23
9,8
103,17
174,28
387,46
745,23
1439,46
83,13
130,14
307,3
567,6
1178,38
20,19
74,9
195,39
370,22
682,30
1368,50
24,23
116,41
173,35
398,6
714,20
1448,14
32,31
60,9
147,47
336,32
670,40
1307,46
8,7
29,4
67,40
169,36
320,45
647,23
1248,21
44,43
95,12
171,46
347,33
676,47
1338,39
4,2
68,6
121,29
226,18
428,48
863,29
1790,39
25,24
87,43
190,45
362,10
750,23
1420,19
83,29
90,31
194,18
380,2
773,34
1579,5
67,5
110,33
260,5
512,42
975,43
1971,23
27,26
125,18
194,24
369,47
796,4
1550,10
94,48
146,26
257,11
519,24
1061,41
84,12
89,22
214,3
478,34
868,27
1809,36
61,21
62,7
132,34
262,45
543,13
1127,27
8,7
31,24
96,45
194,5
347,3
677,5
1386,19
64,32
71,42
169,9
361,26
673,38
1433,43
56,24
143,21
201,33
462,38
904,21
1810,37
26,25
98,28
196,30
327,31
728,6
1378,32
100,36
144,9
316,6
627,27
1215,31
38,37
105,10
221,34
367,32
783,25
1608,16
64,43
108,3
239,25
429,44
848,48
1761,28
7,6
27,26
93,14
184,38
352,6
689,28
1437,25
11,10
15,5
88,43
213,47
340,50
746,27
1495,44
64,39
69,13
160,42
323,19
714,11
1392,5
98,49
141,21
268,35
511,48
1030,32
66,33
87,4
173,24
393,37
776,49
1520,35
99,50
108,14
244,46
467,5
951,1
1906,13
87,22
115,49
209,35
478,48
954,36
1893,36
20,19
104,38
156,26
336,40
638,17
1289,4
92,32
150,30
265,41
601,43
1143,44
72,1
138,17
253,26
521,6
1043,15
32,12
133,22
250,44
515,47
962,4
1980,1979
72,30
113,6
246,32
447,47
887,44
1786,9
43,10
65,50
159,49
282,35
595,40
1168,28
65,7
107,50
224,30
406,41
846,47
1737,6
93,30
113,2
267,31
568,18
1070,40
31,17
83,6
201,45
330,48
745,38
1429,43
71,48
73,30
154,20
370,2
705,8
1445,30
68,46
92,26
245,26
456,31
876,16
1778,25
85,26
95,50
272,46
487,18
1027,9
1966,21
21,11
67,17
98,12
245,7
433,17
877,44
1747,48
18,17
44,9
156,5
304,49
537,18
1116,9
86,1
106,33
239,13
466,1
905,32
1865,20
76,34
152,36
261,4
517,49
1080,19
88,4
117,4
219,38
466,26
953,27
1901,19
94,42
103,42
291,41
515,7
1046,41
88,5
189,30
374,38
661,37
1347,2
38,19
67,3
162,20
268,38
553,19
1118,14
37,22
86,30
144,30
293,6
654,47
1314,25
101,31
110,15
234,40
474,50
1011,12
1973,1972
55,26
138,9
220,15
447,34
894,37
1828,9
7,6
101,48
113,46
238,11
553,25
1108,44
24,17
119,5
181,11
361,21
690,50
1420,6
60,47
83,13
144,46
318,6
669,46
1309,20
82,15
140,45
240,28
551,29
1031,13
60,49
87,22
171,20
354,42
699,30
1399,16
72,10
124,32
200,23
497,1
946,17
1866,43
90,24
95,25
201,24
472,3
870,34
1795,9
94,11
168,34
270,24
558,40
1165,27
46,12
110,17
214,40
469,1
920,6
1839,10
95,15
189,29
355,44
649,31
1350,35
91,6
132,39
229,34
491,9
971,17
1954,43
62,36
124,20
197,27
444,40
855,2
1751,49
20,11
119,36
180,13
384,24
735,27
1522,34
29,28
33,17
74,27
181,31
363,31
722,46
1404,1
14,13
54,8
157,22
249,24
484,42
1058,33
34,31
40,39
84,41
256,16
484,19
987,25
1966,1965
72,15
92,20
228,44
397,23
852,23
1708,17
45,41
133,43
213,8
436,44
907,30
1750,38
69,19
169,23
261,38
530,41
1068,5
39,18
88,41
221,41
357,27
730,38
1475,45
52,31
66,39
141,17
307,14
585,49
1163,48
88,17
129,35
263,26
577,27
1146,34
99,43
114,43
268,16
529,3
1013,32
51,14
79,50
168,10
329,24
679,37
1331,22
30,16
40,34
124,2
207,14
483,28
965,38
1920,35
41,40
45,40
95,7
265,10
520,34
1024,38
1994,1993
1,0
35,22
70,20
147,12
335,25
631,24
1276,16
87,36
109,13
197,48
442,16
928,7
1856,36
50,18
98,40
203,43
363,38
762,19
1484,22
83,48
119,39
266,45
473,30
957,1
1959,23
31,18
65,15
127,27
311,20
573,37
1204,22
17,16
71,27
90,48
243,26
482,12
934,35
1866,42
72,12
137,49
245,42
462,30
933,20
1903,39
28,27
80,14
118,27
235,38
533,18
1069,32
30,28
37,29
121,20
219,43
439,2
897,30
1793,16
31,6
79,22
146,2
340,45
678,36
1323,38
98,32
113,11
244,46
528,18
1059,7
83,9
96,10
193,4
423,6
895,36
1784,4
2,1
28,27
61,37
122,14
221,25
496,14
1008,22
1961,11
54,10
85,10
159,4
363,48
675,40
1377,25
20,17
39,7
160,3
228,4
493,2
1012,36
1922,17
51,4
83,15
218,25
401,24
825,10
1597,28
26,25
76,30
182,16
316,50
605,18
1226,14
88,45
136,38
238,13
467,5
1025,30
1926,19
41,33
100,7
220,47
380,1
840,13
1624,30
5,4
49,48
144,46
209,29
445,3
877,39
1755,32
36,32
81,22
138,34
286,19
604,38
1175,9
89,16
181,43
323,29
615,46
1305,37
47,41
75,21
191,6
405,15
783,37
1502,1
40,7
55,38
189,43
291,22
593,8
1249,34
71,24
78,31
191,15
413,5
757,9
1528,35
77,32
81,15
186,20
416,6
854,12
1685,45
40,11
127,11
256,4
451,28
917,4
1811,4
74,30
138,23
255,27
523,7
999,30
1909,48
60,9
91,36
206,7
410,42
781,49
1613,44
84,49
110,39
250,46
469,14
1013,6
1940,36
66,8
96,28
253,45
451,25
921,38
1814,24
62,12
146,46
255,7
543,49
1040,47
39,38
40,11
116,13
281,16
563,40
1124,21
64,37
140,37
230,9
516,37
958,11
1918,43
28,27
69,41
131,39
230,15
480,11
1033,35
1937,12
47,4
69,2
180,9
389,15
765,39
1529,3
15,14
23,22
65,6
123,26
312,7
560,10
1120,5
30,29
68,16
141,36
307,16
591,15
1195,44
71,3
146,20
314,38
582,8
1197,47
18,17
96,11
140,28
259,29
518,42
1104,46
73,26
79,18
167,3
328,11
708,41
1398,1
80,33
132,24
289,15
549,27
1139,34
59,29
94,37
233,20
423,6
867,2
1772,42
52,43
153,19
219,17
516,35
981,29
1953,34
29,17
54,25
112,48
219,44
437,29
876,10
1767,6
21,20
120,30
181,12
339,38
726,2
1483,7
93,24
106,17
263,3
545,37
1074,3
8,7
38,37
130,30
266,11
455,21
917,43
1827,13
19,18
57,6
88,34
202,31
450,13
891,21
1791,3
55,24
62,3
160,31
298,43
609,46
1239,13
77,9
128,9
218,38
481,25
964,6
1893,39
81,7
92,11
242,30
470,23
975,27
1939,44
84,20
169,36
298,2
560,23
1144,13
3,2
89,24
97,3
227,12
423,35
855,48
1715,34
96,36
196,4
351,11
669,8
1342,44
18,17
56,44
169,13
311,47
638,9
1198,5
14,13
58,7
164,2
311,20
584,30
1194,27
30,21
60,35
183,34
341,10
705,10
1405,8
45,44
74,14
144,4
306,9
658,41
1228,43
55,30
102,15
205,14
450,44
818,10
1641,27
59,48
88,2
153,11
360,12
678,12
1429,3
21,20
77,18
138,45
309,8
627,49
1194,6
37,8
124,3
246,43
480,21
924,28
1817,1
13,12
46,16
107,12
264,43
490,45
925,10
1874,35
46,40
132,47
260,18
449,2
960,29
1865,5
37,36
132,24
242,2
472,25
904,24
1854,20
88,35
108,30
197,23
408,29
875,29
1733,33
12,11
76,47
135,27
268,50
584,22
1135,43
75,3
131,28
297,19
599,14
1105,32
84,4
104,37
214,43
461,22
900,10
1840,42
61,16
143,24
266,31
523,45
1028,44
73,17
85,6
170,20
417,13
846,39
1597,20
29,28
43,32
131,25
219,23
435,45
955,50
1833,29
73,23
107,12
226,20
498,35
994,49
1941,20
47,30
138,23
189,3
397,16
850,11
1712,49
87,37
172,47
303,30
599,28
1259,38
83,43
139,21
251,38
560,49
1104,3
34,33
85,44
177,5
368,13
700,46
1444,35
36,35
116,43
202,28
368,23
785,12
1526,13
98,17
151,18
273,48
586,26
1187,33
34,31
88,47
176,48
357,41
679,49
1400,1
56,20
108,30
216,6
400,9
803,41
1683,28
81,45
110,4
261,13
485,48
967,19
1966,28
12,11
79,29
188,46
302,12
644,40
1234,1
63,32
141,43
302,43
516,29
1095,13
98,36
157,33
305,5
614,20
1231,33
37,20
70,23
156,43
331,20
644,10
1274,22
96,6
120,7
308,46
575,29
1153,36
50,29
85,40
232,12
467,22
849,25
1728,18
65,50
105,23
233,15
422,28
885,43
1779,25
30,5
96,9
128,17
355,8
686,31
1297,23
31,30
129,17
181,20
425,24
810,28
1627,20
32,5
75,27
180,39
311,12
641,41
1241,2
96,10
155,23
257,4
514,35
1114,34
87,47
179,46
338,3
651,4
1282,45
15,14
112,21
165,7
297,23
604,33
1282,24
88,43
153,17
242,22
528,30
1099,10
92,6
139,28
268,25
534,14
1059,19
21,20
112,18
155,16
322,46
709,7
1363,43
1,0
46,8
79,7
158,37
369,24
713,11
1402,28
86,9
130,15
246,34
505,14
1060,39
67,7
106,30
228,46
427,33
852,42
1712,15
1,0
10,9
35,6
100,47
192,13
425,36
831,23
1636,12
49,26
122,8
258,11
444,2
912,10
1798,35
45,22
52,9
177,24
363,45
679,11
1341,4
4,3
90,27
117,18
253,25
523,37
1077,37
29,28
70,28
118,22
238,17
469,16
960,39
1965,11
81,1
85,25
239,32
498,25
977,19
1898,1
63,8
85,39
172,7
387,36
726,36
1500,8
81,22
94,26
210,24
464,29
858,36
1725,28
60,43
71,19
199,1
349,38
758,13
1451,16
4,3
65,47
88,22
238,3
396,10
828,45
1660,28
98,3
104,31
275,21
558,47
1127,16
65,40
138,18
273,24
542,11
1118,6
71,37
139,15
221,16
474,26
991,47
1905,6
3,2
49,38
62,19
185,33
375,37
723,39
1415,29
58,14
97,50
170,3
355,28
707,14
1479,9
48,32
127,43
257,44
512,7
1010,49
1978,1977
74,20
98,26
211,15
475,43
950,6
1825,45
70,9
164,23
323,34
637,45
1254,4
60,37
110,20
207,20
409,6
793,5
1678,26
100,5
108,46
235,13
538,42
1013,31
1992,5
39,1
60,6
126,1
298,47
568,35
1115,4
9,8
70,50
149,11
298,5
529,19
1134,21
66,5
100,14
173,35
389,26
769,45
1548,26
41,14
49,43
164,38
295,20
558,2
1131,23
20,19
39,33
96,28
169,2
377,32
714,27
1466,22
30,29
42,41
118,28
211,1
502,18
954,20
1946,25
93,29
144,31
323,2
595,27
1246,45
43,42
119,43
221,17
436,8
839,13
1723,2
20,10
64,34
144,32
322,29
561,29
1212,45
22,21
83,10
137,28
331,28
592,22
1227,9
49,30
77,50
215,31
406,34
766,17
1553,43
54,6
126,31
243,14
432,40
870,17
1780,47
18,17
96,50
124,46
254,11
584,35
1093,16
99,25
167,46
287,36
632,12
1254,32
20,19
53,16
82,6
220,10
380,45
841,49
1619,34
7,2
25,24
81,50
155,32
314,34
630,13
1224,24
97,21
186,31
334,13
698,37
1394,37
50,1
114,15
237,32
477,3
894,6
1798,16
26,25
121,46
173,34
369,43
785,35
1528,3
43,32
64,21
145,48
319,40
617,10
1253,35
17,16
106,45
147,39
310,48
645,3
1295,46
1,0
15,14
30,29
104,29
155,27
323,19
706,28
1368,32
86,16
163,44
288,6
559,45
1167,10
23,1
88,34
209,41
354,8
699,45
1385,44
56,7
80,30
181,48
321,34
664,46
1320,25
47,39
92,32
204,12
427,7
809,23
1660,32
21,4
61,5
168,15
268,41
539,16
1134,8
69,40
162,50
321,14
618,23
1242,8
38,22
91,46
200,44
374,40
791,1
1531,8
80,36
181,44
281,34
560,8
1192,41
67,34
108,12
231,43
503,40
922,27
1925,34
68,21
141,36
286,43
502,18
1049,50
67,39
74,23
222,22
434,24
874,3
1772,49
52,50
67,22
157,5
293,26
669,34
1325,15
60,38
99,8
162,11
361,18
769,37
1525,48
2,1
6,5
87,14
98,45
245,18
446,15
945,2
1895,27
96,4
165,43
276,25
543,5
1088,46
75,40
128,12
301,21
601,34
1136,3
36,29
69,12
176,38
348,18
729,40
1440,37
77,34
140,30
303,14
593,47
1134,12
54,10
142,8
274,42
492,23
1007,24
1979,1978
38,37
103,26
167,14
359,22
757,26
1524,50
42,41
134,10
217,28
409,29
895,14
1765,15
59,39
131,35
214,21
487,19
968,12
1909,3
52,8
82,3
209,47
390,6
788,7
1528,22
23,22
104,21
168,31
315,43
667,15
1367,13
75,17
143,38
284,34
569,26
1130,6
57,16
61,17
210,2
338,24
681,37
1362,6
39,2
126,13
186,38
380,45
764,39
1520,12
12,11
54,34
115,22
215,23
444,25
896,41
1773,6
70,23
82,13
158,31
369,24
776,13
1539,41
83,26
180,7
300,48
633,18
1283,18
77,49
98,28
255,39
498,28
959,38
1937,14
87,46
179,29
302,18
591,15
1194,6
24,17
88,46
210,32
326,23
698,7
1358,5
41,40
120,34
188,2
440,15
885,34
1750,28
79,45
162,45
322,35
657,28
1232,17
31,30
62,9
130,38
320,42
612,8
1200,1
73,11
130,41
292,15
541,16
1066,42
23,7
51,19
103,42
256,28
479,1
927,41
1919,15
60,32
105,3
241,20
426,4
844,16
1727,32
76,6
144,27
223,50
449,10
972,46
1900,48
44,43
130,11
247,43
492,23
962,28
1940,39
54,14
154,29
210,18
481,4
925,20
1868,43
31,30
86,21
129,13
290,38
544,5
1167,30
97,32
163,32
282,7
589,16
1169,36
15,14
67,36
104,43
228,1
448,36
959,44
1840,11
16,15
40,28
108,3
240,4
457,50
921,10
1822,34
67,12
158,34
272,30
545,15
1122,42
63,7
73,41
167,35
396,48
703,5
1419,26
58,2
91,27
173,39
331,47
721,24
1455,36
30,26
92,36
163,2
339,27
673,9
1387,1
30,29
63,6
178,28
336,2
668,23
1375,3
59,16
81,48
201,50
417,14
771,39
1576,32
68,39
165,17
285,17
524,19
1080,18
55,3
94,32
221,31
421,7
869,49
1684,6
10,9
73,18
98,23
226,18
429,13
865,14
1702,1
33,17
77,16
172,50
380,17
749,15
1453,33
64,18
161,14
310,8
585,47
1168,40
45,16
53,17
102,20
241,47
453,14
908,4
1807,25
42,41
109,16
173,16
329,19
668,35
1354,25
45,34
125,46
190,41
413,3
816,39
1687,9
93,6
190,12
311,5
603,19
1263,27
38,37
134,8
256,13
515,14
967,5
1960,1959
45,38
101,26
208,18
406,11
782,22
1619,6
64,7
96,38
189,30
422,34
871,16
1660,35
83,14
93,27
277,48
500,9
1004,29
1997,1996
56,38
91,21
225,38
389,32
829,21
1598,10
45,12
62,47
163,8
338,9
695,22
1380,21
34,23
58,13
169,3
325,30
595,30
1244,39
101,47
104,38
276,43
555,44
1091,31
51,50
107,48
206,40
375,46
788,2
1622,34
59,45
134,20
265,46
526,47
1073,6
50,36
126,5
242,26
424,4
853,33
1726,14
71,23
125,31
199,3
416,47
863,44
1697,40
8,7
81,28
118,37
266,42
488,20
978,50
1917,48
13,12
29,21
94,39
196,31
346,33
737,39
1481,12
81,9
180,19
346,3
697,28
1339,45
89,29
136,6
230,34
456,40
917,23
1844,35
3,2
12,4
108,32
154,19
357,9
648,14
1379,41
19,12
93,16
202,4
355,36
711,32
1397,30
75,48
77,4
205,16
410,46
847,26
1681,43
78,27
85,45
241,29
442,3
868,11
1747,36
28,4
61,39
190,18
325,34
689,46
1352,28
15,14
62,3
174,13
318,6
572,28
1199,2
90,45
153,35
263,45
531,42
1083,29
80,2
110,46
197,13
422,14
858,22
1768,27
8,7
45,41
75,26
137,40
283,31
607,11
1230,13
17,1
67,30
106,36
203,13
394,40
853,2
1720,31
64,12
125,20
238,5
467,4
993,24
1924,40
82,37
83,20
238,26
417,26
894,23
1781,42
2,1
37,36
46,14
169,12
305,4
639,36
1235,40
76,27
134,20
306,38
550,46
1074,19
32,31
43,24
160,44
287,25
558,12
1172,1
50,12
135,5
189,21
472,6
856,15
1784,4
58,16
152,17
286,45
585,41
1178,19
34,33
135,37
212,15
420,33
810,20
1648,44
97,44
153,23
312,25
607,41
1246,35
90,42
109,1
219,37
450,33
891,33
1799,38
6,5
71,27
92,2
269,45
465,32
998,22
1908,8
94,29
150,37
286,8
592,5
1212,20
47,44
148,47
293,19
539,50
1067,27
79,39
179,10
298,43
595,16
1166,50
14,13
88,29
121,3
256,37
480,48
1004,21
1989,1988
101,27
173,6
361,30
708,39
1404,49
55,42
94,3
187,11
422,2
803,14
1645,43
24,23
103,11
167,24
330,43
699,5
1423,4
8,7
42,18
53,46
128,18
329,32
654,37
1280,11
63,36
67,1
221,12
402,7
773,22
1618,36
81,32
103,17
271,30
480,31
977,4
1959,8
81,15
99,32
215,50
425,11
830,48
1751,47
7,6
42,37
53,28
194,7
316,46
679,37
1390,7
35,34
66,1
111,17
281,25
559,21
1099,49
15,14
79,15
185,17
319,12
695,19
1363,9
17,16
28,18
56,40
177,49
287,42
647,49
1240,8
13,11
39,20
105,5
207,28
382,7
810,48
1586,30
14,13
42,38
85,36
177,10
376,7
715,13
1485,48
97,40
99,38
203,24
453,32
947,35
1822,9
99,16
178,46
346,39
690,6
1350,48
12,11
108,7
204,21
397,32
818,41
1630,36
98,31
143,2
256,32
513,32
1093,17
4,3
81,19
179,27
342,33
699,42
1335,29
11,10
33,28
54,18
167,6
306,21
587,45
1229,7
39,23
81,16
192,40
382,19
731,3
1439,39
1,0
44,1
121,1
168,30
410,23
801,45
1612,35
15,2
97,47
134,32
288,46
581,17
1201,12
12,11
96,20
125,31
242,25
564,37
1117,24
15,3
56,15
80,40
190,48
419,8
792,26
1564,15
93,33
127,19
227,22
492,12
981,9
1968,5
46,40
70,13
207,11
374,3
761,5
1510,49
93,22
134,49
317,11
576,38
1133,36
8,7
68,5
111,46
253,31
496,38
1019,32
1969,21
3,2
41,40
87,46
179,32
353,2
677,7
1396,15
71,25
74,15
183,1
405,11
751,49
1578,3
33,31
86,29
165,32
372,50
720,7
1455,47
53,16
60,43
116,5
256,42
548,33
1090,50
56,19
152,45
304,17
537,1
1138,9
40,29
121,47
165,2
354,7
721,37
1440,17
9,8
13,9
63,27
181,10
320,5
656,19
1261,33
61,31
87,37
245,44
404,39
805,45
1685,4
38,37
74,29
198,15
349,47
663,26
1383,33
86,35
128,11
263,14
510,1
1017,29
75,22
102,33
221,23
457,47
926,17
1792,32
31,27
38,14
111,48
185,35
451,45
866,2
1700,49
76,6
82,36
216,40
396,17
860,18
1642,18
79,45
143,32
288,4
571,41
1160,34
45,43
50,5
112,17
296,36
549,3
1056,34
12,11
59,27
156,17
280,13
545,18
1141,31
1,0
40,39
113,10
247,49
421,46
839,28
1718,37
38,34
86,46
200,19
354,3
741,1
1425,37
20,19
120,23
232,8
432,24
824,37
1696,36
71,32
170,28
326,13
625,29
1201,48
31,7
69,26
195,45
317,34
641,33
1274,23
37,28
133,4
215,45
393,4
875,24
1673,30
20,19
64,7
117,23
210,21
491,6
973,15
1973,1972
101,48
149,18
274,39
611,25
1149,6
37,14
95,41
219,50
402,42
804,34
1602,2
11,10
82,20
133,20
325,17
603,11
1247,33
72,2
101,27
199,26
379,35
834,17
1610,35
83,2
153,42
270,18
514,32
1121,47
80,27
160,7
274,27
537,7
1076,48
24,23
28,27
104,26
233,24
476,23
951,33
1827,13
34,33
77,33
147,31
315,13
600,40
1265,3
10,2
58,7
128,17
290,14
555,22
1098,38
100,26
117,29
251,48
560,35
1078,43
88,20
129,38
309,15
561,47
1165,41
78,42
134,47
257,2
564,11
1084,50
34,12
77,5
167,30
313,14
601,14
1209,1
82,1
132,29
259,10
480,14
1013,6
1998,1997
71,35
135,27
278,18
576,2
1116,18
34,10
48,37
146,32
256,2
492,1
977,44
1935,50
58,14
85,32
189,12
395,2
828,14
1589,38
11,10
93,29
140,12
324,21
585,28
1246,32
83,26
131,7
286,21
501,34
1049,17
64,32
111,3
248,15
500,28
985,29
1961,9
48,41
90,13
185,32
406,41
747,46
1487,39
94,9
157,47
286,36
540,13
1112,40
35,30
131,1
209,26
434,24
871,18
1756,34
29,28
104,21
148,34
358,50
708,37
1440,2
65,36
116,35
267,3
530,24
1039,22
28,20
85,17
182,9
329,16
675,3
1353,1
66,33
86,42
182,20
421,31
802,44
1562,48
58,29
68,10
183,32
335,1
703,1
1409,46
22,21
53,4
157,8
240,48
551,21
1042,27
50,14
77,25
182,28
315,30
670,13
1299,22
7,6
19,17
107,42
182,13
367,48
691,27
1421,49
88,42
178,24
327,7
682,49
1372,37
57,39
139,16
245,28
463,11
910,9
1822,2
69,37
114,29
228,16
489,13
981,40
1958,20
4,3
105,25
137,7
324,49
582,11
1179,8
79,14
178,26
313,6
575,37
1155,22
56,4
66,36
213,8
397,5
794,36
1608,35
54,37
64,47
199,15
327,22
743,14
1447,10
9,3
61,16
94,22
184,15
365,46
719,11
1439,49
33,22
85,18
204,29
385,49
789,23
1588,46
64,26
112,39
200,29
417,30
815,50
1668,25
23,22
34,24
109,31
259,38
434,32
915,46
1839,44
76,34
94,24
241,32
414,42
900,48
1733,13
4,3
16,15
86,36
180,42
307,6
683,3
1296,18
7,6
62,3
81,29
238,23
487,39
883,12
1825,10
34,33
116,21
219,14
433,4
826,31
1667,20
33,23
75,33
146,24
313,26
609,30
1240,46
25,24
111,27
204,38
370,33
727,29
1520,37
19,13
26,25
112,6
224,1
464,6
848,28
1787,26
3,2
37,36
114,34
211,16
417,30
792,13
1618,23
9,8
57,38
115,12
188,47
460,1
903,49
1751,3
83,9
97,14
233,46
464,44
973,31
1909,28
26,22
95,47
199,28
335,30
674,46
1350,15
10,9
27,26
80,6
151,47
359,11
722,14
1449,48
73,10
96,45
176,33
408,23
831,2
1673,28
15,14
105,40
167,33
369,48
701,40
1370,27
18,16
112,22
183,24
357,39
715,6
1390,26
52,19
76,12
150,35
375,36
731,34
1402,3
83,29
86,26
251,27
508,39
984,4
1963,10
65,19
117,19
268,26
494,49
951,18
1947,31
79,41
106,4
244,9
516,41
980,28
1937,49
63,27
109,16
240,40
469,44
899,39
1810,42
90,45
150,17
335,9
653,10
1297,24
42,12
50,44
169,17
301,25
571,31
1208,1
44,43
51,40
114,3
273,16
506,35
990,6
1936,24
32,31
72,10
196,27
366,39
697,27
1440,50
66,37
138,45
216,25
513,40
989,47
1960,7
72,42
94,2
258,50
514,45
990,20
1959,32
51,19
105,25
180,48
350,5
771,40
1501,48
47,27
121,11
232,16
468,42
905,46
1818,23
15,14
96,49
173,9
339,7
681,28
1390,1
5,4
36,16
92,4
173,2
331,2
682,22
1363,7
10,9
92,49
162,22
307,13
666,29
1336,44
84,50
147,2
331,11
595,41
1198,29
54,40
141,18
224,50
460,20
948,43
1862,2
57,32
69,22
205,35
385,37
749,17
1563,26
20,19
36,14
149,18
283,7
563,25
1097,31
22,9
24,7
78,43
134,33
319,36
650,3
1322,6
51,24
85,20
138,10
285,6
637,31
1269,17
23,20
70,22
98,1
256,48
530,5
1064,1
64,15
160,3
239,3
510,31
1047,40
87,47
129,12
284,3
521,28
1077,36
91,50
189,7
375,1
664,36
1411,7
66,6
133,27
270,3
503,35
980,46
1979,1978
87,35
95,14
253,30
440,38
881,4
1760,48
47,16
91,8
189,26
410,39
833,46
1643,45
54,44
87,20
205,25
392,23
779,50
1592,21
29,2
70,36
107,44
296,2
561,35
1074,34
99,32
132,49
327,9
656,25
1307,11
24,23
78,6
169,30
311,41
657,16
1244,13
8,7
36,15
100,46
181,5
407,38
830,40
1582,1
17,16
103,34
198,40
399,29
746,1
1520,28
1,0
23,22
82,29
154,9
285,3
573,35
1150,30
54,6
103,38
213,25
422,48
807,49
1636,14
14,13
88,32
173,24
289,15
582,36
1155,32
76,1
113,32
288,29
545,47
1042,34
70,31
135,11
210,14
497,15
1003,42
1988,1987
30,19
83,30
151,34
338,48
703,29
1307,33
73,30
79,28
156,22
378,6
716,31
1495,9
28,27
55,35
124,18
253,35
487,23
1047,17
1976,24
43,9
47,17
153,26
259,40
560,6
1074,20
46,45
84,23
212,23
419,43
817,50
1620,11
54,28
70,40
139,3
335,23
659,17
1278,34
31,30
71,50
109,19
243,40
518,49
1009,44
1902,27
43,36
143,32
250,18
442,50
979,46
1905,11
87,41
97,18
207,14
405,15
889,37
1770,39
5,4
61,21
76,7
234,40
381,17
852,34
1668,37
65,23
83,31
226,42
398,27
865,6
1668,46
29,9
113,40
237,41
407,24
791,13
1669,20
60,10
80,49
236,9
413,10
872,23
1761,31
46,45
107,45
183,21
407,21
751,44
1529,27
99,5
186,6
350,26
649,39
1330,19
8,2
36,5
103,28
246,29
445,17
926,19
1826,13
101,11
121,29
294,32
538,19
1091,45
50,20
77,31
197,28
419,18
831,27
1648,49
23,22
38,5
149,39
257,28
495,17
1029,42
1947,27
5,4
41,40
131,45
240,25
510,24
999,20
1977,1976
15,14
27,7
63,30
154,41
274,20
544,24
1119,43
74,9
170,18
276,37
573,48
1188,30
7,6
93,37
162,36
264,21
616,31
1186,4
6,5
46,45
125,10
232,25
445,16
887,20
1793,16
82,6
117,13
287,42
513,34
1084,23
58,32
116,40
183,19
432,48
797,6
1648,15
71,30
132,23
266,23
531,11
1030,44
80,25
137,28
288,20
594,45
1115,24
40,39
87,24
149,25
334,45
702,4
1339,16
81,3
127,37
287,40
502,11
1097,43
76,37
145,9
294,5
527,34
1109,37
11,10
85,14
122,18
287,40
589,14
1178,23
92,5
119,45
306,2
546,19
1152,19
76,5
133,7
232,44
541,13
1052,29
47,39
61,1
172,29
314,34
672,16
1337,31
27,19
87,45
187,28
335,44
658,50
1358,39
88,26
103,11
232,1
478,29
970,22
1955,1954
55,50
71,48
167,46
301,46
617,25
1309,34
88,33
128,24
274,15
516,36
1091,3
60,41
78,10
233,28
405,16
794,14
1617,5
62,47
94,46
195,14
444,22
843,35
1733,10
11,10
33,4
115,48
190,46
381,36
805,25
1550,26
12,11
108,1
200,13
324,17
672,43
1329,4
80,23
152,18
248,29
512,43
998,32
1982,11
54,48
78,27
228,16
378,47
746,46
1497,29
58,45
108,28
262,11
495,33
997,12
1924,41
60,12
96,27
221,17
430,37
824,28
1720,20
87,34
105,29
238,10
453,27
912,45
1890,9
100,33
178,9
305,50
673,48
1330,2
60,13
109,13
208,21
425,13
846,46
1738,20
30,9
79,42
163,4
284,8
582,7
1223,3
63,44
80,47
210,19
393,48
796,35
1551,19
62,29
83,22
226,36
411,48
806,38
1659,46
34,16
96,26
220,26
426,8
777,11
1570,1
50,31
97,8
227,11
455,25
913,35
1808,37
22,21
51,2
137,32
257,38
553,10
1099,5
59,6
152,50
246,46
527,35
1066,21
83,15
99,32
218,43
416,8
847,25
1667,2
98,3
138,23
317,9
645,41
1211,42
23,22
102,5
191,30
411,50
809,8
1597,18
98,26
180,18
282,49
617,8
1189,43
29,19
74,2
167,10
349,17
647,47
1319,47
95,13
148,27
295,45
636,17
1232,21
40,18
121,21
247,15
504,30
984,11
1977,1976
90,48
103,47
215,40
434,17
868,39
1721,6
62,33
66,4
190,5
403,43
808,50
1597,32
90,38
96,40
207,23
423,15
840,12
1727,8
7,6
108,30
150,37
341,31
657,10
1286,41
12,11
20,4
112,48
224,1
456,26
887,13
1743,24
3,2
16,15
70,9
155,18
304,45
573,22
1198,22
78,3
177,22
303,41
567,18
1183,47
7,6
95,9
127,31
246,11
528,40
1038,8
76,22
164,36
315,6
624,14
1187,35
99,1
108,25
299,3
554,49
1073,25
100,40
135,34
330,10
612,31
1276,32
92,44
120,18
304,33
532,27
1128,24
54,34
73,2
207,1
346,5
681,35
1398,49
1,0
59,38
85,10
176,22
386,39
786,3
1546,1
52,47
87,14
235,33
468,28
843,34
1768,6
8,7
40,39
50,4
105,46
215,44
453,27
874,33
1775,34
9,8
58,5
76,24
199,39
442,18
802,29
1618,22
94,50
97,3
264,7
556,46
1070,23
74,24
165,23
283,7
568,43
1101,38
70,16
101,19
238,26
503,2
995,16
1988,1987
59,30
120,23
256,1
490,21
987,1
1986,1985
82,34
90,25
182,12
447,43
814,29
1627,24
39,23
128,7
227,19
469,11
947,35
1852,14
21,20
85,30
199,41
340,31
737,29
1384,42
20,19
66,49
162,21
306,2
630,14
1257,20
89,12
180,37
277,44
603,9
1153,14
58,20
147,19
305,1
514,36
1038,19
99,46
106,24
244,40
459,40
915,11
1903,45
9,8
35,13
64,48
160,36
358,23
670,43
1363,24
83,21
149,20
299,40
597,21
1171,26
16,15
95,36
168,4
303,20
585,40
1208,47
8,6
38,4
143,12
225,50
475,33
928,9
1892,18
101,48
175,12
284,11
588,42
1167,30
48,7
106,17
255,14
462,21
956,3
1883,6
98,28
158,31
263,30
566,32
1090,16
82,34
95,36
236,36
502,21
996,41
1992,1991
45,25
79,20
193,35
378,9
742,23
1491,43
54,30
74,27
200,11
357,21
688,23
1459,12
19,18
22,21
82,23
211,20
342,47
726,31
1451,25
31,28
92,4
220,27
396,14
772,3
1609,6
43,42
88,36
147,21
310,47
652,26
1303,12
92,49
105,39
278,2
544,15
1097,21
11,10
61,43
115,43
287,45
569,40
1071,50
75,1
151,40
246,38
514,25
1029,11
69,5
82,31
215,3
408,50
819,49
1637,17
51,1
67,30
207,15
382,35
806,20
1591,22
49,29
71,16
167,45
362,19
670,4
1373,48
6,5
12,11
84,4
177,23
366,17
674,23
1381,29
21,13
98,14
202,3
349,17
674,20
1381,29
32,23
86,1
186,21
385,15
721,10
1452,10
48,5
146,45
249,3
481,11
1019,49
1945,18
53,5
112,27
240,7
417,29
842,40
1735,42
39,12
69,4
167,39
330,5
666,20
1289,42
78,8
159,28
280,33
554,10
1129,38
66,44
97,1
229,6
440,35
898,13
1828,34
34,3
96,16
156,5
352,36
656,43
1373,21
73,14
74,29
179,41
419,50
754,32
1589,14
64,15
147,39
218,15
479,18
979,9
1973,1972
30,29
112,20
222,7
391,26
851,4
1620,42
28,27
44,3
93,3
206,37
466,19
856,43
1745,7
42,1
111,5
219,42
421,26
805,35
1643,27
11,10
96,33
191,4
345,33
719,40
1393,40
96,37
173,15
352,35
690,45
1383,31
57,46
60,14
189,30
370,10
726,25
1468,33
68,18
87,49
251,1
504,22
991,32
1973,25
96,9
196,50
389,37
729,46
1476,2
87,1
122,40
301,27
561,22
1153,15
60,44
137,16
289,36
506,35
1089,5
37,12
60,37
168,35
313,7
630,21
1241,41
101,18
153,31
292,3
635,45
1248,38
88,2
107,16
248,28
542,32
1021,47
7,6
78,43
115,48
231,47
477,45
930,21
1908,42
100,30
170,28
351,33
721,27
1360,11
63,48
141,13
254,32
470,35
982,31
2000,1999
9,8
107,31
152,37
348,37
624,11
1265,25
78,13
118,26
232,10
524,36
994,14
1910,42
41,27
135,11
220,2
469,50
896,16
1833,8
70,39
128,10
251,12
522,23
984,2
1961,28
94,30
138,29
328,47
577,8
1153,25
97,43
133,30
264,22
531,47
1035,5
17,16
51,48
146,15
306,7
597,10
1121,14
16,13
116,5
158,49
313,30
631,24
1323,19
28,20
67,1
151,20
329,47
652,49
1319,10
101,6
196,13
353,7
724,45
1425,6
22,21
94,11
154,40
288,48
611,6
1176,49
3,2
18,17
122,3
170,6
328,26
709,6
1378,16
73,2
88,23
204,48
421,32
796,31
1683,2
23,22
94,10
179,16
384,17
686,19
1460,10
1,0
3,2
98,19
154,40
292,45
558,20
1156,29
83,39
178,2
353,26
706,18
1397,23
81,42
94,6
181,16
437,12
845,18
1679,22
90,38
146,41
330,16
572,24
1186,50
85,11
154,27
250,36
579,50
1086,19
21,20
94,1
204,19
376,42
743,29
1476,27
3,2
22,6
93,22
217,37
430,2
847,41
1673,22
80,28
159,30
281,47
557,40
1156,2
21,20
81,36
128,37
274,9
532,7
1100,29
32,31
78,47
125,15
277,15
542,24
1135,34
35,32
94,46
230,47
384,42
835,32
1641,38
1,0
14,12
84,35
196,38
316,24
648,48
1284,9
40,31
45,42
107,39
272,48
465,17
993,43
1998,1997
22,21
110,43
183,39
357,48
770,31
1443,41
45,2
117,40
214,12
452,9
925,35
1790,12
6,5
99,47
203,49
313,30
699,30
1337,12
91,25
109,5
247,50
484,34
981,14
1932,42
2,1
62,23
135,42
287,47
496,38
1076,13
19,10
48,25
84,25
212,36
449,26
888,23
1724,30
100,8
160,39
309,43
625,49
1228,10
101,15
124,50
284,28
517,38
1057,39
88,37
99,8
249,26
520,30
1037,6
1934,23
42,35
105,18
243,7
400,42
829,21
1627,33
24,7
102,1
139,8
332,45
676,19
1358,31
28,11
55,18
95,39
179,16
388,16
799,43
1593,4
6,5
42,30
73,21
141,26
358,34
676,49
1370,13
80,20
120,11
271,27
503,2
1013,29
1926,4
20,19
72,8
183,47
322,44
606,25
1257,20
31,30
38,9
128,39
204,16
450,42
925,12
1797,10
46,22
98,29
152,50
318,13
714,47
1415,50
51,23
88,31
153,28
316,50
609,39
1233,24
10,1
13,12
75,34
121,25
304,6
541,42
1150,25
74,26
91,48
222,47
453,7
908,49
1755,35
50,12
82,44
187,15
406,30
759,13
1544,7
77,34
109,37
278,18
496,20
1039,14
1993,1992
75,26
86,18
181,30
368,9
728,15
1456,43
6,5
54,9
138,8
257,18
519,36
1015,38
1916,17
61,11
104,50
188,1
405,24
764,12
1556,1
2,1
55,2
101,20
194,13
391,15
761,43
1507,40
20,18
57,8
103,37
223,27
437,10
916,1
1810,30
53,41
66,16
159,49
279,15
590,40
1210,30
65,10
84,35
245,19
410,19
812,24
1712,7
57,29
74,12
151,12
366,13
667,6
1345,9
71,49
159,11
282,5
514,40
1081,30
67,31
93,13
193,4
431,47
805,28
1680,11
70,39
113,12
250,22
439,29
921,6
1815,10
29,17
107,6
221,41
405,2
795,18
1654,16
15,14
97,41
195,10
366,23
705,22
1382,19
84,24
158,47
328,32
671,25
1261,33
50,15
63,50
129,35
299,21
548,29
1134,12
28,12
70,35
146,32
338,32
586,10
1171,1
37,3
89,12
134,18
313,46
610,28
1219,44
62,47
65,37
159,15
309,28
645,27
1270,50
14,13
40,33
81,49
221,2
434,12
802,49
1687,28
23,22
28,27
68,2
183,49
356,24
697,15
1374,44
72,23
161,34
285,7
591,14
1197,18
60,3
96,22
246,33
477,34
920,35
1853,21
88,12
173,38
290,14
613,35
1244,44
83,19
113,12
200,46
475,46
942,44
1853,39
83,44
164,46
334,47
649,35
1324,3
15,14
111,5
167,6
325,10
715,6
1381,18
29,17
112,41
193,39
363,20
739,4
1474,36
27,26
114,4
174,41
321,40
658,11
1360,25
97,42
107,29
214,36
443,19
884,7
1758,15
16,10
111,37
224,37
371,34
811,27
1591,8
74,49
128,25
227,21
449,42
942,6
1829,22
30,29
77,39
124,1
263,30
522,10
1032,2
7,6
53,29
97,35
184,5
386,8
800,14
1581,31
66,9
138,26
252,26
483,4
984,34
1991,1990
85,9
133,21
281,50
588,25
1188,17
1,0
69,23
83,16
237,25
403,21
798,11
1620,36
31,21
124,21
178,38
392,3
759,18
1562,9
41,29
137,37
245,17
510,19
971,6
1921,29
20,7
120,21
220,7
457,35
888,3
1767,4
47,33
84,1
214,37
395,19
839,25
1660,40
88,26
148,21
254,25
494,27
995,14
1991,1990
75,32
77,48
186,5
382,39
756,50
1483,17
67,47
112,36
201,6
425,43
893,22
1771,12
15,14
103,40
194,16
340,37
752,6
1431,20
29,15
38,16
153,25
245,20
530,7
1055,10
56,45
114,48
257,18
527,40
980,50
1940,49
81,28
90,15
272,44
538,30
1077,36
74,10
160,21
304,15
557,18
1164,45
54,36
67,43
143,7
328,38
691,9
1324,12
73,8
112,39
245,23
436,30
878,9
1753,47
44,5
99,17
235,6
435,21
878,48
1705,29
4,3
73,24
136,39
280,21
564,45
1064,29
66,15
119,36
243,39
448,8
920,21
1821,5
8,7
44,24
139,41
243,24
437,26
944,12
1908,8
45,9
69,19
148,19
294,48
576,18
1189,45
10,9
33,28
137,44
205,7
461,44
886,15
1737,4
9,8
34,33
122,36
211,13
392,49
785,6
1609,22
9,8
105,50
115,6
296,33
616,18
1156,41
56,23
154,45
229,47
530,29
989,3
1991,1990
48,2
104,39
186,42
400,4
759,41
1560,7
42,41
134,31
257,9
441,27
931,46
1873,10
9,7
96,26
167,22
295,42
606,28
1251,24
93,12
161,19
327,2
667,14
1343,47
56,25
87,46
239,17
446,36
896,48
1822,44
82,9
173,28
298,17
607,7
1194,28
86,8
155,48
286,23
607,3
1188,43
84,8
116,22
287,14
557,34
1109,15
94,28
184,44
323,13
638,16
1295,50
46,45
100,35
198,24
369,1
776,13
1522,4
34,33
90,4
172,42
300,25
606,39
1286,21
89,45
149,45
333,13
585,44
1209,40
21,20
95,22
187,26
388,29
744,43
1442,33
68,20
139,16
269,41
491,22
1052,37
9,5
77,27
124,23
280,21
557,26
1083,28
83,35
123,8
295,34
590,17
1094,34
67,19
114,50
269,48
466,16
950,22
1936,2
63,16
67,7
176,22
400,48
796,40
1600,21
64,42
158,7
231,40
519,7
999,1
1951,1950
44,39
137,10
214,2
409,47
843,17
1709,28
4,3
99,17
129,26
281,22
602,40
1152,25
1,0
54,21
100,10
243,48
445,10
859,28
1767,41
42,41
98,20
218,10
396,15
808,17
1594,46
11,10
64,25
160,40
240,30
480,31
1027,31
1961,2
83,27
117,2
233,11
470,14
928,28
1925,39
1,0
9,8
63,43
85,45
169,37
363,3
785,1
1497,39
24,22
52,43
157,3
256,19
513,50
1066,39
31,30
56,40
166,40
268,25
606,7
1157,27
26,5
101,11
155,2
334,32
628,23
1245,29
7,6
50,33
97,27
181,16
364,16
728,15
1466,7
53,35
97,32
226,6
424,46
859,46
1741,6
25,9
27,8
120,2
207,32
431,41
823,46
1709,30
53,17
141,8
202,25
453,19
902,40
1793,45
29,11
129,14
174,48
433,12
817,8
1598,41
37,36
134,35
193,38
454,4
878,28
1761,4
93,45
129,18
224,18
532,15
1048,48
99,38
117,39
249,17
538,36
1058,44
94,21
161,29
337,12
633,21
1270,15
76,44
97,19
178,36
393,44
758,10
1506,48
5,4
34,33
68,28
162,38
328,11
688,17
1363,48
39,35
78,48
155,35
277,30
610,50
1250,45
43,27
75,35
194,1
390,14
704,27
1471,15
23,4
104,21
158,34
322,43
612,21
1239,5
70,2
162,22
271,35
525,48
1112,13
97,39
184,28
285,1
667,31
1279,7
80,2
181,31
271,22
611,21
1215,21
24,12
34,4
106,17
236,43
460,4
883,9
1751,4
54,40
124,45
254,31
508,19
951,4
1986,12
65,10
126,39
288,26
520,32
1091,34
7,6
87,28
156,41
343,34
682,25
1350,44
39,24
48,31
140,15
281,25
572,2
1082,50
51,6
138,34
204,39
426,3
879,22
1744,45
97,10
186,2
349,9
720,46
1397,30
75,11
119,42
227,24
437,7
936,36
1833,40
18,16
119,26
173,3
379,50
761,21
1492,8
67,2
140,44
298,24
533,40
1138,31
76,41
168,38
310,12
630,50
1205,50
69,12
139,37
234,36
458,50
974,5
1897,8
16,15
81,25
127,48
283,20
508,2
1059,25
56,46
65,10
202,2
405,23
782,45
1532,10
43,15
94,35
143,11
298,20
653,50
1234,28
38,1
103,46
190,45
373,4
778,26
1583,41
70,18
112,32
211,27
491,31
953,45
1925,29
49,32
73,25
185,31
324,35
638,25
1332,1
68,49
166,40
308,49
566,16
1164,29
24,18
99,39
178,24
309,11
624,21
1292,17
29,24
68,41
184,13
336,49
687,1
1307,4
92,48
158,18
274,45
579,48
1117,46
55,28
92,35
166,42
403,38
721,48
1448,28
67,35
130,44
252,36
477,13
996,17
1996,1995
27,26
35,5
117,41
208,30
416,47
819,29
1705,31
54,17
137,7
241,23
512,8
949,44
1989,1988
43,11
74,32
160,49
316,18
655,46
1346,29
17,16
96,40
184,5
313,25
653,14
1325,19
11,6
106,9
139,48
316,44
587,32
1237,32
68,47
91,17
183,31
408,12
813,24
1574,33
17,16
26,8
50,6
104,29
218,41
495,30
988,33
1982,1981
80,45
171,2
324,43
622,3
1208,12
49,22
148,34
276,47
490,48
1031,35
1987,1986
3,2
43,41
131,34
253,27
481,18
999,37
1971,1970
36,14
135,1
254,24
482,18
935,18
1881,37
95,23
143,30
305,26
571,38
1202,14
28,3
84,18
135,5
332,11
638,37
1290,16
52,13
117,30
228,21
463,21
960,50
1836,42
2,1
67,10
124,20
223,40
482,26
904,13
1885,36
57,6
131,26
229,27
473,19
934,16
1834,29
67,5
131,20
266,21
543,45
1071,21
41,24
117,33
252,34
486,43
926,20
1911,49
2,1
57,24
146,34
242,31
501,24
989,4
1954,1953
46,32
77,47
192,38
357,25
737,23
1411,6
9,8
47,21
110,16
200,31
418,22
793,7
1580,4
43,42
112,49
192,26
386,31
759,20
1555,35
28,27
84,9
185,49
343,27
728,36
1422,15
32,31
83,32
188,37
310,39
699,3
1356,18
91,20
155,17
313,6
644,47
1286,33
80,23
93,22
219,12
404,11
840,5
1698,29
6,5
12,11
45,30
156,16
285,13
521,45
1113,26
8,7
85,9
111,43
247,9
508,12
1040,27
1909,5
77,46
140,48
237,9
499,11
954,49
1931,21
20,19
110,48
153,47
328,42
702,4
1368,36
47,29
147,29
211,5
471,1
918,15
1864,1
75,50
170,16
259,39
513,37
1077,19
39,38
78,7
207,45
404,7
733,36
1492,4
48,19
50,25
113,21
265,18
496,12
1013,1
1917,16
57,25
84,20
181,35
362,33
759,25
1539,4
2,1
51,16
70,46
183,25
332,44
677,45
1349,8
70,30
140,36
246,29
513,13
1014,18
1907,21
77,29
119,15
263,15
559,41
1085,13
20,2
96,49
216,14
419,40
804,30
1600,39
44,23
122,1
249,3
502,20
941,6
1959,1958
13,12
52,16
122,10
275,27
498,40
1060,41
19,2
30,29
65,35
167,27
381,23
740,20
1462,15
65,27
111,22
237,12
441,37
906,23
1856,46
41,27
103,3
145,30
310,47
662,37
1313,32
92,25
188,17
292,36
611,7
1228,45
20,1
113,49
180,24
362,20
774,2
1536,50
25,6
70,10
147,29
338,14
646,24
1302,47
14,13
89,32
201,45
391,2
730,29
1483,20
49,33
118,14
245,27
491,27
971,15
1965,21
48,37
134,32
241,13
429,39
888,8
1781,33
56,45
144,2
290,38
506,31
1061,10
28,6
121,35
210,11
439,41
887,28
1695,22
93,48
100,45
226,28
438,50
919,38
1809,36
85,17
109,46
227,34
445,20
889,7
1763,24
64,50
134,43
208,17
436,25
935,12
1878,23
67,40
168,10
277,27
515,44
1078,16
96,42
165,18
263,50
557,48
1135,4
30,21
37,36
118,21
240,12
490,12
936,36
1874,41
14,4
99,3
169,19
370,17
736,11
1395,45
68,27
164,27
238,38
538,38
1063,20
1,0
43,11
69,8
208,25
418,21
809,15
1616,6
30,29
81,29
168,2
353,38
726,13
1363,10
7,6
96,23
127,48
330,43
567,29
1213,9
15,14
48,40
112,42
209,17
466,28
927,18
1866,30
40,17
47,29
181,36
330,24
619,15
1283,44
2,1
24,12
52,18
138,19
266,38
488,13
992,10
1938,5
95,35
112,43
288,40
570,14
1108,27
26,11
99,8
194,15
353,44
679,43
1396,2
100,50
126,12
321,7
597,7
1217,46
71,13
130,36
237,42
443,9
916,23
1823,5
84,5
165,22
305,7
597,45
1191,21
12,2
87,50
150,5
294,3
598,7
1147,24
15,14
103,39
177,21
360,2
713,47
1413,13
44,12
106,41
207,50
384,48
773,6
1576,31
94,25
137,27
245,23
493,49
1050,34
69,12
124,41
268,41
487,27
987,39
1954,11
11,8
94,27
124,31
281,25
580,33
1151,22
72,38
161,6
322,9
560,32
1181,19
26,25
42,41
130,27
271,30
487,4
1031,19
1901,4
65,22
142,46
222,1
431,42
896,46
1782,14
57,10
66,22
204,8
388,49
721,44
1480,48
3,2
99,20
115,8
307,2
539,15
1142,39
92,32
173,32
312,31
618,42
1285,49
8,7
26,23
112,30
191,18
394,1
820,42
1620,20
2,1
72,14
133,19
272,11
502,47
1064,3
51,11
135,38
270,29
553,20
1062,27
99,15
101,46
274,1
552,3
1045,25
31,30
96,2
146,18
312,23
614,18
1286,47
3,2
82,25
164,40
313,37
621,27
1187,30
94,16
195,17
343,29
679,44
1404,43
47,11
86,32
182,37
383,13
737,38
1494,14
92,27
146,47
320,23
582,25
1181,30
88,3
143,9
243,49
482,27
1047,3
86,34
180,3
271,4
597,13
1216,42
72,8
82,9
192,12
411,47
855,42
1638,19
40,25
62,22
145,4
285,35
551,15
1173,13
32,31
85,6
119,12
285,15
621,16
1174,49
26,25
103,8
168,28
387,49
738,43
1499,26
7,2
11,5
93,1
128,17
331,47
635,40
1293,31
20,19
95,29
172,32
366,30
675,50
1351,36
6,5
14,13
39,1
150,7
214,39
522,17
1037,32
1976,8
12,11
64,41
177,48
293,42
646,1
1272,40
96,5
177,43
283,32
604,16
1162,28
14,13
71,2
148,25
257,27
559,41
1057,32
60,21
100,41
211,38
403,31
811,25
1635,37
76,26
164,38
330,25
577,30
1205,1
10,9
108,32
156,30
352,12
685,37
1333,49
65,50
158,33
307,41
545,11
1134,30
43,25
91,37
164,46
367,44
698,7
1429,25
48,28
99,16
217,50
416,35
793,2
1642,42
57,38
59,29
148,5
353,24
640,42
1346,1
72,49
148,3
284,12
518,12
1117,37
64,41
128,14
282,44
571,33
1113,42
63,15
84,9
172,15
340,41
757,30
1439,25
52,42
141,12
232,23
426,25
876,46
1823,3
39,38
97,12
188,14
337,34
689,23
1405,36
37,17
101,36
169,21
315,22
673,29
1360,24
31,30
64,14
182,12
355,8
713,13
1398,48
26,14
89,7
124,34
277,32
537,11
1135,47
9,8
84,31
122,4
251,26
522,15
1085,18
16,15
39,15
61,45
188,11
333,5
655,36
1334,37
33,28
133,43
177,47
400,44
818,17
1647,20
101,45
170,7
325,24
628,47
1238,8
23,2
47,30
161,34
298,49
600,5
1211,4
48,14
92,33
221,1
364,32
793,49
1592,44
26,25
104,29
150,22
374,46
674,26
1381,20
95,16
104,46
300,34
581,20
1088,28
1,0
6,5
97,42
166,41
297,17
578,1
1185,45
33,32
110,41
185,16
421,29
826,29
1620,37
53,40
132,1
269,31
499,39
1015,9
1920,29
68,40
89,38
158,16
357,40
753,21
1510,32
96,25
109,16
258,11
467,36
1002,11
1963,1962
5,4
75,6
100,1
244,9
513,27
1033,3
1928,3
72,50
164,34
285,31
592,4
1189,20
97,21
113,25
258,6
501,38
1034,38
39,38
98,43
205,10
365,50
732,44
1460,31
96,40
177,39
366,8
735,26
1432,29
55,6
69,50
129,16
280,47
591,20
1206,11
75,29
116,45
223,22
435,37
937,6
1797,1
47,7
109,14
170,24
388,23
724,27
1449,15
94,31
113,16
228,18
482,50
973,15
1963,17
75,9
163,44
301,32
630,11
1245,26
55,41
132,35
278,2
549,28
1046,5
74,24
85,2
201,31
457,30
822,39
1690,27
32,6
89,36
129,36
263,30
586,2
1177,36
21,14
33,32
72,38
153,27
310,32
660,36
1256,19
87,45
106,50
261,1
472,35
943,27
1960,16
40,25
57,49
125,9
288,7
587,36
1186,41
8,7
100,10
147,43
316,27
671,32
1320,26
62,12
87,3
187,37
381,49
809,25
1559,17
80,43
111,42
248,28
511,47
962,20
1981,1980
10,9
52,35
143,23
293,31
548,18
1115,20
45,35
78,14
210,42
361,7
788,34
1509,41
39,22
93,47
198,26
399,22
824,6
1613,34
77,30
147,4
312,1
573,38
1133,19
17,16
97,48
204,21
350,41
732,44
1493,46
84,36
144,19
299,22
534,32
1098,29
78,1
113,14
249,48
462,19
994,33
1975,1974
78,42
158,24
248,3
513,31
1065,48
48,9
94,17
153,17
317,27
667,18
1311,2
69,15
111,17
192,49
446,10
901,28
1791,22
57,24
61,7
180,11
383,30
708,1
1412,25
74,6
121,47
255,48
490,45
1008,4
1979,17
3,2
24,23
106,20
163,43
324,42
646,47
1311,34
95,9
103,11
290,19
562,19
1133,17
85,17
155,17
269,8
536,40
1121,31
46,12
115,11
224,13
476,45
892,43
1790,16
61,36
135,17
215,38
476,36
951,48
1851,50
31,15
95,35
165,41
372,21
667,47
1350,43
33,7
35,13
151,10
278,29
560,15
1102,50
60,3
119,42
273,50
472,6
969,13
1937,1
47,41
110,32
212,2
389,50
781,6
1610,48
94,15
114,4
247,38
467,43
949,13
1932,23
93,34
110,27
294,13
576,29
1098,18
1
1
1
1
1
1
1
1
1
1
1
1
1
1
1
1
1
1
1
1
1
1
1
1
1
1
1
1
1
1
1
1
1
1
1
1
2
2
2
2
2
2
2
2
2
2
2
2
2
2
2
2
2
2
2
2
3
3
3
3
3
3
3
3
3
3
3
3
3
3
3
3
3
3
3
3
3
3
3
3
3
4
4
4
4
4
4
4
4
4
4
4
4
4
4
4
4
4
4
4
5
5
5
5
5
5
5
5
5
5
5
5
5
5
5
5
5
5
5
5
6
6
6
6
6
6
6
6
6
6
6
6
6
6
6
6
6
6
6
6
6
6
6
7
7
7
7
7
7
7
7
7
8
8
8
8
8
8
8
8
8
8
8
8
8
8
8
9
9
9
9
9
9
9
9
9
9
9
9
9
9
9
9
9
9
9
9
9
9
9
10
10
10
10
10
10
10
10
10
10
10
10
10
10
11
11
11
11
11
11
11
11
11
11
11
11
11
12
12
12
12
12
12
12
12
12
12
12
12
12
12
12
12
12
12
12
12
13
13
13
13
13
13
13
13
13
13
13
13
13
13
13
13
14
14
14
14
14
14
14
14
14
14
14
15
15
15
15
15
15
15
15
15
15
16
16
16
16
16
16
16
16
16
16
16
16
16
16
16
17
17
17
17
17
17
17
17
17
17
17
17
17
17
17
17
17
17
17
17
17
18
18
18
18
18
18
18
18
18
18
18
18
18
18
19
19
19
19
19
19
19
19
20
20
20
20
20
20
20
20
20
20
20
20
20
20
20
20
20
20
20
20
20
20
20
20
21
21
21
21
21
21
21
21
21
21
21
21
21
21
21
21
22
22
22
22
22
22
22
22
22
22
22
22
22
23
23
23
23
23
23
23
23
23
23
23
23
23
23
23
24
24
24
24
24
24
24
24
24
24
24
24
24
24
25
25
25
25
25
25
25
25
25
25
25
25
25
25
25
26
26
26
26
26
26
26
26
26
26
26
26
26
26
26
26
26
26
26
27
27
27
27
27
27
27
27
27
27
27
27
27
27
28
28
28
28
28
28
28
28
28
28
28
28
29
29
29
29
29
29
29
29
29
29
29
29
29
29
29
29
29
29
29
30
30
30
30
30
30
30
30
30
30
30
30
30
31
31
31
31
31
31
31
31
31
31
31
31
31
31
31
32
32
32
32
32
32
32
32
32
32
32
32
32
32
32
33
33
33
33
33
33
33
33
33
33
33
33
33
34
34
34
34
34
34
34
34
34
34
34
34
34
34
34
34
34
35
35
35
35
35
35
35
35
35
35
36
36
36
36
36
36
36
36
36
36
36
36
37
37
37
37
37
37
37
37
37
37
37
37
37
37
37
37
37
37
38
38
38
38
38
38
38
38
38
38
38
38
38
38
38
38
38
39
39
39
39
39
39
39
39
39
39
39
39
39
39
39
39
39
39
39
40
40
40
40
40
40
40
40
40
40
40
40
40
40
40
40
41
41
41
41
41
41
41
41
41
41
41
41
41
41
41
41
41
41
42
42
42
42
42
42
42
42
42
42
42
42
42
42
42
42
42
42
43
43
43
43
43
43
43
43
43
43
43
43
43
43
44
44
44
44
44
44
44
44
44
44
44
44
44
44
44
44
44
44
44
45
45
45
45
45
45
45
45
45
45
45
45
45
45
45
45
45
45
45
46
46
46
46
46
46
46
46
46
46
46
46
46
46
46
46
47
47
47
47
47
47
47
47
47
47
47
47
47
47
47
47
47
47
47
47
48
48
48
48
48
48
48
48
48
49
49
49
49
49
49
49
49
49
49
49
49
49
49
49
49
49
49
49
49
49
49
49
50
50
50
50
50
50
50
50
50
50
50
50
50
50
50
50
50
51
51
51
51
51
51
51
51
51
51
51
51
51
51
51
51
51
51
51
51
51
51
51
52
52
52
52
52
52
52
52
52
52
52
52
52
52
52
52
52
52
52
52
52
52
52
52
52
53
53
53
53
53
53
53
53
53
53
53
53
53
53
53
53
53
54
54
54
54
54
54
54
54
54
54
54
54
54
54
54
54
55
55
55
55
55
55
55
55
55
55
55
55
55
55
55
55
55
55
55
56
56
56
56
56
56
56
56
56
56
56
56
56
56
56
56
56
56
56
56
56
56
56
56
57
57
57
57
57
57
57
57
57
57
57
57
57
57
57
57
57
57
57
57
58
58
58
58
58
58
58
58
58
58
58
58
58
58
58
58
58
58
58
58
58
59
59
59
59
59
59
59
59
59
59
59
59
59
59
59
59
59
59
59
59
59
59
59
59
59
59
60
60
60
60
60
60
60
60
60
60
60
60
60
60
60
60
60
60
60
60
60
60
60
60
61
61
61
61
61
61
61
61
61
61
61
61
61
61
61
61
61
61
62
62
62
62
62
62
62
62
62
62
62
62
62
62
62
62
62
62
62
62
62
62
62
62
63
63
63
63
63
63
63
63
63
63
63
63
63
63
63
63
63
63
63
63
63
63
63
63
63
63
63
63
63
63
64
64
64
64
64
64
64
64
64
64
64
64
64
64
64
65
65
65
65
65
65
65
65
65
65
65
65
65
65
65
65
65
65
65
65
65
65
65
65
65
66
66
66
66
66
66
66
66
66
66
66
66
66
66
66
66
66
66
67
67
67
67
67
67
67
67
67
67
67
67
67
67
67
67
67
67
67
67
67
67
67
67
67
67
67
67
68
68
68
68
68
68
68
68
68
68
68
68
68
68
68
68
69
69
69
69
69
69
69
69
69
69
69
69
69
69
69
69
69
69
69
69
69
69
69
69
69
70
70
70
70
70
70
70
70
70
70
70
70
70
70
70
70
70
70
70
70
70
70
71
71
71
71
71
71
71
71
71
71
71
71
71
71
71
71
71
71
71
72
72
72
72
72
72
72
72
72
72
72
72
72
72
72
72
72
72
72
72
72
72
72
72
72
72
72
72
72
72
72
72
72
73
73
73
73
73
73
73
73
73
73
73
73
73
73
73
73
73
73
73
73
74
74
74
74
74
74
74
74
74
74
74
74
74
74
74
74
74
74
75
75
75
75
75
75
75
75
75
75
75
75
75
75
75
75
75
76
76
76
76
76
76
76
76
76
76
76
76
76
76
76
76
76
76
76
76
76
76
76
77
77
77
77
77
77
77
77
77
77
77
77
77
77
77
77
77
77
77
78
78
78
78
78
78
78
78
78
78
78
78
78
78
78
78
78
78
78
78
78
78
79
79
79
79
79
79
79
79
79
79
79
79
79
79
79
79
79
79
79
79
80
80
80
80
80
80
80
80
80
80
80
80
80
80
80
80
80
80
80
80
80
80
80
80
80
80
80
81
81
81
81
81
81
81
81
81
81
81
81
81
81
81
81
81
81
81
81
81
81
81
81
81
81
81
81
81
81
82
82
82
82
82
82
82
82
82
82
82
82
82
82
82
82
82
82
83
83
83
83
83
83
83
83
83
83
83
83
83
83
83
83
83
83
83
83
83
83
83
83
83
83
83
83
83
84
84
84
84
84
84
84
84
84
84
84
84
84
84
84
84
84
85
85
85
85
85
85
85
85
85
85
85
85
85
85
85
85
85
85
85
85
85
85
85
85
85
86
86
86
86
86
86
86
86
86
86
86
86
86
86
86
86
86
86
86
86
86
86
86
87
87
87
87
87
87
87
87
87
87
87
87
87
87
87
87
87
87
87
87
87
87
87
88
88
88
88
88
88
88
88
88
88
88
88
88
88
88
88
88
88
88
88
88
88
88
88
88
89
89
89
89
89
89
89
89
89
89
89
89
89
89
89
89
89
89
89
90
90
90
90
90
90
90
90
90
90
90
90
90
90
90
90
91
91
91
91
91
91
91
91
91
91
91
91
91
91
91
91
91
91
91
91
91
91
91
91
91
91
91
91
92
92
92
92
92
92
92
92
92
92
92
92
92
92
92
92
92
92
92
92
92
92
92
92
92
92
92
93
93
93
93
93
93
93
93
93
93
93
93
93
93
94
94
94
94
94
94
94
94
94
94
94
94
94
94
94
94
94
94
94
94
94
94
95
95
95
95
95
95
95
95
95
95
95
95
95
95
95
95
95
95
95
95
95
95
95
95
95
96
96
96
96
96
96
96
96
96
96
96
96
96
96
96
96
96
96
96
96
96
96
96
96
96
96
96
97
97
97
97
97
97
97
97
97
97
97
97
97
97
97
97
97
97
97
97
97
97
97
97
97
97
97
97
97
97
97
98
98
98
98
98
98
98
98
98
98
98
98
98
98
99
99
99
99
99
99
99
99
99
99
99
99
99
99
99
99
99
99
99
99
99
99
99
99
99
99
99
99
100
100
100
100
100
100
100
100
100
100
100
100
100
100
100
100
100
100
100
100
100
100
100
100
100
101
101
101
101
101
101
101
101
101
101
101
101
101
101
101
101
101
101
101
101
101
101
101
102
102
102
102
102
102
102
102
102
102
102
102
102
102
102
102
102
102
102
103
103
103
103
103
103
103
103
103
103
103
103
103
103
104
104
104
104
104
104
104
104
104
104
104
104
104
104
104
104
105
105
105
105
105
105
105
105
105
105
105
105
105
105
105
105
105
105
105
105
105
105
105
105
105
105
106
106
106
106
106
106
106
106
106
106
106
106
106
106
106
107
107
107
107
107
107
107
107
107
107
107
107
107
108
108
108
108
108
108
108
108
108
108
108
108
108
108
108
108
109
109
109
109
109
109
109
109
109
109
109
109
109
109
109
109
110
110
110
110
110
110
110
110
110
110
110
110
110
110
110
110
110
111
111
111
111
111
111
111
111
111
111
111
111
111
111
111
111
111
111
111
111
111
111
112
112
112
112
112
112
112
112
112
112
113
113
113
113
113
113
113
113
113
113
113
113
113
113
113
114
114
114
114
114
114
114
114
114
114
114
114
114
115
115
115
115
115
115
115
115
115
115
115
115
115
115
115
115
115
116
116
116
116
116
116
116
116
116
116
116
116
116
116
116
116
116
116
116
116
116
116
117
117
117
117
117
117
117
117
117
117
117
117
117
117
118
118
118
118
118
118
118
118
118
118
118
118
118
119
119
119
119
119
119
119
119
119
119
119
119
119
119
119
119
119
119
119
119
119
120
120
120
120
120
120
120
120
120
120
120
120
120
121
121
121
121
121
121
121
121
121
121
121
121
121
121
121
121
121
121
121
121
121
121
121
121
121
122
122
122
122
122
122
122
122
122
122
122
122
122
122
122
122
122
122
122
122
122
122
122
122
122
123
123
123
123
123
123
123
123
123
123
123
123
124
124
124
124
124
124
124
124
124
124
124
124
124
124
124
124
125
125
125
125
125
125
125
125
125
125
125
125
125
125
125
125
125
125
125
125
125
125
126
126
126
126
126
126
126
126
126
126
126
127
127
127
127
127
127
127
127
127
127
127
127
127
128
128
128
128
128
128
128
128
129
129
129
129
129
129
129
129
129
129
129
129
129
129
129
129
129
129
130
130
130
130
130
130
130
130
130
130
130
130
131
131
131
131
131
131
131
131
131
131
131
131
131
131
131
131
131
131
131
131
131
132
132
132
132
132
132
132
132
132
132
132
132
132
132
132
132
132
132
132
132
132
132
132
132
132
132
133
133
133
133
133
133
133
133
133
133
134
134
134
134
134
134
134
134
134
134
134
134
134
134
134
134
134
134
134
134
134
134
135
135
135
135
135
135
135
135
135
135
135
136
136
136
136
136
136
136
136
136
136
136
136
136
136
136
136
136
136
137
137
137
137
137
137
137
137
138
138
138
138
138
138
138
138
138
138
138
138
138
138
138
138
138
138
139
139
139
139
139
139
139
139
139
139
140
140
140
140
140
140
140
140
140
140
140
140
140
140
141
141
141
141
141
141
141
141
141
141
141
141
141
141
141
142
142
142
142
142
142
142
142
142
142
142
142
143
143
143
143
143
143
143
143
143
143
143
144
144
144
144
144
144
144
144
144
144
144
144
144
144
145
145
145
145
145
145
145
145
145
145
145
145
145
145
145
145
145
145
145
145
146
146
146
146
146
146
146
146
146
146
147
147
147
147
147
147
147
147
147
148
148
148
148
148
148
148
148
148
148
148
148
149
149
149
149
149
149
149
149
149
150
150
150
150
150
150
150
150
150
150
150
150
151
151
151
151
151
151
151
151
151
151
151
151
151
151
152
152
152
152
153
153
153
153
153
153
153
153
153
153
153
153
153
153
154
154
154
154
154
154
154
154
155
155
155
155
155
155
155
156
156
156
156
156
156
156
156
157
157
157
157
157
157
157
157
157
157
157
157
158
158
158
158
158
158
159
159
159
159
159
159
159
160
160
160
160
160
160
160
160
160
160
160
160
160
160
161
161
161
161
161
161
161
161
161
162
162
162
162
162
162
162
162
162
162
162
163
163
163
163
163
163
163
163
163
164
164
164
164
164
164
164
164
164
164
164
164
164
164
165
165
165
165
165
165
165
165
165
165
166
166
166
166
166
166
166
166
167
167
167
167
167
167
167
167
168
168
168
168
168
168
168
168
168
168
168
168
168
168
168
169
169
169
169
169
169
169
169
169
169
169
170
170
170
170
170
170
170
170
170
170
170
170
170
170
170
170
171
171
171
171
171
171
171
171
172
172
172
172
172
172
172
172
172
172
172
173
173
173
173
173
173
173
173
173
174
174
174
174
174
174
174
174
174
174
174
174
175
175
175
175
175
175
175
175
175
175
175
175
176
176
176
176
176
176
176
177
177
177
177
177
177
177
177
177
177
177
177
177
177
177
177
177
178
178
178
178
178
178
178
178
178
178
178
178
179
179
179
179
179
179
179
179
179
179
180
180
180
180
180
180
180
180
180
180
180
180
180
181
181
181
181
181
181
181
181
181
181
181
181
181
182
182
182
182
182
182
182
182
182
182
182
182
182
182
183
183
183
183
183
183
183
183
183
184
184
184
184
184
184
184
184
184
184
184
184
184
184
185
185
185
185
185
185
185
185
186
186
186
186
186
186
186
186
186
186
186
186
186
186
186
187
187
187
187
187
187
187
187
187
187
188
188
188
188
188
188
188
188
188
188
188
188
188
188
188
189
189
189
189
189
189
189
189
189
189
189
189
190
190
190
190
190
190
190
191
191
191
191
191
191
191
192
192
192
192
192
192
192
192
192
192
192
192
192
192
192
193
193
193
193
193
193
193
193
193
193
193
193
193
193
194
194
194
194
194
195
195
195
195
195
195
195
195
195
195
195
195
195
195
196
196
196
196
196
196
196
196
196
196
196
196
196
197
197
197
197
197
197
197
197
197
197
198
198
198
198
198
198
198
198
198
198
198
198
199
199
199
199
199
199
199
200
200
200
200
200
200
200
200
200
200
201
201
201
201
201
201
201
201
201
202
202
202
202
202
202
202
203
203
203
203
203
203
204
204
204
204
204
204
204
204
204
204
204
205
205
205
205
205
206
206
206
206
206
206
206
206
207
207
207
207
207
207
207
207
207
207
207
208
208
208
208
208
208
208
208
209
209
209
209
209
209
209
209
210
210
210
210
210
210
210
210
210
210
211
211
211
211
211
212
212
212
212
212
213
213
213
213
213
213
214
214
214
214
214
215
215
215
215
215
215
215
215
216
216
216
216
216
216
216
216
216
216
216
217
217
217
217
217
218
218
218
218
218
218
218
219
219
219
219
219
220
220
220
220
220
220
221
221
221
221
221
221
222
222
222
222
222
222
222
222
222
222
222
222
222
222
222
222
222
223
223
223
223
223
223
223
223
223
223
223
224
224
224
224
224
224
224
224
224
225
225
225
225
225
225
225
225
226
226
226
226
226
227
227
227
227
227
227
227
228
228
228
228
228
228
228
228
229
229
229
229
229
229
229
229
229
229
229
229
229
230
230
230
230
230
230
231
231
231
231
231
231
232
232
232
232
232
232
232
232
233
233
233
233
233
233
233
233
233
233
234
234
234
234
234
234
234
234
234
235
235
235
235
236
236
236
236
236
236
237
237
237
237
237
237
237
237
237
237
238
238
238
238
238
238
238
238
238
238
238
238
238
238
239
239
239
239
239
239
239
240
240
240
240
240
240
240
240
241
241
241
241
241
242
242
242
242
242
242
242
242
242
242
242
242
242
242
243
243
243
243
243
243
243
243
243
243
243
243
244
245
245
245
245
245
245
246
246
246
246
246
246
246
247
247
247
247
247
247
248
248
248
248
248
248
248
249
249
249
249
249
249
249
249
250
250
250
250
251
251
251
251
251
251
251
251
252
252
252
252
252
252
252
253
253
253
253
253
253
253
253
253
253
253
254
254
254
254
254
254
254
254
254
254
255
255
255
255
256
256
256
256
256
256
257
257
257
257
257
257
258
258
258
258
258
258
258
258
258
259
259
259
259
259
259
259
260
260
260
261
261
261
261
261
261
261
261
261
261
261
261
261
262
262
262
262
262
262
262
262
263
263
264
264
264
264
264
264
264
264
264
265
265
265
265
265
265
266
266
266
266
266
266
267
267
267
267
267
267
267
267
267
267
267
267
267
268
268
268
268
268
268
268
269
269
269
269
270
270
270
270
270
270
271
271
271
271
271
271
271
271
271
271
272
272
272
272
272
272
273
273
273
273
273
273
273
273
273
274
274
274
274
274
274
274
274
274
275
275
275
275
276
276
276
276
276
277
277
277
277
277
277
277
277
277
277
277
278
278
278
278
278
278
278
279
279
279
279
279
279
280
280
280
280
280
281
281
281
281
281
281
281
281
281
282
282
282
282
282
282
283
283
283
283
283
283
284
284
284
285
285
285
285
285
285
285
285
286
286
286
286
286
286
286
286
286
286
286
287
287
287
287
287
287
287
287
288
288
288
288
288
288
288
289
289
289
289
289
289
289
290
290
290
290
290
290
290
290
290
290
291
291
291
291
291
291
291
291
292
292
292
292
292
292
293
293
293
293
293
293
294
294
294
294
294
294
294
294
295
295
295
295
295
295
295
295
295
296
296
296
296
296
296
296
297
297
297
297
297
297
297
298
298
298
298
298
298
298
298
298
298
298
299
299
299
299
300
300
300
301
301
301
301
301
302
302
302
302
302
302
302
302
302
303
303
303
303
303
304
304
304
304
304
304
304
304
304
304
305
305
305
305
305
305
306
306
306
306
306
306
307
307
307
307
307
307
308
308
308
308
309
309
309
309
309
309
309
309
310
310
310
310
310
310
310
310
310
310
310
311
311
311
311
311
311
311
312
312
312
312
312
312
312
312
312
312
313
313
313
313
313
313
314
314
314
314
314
314
315
315
315
315
315
315
315
315
316
316
316
316
317
317
317
317
317
317
317
317
318
318
318
318
318
319
319
319
319
319
319
319
320
320
320
320
320
321
321
321
321
321
322
322
322
322
322
322
323
323
323
324
324
324
324
324
324
325
325
325
325
325
325
326
326
326
326
326
327
327
327
327
327
327
327
327
327
328
328
328
328
328
329
329
329
329
329
329
329
330
330
330
330
331
331
331
331
331
332
332
332
332
332
332
333
333
333
333
334
334
334
334
334
334
335
335
335
335
335
335
336
336
336
336
336
337
337
337
337
338
338
338
338
338
338
339
339
340
340
340
341
341
341
341
341
341
341
341
342
342
342
342
343
343
343
343
344
344
344
344
344
345
345
346
346
346
346
346
347
347
347
347
347
347
347
348
348
348
348
348
349
349
349
349
349
349
349
350
350
351
351
351
351
351
352
352
352
352
353
353
353
353
353
353
354
354
354
354
354
354
354
354
354
355
355
355
355
356
356
356
356
356
356
357
357
357
357
357
357
357
357
358
358
359
360
360
360
361
361
361
361
361
361
361
361
361
362
362
363
363
363
363
364
364
364
364
364
364
365
365
365
365
365
365
365
366
366
366
366
366
367
367
368
368
368
368
368
369
369
369
369
369
369
369
370
370
370
370
370
371
371
371
371
372
372
372
373
373
373
373
374
374
374
374
374
374
375
375
375
375
375
376
376
376
377
377
377
378
378
378
378
378
378
378
379
379
379
379
380
380
380
380
380
381
381
381
381
382
382
382
383
383
383
383
384
384
384
384
385
385
386
386
387
387
387
387
388
388
388
388
388
388
388
388
389
390
390
390
391
391
391
392
392
392
392
392
393
393
393
393
393
393
393
393
393
393
393
393
394
394
394
394
394
395
395
395
395
395
395
396
396
396
396
397
397
397
397
397
397
398
398
398
398
398
399
399
399
399
399
400
400
400
400
400
401
401
401
402
402
402
402
402
403
403
403
404
404
404
404
404
404
404
406
406
406
406
407
407
408
408
408
408
409
409
410
410
410
410
411
411
411
411
412
412
412
412
412
413
413
413
413
413
413
413
415
415
415
416
416
416
416
417
417
417
417
418
418
419
419
419
419
419
419
419
420
420
421
421
422
422
423
423
423
423
423
423
424
424
424
424
424
424
425
425
425
425
425
425
426
427
427
427
427
427
427
427
427
428
428
428
428
428
428
428
429
429
429
430
430
430
431
432
432
432
432
433
433
433
434
434
434
435
435
435
435
436
436
437
437
437
437
437
437
438
438
438
438
438
439
439
439
439
441
441
441
441
441
441
442
442
442
443
443
443
443
444
444
444
444
444
444
444
444
445
445
445
445
445
445
446
446
446
446
446
447
447
447
447
447
448
448
449
449
449
449
450
450
451
451
451
451
451
451
452
452
452
452
452
453
453
453
454
454
454
454
454
454
454
454
455
455
456
457
457
457
458
458
458
459
459
459
459
459
460
460
460
461
461
461
461
461
462
462
462
462
462
462
462
463
463
464
464
464
464
465
465
465
465
466
466
466
467
467
467
467
467
467
468
468
468
468
468
468
468
469
469
469
469
469
469
469
470
470
470
471
471
471
471
471
471
472
472
473
473
474
474
474
475
475
475
475
476
476
476
476
477
477
477
477
477
477
477
477
478
478
478
478
478
479
479
480
480
480
480
481
481
481
483
483
483
484
484
484
484
484
485
485
485
485
486
486
486
486
487
487
487
487
487
487
488
488
488
489
489
490
490
490
490
491
491
491
491
492
492
492
492
492
493
493
493
493
494
494
494
494
494
495
495
495
496
496
496
496
497
497
497
497
498
498
498
499
499
499
499
499
499
500
500
501
501
501
501
501
501
502
502
502
502
502
503
503
503
503
505
505
505
505
505
505
505
506
506
506
507
507
507
507
508
508
508
510
510
510
510
510
511
511
512
512
513
513
513
513
513
514
514
514
515
515
515
515
516
516
516
516
516
516
516
517
517
517
518
518
519
519
519
520
520
520
520
520
521
521
521
521
521
522
522
522
522
522
523
524
524
524
524
525
525
525
525
525
526
526
526
526
526
526
527
527
527
527
527
527
527
527
527
528
528
529
530
530
530
530
530
530
531
531
531
532
533
533
533
533
533
533
533
533
534
534
535
535
535
535
536
536
536
536
537
538
538
538
538
538
538
538
539
539
540
540
541
541
541
542
542
542
542
543
543
543
543
543
543
543
543
543
544
544
544
544
544
544
545
545
545
545
546
546
546
546
546
547
547
547
549
549
549
549
550
550
551
551
551
551
551
551
552
552
552
552
553
553
553
553
553
553
554
554
554
554
554
555
555
555
555
555
555
556
556
556
556
556
556
557
557
557
557
557
558
558
558
558
558
559
559
560
560
560
561
561
561
561
562
562
562
562
563
563
563
563
564
564
564
564
564
565
565
565
565
566
566
567
568
568
569
569
569
570
571
571
571
572
572
573
573
573
573
573
573
574
574
574
575
575
575
576
576
576
576
576
576
577
577
577
578
579
579
580
580
580
582
582
583
583
584
584
584
584
584
585
585
585
585
586
586
586
587
587
587
588
588
589
589
589
589
589
589
589
590
590
590
590
590
591
592
593
593
594
594
594
594
595
595
595
595
596
596
596
596
596
596
597
597
597
597
598
598
598
598
598
598
599
599
599
599
600
600
600
600
601
601
601
601
602
602
602
602
602
602
603
603
603
603
603
604
604
605
605
605
606
606
606
606
606
607
607
607
607
608
608
608
608
608
608
609
609
609
609
609
609
610
610
610
610
611
611
611
612
612
612
613
613
613
613
616
617
617
617
618
618
619
620
620
620
621
621
621
621
621
621
622
622
622
622
622
623
623
623
623
624
624
624
624
625
625
626
626
626
627
628
628
629
630
630
630
631
631
632
632
632
633
634
635
635
636
637
637
637
637
638
638
639
639
639
639
639
640
640
640
641
641
641
642
643
643
643
643
644
644
644
645
645
645
646
646
646
646
646
647
647
648
648
648
648
648
648
649
649
649
650
650
651
651
651
651
653
653
654
655
655
655
656
657
658
658
659
659
659
660
660
661
661
661
662
662
662
663
663
663
663
663
663
663
664
664
664
665
665
665
666
667
668
668
669
669
669
670
670
670
671
671
671
672
672
672
672
672
672
672
672
672
673
673
673
674
674
674
674
674
675
675
676
676
676
676
677
677
677
678
679
679
679
680
681
681
681
681
682
682
682
683
684
684
684
685
685
685
686
686
686
687
688
688
689
689
689
690
690
690
691
692
693
694
695
695
695
695
696
696
696
696
697
697
698
699
699
699
699
700
700
700
700
701
702
702
702
702
702
702
703
703
703
704
704
704
705
705
706
706
706
708
708
708
708
708
709
710
710
710
710
710
711
711
712
712
712
713
713
713
713
713
713
713
714
714
714
714
715
715
716
716
716
717
717
717
718
718
719
719
719
720
721
721
721
721
722
723
723
723
724
724
725
725
726
726
726
727
727
728
729
729
729
730
730
732
732
733
733
734
735
736
736
737
738
738
739
740
741
741
741
741
743
743
744
745
746
746
747
747
747
747
748
748
749
749
750
750
750
750
751
752
752
753
753
754
754
754
755
755
755
757
757
758
758
758
760
760
760
760
760
761
762
762
763
763
763
763
764
765
765
765
766
766
766
767
767
768
768
769
769
769
771
772
773
773
773
773
775
775
775
777
778
779
781
781
781
782
783
783
784
785
785
785
786
786
786
786
787
788
788
789
789
789
790
791
792
792
792
792
792
792
793
793
794
794
795
795
798
798
798
798
799
799
799
799
800
801
802
802
804
805
806
809
810
811
811
811
812
812
812
813
814
814
816
816
817
817
817
817
818
819
819
819
820
820
821
822
822
822
824
825
825
825
825
826
826
826
827
827
828
828
829
829
829
830
830
830
830
831
831
831
832
833
834
835
836
836
836
836
837
837
837
837
837
838
838
838
838
840
841
841
841
842
842
842
843
844
845
845
846
847
847
848
848
848
849
849
849
849
849
850
851
852
852
852
853
853
854
854
856
856
857
857
858
858
858
858
859
859
860
860
860
861
861
861
862
862
862
863
863
863
863
863
864
864
864
864
865
866
866
867
868
869
869
869
869
869
869
869
872
873
873
874
874
874
875
877
877
877
877
878
878
878
878
879
879
880
881
881
882
882
882
882
883
884
884
884
884
885
885
886
886
886
886
886
887
888
888
889
889
889
889
890
890
891
893
893
894
894
894
894
895
895
895
895
896
897
897
897
898
899
899
900
900
900
901
901
902
903
903
904
905
905
905
906
906
907
908
908
908
909
911
911
912
912
913
913
913
914
914
915
916
916
917
917
918
918
918
919
919
919
919
920
920
920
921
923
923
924
924
924
925
925
925
925
926
926
927
929
930
930
931
932
933
933
933
934
935
936
936
937
937
937
937
938
939
939
941
941
942
942
943
943
943
943
943
944
944
944
945
945
945
946
946
946
947
948
950
950
950
950
950
951
951
952
953
953
953
955
957
957
958
960
961
961
962
963
963
964
964
965
965
965
965
965
966
966
966
967
967
967
967
967
969
970
971
972
972
973
973
973
974
976
976
977
978
978
979
980
980
980
980
980
980
980
981
982
982
982
983
984
985
986
987
988
988
988
989
989
989
989
990
990
991
991
992
994
994
994
995
995
995
995
996
996
997
998
998
999
999
999
1000
1001
1002
1002
1003
1003
1004
1004
1004
1007
1007
1009
1009
1010
1010
1011
1012
1013
1016
1016
1016
1017
1017
1017
1018
1018
1018
1019
1019
1019
1020
1020
1020
1021
1022
1023
1023
1023
1023
1024
1025
1025
1025
1026
1026
1026
1028
1028
1028
1029
1029
1030
1030
1031
1031
1031
1031
1031
1031
1032
1032
1033
1033
1034
1034
1035
1035
1035
1035
1036
1037
1037
1037
1038
1038
1039
1039
1040
1041
1041
1042
1042
1042
1044
1044
1044
1044
1044
1045
1045
1046
1046
1046
1046
1047
1047
1047
1047
1048
1048
1048
1049
1051
1052
1054
1054
1054
1055
1055
1056
1056
1057
1057
1058
1059
1059
1059
1059
1060
1061
1062
1062
1063
1063
1063
1064
1064
1064
1064
1064
1065
1065
1066
1067
1067
1069
1069
1070
1070
1071
1071
1071
1072
1073
1073
1073
1073
1074
1075
1075
1076
1076
1076
1077
1077
1078
1079
1079
1080
1080
1080
1081
1082
1082
1082
1083
1083
1083
1084
1084
1084
1084
1084
1085
1086
1086
1086
1087
1088
1088
1089
1089
1089
1089
1090
1090
1091
1091
1092
1093
1093
1093
1094
1094
1095
1095
1096
1096
1097
1099
1099
1100
1100
1100
1102
1102
1103
1104
1104
1104
1105
1105
1106
1106
1106
1106
1107
1108
1109
1109
1110
1110
1110
1110
1112
1112
1113
1113
1114
1114
1114
1115
1115
1115
1116
1117
1117
1117
1118
1118
1118
1119
1120
1121
1121
1122
1122
1123
1123
1124
1124
1125
1126
1127
1127
1128
1128
1129
1130
1131
1131
1132
1132
1133
1133
1134
1134
1135
1136
1136
1136
1139
1139
1140
1140
1140
1141
1141
1142
1144
1144
1145
1145
1146
1146
1147
1147
1149
1150
1150
1151
1152
1152
1154
1155
1155
1156
1156
1156
1157
1157
1158
1159
1160
1161
1161
1162
1162
1163
1163
1164
1166
1166
1169
1169
1171
1171
1171
1172
1172
1172
1173
1173
1173
1174
1174
1175
1176
1176
1176
1177
1177
1177
1177
1178
1179
1179
1179
1180
1180
1181
1181
1181
1182
1183
1184
1184
1184
1184
1185
1185
1186
1186
1186
1187
1187
1188
1188
1189
1190
1191
1191
1192
1193
1193
1194
1194
1197
1197
1197
1198
1198
1198
1198
1198
1199
1200
1200
1200
1200
1200
1201
1201
1201
1203
1205
1205
1205
1205
1205
1205
1206
1206
1208
1208
1208
1209
1209
1210
1211
1212
1212
1213
1214
1214
1214
1218
1220
1220
1220
1220
1221
1221
1223
1223
1224
1226
1226
1227
1227
1227
1230
1231
1232
1232
1232
1232
1232
1232
1235
1235
1235
1235
1236
1236
1236
1237
1237
1238
1240
1240
1240
1242
1243
1243
1244
1244
1245
1245
1246
1246
1246
1246
1249
1250
1250
1251
1251
1252
1253
1253
1256
1257
1257
1260
1260
1261
1261
1262
1263
1263
1264
1264
1265
1265
1266
1267
1268
1269
1270
1270
1271
1272
1272
1273
1273
1273
1274
1274
1275
1276
1276
1277
1277
1278
1279
1279
1280
1280
1281
1283
1283
1284
1284
1284
1285
1286
1286
1286
1286
1286
1287
1287
1288
1288
1290
1290
1290
1293
1293
1293
1296
1297
1300
1301
1301
1301
1302
1302
1303
1305
1305
1305
1307
1307
1309
1309
1309
1310
1310
1311
1311
1312
1312
1313
1313
1313
1314
1315
1316
1317
1318
1319
1321
1323
1323
1323
1324
1325
1325
1326
1326
1326
1327
1327
1327
1327
1328
1329
1330
1330
1332
1333
1333
1335
1336
1337
1338
1338
1338
1339
1339
1340
1340
1342
1343
1344
1345
1346
1346
1346
1347
1348
1348
1348
1351
1352
1353
1353
1353
1353
1354
1354
1354
1355
1355
1357
1357
1358
1360
1360
1360
1361
1362
1362
1363
1365
1365
1365
1366
1366
1366
1366
1367
1367
1368
1368
1368
1370
1370
1371
1371
1371
1372
1373
1374
1374
1374
1375
1375
1375
1375
1376
1377
1378
1380
1381
1381
1381
1382
1384
1384
1385
1386
1387
1388
1389
1390
1393
1395
1396
1396
1397
1397
1398
1398
1399
1400
1400
1402
1403
1403
1403
1403
1404
1404
1404
1404
1405
1405
1407
1408
1408
1410
1412
1412
1412
1412
1412
1413
1413
1413
1413
1413
1413
1413
1414
1417
1418
1419
1420
1420
1421
1423
1423
1423
1425
1425
1425
1427
1427
1430
1430
1431
1431
1433
1434
1435
1437
1437
1438
1438
1438
1439
1439
1439
1441
1442
1443
1444
1447
1447
1448
1449
1450
1451
1452
1452
1456
1456
1459
1459
1460
1460
1460
1461
1462
1463
1464
1465
1465
1467
1467
1467
1468
1470
1471
1472
1473
1474
1474
1475
1477
1477
1478
1480
1480
1481
1481
1482
1483
1484
1487
1489
1489
1490
1490
1492
1492
1493
1494
1496
1497
1498
1498
1498
1499
1499
1501
1502
1502
1503
1503
1504
1507
1509
1513
1515
1519
1520
1521
1524
1524
1525
1525
1526
1527
1528
1529
1529
1529
1530
1531
1532
1533
1534
1534
1535
1535
1535
1536
1541
1544
1546
1547
1547
1548
1548
1549
1550
1550
1551
1553
1555
1555
1556
1559
1559
1561
1563
1564
1566
1569
1569
1571
1572
1574
1575
1577
1577
1577
1578
1578
1580
1581
1582
1583
1584
1586
1586
1587
1588
1589
1591
1593
1595
1596
1597
1599
1599
1600
1602
1603
1603
1603
1605
1605
1606
1606
1607
1607
1607
1607
1608
1608
1608
1609
1612
1613
1613
1614
1614
1614
1614
1616
1618
1619
1620
1620
1621
1621
1622
1622
1624
1625
1626
1627
1627
1630
1631
1633
1633
1633
1636
1637
1637
1639
1639
1639
1640
1645
1648
1649
1649
1649
1650
1650
1651
1652
1652
1654
1655
1656
1659
1659
1661
1662
1662
1663
1669
1670
1671
1673
1674
1674
1676
1678
1679
1679
1680
1681
1681
1683
1683
1685
1685
1685
1685
1686
1686
1686
1687
1687
1687
1687
1689
1689
1694
1695
1695
1696
1697
1697
1698
1699
1700
1702
1702
1704
1704
1704
1705
1707
1708
1709
1711
1711
1712
1713
1713
1714
1714
1714
1716
1717
1719
1720
1720
1721
1723
1723
1723
1724
1724
1725
1725
1726
1727
1727
1728
1729
1730
1731
1732
1732
1733
1735
1735
1737
1737
1737
1737
1738
1740
1741
1743
1743
1745
1746
1746
1747
1748
1749
1751
1753
1755
1757
1757
1759
1759
1760
1761
1762
1762
1766
1766
1767
1768
1768
1768
1769
1770
1770
1771
1772
1773
1777
1777
1778
1778
1779
1779
1780
1782
1782
1784
1784
1785
1785
1785
1785
1786
1786
1787
1788
1790
1791
1791
1791
1794
1795
1796
1797
1798
1799
1800
1802
1802
1803
1803
1804
1804
1805
1805
1806
1806
1806
1808
1810
1811
1811
1813
1816
1817
1819
1819
1820
1821
1823
1823
1824
1824
1826
1828
1828
1828
1828
1828
1829
1830
1830
1831
1833
1834
1835
1835
1837
1838
1840
1840
1840
1841
1847
1848
1849
1849
1849
1850
1853
1853
1853
1854
1856
1860
1862
1863
1863
1864
1864
1866
1866
1866
1867
1867
1869
1869
1869
1873
1874
1876
1879
1880
1880
1880
1882
1882
1885
1885
1885
1887
1887
1889
1889
1890
1891
1892
1893
1893
1895
1896
1898
1898
1899
1901
1901
1901
1902
1902
1902
1903
1903
1904
1904
1906
1906
1906
1907
1908
1908
1908
1908
1909
1909
1910
1910
1911
1911
1913
1914
1914
1916
1917
1918
1919
1921
1921
1921
1923
1924
1924
1925
1925
1926
1926
1927
1928
1928
1929
1930
1930
1931
1934
1935
1936
1937
1938
1938
1938
1939
1939
1940
1940
1940
1942
1942
1944
1944
1945
1946
1946
1946
1951
1951
1953
1954
1954
1955
1955
1955
1956
1956
1957
1959
1960
1963
1963
1963
1963
1965
1965
1966
1967
1972
1973
1973
1973
1976
1978
1979
1980
1985
1987
1988
1988
1989
1996
2204
2243
2282
2295
2320
2382
2402
2488
2509
2540
2687
2849
2851
2963
3060
3148
3308
3334
3464
3710
3895
