Primero viene la cantidad (n) de timestamps para ambos, luego n líneas que son un timestamp aproximado cada uno separado por una coma (',') del error, y luego n lineas de las transacciones del sospechoso
8005
58,15
117,47
185,28
440,11
874,36
1704,16
50,28
133,8
209,24
427,17
835,1
1659,42
53,27
90,28
197,19
411,7
838,1
1616,43
80,15
177,5
344,5
660,47
1320,21
32,1
119,43
179,6
360,2
732,9
1434,19
88,46
144,2
275,49
527,6
1043,40
3,2
4,3
101,36
143,1
328,27
640,45
1263,9
3,2
49,26
71,8
155,41
314,33
616,27
1291,13
86,6
105,36
247,18
493,7
991,26
1970,9
3,2
48,35
53,9
177,31
382,30
696,12
1447,26
8,7
106,24
154,11
300,5
638,25
1285,50
3,2
78,42
110,6
222,31
459,14
912,12
1829,44
56,45
104,39
258,38
509,16
1026,4
1985,1984
28,13
41,37
129,11
273,22
558,26
1082,32
88,37
90,33
226,48
455,8
932,13
1884,15
79,49
82,35
194,47
359,9
814,22
1584,21
56,42
69,28
202,6
339,22
731,37
1470,34
94,43
171,33
297,7
565,13
1184,43
10,7
35,34
94,36
165,46
372,13
767,46
1490,50
93,4
96,23
217,24
478,16
984,30
1893,31
79,42
117,27
255,30
496,33
963,1
1915,2
91,23
146,23
242,15
519,24
1017,49
43,24
72,5
161,50
282,49
606,19
1170,46
14,13
84,44
171,25
346,33
669,20
1351,50
74,17
102,1
194,49
373,48
798,32
1611,29
16,10
72,6
135,15
225,45
534,2
1007,25
1920,25
37,31
98,8
143,9
370,47
652,39
1330,21
63,7
71,39
143,32
292,22
667,13
1297,25
77,13
119,33
211,37
437,23
875,23
1794,16
39,38
109,17
180,4
350,20
715,36
1423,30
75,42
110,8
192,11
420,17
887,32
1779,26
46,8
114,44
220,47
394,18
853,48
1718,10
49,31
94,1
175,46
391,23
802,12
1540,16
85,10
174,8
312,11
624,32
1257,39
56,22
152,50
239,2
536,24
1012,43
1966,1965
81,48
143,18
276,7
573,46
1083,24
50,3
80,45
160,50
381,4
676,2
1353,38
12,11
54,20
81,41
242,37
425,36
901,21
1722,41
69,12
151,45
282,6
574,17
1159,46
51,12
144,43
274,38
513,32
1016,37
1987,1986
70,27
121,18
192,15
421,29
820,46
1692,14
29,28
41,8
169,36
335,25
662,40
1260,47
88,49
139,48
260,22
577,30
1113,19
58,3
135,15
228,49
450,14
880,35
1794,31
93,3
159,50
255,7
557,18
1106,48
35,11
103,44
175,10
317,22
671,48
1326,41
68,23
81,15
201,22
449,40
826,20
1720,19
63,49
106,43
171,5
420,10
779,25
1576,3
94,41
122,37
271,23
519,27
1011,5
18,17
93,15
161,1
332,37
653,46
1299,46
51,49
78,5
151,1
287,12
658,48
1300,45
81,33
148,35
314,33
570,8
1163,44
80,28
126,16
282,31
520,2
1080,28
54,36
89,25
151,31
327,5
633,32
1257,18
81,20
150,7
268,18
569,25
1087,6
53,24
92,27
199,19
410,4
823,18
1593,16
83,12
126,10
226,40
477,45
918,36
1899,43
61,17
114,6
222,6
409,32
864,17
1692,6
24,23
34,16
156,33
219,4
504,14
971,17
1979,1978
87,30
140,28
314,46
642,15
1231,9
92,48
176,36
350,28
661,36
1342,31
47,44
135,6
228,26
439,41
899,1
1814,41
11,10
14,13
117,34
150,48
337,8
730,39
1388,12
63,45
142,26
247,6
539,12
1069,5
93,27
185,44
361,16
650,38
1362,35
5,4
98,6
170,27
331,8
687,30
1357,9
52,35
133,44
276,4
550,38
1070,6
65,43
73,14
179,29
375,40
704,4
1441,18
80,28
154,29
327,7
578,41
1150,12
47,41
117,37
232,43
460,7
914,31
1799,25
79,21
99,24
201,11
403,3
839,1
1632,37
70,39
140,7
244,2
512,24
993,37
1993,1992
37,36
107,22
196,3
365,47
739,30
1470,30
98,28
112,27
230,12
468,34
975,9
1909,46
56,48
128,17
190,46
470,9
874,30
1753,48
37,16
133,26
184,47
405,45
801,16
1624,14
11,10
78,22
135,35
293,43
569,40
1183,30
27,26
124,7
174,1
399,45
734,16
1530,25
83,49
147,26
289,26
603,12
1131,34
25,6
34,32
135,48
264,17
471,24
958,33
1906,16
36,31
105,36
208,12
407,25
789,12
1641,4
39,35
135,23
228,42
461,15
901,27
1824,38
88,11
90,1
238,19
499,8
994,19
1957,1956
18,17
119,37
170,23
345,2
673,24
1359,12
72,3
145,33
296,6
582,19
1148,13
69,8
134,26
242,34
464,21
977,15
1945,47
27,26
121,41
238,20
401,33
882,37
1693,1
10,9
91,25
119,36
231,29
468,31
1000,40
1970,1969
75,31
172,1
321,6
650,28
1220,18
100,38
104,47
291,18
504,14
1081,30
2,1
38,34
50,21
141,35
254,50
491,7
1011,39
1959,29
35,7
55,6
174,17
313,46
640,40
1234,30
68,2
165,46
308,21
616,38
1202,30
25,19
110,46
138,24
288,30
598,29
1185,30
57,4
81,16
205,20
433,46
819,18
1638,48
17,16
66,20
120,40
282,15
566,7
1088,45
24,23
69,42
192,8
306,49
653,1
1251,26
97,22
140,32
269,26
558,41
1146,30
37,36
50,37
115,42
283,37
564,29
1126,48
74,2
121,27
254,39
461,22
1000,37
1964,1963
77,11
150,36
300,37
601,20
1193,49
55,28
108,32
185,38
416,24
782,13
1640,8
97,18
195,32
302,2
637,43
1257,31
54,43
57,47
188,24
338,2
726,18
1396,8
28,27
99,10
193,42
343,31
664,9
1366,13
68,29
77,50
176,44
338,38
662,36
1401,13
18,17
48,4
149,9
254,2
551,34
1048,3
22,17
105,7
216,27
366,15
810,19
1574,11
88,36
163,24
334,48
653,7
1318,38
95,15
142,23
247,32
579,34
1094,40
67,2
76,11
216,39
435,37
871,36
1687,40
86,26
98,40
261,42
493,46
975,16
1930,32
14,13
71,39
99,17
238,26
520,44
998,4
1956,12
53,40
140,15
204,25
446,41
896,50
1781,5
40,39
102,31
168,45
369,23
751,13
1489,33
20,19
50,3
146,48
275,42
568,43
1132,14
65,1
68,25
208,15
352,36
762,39
1473,10
40,23
111,4
208,35
459,20
846,29
1760,20
12,11
23,9
79,11
195,34
391,38
703,18
1472,30
73,22
123,4
209,41
490,20
917,18
1886,21
26,1
107,24
214,24
407,42
836,32
1607,38
54,30
82,48
180,36
376,44
736,20
1473,4
54,44
139,42
232,40
479,33
938,1
1843,36
41,40
135,30
259,24
503,29
963,48
1986,1985
45,6
133,29
270,36
463,25
959,41
1907,2
100,43
177,9
311,39
611,15
1208,13
52,44
145,14
255,7
550,45
1063,4
44,43
57,40
159,39
263,5
546,39
1126,14
33,30
63,36
160,26
341,1
637,44
1322,23
67,36
156,15
225,46
536,35
1035,17
50,49
120,12
219,16
437,45
839,5
1675,39
96,26
104,19
250,40
465,25
999,1
1908,4
48,42
59,8
192,37
347,20
670,46
1414,41
14,13
61,27
176,44
287,8
587,20
1177,29
56,1
126,19
261,23
477,43
999,20
1952,48
58,38
101,40
237,12
448,9
884,25
1798,19
80,14
91,4
265,39
451,3
898,33
1859,47
38,37
93,17
198,41
341,33
751,47
1434,19
90,17
101,27
218,21
457,22
930,50
1854,43
39,1
97,47
153,28
362,40
675,24
1404,27
82,21
179,35
313,47
607,30
1222,22
62,24
121,5
197,22
452,18
925,46
1856,11
55,39
60,42
118,31
278,31
598,3
1147,22
55,33
149,10
271,5
561,18
1042,14
33,32
120,6
216,2
440,6
820,20
1688,35
54,32
61,9
188,36
352,18
740,4
1418,15
2,1
75,3
135,8
277,13
581,46
1094,6
66,19
91,29
247,31
494,48
915,21
1841,18
91,50
139,44
251,5
565,14
1047,23
43,36
99,48
157,28
314,12
628,46
1291,8
51,16
54,31
153,45
263,39
554,28
1159,40
18,5
107,28
159,20
290,25
628,39
1209,27
52,40
143,10
280,28
481,45
964,24
1937,22
52,14
125,13
277,29
485,43
1024,31
1988,1987
67,46
165,18
290,23
612,29
1138,17
61,9
109,2
172,4
381,21
810,15
1620,2
32,31
77,14
146,31
341,5
640,27
1247,23
77,23
144,47
240,31
531,4
1061,34
58,45
96,2
159,5
350,21
686,41
1422,14
78,24
171,20
269,25
575,30
1140,20
75,41
164,20
289,7
572,2
1155,8
81,49
104,29
252,9
477,35
934,10
1876,4
73,8
98,24
187,1
363,41
769,42
1494,3
57,29
68,30
130,34
260,16
585,7
1135,14
76,38
176,22
350,14
652,33
1275,43
15,14
69,14
133,11
258,8
512,25
1025,36
41,4
108,2
229,32
402,41
823,47
1677,15
5,4
47,20
70,8
127,7
343,24
679,3
1290,2
13,8
96,5
170,48
337,32
617,19
1314,39
19,18
36,35
69,41
203,5
398,43
727,43
1498,5
58,5
109,49
176,48
360,47
735,1
1468,47
69,36
140,28
299,26
536,21
1144,3
85,33
119,25
305,34
520,29
1114,50
60,6
80,11
177,38
418,29
767,45
1544,28
67,8
130,26
286,2
497,28
991,6
1914,3
56,12
74,32
187,29
352,17
707,2
1425,18
7,6
75,48
116,9
290,46
507,36
1020,25
28,17
108,10
177,26
390,5
750,43
1525,23
6,5
10,9
44,10
99,22
176,22
349,10
716,34
1433,10
50,42
110,18
175,3
402,32
780,10
1575,17
8,7
50,4
158,20
307,20
554,34
1155,22
10,2
87,25
109,1
231,6
518,32
1036,7
1954,9
44,23
56,39
180,10
378,17
679,48
1379,17
32,28
72,16
112,41
249,15
502,33
969,16
1945,16
9,8
21,3
114,2
212,15
452,23
814,37
1713,5
85,49
120,32
239,10
523,41
1004,18
1972,8
23,22
33,2
98,50
172,23
418,18
748,10
1535,1
91,18
179,31
296,23
602,34
1238,28
38,6
116,23
248,25
451,9
903,32
1827,46
98,1
139,11
294,11
623,31
1166,34
62,7
73,34
173,33
409,37
815,25
1623,27
6,5
15,14
95,35
150,2
273,26
615,44
1174,48
83,26
180,14
345,3
684,14
1293,46
75,44
91,14
209,45
383,13
789,34
1637,10
73,35
124,32
206,11
500,28
911,40
1816,45
17,16
38,22
128,4
223,25
431,4
849,28
1756,28
22,21
45,2
161,32
276,42
573,50
1094,11
94,21
148,12
325,5
613,40
1247,26
98,20
121,1
282,23
525,6
1091,36
67,46
120,39
243,1
472,37
973,23
1891,39
20,19
44,43
121,35
283,16
555,17
1078,35
16,15
97,28
184,35
376,30
690,2
1373,28
34,18
35,28
99,47
195,7
398,17
792,23
1608,20
67,13
98,21
218,24
407,31
888,46
1696,10
3,2
11,3
101,16
173,1
309,50
658,42
1295,21
96,1
101,7
234,4
496,49
1001,13
1952,40
11,10
73,15
147,25
259,30
492,10
1076,41
72,24
127,21
205,4
407,28
852,25
1716,3
25,24
91,27
198,19
403,19
765,11
1524,9
17,16
75,20
185,30
354,35
649,4
1334,46
7,6
62,38
156,50
282,29
600,49
1207,5
68,49
116,37
265,26
486,31
967,29
1929,38
4,3
28,27
38,27
147,43
238,23
552,14
1051,14
79,8
178,48
338,8
629,38
1244,35
4,3
37,35
137,19
194,14
408,11
860,12
1713,29
95,50
137,23
235,40
513,39
1070,33
71,18
156,31
327,39
637,2
1232,6
89,31
185,50
314,28
613,27
1244,24
92,9
159,14
351,8
673,11
1356,20
22,21
113,47
188,38
346,18
691,21
1442,48
39,10
124,29
233,28
496,12
922,37
1861,33
57,45
60,3
158,45
371,19
709,40
1392,36
89,12
172,26
361,20
648,3
1311,23
69,8
162,34
237,36
506,27
976,5
1954,2
40,37
96,27
157,35
387,20
681,37
1434,37
28,22
62,46
137,29
311,22
622,21
1260,43
7,1
74,17
158,35
301,36
633,42
1189,35
18,17
93,48
144,11
342,42
673,23
1310,12
21,15
121,4
224,6
383,47
788,21
1613,31
25,24
71,2
195,5
319,25
688,38
1350,31
40,39
129,15
173,42
384,12
750,5
1555,49
61,9
119,33
207,48
393,25
820,9
1693,44
52,37
58,46
127,35
252,4
527,5
1101,10
32,31
37,2
142,32
270,2
518,1
1066,49
100,29
104,31
282,7
490,5
1027,26
6,5
27,26
85,5
141,9
296,20
606,41
1233,47
63,46
109,40
257,7
484,28
967,36
1931,34
87,39
156,30
247,6
570,39
1106,14
29,17
74,29
184,31
336,20
671,47
1368,21
74,16
107,47
267,28
531,3
1025,1
62,47
69,46
135,27
356,14
683,16
1401,44
77,6
90,5
240,10
446,3
943,27
1852,38
43,38
64,30
165,4
281,36
591,23
1158,48
73,36
144,50
230,30
472,3
958,29
1964,9
28,27
46,36
117,46
275,28
538,38
1086,41
47,4
139,12
247,21
458,39
976,25
1909,17
91,29
105,19
288,27
517,36
1049,45
36,35
133,11
249,26
480,31
938,22
1915,48
40,9
71,1
208,41
382,23
713,12
1470,23
82,45
98,46
227,14
435,38
916,26
1847,19
79,45
134,36
234,44
464,34
1007,22
1989,1988
56,26
89,13
239,24
456,49
911,12
1808,7
27,4
60,31
108,28
214,46
495,5
928,9
1856,10
97,16
151,17
344,32
598,11
1264,47
99,39
149,31
292,19
624,21
1251,7
49,7
109,22
184,46
390,26
769,7
1533,11
53,46
126,21
229,29
502,8
921,13
1931,26
92,27
153,19
267,5
525,37
1048,25
80,14
91,12
265,32
487,42
933,4
1930,2
48,12
138,6
211,36
421,13
865,26
1687,16
101,24
166,37
288,7
645,44
1221,10
5,4
35,24
81,25
187,16
340,25
720,19
1404,49
46,15
91,13
176,15
393,30
708,46
1438,32
88,27
96,33
226,33
497,20
980,14
1901,18
1,0
60,23
135,18
236,7
465,48
950,29
1875,36
62,20
155,34
289,24
586,2
1135,45
26,25
68,23
182,34
357,44
697,21
1408,3
51,24
146,41
279,5
494,44
985,33
1952,6
84,3
92,37
255,19
461,34
897,38
1850,34
8,6
48,12
134,16
203,1
406,23
838,12
1665,9
41,30
122,39
263,46
432,5
912,12
1865,9
41,13
91,14
217,22
383,43
801,1
1618,27
22,21
41,16
96,39
167,42
389,25
758,1
1512,38
15,14
42,8
73,27
173,33
369,8
675,1
1384,50
61,20
131,22
288,35
541,47
1050,32
25,11
51,33
145,32
247,14
505,28
1031,25
29,28
105,35
212,40
347,31
705,37
1404,9
5,4
41,26
76,15
214,21
380,12
801,22
1616,42
60,46
158,37
224,11
465,33
1000,12
1936,39
61,36
146,26
305,17
562,19
1144,25
48,10
85,12
203,16
396,43
823,44
1569,15
94,22
152,27
314,40
624,45
1248,29
64,33
89,4
254,40
501,41
1006,24
1913,36
45,44
101,39
206,5
449,26
892,43
1774,9
59,21
146,41
289,50
515,27
1079,10
82,26
164,24
278,47
525,11
1102,7
63,16
149,2
308,32
570,37
1146,47
29,28
129,13
248,47
493,37
960,25
1938,39
15,14
44,42
119,33
279,18
462,45
961,12
1891,46
80,2
81,10
202,31
456,5
879,2
1730,4
89,34
127,22
265,23
553,28
1039,45
94,16
108,14
242,39
510,13
1032,21
1992,1991
86,3
107,7
240,28
443,35
969,21
1911,25
68,24
168,2
315,1
603,3
1235,6
54,6
105,25
189,10
359,14
711,36
1440,6
88,4
92,30
249,7
524,50
962,6
1969,9
101,5
172,36
366,48
680,13
1329,18
5,4
71,20
149,22
307,2
614,17
1241,21
50,5
96,40
173,20
375,18
784,15
1519,12
87,33
138,31
313,37
633,5
1227,45
91,16
160,25
331,29
671,26
1352,17
53,31
131,11
258,43
519,46
997,14
1973,1972
64,9
103,44
262,43
494,20
958,17
1979,1978
9,8
29,22
87,5
198,10
406,13
790,17
1615,16
25,10
114,20
175,32
400,48
753,17
1507,43
26,20
104,19
170,22
358,11
739,22
1479,40
15,14
27,25
102,3
155,28
360,29
729,8
1393,41
84,7
183,12
326,34
649,29
1310,36
99,26
172,5
302,8
635,19
1305,20
95,8
163,27
316,9
642,41
1267,37
92,23
155,19
259,25
517,34
1038,15
100,48
153,50
283,10
604,19
1212,48
46,3
141,4
257,16
452,48
945,27
1918,38
15,14
112,40
202,19
392,6
793,15
1614,21
45,13
88,22
141,5
342,50
691,22
1391,46
31,12
98,26
187,40
347,6
705,11
1400,1
61,38
110,2
183,23
424,46
798,2
1662,11
77,42
81,15
165,48
366,6
712,13
1449,22
95,3
141,19
252,45
489,33
1018,39
2000,1999
99,30
173,40
275,49
609,28
1179,18
96,34
146,32
336,35
641,23
1237,47
19,1
68,50
169,39
320,25
583,24
1205,14
43,26
44,29
107,44
268,2
478,50
1005,17
1907,5
46,10
79,44
160,28
338,17
718,15
1400,3
17,16
42,30
143,28
299,34
548,42
1118,15
6,5
21,20
72,26
168,50
283,11
587,32
1166,46
98,25
101,3
274,1
566,31
1088,2
65,27
109,38
224,37
436,19
916,7
1753,42
45,27
75,34
196,14
317,3
701,32
1432,46
68,39
111,6
211,23
466,9
857,49
1777,27
100,8
187,50
377,11
670,40
1345,19
13,12
83,47
171,17
310,39
662,23
1255,7
74,40
92,31
263,37
438,10
957,6
1897,23
12,2
68,22
83,33
212,40
462,43
877,4
1788,10
75,39
134,9
286,34
556,49
1089,29
72,6
143,50
236,42
479,1
961,47
1919,36
82,28
173,13
349,37
696,29
1319,38
5,4
25,8
91,49
172,40
379,31
708,38
1386,49
84,49
124,15
303,27
605,35
1202,18
9,8
37,27
52,12
139,35
256,14
554,39
1074,17
4,3
51,14
128,10
246,37
459,41
985,18
1893,1
22,21
110,46
167,22
367,12
733,32
1488,49
21,20
102,32
137,18
274,3
597,38
1147,43
81,32
152,16
268,47
514,8
1105,23
10,9
68,13
170,5
276,22
568,26
1097,21
80,40
134,19
280,15
528,6
1111,30
94,13
129,37
321,32
642,44
1202,38
43,42
82,43
133,50
281,44
543,37
1157,18
73,45
136,38
294,15
596,37
1172,4
92,8
171,38
284,49
552,25
1173,13
22,19
83,13
183,46
374,7
681,39
1432,15
95,8
122,17
261,19
571,3
1072,45
42,37
64,29
141,7
331,36
584,36
1165,17
24,20
59,43
95,16
255,46
461,45
960,40
1953,21
79,30
123,41
287,24
524,9
1087,28
3,2
101,7
115,44
292,18
566,41
1174,25
76,16
136,38
312,42
528,9
1120,29
11,10
54,18
132,7
225,9
431,14
886,14
1758,30
60,1
73,37
180,4
377,25
728,41
1469,29
5,4
8,7
40,39
126,32
208,26
454,16
929,11
1855,34
74,44
90,27
171,4
405,3
809,24
1590,37
53,21
112,32
175,5
430,23
831,1
1685,38
19,18
86,4
161,45
301,4
626,19
1246,48
101,37
196,22
367,34
701,13
1411,20
84,39
128,21
268,3
486,38
1059,16
14,13
18,17
67,39
101,20
301,47
558,41
1143,37
28,27
39,12
163,6
280,16
529,35
1097,3
22,12
64,19
162,1
269,28
532,23
1139,35
9,3
93,33
153,1
258,46
524,46
1136,9
89,22
135,36
240,43
528,29
1023,34
25,7
101,30
196,28
360,13
777,36
1514,9
46,36
109,24
244,7
459,14
910,33
1833,10
9,8
24,23
105,13
147,25
304,16
686,35
1293,28
47,44
119,19
254,44
487,3
910,28
1852,18
36,20
122,21
212,50
426,42
822,37
1695,13
69,17
165,17
270,40
509,35
1031,36
49,27
77,27
159,25
364,25
682,39
1369,47
67,23
71,48
223,21
437,28
826,46
1674,18
23,8
123,17
223,11
450,17
881,2
1706,9
4,3
40,24
82,46
220,45
425,42
869,12
1724,28
8,7
83,14
112,19
245,5
481,20
983,11
1932,18
21,20
96,10
181,46
307,46
610,40
1218,29
37,4
136,10
219,22
408,50
899,23
1711,41
47,46
102,42
208,15
409,4
774,15
1609,20
28,15
79,5
135,22
291,23
583,15
1164,13
47,26
118,32
253,32
458,3
930,23
1885,48
7,6
39,38
73,6
166,50
354,16
681,40
1337,38
36,35
79,50
178,8
333,33
697,12
1362,42
78,38
88,25
240,5
485,5
902,29
1858,50
17,7
33,28
67,29
179,18
298,5
639,35
1314,13
31,30
67,14
192,3
323,9
663,32
1324,44
61,31
74,46
163,17
385,40
722,14
1493,32
80,34
155,42
278,32
589,18
1137,42
80,31
167,35
284,43
569,12
1175,26
46,34
134,42
267,11
492,13
1012,19
1955,31
18,17
102,48
121,44
247,22
575,10
1122,13
59,38
127,46
188,42
414,32
833,30
1676,31
12,11
78,45
145,38
301,12
588,23
1149,38
92,27
183,39
298,27
632,22
1236,8
51,18
142,48
220,2
512,18
933,10
1927,18
59,3
88,9
238,20
438,23
842,48
1736,43
55,43
124,27
222,32
476,2
882,24
1843,36
31,1
70,26
143,4
309,5
605,46
1209,25
27,2
87,20
182,8
373,6
692,36
1452,6
101,5
168,13
340,39
667,31
1377,15
44,43
102,21
204,39
415,15
862,23
1670,30
47,32
52,19
147,19
319,32
634,18
1247,11
58,47
108,50
184,38
448,10
842,47
1728,8
84,11
166,9
300,15
592,14
1238,14
35,11
136,10
206,1
426,28
841,23
1697,48
62,37
157,15
224,1
467,16
972,4
1886,24
50,8
84,22
200,34
412,50
827,30
1655,8
59,27
137,38
252,18
503,15
962,11
1927,12
81,12
166,11
337,13
597,36
1232,41
65,34
166,38
314,50
554,38
1196,49
10,9
63,50
81,26
247,16
437,44
869,10
1781,43
55,10
99,14
216,15
471,11
889,13
1796,18
84,11
131,41
304,40
562,19
1146,49
18,7
60,40
100,46
238,10
506,7
930,42
1933,29
31,29
77,37
133,19
326,26
573,44
1238,24
17,16
59,24
172,43
306,33
596,15
1232,26
44,7
94,6
223,25
377,47
816,41
1629,42
67,7
86,50
227,46
401,3
816,29
1652,1
91,40
111,16
247,4
531,49
1063,20
58,46
100,36
200,10
459,23
915,38
1770,29
96,22
134,24
321,1
589,35
1230,36
47,26
114,18
250,13
423,12
877,49
1802,32
75,49
114,22
232,28
422,13
847,13
1786,34
75,25
107,12
264,49
470,4
960,15
1936,18
31,30
71,39
127,44
313,42
574,8
1205,47
38,13
50,4
184,31
345,20
629,11
1263,31
97,26
189,8
386,34
683,7
1372,21
31,30
51,19
140,24
321,36
544,37
1134,8
79,4
145,6
297,2
545,30
1143,19
31,11
110,11
220,40
441,17
870,2
1759,44
59,29
105,13
169,15
379,46
764,16
1571,23
83,3
178,37
347,20
701,19
1363,43
4,3
91,49
156,39
263,49
521,43
1067,4
49,32
73,26
181,42
367,26
744,47
1426,8
64,12
135,19
231,49
494,47
992,46
1942,29
28,3
62,18
109,27
259,39
484,31
1012,10
1971,1970
95,4
128,28
297,3
566,36
1128,24
9,8
27,21
89,26
141,13
319,48
643,24
1233,41
97,24
161,42
309,43
580,45
1244,32
34,33
70,7
153,24
292,20
645,15
1228,49
30,29
79,28
127,24
285,8
608,14
1146,40
54,47
67,27
140,35
298,16
572,42
1178,20
74,21
92,8
227,4
473,27
914,23
1805,27
36,19
136,17
198,4
460,14
901,38
1760,19
16,15
59,12
77,8
209,5
412,7
827,33
1621,14
16,15
85,37
112,21
267,19
491,30
1063,48
60,42
130,38
273,28
472,36
946,14
1925,50
51,29
88,8
179,37
390,13
788,19
1560,39
46,45
87,9
229,19
376,21
826,11
1575,4
79,34
87,25
194,22
384,20
773,25
1604,24
2,1
98,47
175,5
322,11
692,33
1372,34
93,1
161,13
267,44
567,39
1189,50
70,23
115,39
281,21
506,47
1068,27
63,13
131,17
240,50
500,44
1034,21
1982,13
19,12
51,24
163,48
318,13
622,29
1258,33
15,14
58,8
117,17
251,30
518,14
1049,34
43,42
66,23
162,4
331,3
659,20
1304,10
34,2
37,36
168,49
299,3
628,29
1208,44
100,29
195,41
302,8
668,38
1289,29
49,32
84,40
153,36
300,48
685,14
1294,6
68,13
77,17
211,5
417,50
857,35
1679,48
55,27
94,10
235,36
421,48
849,24
1694,34
49,30
71,27
216,40
418,26
762,40
1574,41
67,37
99,23
246,30
438,26
940,50
1863,27
78,48
145,30
290,12
543,8
1105,40
53,23
134,48
279,13
535,2
1095,28
25,23
36,11
82,31
168,35
350,42
737,49
1442,13
24,23
31,21
107,49
192,5
454,34
857,8
1679,44
101,47
175,37
282,24
658,32
1238,41
11,10
20,11
132,22
172,35
353,14
776,21
1539,44
5,4
76,30
152,3
276,23
513,44
1025,9
9,8
86,23
115,31
244,46
497,50
956,38
1952,4
41,36
141,14
279,46
504,10
991,21
1956,24
46,40
100,35
239,32
475,15
933,11
1860,9
61,47
93,3
247,37
469,6
911,48
1855,16
93,48
188,19
317,44
665,22
1289,24
2,1
20,19
25,9
84,31
164,11
383,46
744,23
1490,22
67,18
94,40
186,49
368,49
758,5
1523,35
92,24
166,15
294,1
568,37
1128,25
56,26
152,13
302,20
555,17
1157,8
76,25
144,49
251,19
508,19
983,4
1933,13
22,3
28,27
130,35
224,24
423,38
889,31
1777,35
46,16
49,44
150,47
269,18
608,5
1162,9
31,6
64,9
136,39
249,40
499,12
981,35
1976,1975
42,4
111,41
252,22
489,7
977,11
1937,11
20,4
32,31
109,23
238,28
466,31
874,40
1812,42
15,12
104,38
157,49
346,27
627,19
1350,37
58,44
64,25
205,4
423,3
821,33
1586,18
63,17
161,42
319,42
576,35
1145,44
44,21
114,42
190,46
415,48
847,28
1677,43
61,18
71,34
134,9
337,10
665,29
1277,26
61,38
80,45
238,13
412,5
869,18
1698,11
52,20
88,6
206,10
420,31
792,20
1643,27
1,0
51,19
89,42
149,9
298,34
659,34
1328,16
71,14
114,31
205,24
440,16
849,9
1753,5
2,1
30,29
113,27
229,47
401,17
827,1
1686,25
78,29
123,26
205,40
432,9
867,16
1797,3
2,1
38,16
49,29
102,31
251,41
469,4
926,4
1920,29
79,27
178,17
265,35
541,23
1075,27
94,35
149,25
291,32
621,12
1217,7
98,38
194,15
375,3
757,39
1501,8
73,9
112,30
200,42
475,12
896,17
1775,8
55,25
115,46
238,26
438,15
925,27
1855,25
6,5
48,14
132,16
243,5
518,12
999,25
1975,7
31,30
131,34
201,39
382,25
800,39
1605,7
56,13
99,36
225,39
473,43
921,49
1847,29
93,4
158,35
263,49
524,44
1138,16
41,30
111,12
210,40
462,34
875,50
1712,47
64,40
149,8
302,3
548,1
1145,32
4,3
68,49
82,24
190,24
361,27
715,47
1478,48
29,28
75,50
106,42
221,2
440,32
955,18
1914,1
16,15
110,33
177,44
382,20
761,3
1450,32
40,30
129,3
247,35
430,18
847,7
1736,13
17,16
117,22
228,15
381,45
794,32
1607,19
52,37
137,12
207,18
468,43
889,3
1830,27
62,38
123,20
263,29
507,10
999,37
1920,19
24,23
34,33
96,1
219,38
446,44
836,45
1726,40
20,19
54,36
91,24
196,18
397,48
848,8
1615,13
91,16
103,14
280,7
541,47
1051,42
22,15
61,34
102,20
235,24
447,41
952,23
1834,9
15,14
96,15
195,18
382,6
778,46
1543,25
83,39
179,22
316,26
591,13
1269,5
87,35
88,6
262,16
530,5
1043,18
56,35
150,35
303,33
564,44
1099,19
75,6
153,9
293,42
607,28
1222,34
18,17
35,17
122,46
229,42
497,34
954,8
1891,24
17,15
33,32
92,23
199,11
420,32
790,20
1589,15
75,37
128,35
236,30
520,26
973,16
1924,22
78,10
174,6
309,4
623,46
1231,47
21,20
80,43
126,41
318,32
558,3
1179,14
100,3
173,19
355,28
705,8
1390,28
16,15
72,30
134,4
274,14
499,36
1080,41
81,31
152,46
316,29
578,12
1182,13
56,16
108,32
218,12
419,35
874,49
1704,3
95,43
139,47
273,49
538,46
1063,16
92,7
144,1
326,30
594,2
1226,20
22,18
105,29
206,41
396,24
791,31
1544,33
97,36
140,45
246,50
573,3
1142,21
80,16
117,43
218,8
499,28
922,25
1910,14
22,15
113,14
213,40
437,38
856,42
1715,1
64,35
137,17
230,31
473,48
915,37
1833,30
72,46
90,33
240,23
417,46
846,9
1741,21
97,28
130,30
253,2
511,15
1003,47
1944,26
32,21
117,18
243,29
468,18
884,6
1820,45
6,5
26,25
119,26
234,26
465,47
870,5
1788,22
34,33
59,14
151,47
344,37
640,9
1305,25
66,12
79,19
186,44
412,17
786,21
1600,33
63,6
157,1
310,16
546,26
1098,10
67,18
129,20
295,11
574,42
1154,27
19,18
89,4
207,35
370,42
777,15
1498,46
87,34
108,30
259,17
549,29
1039,21
94,33
117,5
284,49
593,32
1173,12
42,30
100,44
163,35
333,45
670,47
1309,49
11,10
56,20
168,43
286,39
618,27
1227,34
65,27
90,46
230,9
394,37
803,42
1622,3
20,19
104,30
180,40
316,12
719,14
1363,16
9,8
77,3
163,20
301,9
569,25
1183,15
92,18
175,26
289,14
593,33
1222,26
42,11
114,37
187,22
426,39
802,50
1614,29
94,2
135,21
324,32
564,11
1148,5
54,14
93,37
170,7
406,12
758,21
1554,45
52,3
94,8
148,6
306,8
625,50
1251,15
58,42
144,23
205,1
429,17
857,47
1735,23
1,0
100,1
139,22
244,12
570,16
1074,11
48,2
103,8
155,5
313,10
671,29
1371,38
57,48
109,8
244,20
427,18
864,23
1712,21
82,48
157,8
280,40
614,30
1179,9
80,4
156,34
294,31
609,29
1162,48
18,17
109,48
129,41
331,50
619,32
1261,39
73,41
115,50
216,3
502,9
954,34
1870,6
89,6
90,23
234,38
512,34
981,11
1918,5
10,9
76,7
92,22
181,2
380,47
762,11
1588,29
20,19
114,17
208,41
397,39
826,17
1664,4
31,17
121,20
201,30
365,23
738,45
1524,4
7,6
103,11
210,31
380,5
794,26
1549,24
81,14
95,14
221,35
435,42
837,36
1682,21
58,49
81,9
152,44
384,20
753,4
1507,35
24,3
92,49
128,17
335,24
620,12
1248,7
40,14
120,7
235,40
450,40
900,30
1823,34
65,25
137,2
216,22
454,15
953,3
1870,47
46,26
104,42
168,30
321,37
721,45
1389,12
52,3
124,13
204,35
439,31
847,27
1734,5
38,37
61,24
132,48
291,43
606,17
1174,4
90,7
123,10
277,9
503,29
1078,8
67,4
124,40
250,17
448,49
968,46
1869,48
18,16
73,11
121,35
213,11
460,22
944,35
1872,35
10,9
94,23
147,8
281,20
541,26
1150,24
42,24
136,46
187,7
428,22
875,39
1760,20
38,8
123,27
198,10
371,34
731,46
1489,10
15,6
80,4
185,9
356,12
654,7
1376,9
77,11
105,16
273,33
503,29
1043,9
6,5
103,4
193,6
396,34
729,39
1464,18
78,32
147,44
252,45
553,24
1119,6
68,25
109,15
194,8
438,48
906,41
1778,41
55,13
91,25
246,50
439,46
900,34
1778,33
9,8
103,18
192,27
322,43
672,35
1313,31
53,13
94,31
212,46
364,44
727,33
1527,25
4,3
39,31
136,10
267,47
529,20
1020,8
1949,48
69,25
87,16
252,35
433,15
874,34
1740,36
42,17
87,24
203,23
408,1
820,43
1614,18
92,22
169,9
324,38
597,23
1185,6
45,44
90,23
209,46
352,2
790,5
1574,42
9,3
20,19
101,33
191,11
392,1
781,16
1522,6
76,3
138,29
286,37
519,17
1056,35
44,38
118,19
182,8
406,37
805,40
1581,37
51,19
137,22
286,12
510,34
1040,31
8,7
36,24
77,48
152,45
350,19
665,36
1307,6
6,5
23,12
103,13
138,27
368,47
651,21
1298,23
56,29
111,46
236,10
406,22
832,8
1678,11
93,37
166,28
275,15
606,8
1184,23
13,12
85,3
168,14
351,39
687,21
1352,7
72,20
146,28
244,37
495,34
1040,36
1976,1975
1,0
100,26
193,14
352,3
701,14
1424,2
25,22
120,38
231,38
421,1
848,45
1721,24
43,15
82,33
138,23
313,21
628,23
1238,11
59,3
104,12
184,4
447,44
875,37
1695,17
84,48
179,37
319,5
670,46
1341,21
14,2
101,40
175,39
379,25
689,32
1393,36
55,15
155,25
212,18
510,15
1032,48
1948,17
45,44
68,22
135,33
344,19
680,36
1335,43
58,15
104,23
232,33
403,2
879,15
1701,48
56,5
92,29
181,32
429,45
783,46
1548,23
14,13
103,14
185,48
384,9
730,25
1464,24
62,49
74,46
163,47
326,18
695,36
1339,44
49,31
79,11
178,4
387,39
788,9
1561,35
39,38
138,47
251,35
519,37
1029,5
1998,1997
62,3
80,23
145,16
333,2
684,5
1386,45
58,1
147,47
293,42
576,10
1140,20
50,38
127,44
278,48
489,15
948,6
1939,43
8,7
87,20
141,41
249,34
562,15
1098,24
29,28
99,38
172,16
375,28
764,38
1520,33
67,28
136,17
232,42
517,37
962,3
1970,12
93,12
111,16
294,22
560,40
1088,49
13,9
55,37
134,37
296,10
557,3
1095,9
91,19
141,32
271,1
580,21
1100,18
74,17
84,47
172,22
363,44
749,14
1485,44
75,4
82,8
215,47
457,23
904,22
1758,43
13,12
63,37
175,1
278,12
541,16
1109,22
82,44
124,8
210,33
502,13
997,11
1951,16
80,29
91,25
272,43
541,1
1061,28
50,31
144,8
280,2
553,27
1059,7
5,4
69,43
110,24
223,24
409,37
871,12
1763,27
12,11
18,17
112,29
185,23
409,24
771,42
1557,19
96,14
120,23
283,3
514,2
1100,12
82,37
97,26
259,31
469,25
989,24
1979,1978
80,42
168,19
336,36
591,38
1203,38
21,5
38,17
115,48
207,50
411,26
835,5
1651,9
85,44
177,28
301,31
566,14
1178,38
19,18
79,15
191,38
390,47
714,10
1429,9
95,11
176,27
360,28
713,2
1415,28
38,8
80,8
173,16
349,29
666,10
1307,25
10,9
34,33
117,10
230,19
452,47
910,17
1802,47
29,7
83,42
119,45
293,6
586,9
1163,35
43,42
108,40
228,26
394,14
838,12
1630,17
62,25
161,47
235,20
558,18
1099,39
37,22
79,7
140,6
337,50
620,45
1271,44
5,4
43,25
134,32
198,21
397,16
801,47
1619,25
38,35
139,17
269,3
525,47
1067,48
99,14
103,10
285,5
525,27
1090,50
88,19
94,18
216,23
415,19
910,23
1769,2
16,15
94,41
195,38
321,16
670,33
1357,46
56,13
147,42
238,45
445,15
892,31
1789,48
79,44
153,15
289,12
608,21
1227,5
64,3
76,3
208,9
407,11
785,35
1561,2
98,7
184,10
304,11
598,45
1199,21
72,26
81,8
219,20
397,24
801,9
1652,5
36,35
42,25
128,24
216,44
498,12
1012,12
1965,26
31,30
97,12
171,29
303,32
688,24
1316,29
78,34
150,11
289,44
522,26
1061,9
49,36
53,1
198,49
336,21
673,40
1310,50
92,17
136,40
312,30
561,33
1197,43
30,19
129,13
201,28
409,3
861,18
1677,14
85,48
98,44
264,13
497,23
962,49
1919,17
78,42
80,17
256,18
507,21
952,1
1964,28
7,6
26,25
99,25
203,21
346,12
775,10
1549,44
20,19
27,4
59,13
164,38
318,50
605,39
1255,5
74,16
149,38
245,28
517,18
1074,12
80,9
129,15
305,41
593,30
1125,3
70,18
118,18
204,45
431,36
924,4
1839,1
5,4
88,20
115,34
230,27
457,14
909,29
1808,24
96,40
164,20
262,43
531,43
1127,49
100,47
111,29
292,9
512,48
1077,11
92,30
139,48
327,23
643,12
1205,47
78,43
111,10
267,46
506,23
1030,27
1933,45
70,17
132,17
295,20
587,32
1170,17
16,15
68,44
118,26
206,21
469,7
902,48
1797,50
35,34
103,30
239,21
460,8
906,35
1825,2
64,2
150,11
265,21
486,8
1017,35
1934,32
53,10
88,19
212,41
391,34
786,20
1607,7
75,1
121,48
273,34
480,12
1036,24
1968,1967
97,42
137,14
317,5
591,27
1147,35
8,7
36,5
129,2
182,32
442,28
888,33
1735,6
5,4
87,17
172,49
280,42
641,19
1272,10
57,45
84,50
207,14
393,21
812,15
1586,50
20,19
82,34
189,16
360,19
667,23
1360,6
3,2
43,1
53,15
171,50
345,8
708,49
1330,27
78,48
98,18
223,50
411,48
893,35
1726,38
59,22
112,2
230,22
449,40
903,9
1771,47
55,11
59,30
200,42
369,4
781,8
1528,15
52,13
132,33
189,11
457,10
836,10
1718,12
64,21
157,28
226,32
493,44
995,36
1949,9
72,40
166,50
299,32
540,19
1174,35
14,13
110,31
186,26
371,39
684,30
1379,23
90,5
125,46
281,16
513,21
1054,44
87,30
145,47
284,29
521,15
1132,23
84,47
89,35
209,22
478,42
934,21
1806,34
49,16
112,7
237,44
448,36
942,19
1873,39
20,19
69,6
185,12
311,46
666,2
1265,12
8,7
45,44
148,23
262,36
529,29
995,45
1997,1996
93,31
194,46
288,24
607,1
1248,2
31,13
82,26
208,35
340,44
727,29
1446,4
19,5
86,30
108,43
228,33
457,23
986,21
1904,5
95,32
169,35
302,16
604,23
1232,4
98,3
190,14
330,24
698,36
1415,42
31,30
65,7
127,39
308,19
601,8
1204,5
52,26
90,35
240,11
400,6
881,29
1740,40
87,25
131,20
245,20
544,2
1040,35
29,1
84,49
181,18
311,23
694,38
1332,27
7,6
47,20
61,50
123,30
331,3
614,7
1253,42
56,3
88,27
233,27
392,12
836,47
1628,40
2,1
29,27
78,32
189,22
366,45
703,39
1454,24
79,19
156,10
298,19
586,36
1165,37
25,24
91,28
134,10
310,2
614,22
1244,44
94,34
163,25
276,50
551,20
1140,37
44,29
132,10
223,40
483,3
962,31
1850,15
25,24
86,28
116,9
251,25
551,17
1117,16
90,43
101,3
207,39
495,47
930,41
1828,1
74,43
137,15
258,1
493,33
1059,17
23,12
36,9
62,46
170,1
363,18
700,6
1357,44
68,19
80,17
221,25
378,1
761,19
1576,23
31,30
68,43
130,9
286,31
561,42
1107,26
88,23
146,45
306,21
567,7
1178,45
42,12
57,21
187,15
305,13
621,47
1230,46
60,23
141,26
220,6
451,44
972,44
1906,4
51,11
76,14
215,34
362,13
765,19
1542,16
99,17
144,34
253,29
560,24
1138,43
55,48
58,11
119,24
261,41
530,46
1079,2
82,22
90,35
214,9
451,1
915,36
1770,44
10,9
92,16
197,20
342,12
723,34
1429,35
72,26
157,30
287,49
527,20
1045,35
86,27
150,34
286,37
535,9
1146,15
42,13
79,35
206,9
395,16
730,18
1526,22
68,42
164,5
313,44
620,13
1222,10
91,21
106,6
227,25
454,2
962,8
1894,30
48,47
62,27
197,19
329,49
650,42
1317,50
53,27
141,40
244,15
454,2
977,47
1909,31
47,42
140,1
253,13
459,1
971,30
1876,7
4,3
37,36
113,44
239,13
473,42
927,31
1821,24
52,49
77,43
191,34
378,4
756,22
1531,4
62,34
118,38
227,15
428,16
915,35
1772,48
38,10
66,16
123,32
277,38
561,13
1109,46
40,12
57,6
123,6
251,33
508,27
1029,43
95,13
143,12
313,29
568,12
1149,22
46,11
54,26
122,23
285,18
552,32
1111,8
31,11
75,34
164,30
326,11
664,29
1321,4
99,16
129,30
270,49
553,30
1127,42
81,2
143,27
260,16
546,20
1074,28
92,16
148,33
309,14
607,45
1256,33
2,1
22,21
40,24
127,24
216,27
486,20
956,37
1932,2
77,12
151,24
272,5
595,33
1190,9
17,16
90,8
208,37
317,23
651,24
1370,26
54,33
73,6
214,9
409,11
846,36
1690,27
63,21
159,43
224,1
478,22
975,42
1999,1998
36,9
131,32
229,3
482,43
966,12
1891,38
49,47
130,16
220,13
485,50
942,7
1851,7
31,30
100,16
199,41
422,42
836,32
1664,2
9,8
61,20
135,18
295,21
596,45
1148,50
1,0
53,42
121,21
220,1
449,3
938,6
1809,29
17,3
65,2
183,46
289,15
614,1
1215,11
86,35
109,2
257,37
492,37
961,3
1993,1992
63,15
112,14
196,3
425,44
890,38
1767,28
87,29
95,14
251,11
524,1
1008,2
1987,1986
31,1
108,49
148,43
333,28
704,17
1408,49
19,18
107,24
181,3
391,42
796,49
1560,2
76,31
170,47
345,19
670,25
1279,15
43,16
116,17
161,47
368,36
769,7
1485,22
97,33
122,28
283,30
564,29
1088,15
15,14
48,23
162,3
282,26
591,40
1168,46
28,27
64,26
97,41
202,35
406,26
829,25
1708,25
82,28
142,9
240,1
514,48
1053,14
18,17
83,32
119,5
273,50
557,47
1151,49
39,14
45,27
101,37
253,44
493,5
984,22
1905,25
45,23
94,15
200,40
386,10
820,32
1568,46
11,10
112,44
198,30
392,35
733,23
1542,8
3,2
16,15
40,3
66,32
211,4
348,4
744,28
1440,32
73,13
80,42
198,9
433,30
812,48
1670,25
40,21
109,12
189,35
382,10
778,17
1524,6
79,37
170,36
347,10
612,3
1245,3
22,7
93,39
205,49
340,7
688,16
1382,30
25,21
99,46
151,32
308,46
615,25
1251,38
75,25
111,49
280,18
511,27
1065,21
10,9
80,19
126,6
290,18
509,43
1048,47
4,3
90,27
104,26
248,5
514,3
1061,17
45,3
116,16
188,42
428,35
838,32
1646,41
61,27
83,17
146,9
343,33
686,2
1404,29
12,4
36,28
63,30
179,46
298,48
595,47
1264,20
59,3
94,20
203,22
443,37
883,8
1698,41
92,27
129,36
277,5
531,49
1092,42
3,2
9,8
47,6
84,48
171,40
349,15
705,35
1430,1
20,19
24,23
55,42
131,44
299,35
534,42
1123,15
90,2
103,28
194,30
404,8
866,19
1742,42
100,50
110,37
241,16
538,8
1028,38
92,21
122,5
283,20
533,14
1036,36
7,6
32,31
54,9
181,18
280,12
599,1
1168,39
73,17
91,48
229,44
430,21
923,41
1755,45
8,7
12,11
73,19
113,34
266,38
541,22
1086,21
100,31
147,30
336,32
595,10
1219,1
86,36
141,22
326,9
620,23
1195,7
76,50
166,15
260,14
540,43
1067,6
96,4
155,33
348,24
625,36
1301,45
55,41
135,37
257,30
513,43
1000,21
1920,27
48,10
97,1
199,4
363,15
751,13
1469,17
75,14
131,31
268,14
538,42
1095,31
82,19
121,26
215,37
424,22
932,50
1825,25
27,7
120,43
226,30
390,44
830,18
1672,33
1,0
79,16
141,5
312,25
621,10
1161,9
28,27
70,36
145,16
292,15
619,12
1204,12
23,22
75,15
163,28
330,29
640,35
1326,11
89,23
112,38
246,22
449,7
931,29
1918,34
62,9
73,7
218,12
411,21
817,11
1636,21
17,16
79,20
111,35
259,20
473,48
953,19
1985,5
44,3
121,26
223,31
411,1
830,15
1702,43
7,6
71,42
160,38
336,7
669,38
1339,39
5,4
76,40
117,17
216,27
429,36
935,1
1790,14
38,26
50,44
172,33
263,1
614,23
1203,50
57,14
86,40
189,22
374,24
792,32
1590,17
3,2
84,46
107,38
285,5
484,3
1033,4
1936,39
42,10
127,37
197,47
423,46
827,16
1666,18
96,5
105,36
247,44
528,7
983,8
1992,1991
39,8
72,29
121,11
279,37
528,40
1050,18
90,35
168,26
344,3
675,19
1372,19
26,25
64,15
161,47
341,12
656,6
1304,26
28,4
39,21
118,14
215,36
465,24
873,6
1775,44
28,27
33,29
124,16
282,32
472,21
1024,8
1991,1990
98,34
190,24
389,42
713,14
1417,13
56,43
66,5
136,15
315,25
645,14
1247,43
5,4
72,24
97,11
199,24
438,4
862,50
1707,8
18,7
90,50
169,6
351,7
640,25
1283,6
46,40
66,10
172,41
372,41
672,3
1364,49
32,3
76,32
194,18
313,39
694,48
1332,14
86,9
187,8
351,10
711,33
1389,15
38,37
39,2
157,2
240,26
479,4
957,49
1940,10
76,42
104,17
238,46
442,39
911,42
1819,21
86,5
155,8
324,19
613,7
1272,44
57,40
127,13
196,4
388,32
836,19
1680,48
87,46
172,41
261,39
595,19
1126,48
83,1
101,27
221,49
479,42
920,48
1888,45
70,26
165,43
261,34
546,45
1123,8
69,23
166,7
265,17
601,37
1138,8
68,34
89,6
166,12
327,29
677,25
1389,5
37,29
82,40
156,4
277,3
614,12
1254,27
72,8
139,2
278,21
529,9
1033,1
7,6
65,33
108,39
263,45
539,5
1080,32
31,30
60,12
177,4
339,37
697,5
1316,42
4,3
93,35
180,25
342,5
678,49
1368,47
82,2
100,11
192,3
426,39
860,26
1724,14
58,50
114,37
199,47
441,25
896,40
1746,10
16,1
37,18
139,33
290,11
558,11
1129,25
33,32
110,34
240,26
417,31
873,6
1751,9
93,44
155,17
260,33
538,32
1128,46
74,34
158,23
283,26
594,15
1152,29
37,25
69,20
158,5
307,18
624,4
1213,39
35,19
95,19
135,15
310,8
632,17
1282,21
57,6
126,49
262,12
521,14
967,7
1958,4
59,27
79,16
208,26
362,37
801,28
1597,15
78,38
154,23
292,11
528,10
1151,6
44,43
69,34
158,36
293,28
603,27
1218,3
66,27
111,8
197,50
454,18
891,23
1763,21
63,25
115,35
260,48
493,47
933,34
1917,31
51,6
53,20
154,33
325,50
605,31
1218,19
37,1
110,42
221,25
442,45
847,1
1724,47
11,10
73,32
148,4
267,38
591,43
1131,2
2,1
5,4
20,19
94,36
126,33
320,26
619,43
1238,35
100,42
109,31
308,18
551,32
1150,18
57,45
151,42
289,6
567,13
1114,45
89,39
91,37
216,29
495,32
963,3
1866,27
90,44
97,46
189,32
405,44
835,47
1633,48
77,13
100,9
235,27
494,44
998,25
1927,29
39,10
43,5
174,10
262,18
535,2
1151,40
74,21
169,17
247,35
537,25
1120,18
83,23
159,36
343,5
662,47
1266,5
44,6
46,32
170,23
336,45
645,31
1302,21
29,12
31,24
122,27
242,10
500,31
1023,15
1969,5
40,39
77,9
206,23
398,38
760,49
1484,20
2,1
96,35
125,19
260,20
561,33
1050,1
37,36
48,26
150,31
304,10
624,25
1173,25
33,17
85,19
161,28
294,23
618,22
1237,22
41,9
115,32
167,47
340,27
752,14
1421,26
68,5
153,49
265,27
584,38
1097,27
81,28
99,17
258,16
445,35
887,23
1793,50
78,40
90,35
214,41
483,39
953,29
1886,5
6,5
23,11
61,22
138,44
259,8
568,4
1146,36
15,14
19,18
126,27
166,48
414,24
794,1
1631,47
82,7
120,32
245,35
465,32
914,29
1830,34
4,3
53,37
75,39
181,3
386,1
705,50
1458,31
2,1
10,9
80,8
131,11
261,45
521,5
1065,36
46,41
79,28
222,32
436,13
863,29
1658,28
49,42
93,28
174,24
383,1
718,13
1436,16
49,38
116,22
234,29
412,50
898,26
1802,1
60,47
88,16
190,46
417,39
762,26
1575,4
17,16
32,31
51,8
154,49
285,30
625,39
1188,3
77,49
94,38
209,14
417,20
821,21
1630,19
65,38
125,17
234,41
524,40
1030,32
1989,1988
55,4
77,37
218,16
421,9
855,19
1692,11
50,19
86,22
182,40
367,50
710,9
1470,19
11,10
33,32
80,32
166,23
311,34
697,44
1304,38
24,23
27,26
141,37
242,23
507,35
1029,28
1970,13
81,46
89,44
198,18
432,16
858,46
1758,38
4,3
23,22
67,2
99,14
269,23
551,27
1111,12
96,33
141,36
285,40
561,14
1144,21
92,48
176,46
319,39
611,1
1281,32
88,19
165,35
304,24
651,14
1285,30
22,13
81,16
129,1
321,30
585,21
1193,34
101,15
180,38
373,23
664,37
1404,33
19,18
113,44
178,48
348,39
735,34
1473,20
2,1
21,20
70,40
102,3
234,10
443,35
948,38
1888,42
29,28
56,36
127,21
302,15
579,30
1125,23
17,16
101,41
152,23
349,8
638,28
1315,6
78,26
128,40
208,20
417,13
833,18
1665,35
2,1
55,6
101,19
171,15
430,17
818,10
1634,23
64,35
111,46
203,38
390,15
851,26
1663,48
36,20
129,19
208,43
392,38
768,39
1590,8
58,15
93,36
169,31
343,44
668,35
1374,8
20,19
104,2
146,20
316,5
620,34
1295,22
38,37
63,33
161,32
353,45
670,33
1317,30
56,29
118,9
267,32
467,26
960,2
1917,32
88,3
176,6
310,14
580,8
1207,39
30,26
81,25
130,25
320,34
631,9
1212,19
100,32
201,14
336,33
719,6
1418,46
19,18
22,21
77,32
158,27
362,18
739,6
1412,21
47,13
133,36
251,8
496,3
939,8
1878,41
19,18
28,27
90,47
186,37
423,10
843,40
1661,41
21,4
75,48
143,26
266,21
550,4
1129,14
75,14
132,1
236,23
536,2
1041,44
34,21
52,13
173,8
341,27
674,34
1342,43
99,38
183,33
344,33
696,47
1392,15
42,16
65,1
121,7
284,42
601,24
1147,25
21,20
88,43
181,28
341,17
721,37
1436,21
59,33
81,19
181,19
324,24
691,29
1385,26
9,8
72,35
171,26
324,35
618,45
1268,50
14,13
57,42
166,49
270,7
566,16
1157,47
1,0
22,21
55,50
157,29
281,10
603,19
1155,28
86,37
142,15
297,47
614,48
1169,15
71,5
109,36
213,25
485,37
931,29
1904,13
26,14
119,8
198,8
419,21
823,39
1588,32
54,8
146,39
271,34
543,26
1109,33
84,19
122,19
260,16
515,32
1070,21
31,20
48,6
110,36
256,27
464,16
957,4
1953,1952
39,38
70,1
164,1
305,26
656,13
1320,17
40,21
42,31
132,10
311,38
604,19
1174,22
69,34
144,27
292,35
594,45
1115,22
59,42
135,50
233,24
430,44
865,11
1780,15
66,29
88,33
235,48
453,29
892,31
1817,28
11,3
22,21
88,23
167,8
371,12
681,16
1359,38
77,11
169,26
278,3
563,40
1149,15
98,21
194,11
313,26
674,46
1366,36
18,11
98,10
188,7
379,6
759,1
1475,44
47,9
52,39
136,41
258,24
545,33
1048,49
14,13
26,25
60,22
185,47
322,25
666,37
1293,28
75,14
110,34
251,10
474,50
933,30
1912,25
79,9
108,22
229,22
444,37
923,44
1859,26
25,23
100,39
169,44
295,12
630,50
1258,12
9,8
13,12
85,30
165,15
359,20
652,16
1294,32
7,6
75,23
178,41
291,18
587,45
1210,35
24,8
56,48
161,36
279,46
527,9
1048,25
70,43
125,6
277,32
535,36
1077,26
33,16
49,31
121,3
248,26
545,42
1033,29
83,44
143,41
269,17
571,35
1144,24
90,39
144,19
265,11
598,7
1171,5
15,14
57,49
85,15
163,4
419,10
810,26
1605,48
44,5
113,38
215,18
383,10
833,9
1678,17
63,17
134,48
294,3
518,46
1045,21
47,9
135,11
195,19
461,34
892,37
1782,43
31,30
104,20
147,14
360,14
705,38
1362,46
25,24
74,26
129,48
324,14
625,7
1230,2
2,1
3,2
16,15
81,36
195,9
339,4
736,47
1421,19
100,14
191,14
315,15
645,30
1278,46
78,41
96,4
231,8
455,37
937,34
1813,26
66,24
114,13
268,16
452,35
959,24
1883,16
83,15
125,35
247,44
457,34
928,31
1854,24
47,29
102,44
192,24
371,21
808,33
1587,46
14,10
74,16
174,46
279,3
632,15
1193,48
41,14
103,31
153,35
309,28
637,22
1281,50
84,35
101,8
278,26
496,27
1057,50
12,6
35,34
142,50
206,18
473,22
966,4
1849,31
85,46
103,9
210,36
490,26
907,8
1881,17
39,29
135,21
192,12
400,22
812,17
1667,6
27,26
124,13
220,13
374,19
756,30
1545,34
88,3
132,43
320,42
603,6
1224,10
72,6
150,37
240,47
526,17
1018,13
44,41
53,26
186,4
320,2
618,39
1299,38
75,16
118,10
214,38
496,42
976,6
1911,3
13,12
114,7
143,50
300,31
660,12
1300,15
46,45
103,44
164,34
357,30
701,23
1458,49
26,25
61,50
175,29
272,27
559,19
1170,40
39,2
126,40
203,34
444,39
888,14
1782,23
67,24
165,41
301,15
600,10
1163,43
60,23
143,16
222,22
465,45
932,22
1889,15
15,14
25,22
115,32
218,38
420,46
801,46
1669,45
2,1
17,16
112,50
169,2
361,7
729,19
1481,35
100,39
197,19
359,5
746,25
1483,47
68,25
78,49
222,41
382,25
772,49
1571,19
10,9
33,2
47,28
123,28
233,36
477,8
949,40
1906,39
65,22
113,3
223,35
448,25
906,20
1811,6
10,9
71,46
88,19
226,30
411,47
885,25
1712,27
65,5
78,10
180,46
390,9
756,19
1503,41
50,21
90,35
186,8
385,43
774,2
1523,12
92,17
101,34
255,11
463,12
921,25
1890,7
60,37
81,40
154,23
388,37
740,21
1489,7
59,2
112,17
270,8
479,3
990,25
1943,12
63,9
153,40
218,24
436,23
952,40
1883,45
51,47
90,9
189,49
431,36
834,9
1654,16
46,32
58,39
149,10
332,17
658,17
1340,28
60,27
63,30
163,15
331,33
671,40
1292,8
57,40
148,11
220,26
454,45
919,15
1817,32
38,37
134,38
195,32
451,21
838,18
1658,27
79,9
141,28
252,31
545,48
1079,14
94,6
158,40
300,12
627,35
1194,16
78,30
82,24
206,37
376,26
814,30
1655,9
76,40
98,32
219,34
481,9
904,5
1846,24
16,15
19,18
59,13
115,29
221,20
485,37
923,20
1872,40
9,8
61,12
85,24
191,35
412,38
843,44
1666,48
62,16
92,28
179,31
354,40
771,46
1484,37
66,35
70,47
209,43
358,32
729,12
1440,5
53,42
79,10
215,16
357,14
769,46
1526,14
86,43
166,14
299,34
645,45
1268,8
50,31
66,30
179,19
329,13
695,4
1393,43
59,46
66,17
210,3
342,7
712,2
1410,18
88,38
168,20
278,8
550,19
1134,42
28,21
46,11
162,19
270,46
569,40
1127,2
33,2
106,39
187,43
387,16
772,10
1579,27
17,16
32,31
118,11
198,43
452,5
908,39
1757,24
72,19
96,2
173,34
376,15
748,29
1489,11
42,31
135,36
194,39
380,5
786,21
1623,34
90,18
163,20
312,31
599,20
1178,43
11,10
20,19
75,19
168,37
319,18
625,24
1226,32
7,6
38,29
76,15
152,30
330,20
638,1
1325,36
93,23
144,19
239,42
532,24
1097,40
45,4
140,27
273,18
558,46
1065,36
23,22
79,13
159,26
362,17
690,23
1362,19
31,15
56,32
170,15
309,32
578,13
1178,11
9,8
38,12
93,9
204,21
363,22
730,27
1534,20
94,37
148,12
319,8
588,46
1153,29
43,1
127,11
196,14
428,21
807,28
1670,9
40,39
48,40
102,30
214,25
452,26
948,40
1862,28
95,2
135,14
269,18
502,10
1055,25
18,2
73,38
166,33
260,8
548,5
1142,25
100,16
168,23
302,40
590,5
1236,49
92,18
138,12
290,50
590,33
1197,3
20,8
82,15
109,8
241,31
502,50
1029,35
1983,1982
48,3
61,8
150,5
267,26
553,35
1088,28
19,18
37,10
143,25
226,21
467,1
965,23
1907,35
27,14
124,47
194,43
421,10
848,39
1630,40
4,3
79,33
139,31
310,31
592,41
1182,14
38,21
91,17
153,36
293,34
664,31
1272,36
81,21
151,4
270,15
583,49
1167,3
89,42
187,21
362,10
694,28
1430,22
59,18
125,10
206,16
473,20
902,22
1782,23
56,43
89,48
191,38
383,34
774,22
1560,5
37,14
135,2
268,33
509,3
1004,35
1960,1959
70,4
106,10
263,10
525,24
990,21
1964,3
21,20
83,7
152,50
329,25
599,27
1247,27
2,1
16,13
92,37
190,10
333,23
670,41
1385,21
57,30
116,38
184,31
371,49
821,35
1648,4
10,5
89,25
155,35
337,5
625,18
1298,12
20,17
46,5
108,20
176,40
364,11
744,22
1509,37
69,39
78,21
150,22
320,29
663,10
1301,45
5,4
44,17
94,14
200,20
420,10
845,28
1674,5
22,21
56,47
90,15
186,39
448,27
894,4
1738,41
86,40
104,15
269,14
467,15
1005,37
1972,1971
44,43
132,49
215,11
393,22
864,15
1689,13
101,43
128,3
315,38
569,16
1119,11
9,8
19,4
62,3
159,3
337,20
671,37
1282,14
63,28
89,38
243,21
442,22
936,19
1776,30
5,4
82,45
176,21
265,7
605,10
1197,18
73,22
150,25
313,39
636,50
1228,20
85,16
163,31
344,31
605,24
1241,46
27,26
120,26
195,6
421,21
823,24
1684,24
60,39
102,8
192,30
379,19
808,22
1571,23
5,4
76,35
151,2
235,14
494,25
1055,8
15,14
23,22
45,6
151,41
323,25
613,19
1242,9
22,21
33,19
146,5
300,49
517,6
1031,6
80,37
102,39
276,35
512,48
1017,42
1926,36
80,30
132,37
289,27
528,38
1040,21
43,31
61,45
164,19
363,16
636,24
1367,46
11,10
42,40
130,36
197,11
402,13
803,26
1656,1
44,16
129,17
249,1
428,15
881,26
1801,31
90,5
165,41
315,22
665,31
1283,18
60,28
128,13
236,25
476,7
970,5
1958,27
47,45
116,30
217,30
479,37
869,9
1772,12
96,33
154,1
300,6
596,33
1221,45
49,25
95,50
178,36
333,24
739,2
1463,11
96,28
152,41
267,29
546,32
1124,17
51,41
56,9
111,48
223,9
508,46
1034,44
1980,1979
66,22
108,11
180,24
429,44
883,15
1729,13
40,7
131,16
174,44
384,34
799,16
1547,24
53,31
121,29
226,47
403,10
846,6
1719,12
81,32
171,14
306,1
600,40
1161,29
11,4
94,35
145,12
304,19
638,11
1224,8
100,49
183,21
318,34
666,7
1280,7
14,13
32,31
95,46
171,10
411,41
729,14
1517,26
52,4
116,35
233,29
451,49
925,47
1805,2
14,13
41,19
149,2
259,8
474,26
1006,10
1969,20
37,36
133,16
224,18
494,1
906,49
1865,28
48,17
130,12
198,3
434,14
827,1
1726,24
58,39
105,22
260,2
468,11
936,13
1860,45
47,24
70,37
162,41
325,9
644,48
1250,16
84,23
148,24
247,5
562,38
1129,11
63,8
154,38
222,8
442,48
885,48
1794,13
75,11
92,9
246,4
456,25
885,16
1839,23
53,23
114,32
194,27
445,26
843,3
1733,31
69,16
148,48
306,19
560,44
1169,8
14,13
75,34
132,15
270,32
492,42
1061,10
79,35
81,7
258,40
492,7
937,29
1910,42
48,17
80,9
142,22
301,47
625,42
1222,39
90,45
116,9
248,39
521,33
993,16
1987,1986
55,44
108,42
203,13
407,21
811,15
1660,18
21,20
68,16
152,31
277,1
532,5
1064,47
52,39
58,34
154,42
302,15
593,48
1231,10
82,48
109,15
201,46
435,25
840,43
1732,19
7,6
97,2
160,43
302,22
650,6
1297,1
82,9
92,16
182,14
360,29
808,2
1625,50
27,26
35,22
144,21
280,18
524,1
1109,38
25,24
40,15
99,39
212,6
417,8
801,6
1656,47
21,20
50,40
92,22
213,45
457,17
844,7
1706,34
3,2
80,50
158,34
293,24
616,28
1219,43
97,13
165,10
323,46
653,3
1334,11
77,10
83,42
203,3
396,23
803,1
1569,20
59,36
87,27
241,38
389,36
784,31
1658,44
49,11
110,11
168,41
348,38
726,26
1460,12
13,12
84,3
134,34
264,40
568,40
1162,18
85,11
147,50
296,17
609,16
1225,29
11,10
46,25
129,34
257,1
456,23
934,37
1865,45
17,2
78,27
173,36
305,1
588,7
1260,10
36,27
39,2
81,7
173,41
339,25
723,44
1438,50
93,10
135,7
266,43
507,46
1040,46
78,43
135,29
238,24
520,17
1060,31
78,13
80,11
235,31
426,19
870,34
1716,23
63,31
66,35
162,25
307,11
637,31
1332,14
101,12
179,7
302,5
649,17
1234,2
46,17
64,43
147,50
270,18
616,34
1152,15
40,39
131,39
176,8
366,41
746,7
1520,7
9,8
18,17
63,4
91,30
220,5
485,30
939,45
1832,19
4,3
47,21
68,44
212,37
359,16
698,40
1427,24
45,44
110,16
160,40
340,46
658,13
1352,45
32,20
105,46
228,29
373,42
762,3
1533,29
51,28
146,30
224,2
497,34
969,4
1979,1978
14,2
50,11
113,14
193,20
392,15
826,45
1621,29
28,2
66,31
133,20
307,27
544,50
1145,5
4,3
63,36
72,9
144,16
297,26
653,35
1304,29
18,17
89,45
164,30
362,18
724,37
1365,1
31,30
60,27
119,28
286,33
514,33
1058,22
59,3
74,13
187,14
404,32
824,32
1618,32
58,28
83,43
149,9
299,24
673,27
1352,17
70,35
150,6
315,34
564,32
1195,43
25,12
100,26
167,26
310,42
629,17
1274,47
87,29
166,6
284,10
633,46
1203,15
93,46
115,15
297,11
507,35
1055,18
27,26
104,22
140,14
344,11
703,15
1360,37
3,2
72,41
176,2
352,25
623,21
1268,24
54,2
146,21
214,7
451,24
962,16
1882,39
20,19
69,18
169,27
263,23
594,1
1135,32
68,17
103,29
272,40
477,32
945,23
1869,1
9,8
15,14
99,19
200,13
354,8
738,34
1418,43
20,4
43,42
162,3
306,20
571,7
1123,13
47,1
119,34
228,30
429,16
853,12
1729,19
12,6
82,33
155,5
286,13
560,9
1183,9
37,28
94,21
205,3
389,46
789,19
1531,18
76,35
84,43
203,22
398,12
838,7
1691,44
11,10
57,38
120,12
192,1
473,48
904,48
1788,8
80,32
146,2
296,39
579,42
1195,15
100,10
112,28
279,46
530,10
1090,32
45,1
108,49
162,26
319,12
649,31
1334,39
98,4
192,17
387,3
710,23
1488,33
3,2
87,48
179,33
362,12
689,45
1345,49
72,4
141,38
237,40
488,21
1013,38
1993,1992
36,35
104,30
215,28
401,10
830,8
1661,23
30,29
125,44
178,48
433,20
845,48
1656,35
7,6
39,38
68,31
183,25
361,41
731,24
1441,46
51,14
149,10
208,38
503,39
953,5
1888,46
87,50
95,24
279,50
536,35
1035,24
49,45
106,16
232,47
461,12
907,10
1828,42
18,17
19,18
111,49
216,37
372,2
740,49
1500,36
32,7
48,30
117,18
290,32
574,35
1134,8
87,33
156,11
338,13
614,2
1277,22
54,34
57,8
129,10
304,19
568,41
1175,10
47,3
69,15
182,46
308,34
663,14
1340,44
22,18
78,39
182,11
362,23
706,34
1377,15
78,22
117,16
230,48
503,10
962,30
1891,50
64,39
67,20
197,16
387,4
722,10
1533,11
54,3
104,20
190,12
365,22
725,15
1451,24
3,2
55,32
99,10
208,35
436,49
850,35
1745,34
7,6
72,32
143,31
280,45
555,10
1107,16
34,7
102,26
173,45
327,28
702,21
1382,19
11,4
32,3
71,18
150,30
330,16
671,17
1269,35
36,1
88,46
206,22
357,43
725,7
1458,26
59,22
113,46
200,27
421,27
854,50
1737,12
39,38
80,36
149,21
309,25
654,40
1302,29
60,22
126,20
189,6
470,45
885,20
1796,28
22,21
106,1
212,22
372,9
727,44
1530,46
49,34
116,41
242,24
408,31
866,47
1727,4
36,34
114,21
218,31
458,48
914,36
1776,20
2,1
28,27
98,3
197,27
393,33
741,3
1535,12
7,6
80,24
180,32
287,34
594,41
1161,42
60,46
110,1
270,36
541,38
1027,3
23,22
30,29
106,23
225,25
465,37
865,5
1727,16
57,4
109,30
242,8
450,47
908,19
1850,2
34,30
39,36
82,5
206,41
365,14
753,23
1544,20
73,29
113,26
234,33
502,14
928,30
1923,46
33,15
54,5
130,49
220,44
480,9
939,19
1864,8
13,12
89,6
145,30
282,2
617,32
1236,42
79,32
170,5
280,16
574,13
1152,50
65,7
139,25
296,42
511,26
1063,19
50,47
136,7
284,34
492,15
992,24
1983,5
19,18
110,50
189,6
344,13
734,35
1423,17
98,14
158,37
342,8
639,31
1333,43
66,6
130,15
286,5
554,27
1071,1
24,23
33,26
125,37
218,7
455,36
866,15
1723,2
57,18
126,25
203,17
430,36
819,39
1663,46
70,20
103,22
203,11
419,15
829,18
1651,39
6,5
57,39
146,31
280,31
581,31
1144,6
51,34
93,21
242,49
455,41
926,12
1821,47
72,3
77,20
199,20
380,37
785,42
1610,46
84,26
130,49
287,12
502,1
1060,32
96,12
187,37
324,14
688,12
1333,35
68,26
124,2
246,42
522,28
1036,12
1926,32
61,41
144,43
298,30
575,22
1163,46
7,6
52,24
117,12
185,7
418,13
835,16
1640,7
52,12
82,11
146,1
354,33
638,1
1367,33
75,41
104,18
198,8
421,43
847,26
1681,40
14,1
52,3
110,47
268,35
456,9
904,46
1873,45
43,24
97,39
145,40
358,7
658,32
1305,48
43,32
75,18
138,38
328,44
589,15
1231,39
101,11
138,47
309,15
607,1
1212,25
13,5
78,26
112,4
249,47
544,42
1093,14
90,33
121,50
299,36
518,14
1083,40
80,16
99,19
277,20
460,29
1010,14
1976,1975
71,21
172,37
292,29
557,21
1110,33
76,32
100,13
202,21
409,25
850,43
1694,47
86,47
183,29
277,15
572,11
1166,3
45,44
84,29
151,29
281,19
624,13
1263,46
59,4
95,23
170,13
383,37
722,47
1477,35
86,11
180,30
358,11
712,32
1380,22
15,7
18,16
107,16
194,19
344,49
681,5
1403,8
87,18
103,22
287,1
487,8
1017,26
1914,46
6,5
54,27
140,14
256,20
548,40
1010,24
44,37
142,15
219,10
432,10
868,25
1748,42
81,47
118,1
203,20
446,46
871,33
1742,15
24,23
74,48
127,20
239,41
506,25
989,10
1972,10
75,32
151,29
323,49
639,9
1237,36
83,50
127,50
260,26
500,45
985,46
1922,31
69,6
83,39
192,39
384,21
829,17
1604,29
40,18
96,16
149,17
321,17
688,7
1340,7
65,16
140,9
244,39
550,29
1008,8
50,18
130,45
215,21
450,1
901,11
1752,45
66,17
68,50
166,10
355,27
662,22
1375,30
70,35
137,18
285,28
531,35
1077,7
94,35
139,17
295,14
546,30
1131,7
34,4
124,25
190,28
361,49
740,32
1452,32
7,6
59,49
70,6
167,20
381,2
771,38
1512,20
93,48
151,27
328,21
591,12
1172,20
95,8
106,22
261,40
495,37
1016,20
1954,35
97,4
116,31
227,10
532,15
1001,35
1945,10
34,26
66,4
174,11
323,38
624,26
1317,15
37,18
84,48
170,29
350,35
647,37
1312,1
70,43
162,34
301,24
596,20
1182,8
62,29
142,13
217,21
497,10
942,32
1889,13
19,18
40,6
81,22
221,1
431,9
805,6
1638,14
5,4
17,16
40,39
96,6
252,34
446,11
933,12
1868,48
17,16
69,36
143,25
325,26
593,3
1177,11
22,3
103,27
127,38
349,17
701,49
1341,22
3,2
10,6
22,21
126,36
163,44
372,24
779,47
1554,8
35,34
101,13
195,7
405,33
737,37
1476,13
55,12
146,41
256,13
486,1
1007,32
1998,1997
8,7
61,28
96,26
226,3
418,45
899,26
1763,33
78,14
129,20
215,40
426,30
909,10
1826,20
64,41
148,1
300,10
594,30
1161,34
57,46
127,48
203,35
428,47
821,16
1720,40
61,27
132,28
275,9
541,50
1052,12
54,50
112,16
256,14
459,42
958,9
1930,11
23,12
98,21
134,22
329,39
585,29
1193,46
90,35
93,4
240,30
428,48
890,4
1758,12
45,33
79,43
163,4
294,49
651,5
1325,40
52,36
106,43
248,36
425,12
834,17
1683,12
64,31
158,41
313,2
584,20
1149,45
83,32
181,46
293,13
567,10
1203,31
20,19
26,24
86,49
150,6
338,38
654,38
1332,13
84,42
164,50
279,9
583,33
1154,37
40,35
82,23
180,41
330,9
689,48
1404,30
59,6
81,26
215,46
429,35
811,5
1694,30
18,4
95,50
183,48
310,11
697,34
1360,30
66,31
68,11
222,9
442,20
863,48
1738,28
24,23
62,7
162,1
274,43
614,24
1172,22
40,17
57,26
164,42
310,31
596,36
1223,30
18,17
62,38
122,6
213,35
479,1
919,47
1834,29
23,22
110,23
141,25
302,30
612,36
1210,14
91,30
132,5
229,40
529,31
982,43
1925,5
94,17
195,29
296,31
626,11
1220,50
84,14
158,3
288,10
601,7
1178,41
68,46
86,19
211,26
391,8
757,36
1596,35
24,23
40,4
165,42
259,19
506,20
1050,12
4,3
51,21
111,20
196,38
439,45
838,44
1645,1
44,13
124,26
196,18
388,26
850,16
1668,48
79,12
178,6
259,14
581,36
1126,5
39,32
104,31
174,5
412,23
799,43
1569,50
84,30
168,7
353,26
687,4
1324,10
70,49
123,23
245,19
454,21
947,46
1928,7
33,32
74,48
171,43
345,35
629,26
1312,24
88,14
100,1
210,46
450,42
894,40
1810,2
16,15
96,49
122,48
312,41
550,11
1144,4
34,2
82,6
168,12
348,14
721,41
1454,41
85,26
143,1
256,45
502,38
991,34
1936,26
19,18
81,34
184,4
348,28
646,28
1306,8
55,50
143,25
204,42
492,41
976,22
1905,40
92,12
193,49
349,46
715,25
1417,50
15,7
44,38
159,45
239,15
545,33
1064,49
5,4
40,33
143,9
210,35
458,27
924,39
1785,17
85,6
130,5
281,29
565,32
1142,32
46,31
129,14
225,38
449,5
901,49
1835,25
8,7
11,10
79,22
105,22
225,2
430,45
920,42
1867,10
99,20
191,7
365,26
662,19
1344,10
11,10
101,17
120,25
327,33
598,11
1169,18
1,0
52,44
81,8
177,8
326,24
673,50
1343,24
38,36
70,36
126,50
269,41
554,8
1069,12
59,26
62,5
208,7
374,9
720,8
1521,10
39,21
103,31
234,18
378,39
843,39
1637,41
85,6
115,32
247,20
513,27
1004,24
1922,10
10,9
104,41
115,9
325,35
636,45
1274,15
65,26
77,43
209,2
426,47
812,47
1677,7
70,46
166,37
322,35
600,5
1219,43
34,33
83,36
182,21
380,38
710,19
1451,31
25,24
44,5
102,12
242,9
431,31
874,10
1755,2
83,8
122,15
244,23
457,45
969,2
1969,1968
59,33
124,39
216,45
446,15
868,31
1728,5
60,23
129,47
266,29
506,47
976,2
1990,1989
34,12
96,21
168,7
318,44
656,18
1273,26
77,36
136,27
245,34
536,20
1062,14
63,36
143,16
294,47
584,39
1160,41
51,31
130,45
235,30
443,44
861,20
1753,29
46,22
100,1
157,23
327,33
660,13
1318,6
60,21
102,43
185,32
393,42
798,24
1635,37
45,43
116,27
166,13
424,43
804,28
1645,25
13,12
39,33
130,7
225,6
426,12
847,3
1763,13
21,18
42,17
154,10
236,12
541,19
1016,21
36,11
81,24
201,14
345,32
740,9
1457,15
83,24
182,2
336,20
700,45
1342,46
29,28
96,3
211,35
421,9
1
1
1
1
1
1
1
1
1
1
1
1
1
1
1
1
1
1
1
1
1
1
1
1
1
1
1
1
1
1
2
2
2
2
2
2
2
2
2
2
2
2
2
2
2
2
2
2
2
2
2
2
2
2
2
2
2
2
2
3
3
3
3
3
3
3
3
3
3
3
3
3
3
3
3
3
3
3
3
3
3
3
3
3
3
3
3
3
3
3
3
4
4
4
4
4
4
4
4
4
4
4
4
4
4
4
4
4
4
4
4
5
5
5
5
5
5
5
5
5
5
5
5
5
5
5
6
6
6
6
6
6
6
6
6
6
6
6
6
6
7
7
7
7
7
7
7
7
7
7
7
7
7
7
7
7
7
7
7
8
8
8
8
8
8
8
8
8
8
8
8
8
8
8
8
8
8
8
8
9
9
9
9
9
9
9
9
9
9
9
9
9
9
9
9
9
9
9
9
9
9
9
9
10
10
10
10
10
10
10
10
10
10
10
10
10
10
10
11
11
11
11
11
11
11
11
11
11
11
11
11
11
11
11
11
11
11
11
11
11
11
12
12
12
12
12
12
12
12
12
12
12
12
12
12
12
13
13
13
13
13
13
13
13
13
13
13
13
13
14
14
14
14
14
14
14
14
14
14
14
14
14
14
14
14
14
14
14
14
14
14
14
15
15
15
15
15
15
15
15
15
15
15
15
15
15
15
15
16
16
16
16
16
16
16
16
16
16
16
16
16
16
16
16
16
16
17
17
17
17
17
17
17
17
17
17
17
17
17
18
18
18
18
18
18
18
18
18
18
18
18
18
18
18
19
19
19
19
19
19
19
19
19
19
19
19
19
19
19
20
20
20
20
20
20
20
20
20
20
20
20
20
20
20
20
20
21
21
21
21
21
21
21
21
21
21
21
21
21
21
21
21
21
22
22
22
22
22
22
22
22
22
22
22
22
22
22
22
22
23
23
23
23
23
23
23
23
24
24
24
24
24
24
24
24
24
24
24
24
24
24
24
24
25
25
25
25
25
25
25
25
25
25
26
26
26
26
26
26
26
26
26
26
26
26
26
26
26
27
27
27
27
27
27
27
27
27
27
27
27
27
27
27
27
27
27
28
28
28
28
28
28
28
28
28
28
28
28
29
29
29
29
29
29
29
29
29
29
29
29
29
29
29
29
30
30
30
30
30
30
30
30
30
30
30
30
30
30
31
31
31
31
31
31
31
31
31
31
31
31
31
31
31
31
31
31
31
31
31
31
31
31
31
31
31
31
31
32
32
32
32
32
32
32
32
32
32
32
32
32
32
33
33
33
33
33
33
33
33
33
33
33
33
33
33
33
33
33
33
33
34
34
34
34
34
34
34
34
34
34
34
34
34
34
35
35
35
35
35
35
35
35
35
35
35
35
35
35
35
35
35
35
35
35
35
35
36
36
36
36
36
36
36
36
36
36
36
36
36
36
36
36
37
37
37
37
37
37
37
37
37
37
37
37
37
38
38
38
38
38
38
38
38
38
38
38
38
38
38
38
38
38
38
38
38
38
38
39
39
39
39
39
39
39
39
39
39
39
39
39
39
39
39
39
40
40
40
40
40
40
40
40
40
40
40
40
40
40
40
40
40
40
40
40
40
41
41
41
41
41
41
41
41
41
41
41
41
41
41
41
41
42
42
42
42
42
42
42
42
42
42
42
42
42
42
43
43
43
43
43
43
43
43
43
43
43
43
43
43
43
43
44
44
44
44
44
44
44
44
44
44
44
44
44
44
44
44
44
44
44
44
45
45
45
45
45
45
45
45
45
45
45
45
46
46
46
46
46
46
46
46
46
46
46
46
46
46
46
46
46
46
46
47
47
47
47
47
47
47
47
47
47
47
47
47
47
47
47
47
47
47
47
47
47
47
47
48
48
48
48
48
48
48
48
48
48
48
48
48
48
48
48
48
48
48
48
48
48
49
49
49
49
49
49
49
49
49
49
49
49
49
49
49
50
50
50
50
50
50
50
50
50
50
50
50
50
50
50
50
50
50
50
50
50
50
50
50
50
51
51
51
51
51
51
51
51
51
51
51
51
51
51
51
51
51
51
51
51
51
51
52
52
52
52
52
52
52
52
52
52
52
52
52
52
52
52
52
52
52
52
52
52
52
52
52
52
52
53
53
53
53
53
53
53
53
53
53
53
53
53
53
53
53
53
53
53
53
53
53
53
53
53
53
53
54
54
54
54
54
54
54
54
54
54
54
54
54
54
54
54
54
54
54
54
54
54
55
55
55
55
55
55
55
55
55
55
55
55
55
55
55
55
55
55
55
56
56
56
56
56
56
56
56
56
56
56
56
56
56
57
57
57
57
57
57
57
57
57
57
57
57
57
57
57
57
57
57
57
57
58
58
58
58
58
58
58
58
58
58
58
58
58
58
58
58
58
58
58
58
58
58
58
58
59
59
59
59
59
59
59
59
59
59
59
59
59
59
59
59
59
59
59
59
59
59
59
60
60
60
60
60
60
60
60
60
60
60
60
60
60
60
60
60
60
60
61
61
61
61
61
61
61
61
61
61
61
61
61
61
61
61
61
61
61
61
62
62
62
62
62
62
62
62
62
62
62
62
62
62
62
62
62
62
63
63
63
63
63
63
63
63
63
63
63
63
63
63
63
63
63
63
64
64
64
64
64
64
64
64
64
64
64
64
64
64
64
64
64
64
64
64
64
64
65
65
65
65
65
65
65
65
65
65
65
65
65
65
65
65
65
65
65
66
66
66
66
66
66
66
66
66
66
66
66
66
66
66
66
66
67
67
67
67
67
67
67
67
67
67
67
67
67
67
67
67
67
67
67
67
67
67
67
67
67
67
67
68
68
68
68
68
68
68
68
68
68
68
68
68
68
68
68
68
68
68
68
68
68
69
69
69
69
69
69
69
69
69
69
69
69
69
69
69
69
69
69
69
70
70
70
70
70
70
70
70
70
70
70
70
70
70
70
70
70
70
70
70
70
70
70
70
70
70
70
70
70
70
71
71
71
71
71
71
71
71
71
71
71
71
71
71
71
71
71
71
71
71
71
71
71
71
71
72
72
72
72
72
72
72
72
72
72
72
72
72
72
72
72
72
72
72
72
72
72
72
72
72
72
72
73
73
73
73
73
73
73
73
73
73
73
73
73
73
73
73
73
73
73
73
74
74
74
74
74
74
74
74
74
74
74
74
74
74
74
74
74
74
74
74
74
74
74
74
74
74
74
74
74
74
74
75
75
75
75
75
75
75
75
75
75
75
75
75
75
75
75
75
75
75
75
75
75
75
75
75
75
75
75
75
76
76
76
76
76
76
76
76
76
76
76
76
76
76
76
76
76
76
76
76
76
76
76
76
77
77
77
77
77
77
77
77
77
77
77
77
77
77
77
77
77
77
77
77
77
77
77
77
77
77
77
77
78
78
78
78
78
78
78
78
78
78
78
78
78
78
78
78
78
78
78
78
78
78
78
78
79
79
79
79
79
79
79
79
79
79
79
79
79
79
79
79
79
79
79
79
79
79
79
79
79
79
79
79
79
80
80
80
80
80
80
80
80
80
80
80
80
80
80
81
81
81
81
81
81
81
81
81
81
81
81
81
81
81
81
81
81
81
81
81
81
81
81
81
81
81
82
82
82
82
82
82
82
82
82
82
82
82
82
82
82
82
82
82
82
82
82
82
82
82
82
82
82
82
82
82
83
83
83
83
83
83
83
83
83
83
83
83
83
83
83
83
83
83
83
83
83
83
83
83
83
83
83
84
84
84
84
84
84
84
84
84
84
84
84
84
84
84
84
84
84
84
84
84
84
84
84
84
84
85
85
85
85
85
85
85
85
85
85
85
85
85
85
85
85
85
85
85
85
85
86
86
86
86
86
86
86
86
86
86
86
86
86
86
86
86
86
86
86
86
86
86
87
87
87
87
87
87
87
87
87
87
87
87
87
87
87
87
87
87
87
87
87
87
87
87
88
88
88
88
88
88
88
88
88
88
88
88
88
88
88
88
88
88
88
88
88
88
88
88
88
88
88
88
89
89
89
89
89
89
89
89
89
89
89
89
89
89
89
89
89
89
89
89
89
90
90
90
90
90
90
90
90
90
90
90
90
90
90
90
90
90
90
90
90
90
90
90
90
90
90
90
91
91
91
91
91
91
91
91
91
91
91
91
91
91
91
91
91
91
91
91
91
91
92
92
92
92
92
92
92
92
92
92
92
92
92
92
92
92
92
92
92
92
92
92
92
92
92
92
93
93
93
93
93
93
93
93
93
93
93
93
93
93
93
93
93
93
93
93
93
93
93
93
93
94
94
94
94
94
94
94
94
94
94
94
94
94
94
94
94
94
94
94
94
94
94
95
95
95
95
95
95
95
95
95
95
95
95
95
95
95
96
96
96
96
96
96
96
96
96
96
96
96
96
96
96
96
96
96
97
97
97
97
97
97
97
97
97
97
97
97
97
97
97
97
97
97
97
97
97
97
97
97
97
97
98
98
98
98
98
98
98
98
98
98
98
98
98
98
98
98
98
98
98
98
98
98
98
98
98
98
98
98
98
98
98
98
98
99
99
99
99
99
99
99
99
99
99
99
99
99
99
99
99
99
99
99
99
99
99
99
100
100
100
100
100
100
100
100
100
100
100
100
100
100
100
100
100
100
100
100
100
100
100
100
100
101
101
101
101
101
101
101
101
101
101
101
101
101
101
101
101
101
101
101
101
101
101
102
102
102
102
102
102
102
102
102
102
102
102
102
102
102
102
102
102
102
102
103
103
103
103
103
103
103
103
103
103
103
103
103
103
104
104
104
104
104
104
104
104
104
104
104
104
104
104
104
104
104
104
104
104
104
104
104
105
105
105
105
105
105
105
105
105
105
105
105
105
105
105
105
105
105
105
105
105
105
106
106
106
106
106
106
106
106
106
106
106
106
106
106
106
106
106
106
106
106
106
106
106
107
107
107
107
107
107
107
107
107
107
107
107
107
107
107
108
108
108
108
108
108
108
108
108
108
108
108
108
108
108
108
108
109
109
109
109
109
109
109
109
109
109
109
109
109
109
110
110
110
110
110
110
110
110
110
110
110
110
110
110
110
110
110
110
110
110
110
110
110
111
111
111
111
111
111
111
111
111
111
111
111
111
112
112
112
112
112
112
112
112
112
112
112
112
112
112
112
112
112
112
112
112
112
112
113
113
113
113
113
113
113
113
113
113
113
113
113
113
113
114
114
114
114
114
114
114
114
114
114
114
114
114
114
114
114
114
114
114
115
115
115
115
115
115
115
115
115
115
115
115
115
115
115
115
115
115
115
115
115
116
116
116
116
116
116
116
116
116
116
116
116
116
116
116
116
116
116
116
116
116
116
116
117
117
117
117
117
117
117
117
117
117
118
118
118
118
118
118
118
118
118
118
118
118
118
118
118
118
118
118
118
118
118
119
119
119
119
119
119
119
119
119
119
119
119
119
119
119
119
119
119
119
120
120
120
120
120
120
120
120
120
120
120
120
120
120
120
120
120
120
120
120
121
121
121
121
121
121
121
121
121
121
122
122
122
122
122
122
122
122
122
122
122
122
122
122
122
123
123
123
123
123
123
123
123
123
123
123
123
123
123
123
123
124
124
124
124
124
124
124
124
124
124
124
124
124
124
124
124
124
124
124
124
125
125
125
125
125
125
125
125
125
125
125
125
125
126
126
126
126
126
126
126
126
126
126
126
126
126
126
126
126
127
127
127
127
127
127
127
127
127
127
127
127
127
127
127
127
128
128
128
128
128
128
128
128
128
128
128
128
128
128
128
128
128
129
129
129
129
129
129
129
129
129
129
129
129
129
129
129
129
129
130
130
130
130
130
130
130
130
130
130
130
130
131
131
131
131
131
131
131
131
131
131
131
131
131
131
131
131
132
132
132
132
132
132
132
132
132
132
132
132
132
133
133
133
133
133
133
133
133
134
134
134
134
134
134
134
134
134
134
134
134
134
134
134
135
135
135
135
135
135
135
135
135
135
135
135
135
136
136
136
136
136
136
136
136
136
136
136
136
136
136
136
136
136
137
137
137
137
137
137
137
137
137
137
137
137
137
137
138
138
138
138
138
138
138
138
138
138
138
138
138
138
138
139
139
139
139
139
139
139
139
139
139
139
140
140
140
140
140
140
140
140
140
140
140
140
140
140
141
141
141
141
141
141
141
141
141
141
141
141
141
142
142
142
142
142
142
142
142
142
142
143
143
143
143
143
143
143
143
143
143
143
143
143
143
143
143
143
143
143
143
143
143
143
143
143
143
143
143
144
144
144
144
144
144
144
144
144
144
144
144
145
145
145
145
145
145
145
145
145
145
145
145
145
145
146
146
146
146
146
146
146
146
146
146
146
146
146
146
146
146
146
146
146
147
147
147
147
147
147
147
147
147
147
147
148
148
148
148
148
148
148
148
148
148
148
148
148
148
148
148
148
149
149
149
149
149
149
149
149
149
149
149
149
149
149
149
149
149
149
149
149
150
150
150
150
150
150
150
150
150
150
150
150
150
150
151
151
151
151
151
151
151
151
151
151
151
151
151
151
152
152
152
152
152
152
152
152
152
153
153
153
153
153
153
153
153
153
153
153
153
154
154
154
154
154
154
154
154
154
154
154
154
154
155
155
155
155
155
155
155
155
155
155
155
155
155
155
156
156
156
156
156
156
156
156
156
156
156
156
157
157
157
157
157
157
158
158
158
158
158
158
158
159
159
159
159
159
159
159
159
159
159
159
159
159
160
160
160
160
160
160
160
160
160
160
160
161
161
161
161
161
161
161
161
161
161
161
162
162
162
162
162
162
162
162
162
162
162
162
163
163
163
163
163
163
163
163
163
163
163
163
163
163
164
164
164
164
164
164
164
164
164
164
164
164
165
165
165
165
165
165
165
165
165
165
165
165
165
166
166
166
166
166
166
166
166
166
166
166
166
167
167
167
167
167
167
167
168
168
168
168
168
168
168
169
169
169
169
169
169
169
169
170
170
170
170
170
170
170
170
171
171
171
171
171
171
171
171
171
171
171
172
172
172
172
172
172
172
172
172
172
172
172
172
172
173
173
173
173
173
173
174
174
174
174
174
174
174
174
174
174
174
174
174
174
174
174
174
174
174
174
175
175
175
175
175
175
175
175
175
175
175
175
176
176
176
176
176
176
176
176
176
176
176
177
177
177
177
177
177
177
177
177
177
177
178
178
178
178
178
178
178
178
178
178
178
179
179
179
179
179
179
179
179
179
179
179
179
179
179
179
179
180
180
180
180
180
180
180
180
180
180
180
181
181
181
181
181
181
181
181
181
181
181
181
181
181
181
181
181
181
182
182
182
182
182
182
182
182
182
182
182
182
182
182
183
183
183
183
183
183
183
183
183
183
183
184
184
184
184
184
184
184
184
184
184
184
185
185
185
185
185
185
185
185
185
185
186
186
186
186
186
186
186
186
186
186
186
186
187
187
187
187
187
187
187
187
187
187
187
187
187
187
188
188
188
188
188
188
189
189
189
189
189
189
189
189
189
190
190
190
190
190
190
190
190
190
190
190
191
191
191
191
191
191
191
191
191
191
191
191
191
191
192
192
192
192
192
192
192
192
192
192
192
192
192
192
192
193
193
193
193
193
193
193
193
193
193
194
194
194
194
194
194
194
194
194
195
195
195
195
195
195
195
195
195
195
196
196
196
196
196
196
196
196
196
196
196
197
197
197
197
197
197
197
197
197
197
197
197
197
197
198
198
198
198
198
198
198
198
198
198
198
198
198
198
198
199
199
199
199
199
199
199
199
199
199
200
200
200
200
200
200
200
201
201
201
201
201
201
201
201
202
202
202
202
202
202
202
202
203
203
203
203
203
203
203
203
203
204
204
204
204
204
204
204
204
204
204
204
205
205
205
205
205
205
205
206
206
206
206
206
206
206
206
206
207
207
207
207
207
207
207
207
208
208
208
208
208
208
208
208
208
208
208
208
209
209
209
209
209
209
209
209
209
209
209
209
210
210
210
210
210
210
210
210
210
210
211
211
211
211
211
211
211
211
211
212
212
212
212
212
212
213
213
213
213
213
213
213
213
213
213
214
214
214
214
214
214
214
214
214
215
215
215
215
215
215
215
215
215
215
215
216
216
216
216
216
216
216
216
216
217
217
217
217
217
217
217
217
217
217
218
218
218
218
219
219
219
219
219
219
219
219
220
220
220
220
220
220
220
221
221
221
221
221
221
221
221
221
221
221
222
222
222
222
222
222
222
222
222
222
223
223
223
223
223
223
223
224
224
224
224
224
224
224
224
224
224
224
224
224
225
225
225
225
225
225
225
225
225
225
225
225
225
226
226
226
226
226
226
226
226
226
226
226
227
227
227
227
227
227
227
227
227
228
228
228
228
228
228
228
228
228
229
229
229
229
229
229
229
229
230
230
230
230
230
230
230
231
231
231
231
231
232
232
233
233
233
233
233
233
233
233
234
234
234
234
234
234
234
234
234
235
235
235
235
235
235
236
236
236
236
236
236
236
236
236
236
236
237
237
237
237
237
237
237
237
237
237
238
238
238
238
239
239
239
239
239
239
239
239
240
240
240
240
240
240
240
240
240
240
241
241
241
241
241
241
241
241
242
242
242
242
242
242
242
242
243
243
243
243
243
243
243
243
243
243
243
243
244
244
244
244
244
244
244
244
244
244
244
244
244
245
245
245
245
245
245
245
245
245
245
245
245
245
246
246
246
246
246
246
246
246
247
247
247
248
248
248
248
248
248
248
248
249
249
249
249
249
250
250
250
250
250
250
250
250
251
251
251
251
251
251
251
251
251
251
252
252
252
252
252
252
252
252
252
253
253
253
253
253
253
253
253
253
253
253
253
254
254
254
254
255
255
255
255
255
255
255
255
255
255
256
256
256
256
256
256
256
256
257
257
257
257
257
257
257
257
257
257
257
258
258
258
258
259
259
259
259
259
259
259
259
259
259
259
259
259
260
260
260
260
260
261
261
261
261
261
261
261
261
261
261
262
262
262
262
262
263
263
263
263
263
263
263
263
263
263
263
263
263
263
263
264
264
264
264
264
265
265
265
265
266
266
266
266
266
266
267
267
267
267
267
267
267
267
267
267
267
268
268
268
268
268
268
269
269
269
269
269
269
270
270
270
270
270
270
271
271
271
271
271
271
271
271
271
271
272
273
273
273
273
273
273
273
273
273
274
274
274
274
274
274
274
275
275
275
275
275
276
276
276
276
276
276
276
276
276
276
276
276
277
277
277
277
277
277
277
277
277
278
278
278
278
278
279
279
279
279
280
280
280
280
280
280
280
280
281
281
281
281
281
281
281
282
282
282
282
282
282
282
283
283
283
283
283
283
283
283
283
283
283
283
284
284
284
284
285
285
285
285
285
285
285
285
286
286
286
286
286
286
286
286
286
286
286
286
286
286
287
287
287
287
287
287
288
288
288
289
289
289
289
289
289
289
289
289
289
289
289
290
290
290
290
291
291
291
291
291
291
292
292
292
292
292
292
292
292
292
292
292
292
292
292
292
293
293
293
293
293
293
293
293
293
293
293
294
294
294
294
294
294
294
294
295
295
295
295
295
295
295
296
296
296
296
296
296
297
297
297
297
297
297
298
298
299
299
299
299
299
299
299
300
300
300
300
300
300
300
300
300
301
301
301
301
301
301
301
301
302
302
302
302
302
302
302
303
303
303
303
303
303
303
303
303
304
304
304
304
304
304
304
305
305
305
305
305
305
305
305
306
306
306
306
306
306
306
306
307
307
307
307
307
307
307
307
307
307
307
307
308
308
308
308
309
309
309
309
309
309
310
310
310
310
310
311
311
311
311
311
311
311
311
311
312
312
312
312
312
312
312
312
312
313
313
313
313
313
314
314
314
314
314
314
315
315
315
315
315
315
315
316
316
316
316
316
316
317
317
317
317
317
318
318
318
319
319
319
319
319
319
319
320
320
320
320
320
320
320
320
320
320
321
321
321
321
321
321
321
321
321
321
322
322
322
322
323
323
323
323
323
323
323
323
324
324
324
324
324
325
325
325
325
325
325
325
325
326
326
326
326
327
327
327
327
327
327
328
328
328
328
328
328
328
328
328
328
328
328
328
328
329
329
329
329
329
329
329
330
330
330
330
331
331
331
331
331
332
332
332
332
333
333
333
333
334
334
334
334
335
335
336
336
336
336
336
336
336
336
336
337
337
337
337
337
337
337
337
337
337
337
337
338
338
339
339
339
339
339
340
340
340
340
340
340
340
341
341
341
342
342
342
342
342
342
343
343
343
343
343
343
343
343
344
344
344
344
344
345
345
345
345
345
345
345
345
345
345
346
346
346
346
346
346
346
346
346
347
347
347
347
347
347
347
348
349
349
350
350
350
351
351
351
351
351
352
352
352
352
352
353
353
353
353
353
353
353
354
354
354
354
355
355
355
356
356
356
356
356
357
357
357
357
357
358
358
358
359
359
359
359
359
360
361
361
361
361
362
362
362
362
363
363
363
363
363
363
364
364
364
364
364
365
365
365
365
365
365
366
366
366
366
366
366
366
367
368
368
368
369
369
369
369
369
369
369
370
370
370
371
371
372
372
372
372
372
372
372
372
372
373
373
373
373
374
374
374
374
374
374
374
375
375
376
376
376
376
376
376
377
377
377
377
377
377
377
377
378
378
378
379
379
379
379
379
379
379
379
379
380
380
380
380
380
380
381
381
381
382
382
382
383
383
383
383
383
383
383
384
384
384
384
384
384
385
385
386
386
387
387
387
387
387
387
389
389
389
390
390
390
391
391
392
392
392
393
393
393
393
393
394
394
394
394
394
394
395
395
395
395
395
395
395
395
395
395
396
396
396
396
396
396
396
396
397
397
397
398
398
398
398
398
398
398
400
400
400
400
400
400
401
401
402
402
402
402
402
402
402
403
403
403
403
403
403
404
404
404
405
405
405
405
405
405
405
405
406
406
406
406
406
406
407
407
407
407
407
408
408
408
408
408
409
409
409
410
410
410
410
411
411
411
411
412
412
412
412
412
412
413
413
413
413
413
414
414
414
415
415
416
416
416
416
417
417
417
417
417
417
417
418
418
418
418
418
418
419
419
419
419
420
420
420
421
421
421
422
422
422
422
422
422
422
423
423
423
423
423
423
424
424
424
424
425
425
425
425
425
426
426
426
426
426
427
427
427
427
428
428
428
429
429
429
430
430
430
430
430
431
431
432
432
433
433
433
433
434
434
434
434
434
435
435
435
435
436
437
437
437
437
438
438
438
438
439
439
440
440
440
441
441
441
441
441
441
442
442
442
442
443
443
443
443
443
444
444
444
445
445
445
445
445
446
446
446
446
446
447
447
447
447
447
447
447
448
448
448
448
448
448
449
449
449
450
450
450
450
450
450
450
450
451
451
451
451
451
451
452
452
452
453
453
453
453
453
454
454
454
455
455
455
455
455
455
455
455
456
456
456
456
456
456
457
457
457
457
458
458
458
458
458
458
458
459
459
459
459
459
459
459
460
460
460
460
460
460
461
461
461
461
462
462
462
462
462
463
463
463
463
463
464
464
464
465
465
465
465
465
465
466
466
467
467
467
467
467
467
467
467
468
468
468
468
468
469
469
469
469
470
470
470
471
471
472
472
472
472
472
472
472
472
473
473
473
474
474
474
475
475
476
476
476
476
477
477
477
477
478
478
478
479
479
479
479
479
479
480
480
481
481
481
481
482
482
482
482
483
483
483
483
484
484
484
485
485
485
485
485
485
486
486
487
487
487
488
488
488
488
488
488
488
488
488
490
490
490
490
490
491
491
492
492
492
493
493
494
494
494
495
495
495
495
495
495
495
496
496
497
497
497
497
497
497
497
498
498
499
499
499
499
499
500
500
500
500
501
501
501
501
502
502
502
502
502
502
503
503
503
503
503
503
504
504
505
505
505
505
505
505
506
507
507
507
507
507
507
508
508
509
509
510
510
510
510
511
512
512
512
513
513
513
513
513
513
514
514
514
515
515
516
516
516
516
516
517
517
517
517
517
517
517
517
518
518
518
518
518
519
519
519
519
519
519
519
519
520
520
520
520
520
520
520
521
521
522
523
523
523
523
523
524
524
524
524
524
524
524
524
525
525
525
525
526
526
527
527
527
528
528
528
528
528
528
528
528
528
529
529
529
529
529
529
529
529
529
530
530
530
530
530
530
531
531
531
531
531
531
532
532
532
532
532
533
533
533
533
533
533
534
534
534
534
535
535
535
535
536
536
537
537
537
537
537
538
538
538
538
538
539
539
540
540
541
541
541
541
542
542
543
543
543
543
543
544
544
544
544
544
544
545
545
545
546
547
547
547
548
548
548
549
549
549
549
550
550
550
550
550
551
551
552
552
552
552
553
553
554
554
554
554
554
555
555
556
556
557
557
557
557
558
558
558
558
559
559
559
559
559
559
560
560
560
561
561
561
561
562
562
563
563
564
564
564
564
565
565
565
565
565
566
566
568
568
568
568
568
569
569
569
569
570
570
570
570
571
571
571
571
571
571
571
572
572
572
572
573
573
573
573
574
574
574
575
575
575
575
575
576
576
577
577
577
578
578
578
579
580
580
580
580
581
581
582
582
582
583
583
583
584
584
585
585
585
585
585
586
586
586
586
586
586
586
586
587
587
588
588
589
589
589
590
590
590
591
591
591
591
591
591
592
592
592
593
593
593
593
594
594
594
594
595
596
596
597
598
598
598
598
598
598
599
599
599
599
599
599
600
600
600
600
600
600
601
602
602
602
602
602
602
602
602
603
603
603
603
603
604
604
605
605
605
605
605
605
605
606
606
606
606
606
606
607
607
607
608
608
608
608
609
609
609
610
610
610
610
610
611
611
612
612
612
612
612
612
612
612
612
613
613
613
613
613
613
613
613
613
613
613
614
614
615
615
615
615
615
616
616
616
617
617
617
618
618
618
619
619
619
619
620
620
620
621
621
622
622
623
624
625
625
625
625
626
626
626
626
627
627
627
628
628
628
628
628
628
628
628
628
630
630
630
630
631
631
631
632
632
632
632
632
633
633
634
634
634
635
635
635
635
635
636
636
637
637
638
638
638
639
639
639
639
639
639
640
640
641
642
642
642
643
643
644
644
644
645
645
645
645
646
646
646
646
647
647
649
649
649
649
649
649
649
649
650
650
650
651
651
652
652
652
653
653
653
653
653
654
654
654
655
655
655
656
656
656
656
657
657
657
658
658
658
658
659
659
659
659
659
660
661
661
661
662
662
662
662
663
664
664
666
666
666
668
668
668
668
669
669
670
671
671
672
672
673
673
673
674
674
675
675
675
675
675
675
676
676
676
676
679
679
680
680
680
681
681
682
682
683
683
683
684
684
684
684
684
684
685
685
685
687
688
688
689
689
689
689
689
689
690
690
690
691
691
691
691
692
693
693
694
694
694
694
695
695
695
695
695
695
695
696
697
697
697
697
698
698
698
699
699
699
700
700
700
700
701
701
702
702
702
704
705
705
706
706
706
707
707
708
708
708
710
710
710
710
710
710
711
711
711
711
711
712
712
712
713
713
714
715
715
715
715
716
717
717
717
717
718
719
720
721
722
722
723
724
725
725
725
726
727
727
727
727
728
728
728
729
729
729
729
731
731
732
732
732
732
733
733
734
734
735
736
737
737
738
738
738
738
739
741
742
742
744
744
745
745
745
746
747
748
748
748
749
749
749
749
749
751
751
752
753
755
757
757
758
758
759
759
759
759
759
760
760
760
761
761
762
763
763
763
763
764
764
764
764
765
766
766
767
767
767
768
769
769
769
769
769
770
771
772
772
772
772
772
773
774
775
776
776
777
777
778
779
779
780
780
780
780
781
781
781
782
784
785
785
785
785
786
786
786
787
788
788
788
788
788
789
789
791
792
792
792
793
793
794
794
795
795
796
797
797
797
798
798
799
799
799
799
800
800
800
800
801
802
802
802
802
802
802
803
803
805
805
805
806
806
807
807
807
808
808
808
809
809
811
812
812
813
813
813
813
813
814
815
815
815
816
816
816
816
817
817
817
817
818
818
819
820
820
820
822
822
822
822
823
823
823
823
824
825
826
826
826
826
826
826
826
827
827
828
828
828
829
830
830
831
832
832
833
833
833
834
835
835
836
837
838
838
838
838
838
839
840
840
840
840
841
841
841
842
842
843
843
843
843
843
843
844
845
845
845
846
847
848
848
849
849
850
850
851
851
851
852
852
852
853
854
854
855
856
856
856
856
857
857
858
858
860
860
861
861
861
861
863
863
863
863
863
863
865
865
865
865
865
866
866
866
867
867
867
869
870
870
870
870
871
871
872
873
873
873
874
874
875
875
875
876
876
877
877
878
878
878
881
881
881
881
882
882
882
882
883
883
883
883
883
884
885
885
887
887
887
888
888
888
889
890
890
890
890
890
891
891
891
892
893
893
894
894
895
895
895
896
896
896
897
897
897
898
899
900
900
901
901
901
902
902
902
903
903
903
904
904
904
905
906
906
906
907
907
908
909
909
911
911
911
911
911
911
912
912
914
915
915
917
917
917
919
919
919
919
920
921
921
921
921
922
923
923
923
924
924
924
924
925
926
926
926
927
927
927
927
929
929
930
930
930
930
931
931
932
932
932
932
933
933
933
933
933
934
936
936
936
936
937
937
938
938
939
939
939
939
939
940
941
941
941
941
942
942
943
943
943
944
945
948
948
948
950
951
951
952
952
953
953
953
954
954
954
954
956
956
956
956
956
957
957
958
958
958
958
958
959
959
959
960
960
960
961
961
962
962
962
963
964
966
966
966
967
967
967
968
968
968
969
969
969
970
970
970
971
971
972
972
972
973
973
973
974
974
976
976
977
977
977
978
979
979
979
979
980
980
980
981
982
983
983
985
985
985
985
986
986
987
987
987
987
988
988
988
988
989
989
990
992
992
993
994
995
996
996
997
998
999
1000
1000
1000
1002
1002
1003
1004
1004
1005
1005
1005
1005
1005
1005
1005
1006
1007
1007
1007
1007
1007
1008
1008
1008
1008
1009
1009
1009
1010
1010
1010
1012
1012
1012
1012
1014
1014
1014
1015
1016
1017
1017
1017
1017
1019
1019
1020
1020
1021
1021
1021
1022
1023
1024
1024
1026
1026
1027
1027
1028
1028
1029
1029
1029
1030
1030
1030
1030
1031
1032
1033
1033
1034
1034
1035
1035
1036
1036
1037
1038
1038
1039
1039
1040
1041
1042
1042
1042
1045
1045
1046
1046
1047
1047
1048
1048
1049
1049
1049
1049
1049
1050
1051
1051
1051
1052
1053
1054
1055
1056
1056
1057
1057
1057
1057
1058
1058
1060
1060
1060
1061
1061
1061
1062
1063
1064
1064
1064
1065
1065
1066
1066
1067
1067
1067
1067
1067
1067
1067
1070
1071
1071
1071
1071
1072
1072
1073
1073
1074
1075
1075
1076
1076
1077
1077
1078
1078
1078
1079
1079
1079
1080
1080
1080
1081
1081
1082
1082
1084
1085
1085
1086
1086
1086
1087
1087
1087
1088
1089
1090
1090
1090
1092
1092
1092
1094
1096
1096
1097
1097
1098
1098
1098
1098
1098
1099
1099
1101
1102
1102
1103
1103
1104
1104
1105
1105
1105
1106
1108
1108
1109
1109
1109
1111
1111
1112
1116
1116
1118
1119
1121
1121
1122
1123
1123
1124
1124
1124
1125
1126
1126
1127
1128
1128
1128
1130
1130
1130
1130
1130
1131
1131
1131
1132
1132
1132
1132
1132
1133
1133
1133
1133
1134
1134
1135
1135
1136
1136
1136
1137
1137
1137
1138
1139
1139
1139
1139
1139
1139
1140
1140
1141
1141
1141
1141
1141
1142
1143
1143
1144
1144
1144
1145
1145
1146
1146
1146
1146
1146
1147
1147
1147
1149
1149
1150
1150
1152
1152
1152
1152
1153
1153
1154
1156
1157
1157
1157
1157
1158
1158
1158
1159
1159
1159
1159
1160
1160
1160
1161
1161
1162
1162
1163
1163
1163
1164
1164
1165
1165
1165
1166
1167
1167
1168
1168
1168
1168
1169
1169
1169
1170
1171
1172
1172
1173
1173
1174
1175
1175
1176
1176
1176
1176
1177
1177
1178
1179
1179
1179
1179
1180
1180
1180
1180
1181
1181
1182
1183
1184
1184
1185
1185
1185
1185
1186
1188
1189
1189
1189
1190
1190
1191
1191
1191
1191
1192
1194
1194
1194
1195
1195
1197
1197
1197
1198
1199
1200
1201
1201
1201
1201
1203
1203
1204
1205
1205
1205
1205
1205
1206
1206
1207
1207
1207
1207
1209
1211
1212
1213
1214
1214
1214
1216
1216
1218
1218
1219
1219
1219
1219
1220
1220
1222
1223
1223
1223
1224
1225
1225
1227
1227
1227
1227
1228
1228
1230
1230
1230
1231
1231
1231
1232
1233
1233
1233
1233
1233
1234
1234
1235
1236
1236
1236
1237
1238
1238
1238
1238
1238
1240
1240
1241
1241
1241
1242
1242
1242
1243
1243
1244
1244
1245
1245
1245
1246
1246
1246
1247
1247
1247
1248
1249
1249
1250
1250
1254
1254
1255
1255
1256
1257
1257
1257
1259
1259
1260
1260
1262
1262
1263
1263
1264
1264
1264
1264
1265
1267
1267
1267
1267
1268
1268
1269
1269
1269
1270
1270
1271
1272
1272
1272
1272
1273
1274
1275
1275
1276
1276
1276
1276
1277
1277
1277
1278
1279
1280
1280
1282
1284
1284
1285
1285
1285
1287
1289
1289
1289
1290
1290
1290
1291
1292
1292
1293
1294
1294
1294
1295
1296
1298
1299
1299
1299
1300
1301
1302
1303
1303
1304
1304
1304
1305
1305
1305
1305
1306
1307
1307
1308
1311
1312
1313
1314
1314
1314
1314
1316
1316
1316
1317
1317
1317
1319
1319
1319
1320
1320
1321
1323
1325
1326
1326
1326
1326
1327
1327
1328
1328
1329
1329
1329
1329
1329
1330
1330
1332
1334
1335
1335
1336
1336
1336
1336
1339
1339
1340
1342
1343
1343
1344
1344
1346
1349
1350
1350
1350
1352
1352
1352
1353
1354
1354
1355
1355
1355
1355
1356
1357
1357
1358
1359
1359
1360
1361
1361
1361
1362
1362
1364
1366
1367
1368
1369
1369
1369
1370
1371
1371
1372
1373
1375
1375
1376
1376
1376
1377
1378
1379
1381
1381
1381
1381
1382
1383
1385
1385
1386
1387
1389
1389
1389
1390
1391
1392
1393
1394
1395
1396
1398
1398
1398
1399
1399
1399
1399
1401
1403
1403
1403
1403
1404
1404
1404
1404
1404
1406
1406
1406
1407
1408
1408
1411
1412
1413
1414
1414
1415
1418
1422
1424
1426
1426
1427
1431
1431
1431
1432
1433
1434
1436
1436
1438
1439
1439
1439
1440
1443
1444
1444
1447
1448
1449
1449
1449
1450
1450
1451
1451
1452
1454
1454
1455
1455
1455
1456
1456
1458
1459
1460
1460
1461
1462
1462
1463
1464
1466
1468
1470
1474
1476
1476
1478
1478
1478
1478
1478
1479
1481
1481
1482
1482
1482
1484
1484
1484
1484
1485
1486
1488
1492
1493
1493
1494
1495
1497
1498
1505
1505
1507
1508
1509
1510
1511
1512
1514
1515
1516
1516
1516
1517
1521
1521
1522
1522
1522
1523
1523
1523
1524
1526
1528
1530
1531
1531
1532
1532
1532
1534
1534
1534
1535
1535
1536
1536
1536
1536
1540
1544
1545
1545
1549
1550
1550
1550
1552
1552
1555
1555
1555
1557
1558
1558
1558
1560
1561
1562
1564
1564
1566
1567
1567
1567
1571
1573
1573
1574
1575
1575
1576
1576
1577
1577
1579
1579
1582
1584
1584
1587
1588
1589
1592
1595
1595
1595
1597
1597
1597
1597
1598
1601
1604
1604
1605
1605
1606
1607
1608
1609
1609
1609
1610
1612
1613
1617
1618
1618
1619
1620
1621
1622
1622
1626
1626
1626
1627
1629
1630
1635
1635
1637
1637
1638
1639
1639
1639
1642
1643
1644
1644
1645
1645
1646
1646
1646
1646
1647
1648
1648
1649
1649
1649
1650
1651
1651
1651
1651
1652
1652
1652
1653
1655
1655
1655
1656
1656
1656
1656
1657
1658
1658
1658
1659
1660
1662
1663
1664
1664
1664
1668
1671
1674
1674
1675
1675
1676
1677
1678
1679
1680
1680
1680
1680
1681
1681
1683
1685
1685
1687
1688
1689
1689
1690
1692
1692
1693
1693
1693
1693
1694
1697
1697
1698
1700
1702
1702
1702
1703
1703
1705
1706
1706
1707
1707
1711
1712
1713
1714
1714
1714
1715
1716
1716
1716
1716
1717
1717
1717
1717
1721
1722
1722
1722
1724
1724
1725
1725
1727
1727
1728
1729
1729
1729
1730
1731
1731
1731
1732
1733
1734
1735
1736
1737
1737
1737
1738
1738
1738
1738
1739
1739
1740
1740
1740
1740
1741
1742
1742
1743
1743
1743
1744
1746
1746
1746
1749
1750
1753
1755
1755
1756
1756
1757
1758
1758
1760
1761
1762
1763
1766
1767
1769
1769
1769
1770
1771
1771
1772
1774
1776
1777
1778
1779
1780
1781
1781
1782
1782
1782
1783
1783
1783
1783
1784
1785
1786
1788
1790
1790
1790
1790
1791
1792
1793
1794
1794
1794
1797
1797
1800
1800
1801
1802
1802
1804
1806
1807
1807
1808
1808
1809
1810
1810
1812
1812
1815
1819
1822
1822
1823
1824
1824
1825
1825
1826
1826
1827
1827
1828
1828
1829
1830
1832
1833
1834
1834
1835
1835
1836
1837
1838
1838
1838
1838
1838
1841
1841
1842
1843
1845
1845
1847
1849
1850
1851
1851
1852
1853
1855
1855
1855
1856
1857
1858
1858
1858
1860
1860
1860
1862
1863
1864
1864
1865
1865
1866
1866
1868
1868
1870
1871
1873
1874
1875
1876
1876
1877
1879
1879
1881
1882
1883
1886
1887
1888
1890
1891
1892
1892
1893
1893
1894
1894
1894
1895
1895
1896
1897
1898
1901
1901
1902
1902
1903
1903
1904
1904
1905
1906
1906
1906
1907
1907
1908
1909
1909
1909
1910
1911
1911
1912
1912
1913
1913
1914
1915
1915
1917
1917
1918
1919
1919
1919
1919
1920
1921
1921
1921
1922
1923
1923
1923
1923
1925
1926
1928
1929
1930
1931
1931
1932
1932
1933
1937
1937
1937
1937
1938
1939
1941
1941
1942
1942
1943
1943
1944
1945
1945
1945
1946
1946
1947
1947
1947
1947
1948
1950
1950
1952
1953
1953
1954
1955
1955
1955
1955
1955
1956
1956
1960
1961
1962
1962
1963
1965
1966
1966
1967
1968
1970
1970
1970
1971
1972
1973
1974
1977
1979
1979
1981
1981
1982
1984
1984
1989
2072
2495
2516
2554
2687
2730
2877
2908
2992
3158
3235
3288
3309
3502
3871
3944
