Primero viene la cantidad (n) de timestamps para ambos, luego n líneas que son un timestamp aproximado cada uno separado por una coma (',') del error, y luego n lineas de las transacciones del sospechoso
8505
30,29
87,26
208,39
326,37
707,3
1444,14
72,47
119,27
209,29
452,8
939,27
1855,22
3,2
67,50
118,20
190,35
447,49
904,34
1741,28
44,30
66,22
191,8
314,3
716,10
1378,18
89,4
164,32
308,21
619,26
1211,3
8,7
77,6
118,15
245,26
547,1
1057,7
21,19
114,21
195,32
367,9
712,13
1507,25
8,7
105,10
147,22
344,22
664,19
1304,44
5,4
19,12
91,24
147,25
353,19
634,44
1280,36
19,18
74,46
123,44
304,1
534,42
1065,19
73,7
165,25
246,29
563,41
1147,31
8,2
49,43
88,2
191,49
346,21
757,49
1453,5
55,38
110,16
244,38
503,18
923,18
1853,38
17,6
109,15
203,29
375,3
800,35
1557,28
83,15
90,47
274,23
528,22
1048,5
13,12
15,14
89,22
123,11
272,32
520,2
1082,46
37,3
39,28
77,28
185,10
404,17
783,35
1600,40
39,38
67,15
143,7
310,20
588,13
1232,30
90,8
176,17
363,33
697,20
1350,5
19,11
49,42
81,40
171,1
392,44
753,49
1485,46
48,39
49,27
173,5
276,6
602,48
1150,18
39,38
69,29
172,11
295,6
648,26
1265,2
23,1
88,32
211,34
410,47
750,25
1510,8
37,5
115,20
193,27
399,40
837,4
1593,28
90,39
108,32
286,35
561,14
1117,5
56,19
116,45
181,12
399,18
765,34
1596,13
101,7
163,31
323,16
641,48
1285,14
81,26
128,20
307,44
595,9
1134,13
76,2
77,26
203,16
377,48
795,28
1529,1
86,5
130,43
282,42
554,13
1117,39
51,44
84,9
190,44
412,42
824,16
1618,29
65,11
69,28
154,50
358,21
683,8
1398,49
48,5
121,3
201,10
468,36
880,40
1782,5
51,1
52,36
129,44
330,15
648,8
1271,32
27,14
28,7
148,36
299,17
511,35
1100,31
59,11
129,30
256,47
545,14
999,18
1901,40
16,15
87,4
171,44
346,27
648,32
1338,23
73,45
135,14
286,41
589,11
1139,4
95,36
141,10
334,42
660,8
1262,24
50,12
122,11
181,49
378,24
763,32
1541,26
91,33
154,20
270,24
611,5
1197,22
24,9
109,42
193,39
426,31
834,27
1669,25
64,38
65,11
132,28
328,50
688,18
1368,17
28,27
98,7
138,39
288,19
562,9
1126,21
96,49
124,39
236,22
469,40
969,38
1980,1979
37,36
129,19
179,32
421,3
792,41
1572,28
94,41
175,2
352,27
690,20
1364,4
30,29
82,19
181,8
340,20
725,9
1359,44
3,2
65,26
112,29
278,36
523,45
1056,23
18,16
21,20
52,34
162,22
300,23
561,36
1178,18
46,20
114,33
259,17
451,11
901,49
1856,33
100,8
133,38
294,43
592,48
1160,16
63,33
133,3
276,29
561,39
1069,10
88,38
90,43
276,36
547,43
1072,23
53,3
133,50
268,24
483,34
1009,20
1998,1997
74,9
117,3
272,35
511,12
1028,2
64,16
151,24
289,46
536,19
1079,46
92,6
155,10
323,1
648,26
1249,44
61,21
76,19
202,34
437,4
794,30
1577,42
53,47
92,48
203,50
354,46
761,2
1514,21
33,32
34,18
146,14
278,7
545,38
1125,13
90,26
116,7
255,41
517,46
989,7
1917,21
38,10
136,35
251,20
435,9
872,43
1795,25
7,6
29,8
43,3
110,36
197,11
411,4
886,12
1734,5
3,2
102,38
185,28
318,44
631,48
1244,44
40,39
50,18
181,44
273,42
559,9
1134,44
81,13
130,5
222,30
526,12
994,34
1954,32
37,36
96,49
163,22
297,31
624,25
1255,18
68,1
113,29
275,31
540,23
1058,27
15,1
84,34
184,28
285,49
603,26
1269,39
56,19
89,37
177,41
375,34
740,45
1508,33
20,19
116,11
203,1
438,14
828,14
1622,18
48,47
91,38
196,39
341,44
715,15
1410,12
15,13
75,7
115,31
208,7
494,33
982,5
1988,1987
10,9
13,12
101,29
205,9
415,11
767,42
1517,44
7,6
71,3
123,24
233,5
448,23
925,13
1883,29
52,48
147,14
245,19
528,37
1051,40
24,23
83,5
122,22
316,12
620,38
1198,24
73,29
120,49
246,34
517,32
991,35
1925,45
2,1
45,9
69,7
136,29
349,34
623,38
1241,42
76,18
154,40
329,47
564,36
1129,48
81,3
133,6
216,7
501,45
958,50
1979,1978
67,28
89,38
193,30
432,1
832,27
1674,14
57,10
148,45
298,44
558,36
1136,48
26,25
103,4
136,40
283,31
574,36
1144,22
74,18
159,11
298,3
588,7
1172,29
68,20
95,7
225,13
483,42
907,6
1800,39
59,19
71,47
133,20
323,43
681,4
1268,37
28,27
75,5
113,32
239,20
544,41
1033,25
5,4
89,34
100,7
245,18
510,11
1028,24
1990,3
35,6
102,23
174,32
368,28
683,9
1386,27
66,46
82,10
171,47
394,20
735,15
1489,9
91,18
101,35
276,11
489,39
1015,44
1987,1986
88,36
187,38
291,28
657,36
1277,14
13,3
79,18
140,2
241,25
533,19
1047,41
82,34
172,9
341,17
616,23
1226,37
18,17
101,31
198,2
360,25
705,48
1443,19
65,43
128,27
271,21
550,45
1063,8
76,35
92,15
232,34
414,20
908,2
1819,34
78,1
168,24
261,5
596,8
1139,45
15,14
32,28
98,32
210,33
401,50
769,1
1543,34
32,13
49,7
134,21
307,36
557,27
1179,29
79,8
137,16
249,3
496,44
1001,20
1989,1988
83,12
160,16
252,36
510,13
1096,1
66,49
97,8
248,5
413,12
825,1
1682,22
27,13
48,33
166,27
316,30
630,9
1234,6
9,3
106,15
159,35
349,5
682,23
1376,12
67,35
109,25
233,29
430,7
882,48
1776,12
44,15
140,19
237,35
427,19
888,38
1792,3
46,38
52,18
140,34
252,26
534,50
1099,25
14,13
18,17
111,46
160,16
399,47
801,27
1528,31
30,29
113,35
216,40
370,14
747,27
1571,23
58,50
143,48
277,14
531,18
1046,41
101,47
115,7
221,50
525,41
995,14
1986,1985
38,28
114,15
238,16
450,25
928,22
1861,4
100,19
125,20
261,4
580,34
1071,14
90,18
133,31
324,48
640,1
1240,44
22,21
120,27
163,4
307,2
633,31
1256,33
52,1
79,7
216,37
367,16
735,30
1480,25
52,40
82,3
161,25
340,49
702,27
1343,28
19,18
115,28
147,10
327,35
616,14
1260,39
97,34
139,17
277,3
599,8
1173,7
7,6
9,8
55,20
82,31
177,22
333,13
759,6
1468,6
15,14
51,2
157,22
251,19
569,6
1102,12
48,44
124,42
224,29
409,44
851,12
1742,39
40,36
45,44
135,28
295,20
590,48
1138,31
47,46
73,45
188,9
401,22
809,20
1606,40
92,39
164,8
329,13
648,23
1322,4
100,9
135,5
273,50
607,3
1149,9
75,9
85,12
223,2
389,37
833,36
1610,11
93,12
185,5
360,15
680,31
1366,15
53,36
144,30
237,16
453,6
961,34
1918,6
64,6
109,41
181,15
416,33
808,11
1616,24
34,25
57,26
148,10
331,18
605,2
1221,26
13,1
78,19
153,11
256,45
504,40
1094,14
87,41
151,32
243,11
547,37
1113,15
57,15
138,26
248,40
456,23
916,35
1857,44
21,3
114,7
233,14
386,46
837,33
1606,39
71,20
88,49
242,35
501,18
980,19
1974,1973
92,48
152,29
261,24
519,10
1114,8
28,14
43,34
163,28
302,20
614,10
1247,40
51,39
77,14
191,23
387,19
768,31
1563,39
84,24
136,40
241,20
523,18
1060,37
57,9
89,2
173,3
334,32
736,19
1391,3
38,37
99,46
191,45
425,22
824,38
1604,4
29,16
58,43
154,3
272,46
516,12
1104,16
81,27
126,1
231,28
492,9
950,17
1972,1971
100,29
105,20
263,41
485,22
987,33
1928,5
11,10
20,12
37,4
146,48
275,39
537,47
1074,2
85,39
100,23
238,1
489,35
929,6
1915,2
45,16
121,27
251,5
424,48
886,50
1784,41
43,39
128,3
206,14
440,25
883,18
1719,38
49,47
62,7
190,42
359,14
741,13
1427,5
12,4
53,47
138,10
256,50
532,9
1001,10
1947,23
6,5
28,27
62,39
167,24
332,27
603,4
1295,46
70,6
170,16
250,24
553,5
1142,29
20,19
72,45
174,22
279,16
583,40
1135,20
59,7
91,36
251,18
406,47
870,45
1688,38
41,40
94,34
205,42
388,14
820,48
1594,30
15,14
53,17
105,50
175,21
400,13
759,16
1592,42
68,23
77,29
173,46
392,17
799,14
1552,26
100,11
159,44
328,2
596,5
1271,14
71,32
82,4
217,10
371,29
835,8
1631,37
33,23
104,10
236,49
400,9
846,10
1661,17
73,29
127,35
286,38
544,27
1106,8
16,15
93,23
129,40
331,17
655,39
1291,26
1,0
56,35
154,26
283,16
518,27
1073,27
41,14
119,30
171,36
337,30
747,49
1457,13
56,12
85,30
235,16
424,3
803,18
1695,39
54,13
75,11
163,45
344,32
723,38
1395,39
78,11
129,15
240,48
508,28
991,47
1972,1971
18,17
99,34
120,27
266,5
529,8
1035,19
32,15
115,30
215,11
452,37
819,4
1653,33
56,19
79,10
236,23
399,6
772,36
1636,28
16,15
95,42
165,12
333,4
645,38
1336,8
7,4
97,15
145,1
345,50
645,23
1267,27
57,13
76,9
134,30
283,44
623,2
1232,23
46,42
55,9
139,29
276,2
534,36
1082,25
33,7
101,10
148,23
298,36
663,21
1289,11
14,13
55,18
89,31
190,13
436,22
825,8
1631,11
32,27
58,7
118,26
290,13
590,20
1138,10
25,24
103,34
186,6
403,34
724,41
1474,28
93,1
166,20
317,29
599,6
1273,8
63,1
133,32
210,6
472,30
968,8
1882,20
94,23
166,11
270,43
600,28
1224,8
82,9
129,45
219,16
457,45
941,25
1925,43
38,28
58,5
146,18
285,27
537,48
1077,2
74,17
125,24
233,9
503,17
975,22
1949,16
3,2
89,3
140,36
295,12
622,34
1243,6
98,19
160,37
298,3
631,26
1189,49
45,23
80,1
198,22
411,43
793,24
1533,41
18,17
104,36
203,18
387,23
763,40
1562,16
11,10
53,47
70,23
174,17
319,12
672,14
1393,29
19,18
28,25
105,31
225,49
405,11
859,13
1669,43
40,29
132,36
192,33
413,42
812,16
1614,22
95,32
135,14
262,37
536,41
1076,4
31,30
130,19
256,41
491,28
964,47
1881,30
39,35
41,4
93,6
222,7
446,47
927,17
1824,35
65,29
163,33
265,38
576,50
1088,23
64,48
158,31
317,20
624,9
1242,24
79,5
119,13
253,4
552,23
1073,40
51,47
94,15
235,36
404,16
840,39
1697,44
11,10
54,6
119,14
189,10
451,9
847,24
1684,27
93,7
161,45
319,47
642,41
1307,2
80,41
154,46
327,4
651,48
1308,4
90,11
146,24
239,31
547,42
1064,43
94,20
137,22
292,17
531,41
1088,18
85,45
161,5
318,41
572,21
1204,46
78,38
128,11
305,31
542,20
1123,42
91,5
153,45
287,19
539,25
1171,41
31,30
92,8
196,7
359,8
687,47
1411,41
91,16
149,20
303,33
545,35
1107,36
7,6
10,9
87,23
155,4
331,1
606,50
1293,17
88,46
165,22
284,35
584,21
1164,4
67,21
103,3
270,4
454,34
977,26
1901,29
85,48
117,37
284,42
497,6
1022,8
44,29
119,25
194,27
362,12
761,3
1506,39
32,31
58,12
188,15
336,31
681,50
1318,31
100,36
181,42
351,4
669,10
1310,35
64,19
128,49
250,29
524,50
1011,7
1980,15
23,22
42,30
138,2
287,31
493,16
986,2
1998,1997
46,45
66,1
146,45
353,9
651,25
1263,17
99,1
141,45
301,35
623,28
1254,12
94,27
132,14
256,8
579,28
1152,39
70,24
98,25
220,7
428,9
827,33
1655,23
59,3
90,31
169,32
334,24
660,9
1316,34
90,42
150,30
275,14
582,22
1130,31
87,2
165,42
280,13
551,19
1129,19
28,17
60,22
96,32
279,30
533,4
1018,29
46,30
83,9
223,47
437,8
811,26
1685,7
33,26
95,29
202,21
365,50
755,4
1490,16
35,31
108,26
169,22
395,21
732,24
1512,46
83,30
114,23
297,17
585,48
1119,12
51,42
138,5
285,46
492,46
1007,38
1979,3
6,5
78,25
171,37
261,12
573,23
1128,5
78,8
79,48
160,33
350,26
717,33
1385,47
7,6
12,10
21,9
62,16
166,24
325,36
654,21
1317,34
7,6
31,27
70,27
185,38
294,11
665,32
1253,35
27,26
128,33
252,1
471,10
951,41
1874,10
62,21
162,50
317,27
588,4
1159,41
55,32
59,45
196,42
344,13
686,30
1369,18
49,42
87,15
212,8
399,12
763,7
1558,39
90,27
136,36
268,40
513,34
1054,27
15,14
21,20
125,6
222,12
408,7
796,26
1677,6
78,28
150,24
316,35
548,21
1117,28
18,17
44,39
116,3
249,46
459,3
952,34
1856,3
73,7
133,31
264,13
512,5
988,49
1966,1965
93,41
140,4
265,32
544,33
1060,2
6,5
27,2
47,21
129,30
222,17
457,24
912,16
1897,21
98,45
135,21
333,29
610,25
1269,11
7,6
28,27
74,34
131,50
262,36
531,1
1124,44
32,25
124,44
202,26
386,6
762,7
1603,39
42,25
105,24
164,17
384,18
749,15
1479,31
5,4
98,40
105,49
252,22
535,32
1044,30
11,10
105,20
201,23
385,46
719,6
1491,23
87,39
139,18
270,17
535,28
1056,9
80,19
103,49
229,15
436,36
938,5
1816,43
25,13
41,13
104,43
244,37
436,16
939,6
1842,16
10,9
47,23
111,34
189,17
361,17
756,31
1520,27
58,26
130,17
226,44
444,47
872,33
1820,12
89,22
156,8
300,5
644,49
1239,46
62,49
117,37
237,50
489,11
914,4
1871,49
60,49
69,35
220,34
370,26
733,35
1471,24
82,6
178,46
309,16
621,17
1204,25
59,43
105,24
263,33
511,11
971,44
1929,17
67,45
87,45
202,50
366,25
748,19
1488,27
38,21
139,36
233,15
458,48
936,1
1877,24
73,33
82,7
249,48
486,29
913,26
1825,15
52,12
107,31
249,12
503,19
938,18
1913,21
65,24
164,24
241,19
558,38
1047,42
47,1
86,13
150,35
343,22
658,13
1340,13
100,50
173,46
356,32
722,19
1417,11
31,2
76,40
115,13
305,28
594,8
1172,37
52,43
62,49
204,3
369,39
746,23
1457,25
67,26
92,35
248,46
462,48
911,19
1850,31
72,41
160,50
301,4
545,47
1141,35
59,16
77,45
221,28
402,42
824,34
1659,26
60,21
102,14
178,11
411,22
819,1
1593,37
4,3
43,16
90,6
158,1
363,41
682,35
1385,31
14,13
80,49
163,28
332,37
653,9
1299,47
61,15
100,21
228,39
402,21
797,40
1659,34
95,5
108,5
247,42
510,36
1021,33
1914,23
11,10
39,24
121,43
192,40
432,11
858,13
1735,30
37,28
71,8
138,3
338,16
662,45
1274,34
81,7
117,11
280,6
544,50
1118,29
75,28
112,20
188,50
449,25
868,25
1783,36
94,45
134,45
247,14
562,44
1113,39
8,7
73,29
123,3
265,7
550,46
1079,47
17,10
89,17
127,41
314,40
645,33
1225,11
9,8
10,9
69,44
166,15
343,23
663,45
1343,6
62,40
78,37
214,37
416,34
843,7
1647,24
35,7
119,35
241,10
398,35
832,7
1705,32
14,13
99,22
154,42
351,39
685,37
1373,25
37,6
67,10
107,49
275,28
536,1
1058,16
98,40
102,48
284,36
493,33
1033,20
39,18
109,42
152,49
320,11
631,29
1307,29
13,12
30,29
59,30
124,9
273,21
578,32
1154,27
46,3
119,12
228,41
426,21
869,12
1777,27
34,5
75,19
208,21
397,37
779,17
1540,34
78,36
93,12
225,47
417,44
912,50
1803,22
94,23
138,31
327,21
644,2
1243,16
21,20
62,28
183,11
277,48
607,25
1191,43
83,35
104,20
274,50
462,19
961,5
1954,22
29,18
111,34
206,48
364,2
771,23
1510,49
18,13
106,22
221,49
381,49
788,15
1543,10
38,30
68,27
126,36
272,4
584,12
1155,33
72,23
167,1
305,21
558,19
1132,29
71,30
109,20
199,35
399,50
839,5
1663,42
78,4
179,40
330,3
593,23
1260,26
45,27
61,2
127,12
271,14
510,8
1078,7
82,39
168,28
267,28
561,37
1099,15
98,33
157,8
301,43
601,13
1255,33
39,10
123,35
231,33
477,13
892,45
1785,19
80,12
85,31
218,2
395,39
784,8
1639,22
32,18
40,9
89,29
178,3
368,17
714,40
1483,33
11,10
63,45
172,3
297,12
571,18
1196,29
65,25
101,24
232,47
417,6
853,11
1747,31
6,5
63,1
103,14
188,46
442,7
896,38
1719,4
75,4
108,19
215,41
426,4
911,13
1768,12
97,36
197,34
324,35
651,7
1299,13
93,9
187,30
349,48
718,30
1433,12
40,39
78,28
136,48
326,49
650,43
1309,12
8,7
24,14
131,44
239,17
496,2
926,36
1925,47
34,18
131,6
266,18
470,2
969,40
1913,5
77,46
105,2
245,44
430,11
922,13
1813,24
101,12
159,49
268,29
628,6
1255,19
68,19
71,3
180,23
362,21
742,46
1516,30
8,7
76,16
134,40
309,33
615,12
1197,32
23,18
29,28
125,14
200,30
441,1
855,26
1747,17
83,34
184,18
319,20
683,21
1315,11
84,16
155,47
315,46
596,40
1162,12
36,35
80,11
128,12
269,7
614,34
1172,4
58,4
93,4
245,25
482,21
978,7
1890,45
76,22
77,1
246,20
493,41
970,17
1927,38
71,2
166,14
310,24
624,12
1245,39
97,23
166,13
305,2
652,21
1244,49
11,10
31,7
51,5
100,2
270,39
537,23
1075,26
82,26
146,41
309,17
598,37
1149,16
96,16
144,39
289,37
624,45
1250,33
85,43
155,38
309,1
602,14
1161,4
78,11
142,47
319,49
582,20
1146,25
87,33
136,17
231,24
532,1
1078,9
100,44
197,22
348,23
699,27
1411,30
84,39
184,25
305,29
654,37
1293,47
33,28
77,5
133,42
273,45
568,39
1132,44
55,4
138,5
269,14
558,10
1033,3
6,5
98,30
117,28
267,48
528,41
1022,38
80,35
107,9
222,18
421,23
900,33
1804,30
97,35
178,47
374,30
713,35
1399,9
58,5
128,15
274,31
488,23
1025,50
1950,9
8,7
34,9
69,19
131,9
281,31
620,45
1208,24
32,16
51,34
153,16
323,29
646,24
1240,3
101,27
177,15
349,40
721,13
1421,43
65,33
159,32
238,42
480,12
1016,22
1936,16
92,1
143,40
301,41
544,22
1150,23
11,10
54,38
74,17
143,49
375,30
700,7
1358,41
80,7
102,49
272,42
531,1
1032,15
83,33
141,45
311,28
614,49
1158,30
30,29
86,6
127,29
286,37
627,15
1245,22
22,21
63,42
148,5
237,15
553,4
1025,22
42,13
127,10
204,19
428,33
804,4
1662,4
86,10
92,8
194,36
450,24
841,6
1703,50
70,49
163,2
246,42
518,44
1087,38
23,22
52,26
88,19
171,18
414,18
841,47
1656,15
80,28
98,33
195,5
457,1
845,5
1687,24
27,26
67,45
140,20
314,32
634,14
1237,19
62,25
80,18
175,43
379,4
705,25
1482,50
16,15
67,44
142,5
269,31
532,33
1125,4
16,15
112,8
146,48
333,32
631,28
1281,23
71,15
87,27
202,14
422,50
799,18
1652,30
3,2
66,30
162,50
322,11
567,30
1146,29
54,23
123,7
229,20
447,8
904,1
1801,8
92,41
100,16
197,42
458,12
871,23
1809,40
79,49
164,15
280,50
587,5
1201,46
79,24
118,47
294,22
585,22
1123,5
81,50
179,17
288,23
612,28
1202,15
91,41
183,8
317,36
670,25
1288,18
13,12
75,34
91,19
244,15
425,41
873,7
1818,7
27,26
96,14
192,38
409,4
821,35
1560,47
100,25
162,9
363,49
643,43
1282,9
8,7
72,25
97,18
232,34
440,26
915,12
1773,12
80,10
104,9
229,47
448,16
950,22
1903,2
75,9
137,40
241,41
550,46
1030,1
6,5
94,10
175,20
331,15
706,22
1345,24
3,2
60,43
115,39
274,33
495,37
976,38
1977,3
51,23
107,45
259,46
516,50
942,21
1900,10
72,44
74,29
162,46
392,33
701,12
1482,47
14,13
53,14
73,42
206,21
406,25
777,15
1595,17
22,15
42,17
92,44
160,43
374,43
701,22
1443,17
62,34
112,34
179,35
393,26
777,35
1574,40
94,29
179,3
327,40
667,49
1273,49
5,4
73,14
179,50
317,9
595,27
1196,34
78,16
102,7
234,6
484,48
942,24
1940,13
48,11
115,47
244,16
496,35
991,32
1935,20
45,13
134,32
223,14
412,16
842,20
1735,21
69,24
107,40
266,33
509,23
1036,4
1938,12
67,4
145,47
275,43
505,20
1056,9
12,11
50,3
162,12
253,13
521,32
1026,43
7,6
68,27
86,49
170,44
416,14
837,29
1588,3
74,42
137,4
279,36
499,14
1051,28
51,5
66,41
143,23
312,27
606,26
1208,36
58,49
149,29
257,5
478,7
994,30
1940,18
25,24
69,13
116,40
279,40
500,50
1032,26
65,49
145,32
275,43
494,42
1002,19
1988,8
28,27
62,4
129,17
291,20
521,22
1121,35
21,9
107,16
195,39
345,41
754,24
1486,49
71,2
160,38
318,20
645,28
1248,40
36,35
81,29
167,30
289,15
610,23
1196,11
90,13
184,15
286,11
650,14
1229,6
85,39
184,36
313,48
638,22
1247,16
14,13
69,12
182,50
339,2
666,40
1295,44
93,24
125,2
244,37
525,1
1042,14
17,3
63,20
153,38
253,17
539,13
1075,20
92,40
138,35
290,16
572,7
1169,11
32,31
117,47
230,39
382,13
791,8
1606,35
19,13
78,32
114,7
312,3
560,49
1166,43
42,19
79,27
197,46
324,22
707,1
1424,36
90,20
153,9
340,40
664,22
1339,40
31,30
92,27
214,31
344,49
770,42
1482,26
34,33
84,36
197,12
366,38
743,20
1440,13
99,29
113,19
303,21
583,36
1160,20
49,24
145,41
267,50
546,24
1062,44
82,45
103,4
231,12
477,7
911,43
1819,27
30,29
66,29
113,2
306,11
583,11
1143,13
52,18
76,22
200,14
340,18
738,18
1415,32
69,1
118,32
249,41
536,36
983,9
1962,37
40,19
126,26
207,11
441,14
870,10
1750,11
22,21
100,20
132,29
339,37
617,21
1213,19
47,18
65,33
131,12
288,35
582,14
1196,11
17,8
117,46
140,19
344,17
635,23
1290,36
6,5
19,18
116,4
186,36
359,28
717,5
1498,37
74,15
174,49
271,11
599,21
1191,7
74,50
158,12
316,29
601,32
1156,49
82,41
177,33
338,47
676,29
1374,32
39,20
118,4
186,42
389,9
790,39
1605,1
31,30
36,24
133,19
214,4
451,17
904,34
1778,38
3,2
28,2
57,1
101,26
265,9
547,3
1011,7
35,34
45,23
132,39
300,14
534,42
1061,14
62,20
78,27
199,2
400,5
797,12
1596,31
73,2
108,44
205,25
443,31
838,14
1757,28
91,28
176,39
351,43
684,30
1317,3
59,15
76,42
140,49
285,43
594,38
1200,25
32,12
43,37
140,33
284,14
585,31
1141,34
76,42
115,49
283,22
559,27
1069,7
66,47
115,48
275,24
521,36
1029,12
38,34
69,10
207,16
350,26
732,28
1450,14
75,50
126,40
266,40
545,37
1041,17
54,16
68,23
184,48
401,7
729,27
1448,16
3,2
64,32
165,14
330,12
631,43
1237,3
69,48
100,48
233,36
403,9
824,21
1669,37
83,22
100,22
250,7
505,1
1004,44
1969,11
84,13
118,21
216,19
476,19
958,29
1877,43
100,40
173,11
372,50
736,1
1405,18
74,10
135,27
237,1
520,10
1018,31
1941,42
90,26
142,49
245,14
534,23
1088,35
95,29
165,33
283,23
616,37
1171,10
23,22
77,11
195,27
371,4
694,15
1415,6
13,7
28,27
73,7
182,43
343,12
664,18
1349,19
79,16
98,21
180,47
383,3
756,36
1509,50
2,1
50,44
82,20
155,28
310,49
638,20
1297,25
90,4
116,33
208,24
488,34
971,2
1913,39
60,50
130,28
246,32
459,12
945,42
1866,1
94,32
166,35
295,25
644,44
1281,17
49,42
128,28
206,42
445,8
925,37
1823,33
67,3
82,2
150,24
346,15
696,15
1408,12
36,2
75,9
154,8
353,39
699,13
1338,50
41,8
112,29
238,6
396,35
872,37
1688,21
96,44
140,3
290,35
548,36
1083,23
2,1
27,24
40,39
155,41
297,2
611,5
1137,34
31,30
109,44
211,18
444,44
812,28
1647,50
33,32
133,36
255,25
511,10
970,10
1916,18
8,7
51,26
116,43
226,34
501,2
989,32
1946,25
75,2
118,36
222,19
487,2
966,2
1916,35
2,1
60,30
122,10
188,3
423,23
828,7
1660,5
85,40
97,23
202,23
410,6
843,10
1673,45
51,32
70,27
124,37
263,15
524,49
1132,5
36,1
38,37
83,23
166,37
359,23
689,17
1375,39
73,50
113,35
232,23
431,20
947,37
1866,2
82,37
171,38
322,12
652,28
1260,10
69,33
94,19
182,17
445,28
811,8
1671,29
41,13
93,4
200,28
421,4
806,2
1582,26
61,2
144,31
294,42
599,27
1145,11
89,8
135,46
325,21
622,37
1260,9
19,18
87,17
114,23
288,16
558,8
1143,6
96,21
124,33
299,15
596,18
1181,46
81,45
150,11
304,11
602,4
1185,24
83,29
145,23
266,12
535,15
1118,24
18,17
108,41
145,16
354,20
668,16
1384,41
77,31
177,9
255,31
571,9
1129,34
10,9
105,15
134,3
345,14
599,17
1209,3
89,16
180,46
369,30
720,3
1383,18
64,7
84,39
208,29
376,20
791,23
1581,21
70,5
168,20
300,31
602,29
1219,49
28,11
121,17
249,34
479,48
900,1
1848,29
93,20
114,45
300,7
521,40
1077,49
95,26
188,27
368,21
731,44
1400,18
69,29
144,8
240,19
545,34
1039,10
62,48
70,44
194,18
372,3
708,31
1469,38
63,16
118,48
268,29
518,36
1034,33
51,46
65,5
213,5
403,45
831,17
1602,16
49,31
67,48
142,18
329,46
628,21
1276,17
12,1
24,4
129,35
242,1
420,23
869,21
1723,8
31,30
92,5
139,40
325,20
666,45
1268,7
82,6
108,18
256,31
471,22
925,33
1885,16
15,14
104,29
215,17
351,3
750,5
1524,26
60,13
81,12
163,42
328,45
636,28
1285,26
23,22
34,5
131,20
193,9
397,15
851,6
1664,14
96,23
127,1
294,1
562,40
1130,2
73,32
74,37
236,1
451,12
836,2
1675,17
57,26
79,44
180,5
403,23
767,30
1494,15
101,11
137,11
269,48
576,36
1121,49
53,24
57,3
210,26
374,29
703,15
1425,21
64,1
67,35
147,43
321,49
608,19
1265,39
27,26
31,30
73,33
187,20
320,9
707,35
1355,28
21,20
25,3
131,24
240,32
490,32
914,32
1829,48
38,37
61,25
190,42
342,2
708,39
1405,4
1,0
57,35
80,28
227,3
393,16
834,30
1634,49
10,9
89,30
117,16
224,39
490,43
959,20
1954,22
32,20
47,39
169,18
306,49
601,23
1233,22
72,11
151,40
295,30
544,41
1149,8
28,15
92,27
125,35
313,49
589,33
1159,14
63,39
119,28
187,8
377,15
779,10
1535,30
95,29
157,3
314,44
663,38
1302,32
23,22
77,32
183,8
314,2
678,11
1357,34
43,42
140,32
269,24
463,39
984,48
1962,10
101,44
202,10
315,2
694,7
1396,10
99,46
107,18
283,43
500,12
990,6
1929,27
53,3
151,24
244,24
499,31
958,35
1909,1
69,48
111,50
193,48
474,22
913,46
1843,23
99,29
196,47
383,49
731,11
1411,43
80,22
146,13
306,46
594,40
1131,48
57,17
134,28
259,5
483,21
990,22
1966,6
24,13
59,37
149,10
310,7
565,17
1126,44
21,20
67,42
187,45
297,32
660,44
1257,32
27,9
127,27
227,42
461,20
860,4
1718,5
67,48
117,2
211,30
492,33
924,35
1866,16
96,35
143,28
244,13
504,4
1069,17
45,38
96,28
180,13
393,31
746,33
1520,38
64,10
119,19
205,6
394,17
880,21
1745,8
99,26
144,36
305,43
599,31
1231,26
15,8
102,34
178,26
345,18
647,49
1331,9
87,36
185,49
304,22
657,43
1311,33
39,23
115,30
213,27
433,25
855,31
1751,12
91,34
177,49
272,40
598,46
1187,12
81,30
136,46
276,19
592,10
1127,18
72,38
152,34
295,4
530,25
1097,15
30,29
92,36
179,18
336,16
638,32
1314,45
66,5
124,7
218,32
439,35
903,8
1846,39
5,4
56,46
152,22
296,4
558,23
1112,15
71,9
159,34
233,28
542,24
1028,40
87,11
89,27
221,4
405,41
835,36
1643,13
68,36
117,25
210,46
490,35
916,3
1843,26
21,20
42,22
131,2
206,46
494,9
972,19
1950,9
55,34
60,24
207,24
408,29
802,15
1583,8
85,6
140,38
277,21
582,40
1105,6
49,18
52,30
147,10
258,49
584,48
1094,17
45,40
124,26
220,45
462,20
922,29
1800,21
83,22
100,14
261,38
533,35
1072,7
66,10
135,24
253,14
551,37
1027,44
98,48
105,46
283,45
490,6
1059,15
87,7
129,15
279,23
561,36
1074,28
62,32
85,44
153,17
351,17
749,47
1431,6
74,37
87,29
246,9
508,8
921,36
1888,2
65,25
120,5
212,6
401,41
824,17
1673,14
51,42
141,24
239,23
477,31
945,41
1857,26
67,11
121,33
267,30
524,3
1063,24
96,21
108,45
267,28
526,49
1068,23
38,32
92,34
173,21
378,34
749,44
1461,26
58,37
117,16
223,6
458,13
892,48
1824,38
34,3
91,22
191,29
317,22
708,47
1393,17
21,20
114,2
185,48
326,38
676,11
1350,46
81,6
125,18
245,19
521,19
1029,11
13,9
29,11
69,29
169,40
377,16
711,7
1370,37
52,9
89,14
219,17
391,28
841,43
1597,45
14,13
98,39
189,46
365,40
695,33
1387,16
7,6
51,10
92,42
244,33
490,33
982,18
1920,13
23,22
34,22
150,28
275,50
483,46
1059,45
77,17
126,22
214,15
418,16
871,13
1802,44
3,2
52,23
88,35
201,2
417,33
782,29
1603,5
24,23
106,29
167,2
339,10
722,42
1455,3
88,20
146,3
315,48
637,43
1243,16
96,35
174,28
280,11
634,8
1236,43
8,7
89,18
194,19
349,45
720,33
1406,47
49,5
105,17
159,27
343,11
720,4
1412,49
30,5
35,2
106,19
248,42
465,41
964,22
1948,34
47,36
108,5
249,13
435,41
862,24
1800,18
71,11
117,14
242,14
497,5
987,46
1925,15
22,21
44,10
134,48
251,15
547,9
1098,26
54,1
132,42
189,30
452,17
837,11
1700,11
99,13
119,14
239,32
541,3
1032,28
101,50
188,38
328,16
671,6
1290,3
89,17
142,19
263,23
554,6
1098,10
67,42
167,37
274,15
531,30
1057,15
71,33
161,19
236,35
533,46
1011,20
64,1
96,40
161,42
407,28
746,45
1516,36
70,10
161,9
328,36
610,26
1259,2
26,8
65,7
154,40
343,18
625,19
1230,33
56,34
58,8
125,2
259,17
523,5
1116,47
15,14
108,30
207,26
357,19
719,11
1416,28
53,41
96,16
186,20
369,50
787,46
1568,28
3,2
54,32
129,30
200,22
445,27
889,6
1772,9
1,0
55,17
154,1
281,21
513,41
1026,3
84,45
111,23
261,11
556,45
1045,10
47,17
119,2
252,40
514,41
950,16
1922,17
93,33
118,32
214,30
498,15
1012,39
1981,1980
91,28
153,21
299,48
622,48
1212,36
86,27
187,13
287,40
658,27
1265,17
19,18
56,35
90,43
196,50
408,36
853,14
1623,46
33,11
121,37
209,50
410,17
802,10
1602,22
85,31
176,16
329,34
606,14
1217,34
19,18
74,28
125,49
269,24
549,44
1133,10
69,26
159,11
297,37
574,37
1140,25
41,12
72,21
151,11
303,30
649,17
1307,32
39,38
121,18
201,25
423,39
828,5
1635,1
40,39
120,50
260,26
466,22
893,37
1794,48
92,32
156,2
286,12
618,46
1184,47
39,29
100,2
194,10
403,4
788,20
1557,39
24,22
124,44
227,28
378,24
789,10
1637,12
76,7
135,34
292,9
539,9
1116,39
74,27
85,5
188,10
389,13
775,42
1598,30
90,29
142,19
255,26
588,45
1089,32
8,7
27,3
83,5
183,47
332,8
658,49
1380,50
52,45
105,36
166,40
393,34
804,50
1604,16
32,21
61,50
174,23
298,39
615,44
1276,12
81,22
85,37
249,10
464,32
920,18
1831,25
46,15
71,11
118,27
242,26
543,12
1074,27
56,33
116,8
242,16
478,24
946,39
1921,4
34,7
96,4
216,47
421,4
797,2
1578,30
88,38
179,4
331,8
634,19
1324,29
34,26
63,10
124,35
308,4
565,16
1135,34
40,21
141,15
253,35
467,14
973,12
1894,1
83,9
89,41
195,27
464,41
861,44
1789,25
32,9
70,18
180,25
348,7
663,44
1369,40
71,43
110,24
282,44
476,48
1012,18
1915,25
55,11
71,31
220,14
368,31
807,1
1541,1
91,48
121,7
272,35
509,24
1083,7
65,22
147,40
236,4
519,9
1033,34
17,16
101,31
209,39
399,17
815,32
1576,3
30,11
50,14
89,37
233,40
463,30
915,50
1873,20
65,36
102,30
253,44
495,22
1009,50
1983,7
30,29
115,22
176,12
349,36
759,17
1464,23
60,28
77,15
216,25
437,24
867,28
1673,25
63,14
101,21
239,4
504,32
967,47
1930,14
76,38
140,32
244,21
539,22
1057,24
33,15
94,39
188,29
383,27
758,12
1485,24
34,33
103,10
193,20
385,8
760,30
1540,47
56,33
94,26
196,16
431,44
829,23
1693,30
86,4
87,19
187,23
429,22
879,19
1764,6
35,34
120,46
157,11
379,6
749,2
1471,41
69,35
130,10
235,12
442,27
911,38
1869,12
85,50
129,6
238,2
527,21
1001,20
1959,1958
40,39
131,40
226,35
458,30
942,26
1851,6
74,20
94,32
178,8
444,32
812,18
1669,35
11,10
33,32
51,46
185,19
340,18
640,28
1309,17
82,1
161,13
333,32
644,37
1268,38
49,10
66,45
139,20
306,44
652,40
1257,2
95,41
125,28
242,34
550,17
1058,22
33,30
87,50
196,22
340,29
700,36
1430,34
55,24
94,35
175,15
379,20
791,50
1537,16
90,47
161,18
266,31
607,21
1132,24
99,38
160,36
318,36
658,34
1329,25
14,13
72,2
143,8
244,20
534,13
1072,32
30,18
130,33
206,7
451,8
823,34
1684,18
51,29
137,7
229,2
450,47
933,13
1847,13
99,45
158,37
301,33
586,15
1158,9
85,11
119,19
256,1
471,12
1024,33
1997,1996
42,40
143,41
186,50
448,37
867,23
1786,33
37,14
94,50
156,36
379,37
759,34
1471,32
60,36
119,30
250,50
518,5
1031,21
1927,1
40,36
140,47
274,4
483,4
979,21
1954,20
69,11
99,14
255,10
440,6
898,24
1787,33
17,16
93,21
140,6
339,4
683,7
1357,1
89,37
176,22
284,3
645,49
1225,21
68,31
137,36
252,25
552,49
1093,46
80,22
133,3
312,41
548,30
1109,5
23,22
33,7
82,10
177,49
355,12
737,17
1479,8
52,16
53,22
110,3
259,25
572,28
1053,48
101,23
194,5
304,37
639,30
1318,46
8,7
41,26
52,12
172,47
292,13
584,8
1240,45
80,10
126,14
292,32
586,20
1150,23
77,24
81,13
228,8
471,29
872,8
1792,22
100,32
142,33
279,31
551,27
1161,45
77,39
177,31
281,10
601,40
1190,26
12,11
88,2
188,33
366,42
656,4
1338,41
9,2
69,44
161,24
255,2
558,46
1080,30
57,28
133,2
256,25
501,9
1001,6
1996,1995
7,6
107,15
184,38
363,21
754,48
1477,5
14,13
66,8
84,42
232,1
449,42
871,48
1778,44
90,38
151,32
285,8
606,21
1135,18
5,4
20,19
63,15
97,10
195,15
404,35
827,5
1677,33
95,35
162,49
290,21
604,14
1197,17
18,17
77,27
149,48
345,17
621,24
1286,35
91,36
94,46
242,28
459,45
888,1
1861,46
19,18
70,30
118,44
299,29
595,34
1116,29
29,16
35,34
118,18
184,13
421,40
862,19
1719,49
41,40
46,14
132,46
232,26
468,35
957,30
1945,30
91,19
157,32
324,15
668,34
1293,44
81,18
103,22
234,39
515,9
1000,14
1953,14
76,15
102,14
238,47
511,29
969,1
1945,40
47,6
126,13
195,38
425,14
872,48
1733,28
28,27
111,42
166,28
403,26
741,4
1528,7
93,11
162,48
289,14
588,43
1164,25
99,10
118,40
253,6
539,4
1110,30
23,21
72,26
125,8
256,40
577,4
1127,46
68,32
95,46
243,42
486,26
980,24
1909,36
67,8
123,7
199,38
400,34
858,9
1696,33
5,4
22,21
119,5
184,40
414,37
816,12
1594,11
28,8
75,22
140,17
318,21
654,19
1276,11
14,13
79,32
122,23
234,16
532,4
1013,47
1912,39
98,31
192,12
360,33
743,19
1472,30
20,2
109,9
185,16
408,35
761,10
1563,16
23,22
114,18
177,49
366,40
681,30
1379,12
95,45
184,31
316,35
681,45
1300,40
47,17
142,20
197,45
475,48
894,40
1756,35
47,6
96,49
219,16
452,46
910,2
1786,5
44,33
90,15
233,50
368,41
823,16
1596,4
31,30
41,16
76,25
221,8
390,24
854,18
1707,32
99,20
181,7
316,29
639,45
1240,2
32,31
58,29
92,44
245,26
434,13
902,50
1808,39
20,19
110,11
165,50
392,25
746,49
1473,13
4,3
68,48
172,10
259,13
590,5
1139,7
85,48
155,42
329,20
648,17
1257,7
87,12
147,30
310,45
574,12
1184,44
49,48
110,6
227,19
465,30
922,16
1871,19
23,13
106,6
222,31
394,13
828,36
1625,44
26,25
74,25
133,12
314,27
618,2
1168,47
57,49
71,15
182,22
387,47
782,33
1574,45
20,19
50,42
90,36
202,32
369,22
804,24
1605,44
81,45
120,16
273,3
509,12
1025,7
86,6
112,47
282,4
511,23
1077,4
11,10
38,21
98,29
184,45
392,9
785,47
1549,4
13,12
100,36
151,22
353,13
642,27
1291,36
36,32
123,29
248,38
425,39
916,2
1808,24
72,29
157,31
301,49
534,19
1126,25
5,4
93,36
99,40
222,29
511,40
959,24
1949,13
96,45
150,30
290,10
564,26
1156,44
66,7
111,49
183,45
373,35
795,8
1621,42
81,4
87,10
190,4
409,43
772,19
1604,30
81,28
168,3
255,32
600,29
1115,36
2,1
38,27
105,47
177,11
407,32
750,25
1491,47
56,26
142,25
268,44
520,23
1060,19
11,10
12,8
26,13
132,26
236,35
479,47
969,44
1873,46
51,28
59,47
191,2
321,30
666,29
1376,48
22,21
47,28
114,29
189,32
380,50
832,37
1632,36
98,14
126,36
262,31
565,12
1148,12
1,0
3,2
81,30
131,41
236,31
463,45
1014,49
1942,45
69,36
88,15
253,47
502,6
928,24
1865,4
26,9
66,42
167,32
271,12
548,48
1115,43
24,23
57,27
137,43
308,17
603,44
1191,7
8,7
34,27
73,2
157,14
365,7
706,49
1400,21
98,41
172,13
289,36
583,14
1204,19
49,7
104,11
202,11
446,43
867,35
1695,15
68,15
92,11
239,36
489,29
910,49
1843,3
57,3
110,35
248,43
495,40
1002,13
1946,39
84,22
144,15
266,33
589,43
1184,8
89,18
132,22
264,26
532,23
1070,44
39,23
61,43
138,24
297,7
570,11
1168,49
60,5
67,13
147,2
375,29
687,11
1357,28
12,11
100,29
189,37
345,30
650,29
1373,5
73,35
81,46
180,6
418,1
791,40
1579,12
19,18
41,5
79,47
215,36
446,24
832,47
1648,14
69,21
141,39
220,4
459,36
966,42
1886,17
39,28
49,16
156,20
297,19
611,36
1246,15
54,22
87,30
150,20
371,34
736,25
1481,45
39,38
102,42
182,25
339,1
736,2
1436,11
80,49
148,4
230,43
463,8
932,20
1942,46
55,4
150,47
286,19
533,1
1093,49
41,36
61,40
175,41
306,3
621,36
1216,5
1,0
21,13
85,6
160,25
309,32
653,32
1320,8
54,46
83,30
232,50
464,26
901,26
1804,29
51,42
74,1
188,46
363,12
705,42
1441,48
26,4
36,28
65,27
187,24
347,32
670,10
1335,14
15,14
107,27
187,9
402,49
757,2
1561,44
85,49
178,38
306,26
633,16
1209,13
94,21
110,6
230,47
493,46
1024,2
1951,7
98,24
102,21
280,18
527,27
1047,30
13,12
54,12
120,43
279,42
477,21
971,3
1956,6
97,34
166,5
295,6
564,17
1131,17
48,39
74,4
188,47
373,23
735,45
1439,42
24,23
99,17
214,31
380,22
810,11
1547,41
49,18
62,13
187,20
393,33
771,42
1498,22
67,6
104,39
179,3
366,31
814,33
1552,32
90,18
153,39
334,38
678,3
1347,30
64,4
136,47
292,37
559,8
1101,13
43,23
65,19
183,15
386,14
681,31
1449,9
38,34
39,14
106,20
243,34
510,3
991,34
1995,1994
29,28
90,5
165,17
294,3
612,45
1278,14
75,4
86,50
252,35
436,9
871,1
1753,3
19,2
33,3
146,28
215,12
416,9
842,12
1704,27
15,14
35,11
65,8
212,3
388,39
734,20
1547,9
12,9
39,38
94,11
242,12
431,25
885,14
1747,10
9,8
58,35
151,16
290,40
550,38
1097,11
79,27
173,21
331,24
594,41
1213,31
90,3
172,47
297,11
573,23
1167,28
86,46
172,8
305,22
628,39
1249,42
97,36
120,28
256,45
524,29
998,30
1934,27
76,22
114,23
203,39
489,26
898,8
1824,23
71,16
129,46
206,11
465,36
886,12
1828,39
35,18
71,6
148,2
327,12
646,10
1257,34
87,40
146,39
239,15
529,48
1092,36
24,2
57,49
114,1
228,24
501,43
966,43
1975,1974
61,48
152,20
240,34
460,11
964,11
1966,22
93,21
176,23
281,13
587,39
1213,41
65,31
111,32
251,20
514,36
1020,50
1962,5
47,27
98,19
169,50
396,43
740,21
1529,29
100,6
167,50
290,31
650,31
1258,25
29,28
75,5
153,34
342,18
695,20
1342,50
25,22
29,28
80,24
158,44
298,7
613,36
1245,42
2,1
23,22
34,17
155,48
252,4
546,39
1020,26
85,32
153,36
337,9
673,42
1332,7
41,40
42,2
131,27
240,19
478,3
934,45
1897,5
48,11
80,6
132,43
342,42
638,12
1271,14
73,34
126,27
264,35
482,37
954,49
1914,50
34,28
134,2
242,15
489,4
931,7
1911,36
13,12
82,19
134,39
250,20
569,32
1117,23
97,34
124,16
245,42
539,20
1067,13
77,10
143,11
252,4
508,42
1058,27
37,34
129,41
185,11
382,3
755,3
1589,30
47,38
60,19
182,18
357,31
657,25
1384,50
71,29
151,9
263,15
517,26
1036,43
91,43
107,49
274,11
486,10
989,50
1992,1991
64,7
66,37
230,12
382,14
756,1
1583,33
57,37
136,31
272,26
520,19
1063,9
34,33
41,40
127,23
207,19
459,19
888,13
1829,16
17,16
108,27
165,2
304,23
641,23
1321,9
82,4
109,12
282,6
542,42
1111,5
85,20
177,17
315,26
581,49
1203,29
23,22
113,16
146,1
382,35
713,11
1475,19
79,17
80,37
249,24
415,7
920,4
1782,44
70,30
149,18
272,35
502,22
1080,35
81,32
135,47
256,26
569,24
1094,31
29,28
83,28
197,34
329,49
677,4
1379,15
53,44
142,36
217,12
498,36
959,24
1970,1969
68,17
105,1
262,48
523,45
1016,2
1923,12
83,49
179,20
333,49
601,38
1220,9
59,42
152,43
285,45
524,13
1027,9
1,0
25,14
86,8
213,39
376,36
741,36
1486,44
42,41
104,19
199,37
414,37
818,29
1636,7
17,16
99,3
131,40
258,12
572,17
1177,23
41,33
66,22
184,31
315,21
649,38
1320,31
25,24
85,19
171,15
306,23
597,22
1281,28
7,6
91,25
127,43
274,36
537,2
1130,4
2,1
39,20
64,9
183,16
294,39
645,21
1273,26
70,39
148,25
253,50
538,7
1012,7
28,10
124,31
191,30
436,25
789,20
1665,14
29,7
54,36
85,50
170,14
434,3
841,16
1660,36
42,3
109,20
189,50
419,20
858,1
1631,27
79,42
121,48
283,39
582,14
1113,6
16,15
55,19
83,39
191,35
359,2
773,30
1544,4
51,47
124,13
214,25
397,3
875,1
1707,26
45,4
130,38
190,8
435,31
885,18
1690,22
35,34
53,30
160,7
267,9
616,3
1143,35
62,9
139,4
292,42
546,28
1087,25
36,5
64,33
125,21
267,14
499,45
1058,45
48,12
111,15
216,2
388,18
779,20
1608,12
7,6
15,14
99,48
208,18
377,21
746,43
1543,15
26,3
69,46
125,31
274,44
520,49
1110,2
83,13
95,9
217,7
427,29
850,48
1710,49
62,23
149,36
286,35
500,14
1089,50
68,14
145,7
236,49
452,22
902,35
1858,45
3,2
37,14
82,23
193,10
341,24
754,18
1452,18
50,20
147,17
283,3
508,3
1084,34
2,1
71,9
75,14
184,24
387,11
805,49
1598,3
61,5
139,38
233,29
511,32
982,1
1976,1975
46,2
130,28
258,20
458,23
956,9
1892,20
19,18
110,6
159,23
313,3
690,44
1388,49
31,30
96,50
153,13
320,5
671,5
1355,22
41,28
93,33
192,47
395,35
780,17
1575,32
79,12
142,17
271,10
583,16
1146,46
41,20
124,29
222,46
445,42
903,1
1812,48
50,9
91,31
210,43
451,47
903,22
1735,33
4,3
73,10
176,9
322,28
631,8
1207,23
45,18
57,32
141,26
270,2
536,24
1093,12
97,41
145,37
341,50
661,48
1318,47
73,15
115,47
226,37
475,15
903,39
1838,41
16,15
88,12
183,40
350,34
675,8
1412,33
79,20
95,33
250,8
429,9
900,20
1854,39
77,39
126,14
227,1
453,45
892,11
1797,23
4,3
90,39
190,16
349,16
652,16
1379,35
78,42
118,34
197,40
442,36
930,27
1768,17
48,4
94,41
176,47
363,7
738,37
1481,4
70,46
110,32
221,22
421,49
825,20
1705,37
39,14
48,3
148,1
310,38
628,2
1251,42
42,41
74,22
130,28
281,12
624,10
1222,17
65,18
101,29
168,26
411,13
777,28
1565,36
39,23
90,22
187,5
322,7
650,33
1319,24
101,43
192,13
309,49
666,10
1270,49
47,26
139,20
192,43
463,21
876,44
1735,28
47,7
56,43
144,33
296,6
604,25
1234,32
35,15
92,36
138,16
274,39
573,30
1213,15
59,1
160,21
251,29
503,14
1029,27
32,31
128,50
209,33
419,15
807,23
1636,11
9,8
59,36
98,18
265,2
525,27
973,2
1984,1983
82,10
129,11
240,8
534,15
1020,13
43,16
140,37
277,45
519,16
980,5
1987,1986
68,41
163,37
267,25
518,39
1037,3
96,3
111,38
222,2
505,32
962,18
1915,50
43,40
135,21
201,46
406,36
798,50
1617,8
24,4
38,19
144,27
252,27
484,46
1029,37
1965,17
12,11
78,4
105,18
206,2
448,1
929,31
1855,26
80,25
101,10
191,9
429,28
888,26
1779,41
33,4
107,9
219,32
457,33
854,21
1677,8
87,4
125,44
297,44
510,20
1033,29
15,14
47,35
127,9
229,35
422,4
897,34
1761,3
79,21
142,25
222,42
485,39
976,37
2000,1999
80,25
107,36
279,16
546,46
1060,49
61,2
129,26
261,43
536,11
997,7
1956,7
42,28
84,25
182,1
317,9
628,41
1328,50
21,20
47,21
96,40
265,10
472,37
985,41
1953,2
84,21
138,16
247,47
530,3
1035,6
31,30
92,18
125,1
281,14
566,17
1159,44
27,18
103,36
217,42
388,4
764,8
1565,10
90,31
92,42
208,2
437,25
923,37
1772,25
95,3
165,16
301,47
607,27
1204,50
89,21
180,14
302,19
651,7
1229,38
16,15
96,39
165,20
370,39
725,42
1376,22
75,36
176,41
323,5
668,26
1286,5
81,19
163,22
301,19
565,38
1201,12
81,25
154,25
321,20
629,4
1263,24
65,11
154,31
316,35
612,38
1190,13
55,24
137,49
194,3
414,30
836,7
1702,20
32,31
42,18
92,27
252,20
467,13
903,34
1845,27
42,32
80,18
177,30
345,39
733,25
1407,26
70,21
83,37
155,48
319,8
709,13
1428,46
64,32
78,37
175,28
378,14
719,22
1424,45
100,20
192,3
327,41
624,37
1253,49
15,1
26,25
81,45
199,34
348,8
755,18
1452,23
35,34
133,41
180,18
367,40
718,12
1512,43
12,11
94,2
136,25
323,5
606,9
1214,3
91,6
136,22
323,45
582,29
1154,44
19,18
91,33
178,50
316,43
613,3
1307,19
94,38
120,25
275,49
490,36
1066,41
35,1
49,28
101,11
238,40
494,1
940,19
1897,28
61,29
151,48
276,31
523,41
1032,33
44,41
78,40
206,24
400,9
745,50
1480,11
56,45
109,49
257,48
444,3
932,24
1856,18
75,47
122,30
242,45
522,12
1059,8
3,2
72,35
108,45
194,21
466,19
934,39
1790,22
12,11
42,39
132,27
232,36
423,46
922,33
1803,32
10,9
108,14
159,26
326,21
636,9
1270,44
32,31
66,46
141,21
315,43
648,30
1239,31
92,18
192,22
316,10
686,4
1326,16
76,29
126,27
227,46
469,30
990,21
1959,15
29,1
109,29
184,42
333,42
733,47
1447,25
82,3
108,29
212,3
421,25
866,45
1762,46
90,37
123,23
297,12
536,50
1068,29
98,11
154,17
353,41
654,16
1328,33
3,2
102,37
115,9
234,32
531,13
1025,27
41,33
102,21
152,36
316,12
612,6
1269,19
71,25
170,12
316,39
647,32
1211,10
24,13
55,4
161,6
264,43
578,39
1094,16
98,42
153,1
270,5
620,8
1208,8
6,5
51,33
141,32
236,31
499,46
942,15
1899,29
79,28
157,23
292,40
596,23
1151,7
84,23
141,27
255,8
484,2
978,3
1980,1979
33,2
46,15
80,33
191,44
433,42
804,17
1642,3
100,39
192,16
349,34
722,22
1372,17
90,46
133,46
243,4
532,7
1034,49
90,7
107,50
274,47
505,21
1038,22
14,13
47,8
73,34
177,46
321,47
635,11
1270,12
14,13
57,26
77,6
240,25
439,40
902,13
1772,47
47,9
144,14
224,9
448,29
877,10
1810,11
37,36
59,26
162,20
293,4
575,50
1219,6
25,22
29,9
112,18
248,41
431,26
875,47
1768,26
56,30
99,42
252,42
442,11
912,1
1782,22
12,11
96,3
133,11
276,42
600,40
1208,2
48,46
103,31
172,21
337,17
744,20
1467,39
4,3
46,45
60,49
163,28
356,7
727,24
1450,49
32,31
39,35
80,21
247,48
474,10
882,6
1787,16
33,11
66,5
199,39
386,19
762,41
1523,6
48,26
87,29
186,17
342,2
718,43
1456,6
30,11
116,23
237,44
392,26
836,39
1702,6
68,26
129,34
272,34
533,20
1065,33
77,5
167,18
290,27
569,37
1128,16
52,25
153,24
233,11
538,19
1036,11
87,16
92,31
273,32
540,13
1013,13
19,18
76,12
110,49
206,16
441,43
898,44
1818,12
62,35
77,47
184,26
390,37
797,44
1523,22
73,48
168,4
300,29
588,10
1207,21
12,5
68,8
174,11
285,26
614,10
1203,28
69,33
116,1
284,4
487,26
1029,17
1981,11
54,42
96,46
179,42
344,37
755,24
1470,34
22,3
96,11
163,44
321,43
629,22
1331,1
36,19
77,30
114,14
253,7
523,4
1008,36
101,1
192,50
376,17
709,14
1425,26
66,48
123,40
266,18
459,35
1006,27
2000,1999
56,30
147,37
244,17
532,45
1048,30
22,21
49,9
81,36
174,33
387,37
732,30
1513,32
11,10
65,13
98,7
267,18
505,22
968,46
1940,35
45,44
95,23
187,45
328,37
661,42
1327,35
44,1
121,7
250,35
461,35
939,32
1860,26
90,24
172,31
273,43
536,12
1094,39
23,22
55,8
121,9
229,39
493,11
967,49
1955,1954
83,12
126,35
223,38
505,10
952,44
1923,3
96,23
120,13
292,22
525,14
1080,6
69,35
120,17
227,40
481,9
898,23
1892,10
69,29
108,49
241,38
496,22
1012,27
1994,1993
57,5
76,13
194,40
395,42
730,15
1517,8
95,27
168,9
348,27
628,47
1315,43
72,14
79,12
158,22
315,8
631,45
1339,29
69,37
168,28
289,22
627,14
1236,21
86,38
171,21
353,27
635,48
1270,15
3,2
40,39
111,6
202,16
394,40
828,44
1672,6
17,16
96,37
196,34
389,15
733,25
1449,45
2,1
45,38
84,8
206,2
427,35
808,5
1669,45
53,43
75,24
138,17
289,30
623,14
1263,50
32,31
56,33
173,18
270,35
582,28
1154,1
47,46
89,32
187,50
324,25
699,47
1389,27
7,6
72,8
159,27
248,49
546,13
1094,39
17,16
61,13
178,31
356,14
624,40
1254,11
31,30
94,33
215,35
408,34
750,29
1570,29
70,1
116,21
227,50
463,13
938,43
1894,30
51,3
54,38
171,5
325,46
615,46
1299,6
67,29
161,24
325,4
635,50
1239,33
7,6
58,31
89,8
252,24
482,9
975,39
1920,36
96,41
154,28
271,22
620,15
1197,23
96,23
122,27
304,34
570,50
1138,22
5,4
48,42
89,19
172,16
338,32
713,14
1418,7
88,4
174,10
274,41
578,16
1188,17
27,5
51,1
169,30
281,32
624,49
1246,22
41,5
87,2
133,44
276,45
548,38
1124,21
2,1
99,3
171,27
286,6
645,45
1215,12
66,19
138,28
205,42
475,24
972,40
1933,49
43,24
124,13
221,15
478,12
965,35
1921,46
63,34
86,42
198,40
356,13
706,28
1491,39
27,1
33,24
135,14
226,27
507,2
958,49
1957,8
90,39
113,1
276,24
561,22
1053,36
54,30
79,33
185,4
332,42
716,22
1372,19
51,45
118,18
249,16
472,5
960,24
1919,43
97,44
165,34
298,26
621,30
1219,45
101,29
107,10
276,23
495,11
1027,2
49,34
144,38
245,12
534,8
1015,15
1948,15
8,7
23,22
40,39
85,40
249,5
449,22
881,31
1771,4
34,29
98,46
185,40
362,31
753,16
1446,23
78,3
165,45
274,4
561,43
1104,49
45,28
71,29
183,50
324,29
658,22
1351,35
52,18
57,46
166,34
354,33
642,11
1338,28
38,5
70,24
144,10
283,9
620,45
1251,19
65,3
121,23
261,16
510,7
981,15
1971,1970
29,11
128,42
171,33
339,27
747,5
1503,5
21,20
76,25
179,48
361,21
738,29
1398,26
75,25
81,50
157,49
320,6
639,24
1356,14
56,25
97,5
165,35
342,30
682,2
1421,35
96,7
136,45
276,48
565,41
1174,1
79,49
119,16
205,26
456,25
898,29
1822,17
72,26
141,41
243,3
544,14
1085,45
85,27
152,3
245,18
515,17
1056,1
34,33
64,46
112,5
309,10
600,10
1215,1
15,14
28,27
130,32
258,28
436,25
936,38
1869,11
93,43
118,11
285,18
585,25
1172,20
95,46
123,40
241,32
466,17
1022,45
1918,35
101,16
138,9
292,30
539,14
1146,37
46,5
101,25
155,33
358,5
679,15
1408,18
58,19
150,46
308,47
565,10
1125,28
67,20
157,41
274,1
522,14
1043,46
60,43
102,43
248,30
421,31
915,27
1766,29
31,12
75,47
160,19
301,40
627,30
1202,50
5,4
93,40
148,21
274,46
539,25
1096,15
74,12
172,1
254,28
547,47
1112,2
72,23
147,31
270,44
561,42
1121,38
8,7
39,38
100,24
191,24
364,2
788,28
1589,35
51,49
128,11
206,42
437,28
894,26
1730,50
13,12
89,16
196,44
352,50
731,50
1429,25
68,28
87,49
246,50
449,39
935,47
1883,49
40,1
120,14
220,18
448,24
894,33
1748,35
71,24
92,37
225,36
389,18
870,24
1734,47
38,16
78,5
170,16
306,26
611,11
1258,49
38,10
65,32
109,19
250,47
481,23
952,23
1925,26
98,40
141,16
316,14
611,3
1215,28
72,44
100,16
208,2
402,2
784,6
1590,26
77,18
142,4
273,13
544,8
1056,22
39,33
118,36
220,48
466,7
876,3
1817,41
41,37
44,24
143,4
233,20
534,33
1006,32
8,7
67,21
91,5
203,10
403,31
806,40
1636,14
98,6
192,11
337,28
647,43
1293,16
51,1
73,3
209,16
429,46
823,23
1679,10
7,6
89,45
153,35
278,39
553,15
1140,6
90,28
168,8
326,47
592,12
1253,29
3,2
82,46
125,30
284,49
556,28
1133,47
22,4
45,38
107,11
175,35
372,14
729,8
1539,31
61,38
81,6
196,9
433,49
797,11
1652,24
62,7
72,34
175,28
313,37
675,20
1357,7
35,28
67,32
182,14
353,20
662,41
1363,29
18,17
76,10
182,9
288,46
610,14
1193,2
23,22
35,3
116,23
214,40
451,4
888,20
1789,9
101,17
175,42
341,48
668,11
1306,17
61,12
84,40
162,26
336,19
733,15
1416,30
68,37
155,1
232,16
533,24
1053,37
37,36
73,1
155,11
336,40
661,46
1271,33
2,1
90,12
132,48
261,8
539,18
1099,11
75,14
116,1
259,21
525,49
981,23
1978,1977
26,25
72,16
168,45
305,22
659,33
1298,24
62,17
130,37
269,4
520,16
1030,28
50,17
65,25
203,30
337,7
714,45
1372,45
46,34
143,29
213,33
468,17
922,21
1879,33
69,37
110,45
194,14
384,22
837,18
1600,45
21,20
77,21
162,26
346,8
681,5
1378,45
39,32
111,44
164,4
405,21
772,4
1498,26
25,2
81,5
129,19
322,32
628,5
1227,22
97,21
194,13
370,41
701,39
1401,15
90,14
175,6
307,27
661,40
1296,22
12,11
91,14
106,1
300,12
514,43
1042,49
100,6
185,9
326,37
662,44
1350,3
51,13
111,4
195,29
444,33
871,19
1748,17
76,4
135,23
217,8
444,43
889,44
1764,5
87,5
139,43
313,37
604,20
1212,21
86,28
133,44
224,24
522,3
970,20
1958,8
12,4
63,50
140,18
237,17
504,13
981,44
1997,1996
15,14
88,50
187,9
318,2
697,25
1362,37
8,7
48,23
72,34
152,16
329,40
623,40
1297,9
29,24
62,6
189,10
322,48
679,17
1359,24
69,40
143,50
227,30
443,2
899,46
1859,12
79,22
149,17
293,17
547,26
1158,16
83,22
169,26
267,9
567,38
1155,34
80,50
179,20
311,30
655,20
1261,19
71,39
105,34
223,47
482,38
911,29
1858,9
85,13
117,20
203,27
478,40
911,45
1863,22
31,26
115,1
152,25
367,31
755,5
1469,22
13,12
97,36
174,39
372,6
664,3
1400,39
57,45
157,38
231,29
505,16
1009,34
1989,9
36,11
87,28
174,46
369,25
740,44
1495,35
101,15
155,12
339,41
620,29
1240,46
13,12
29,28
124,37
231,10
484,8
882,39
1840,9
7,6
24,23
102,44
144,4
373,49
739,50
1408,40
28,27
78,45
120,21
274,39
505,39
1091,9
34,12
78,32
125,25
246,5
501,6
1041,46
72,22
169,40
332,44
642,41
1248,17
39,38
106,14
210,39
384,33
766,12
1592,7
37,20
50,10
102,25
201,49
449,5
936,1
1824,21
13,12
74,31
164,32
336,43
639,2
1269,1
46,13
92,7
208,38
383,27
821,4
1647,35
91,44
184,39
330,18
693,10
1310,21
97,27
141,32
278,13
563,10
1139,24
4,3
76,13
117,37
261,47
503,5
1019,36
1986,10
15,14
44,43
139,17
221,20
434,35
915,27
1868,31
97,44
159,42
293,9
560,10
1151,2
6,5
62,3
70,25
208,3
412,12
785,45
1595,25
85,35
141,17
255,10
522,26
1055,3
71,28
119,2
251,29
473,34
973,27
1946,50
82,49
170,4
268,44
589,14
1191,28
51,22
89,30
239,37
469,19
906,9
1759,20
87,35
125,13
291,8
530,4
1076,1
38,12
75,26
155,44
321,31
609,12
1237,31
78,4
117,31
199,50
406,26
849,30
1742,4
11,10
63,12
141,33
310,10
607,33
1166,7
68,22
93,44
183,31
367,2
780,21
1553,19
51,43
98,20
188,26
420,2
857,22
1685,40
78,30
159,25
250,12
534,29
1094,36
101,15
138,8
322,17
655,3
1252,40
72,29
170,46
273,3
606,4
1189,19
71,11
118,30
258,31
458,8
958,11
1952,28
54,19
102,3
213,45
468,33
849,46
1698,8
64,38
102,15
229,23
412,5
862,15
1736,38
61,32
145,9
240,26
517,35
1031,44
1943,20
46,12
53,22
126,25
288,25
562,11
1150,12
6,5
16,15
52,19
109,6
262,43
532,21
1064,5
44,20
83,18
222,31
422,21
781,16
1559,49
89,1
122,44
241,33
527,8
1064,18
18,17
32,15
58,23
205,46
407,14
759,36
1489,48
23,22
69,31
110,11
255,34
497,10
1028,11
1925,38
95,37
176,11
314,2
594,45
1263,48
80,27
108,28
220,48
422,23
895,30
1822,29
74,11
99,1
266,29
488,49
1027,3
1991,9
4,3
82,21
108,40
238,10
523,47
1050,12
60,6
125,24
233,10
468,2
929,39
1832,1
38,5
81,49
187,35
349,17
741,30
1485,25
100,46
154,45
316,29
624,37
1255,7
85,38
107,18
284,13
540,28
1087,5
26,14
73,21
183,5
336,6
670,27
1346,21
77,27
156,34
242,1
567,40
1120,30
80,35
139,26
278,32
516,25
1027,6
76,49
128,43
295,35
515,23
1051,43
88,14
185,12
285,25
629,26
1236,30
66,31
136,9
253,44
484,32
972,44
1936,20
1,0
24,23
27,26
108,9
259,13
456,16
904,25
1811,6
27,25
77,37
200,45
392,14
797,49
1539,44
20,19
77,3
160,13
283,20
575,6
1177,50
36,14
43,42
93,10
222,7
433,17
839,45
1687,48
10,5
97,15
113,38
314,10
554,30
1158,11
75,32
150,41
229,31
542,29
1010,16
71,37
83,29
183,22
381,19
798,40
1565,40
83,14
157,49
279,30
542,11
1145,3
46,8
93,15
141,18
336,39
669,20
1330,10
40,39
73,32
207,27
334,4
685,6
1431,4
26,25
33,30
65,43
174,4
300,1
668,20
1329,8
4,3
13,12
33,2
92,16
206,36
448,25
882,19
1743,21
39,10
118,36
235,47
491,22
958,3
1883,18
87,46
88,1
271,15
529,12
1054,32
16,15
88,26
153,40
328,14
665,28
1296,5
100,46
197,39
361,32
664,37
1398,41
96,43
141,31
318,15
609,18
1209,29
46,17
110,42
188,3
373,23
806,40
1616,11
27,6
50,4
152,35
276,3
575,45
1159,43
24,23
29,25
129,35
204,16
422,9
859,18
1721,20
42,21
141,10
198,7
468,32
897,35
1815,8
19,18
70,31
183,18
346,11
680,8
1372,10
83,3
109,8
249,49
541,18
1046,27
28,7
58,43
160,22
333,37
622,23
1225,17
49,20
133,35
270,26
520,22
1028,29
48,32
112,36
168,28
358,40
704,48
1437,13
98,1
150,17
335,30
677,17
1338,4
56,47
153,23
232,49
461,35
999,47
1999,1998
53,11
136,41
194,21
384,40
840,16
1699,23
61,19
73,7
189,11
325,28
684,25
1383,3
20,19
54,39
165,33
256,24
586,15
1165,27
55,36
88,48
145,21
361,30
664,43
1383,27
71,4
114,7
219,49
411,11
901,5
1731,15
30,21
125,39
216,39
386,33
810,4
1595,17
73,15
163,29
319,21
583,3
1152,35
85,11
93,21
219,10
458,49
907,8
1800,25
43,1
63,49
184,12
331,6
643,6
1340,9
14,5
87,3
155,6
355,3
704,43
1331,41
101,14
133,10
285,36
598,49
1173,39
64,24
132,14
262,36
503,46
996,5
2000,1999
100,4
165,38
326,9
601,14
1234,34
11,1
81,28
108,30
235,21
488,9
997,3
1929,26
38,21
75,8
187,7
363,48
666,6
1366,17
18,17
83,37
168,42
280,12
566,35
1189,27
96,8
134,5
244,18
552,39
1060,1
21,7
47,36
87,3
156,45
400,23
772,11
1581,44
99,48
187,2
294,40
585,3
1208,50
60,27
74,20
150,28
367,27
729,16
1397,28
101,28
111,24
233,50
543,50
1001,42
1964,1963
24,12
93,49
150,33
367,1
710,48
1401,37
34,16
79,19
164,39
310,26
588,17
1221,38
2,1
68,3
89,18
174,18
412,5
826,48
1595,6
44,43
126,46
230,24
445,18
866,33
1733,19
15,12
69,15
125,47
274,5
541,12
1104,31
59,1
83,41
165,22
368,3
695,22
1417,3
15,14
83,27
166,34
275,17
543,14
1126,32
46,16
83,15
154,26
366,9
690,7
1393,40
81,45
168,39
333,32
682,45
1281,38
18,17
76,17
149,45
275,41
589,12
1125,24
87,1
130,16
270,1
528,26
1105,6
19,18
106,34
170,24
300,8
612,30
1279,42
68,47
155,42
243,39
528,28
1086,24
66,31
135,39
276,38
552,24
1099,18
78,48
138,28
238,18
527,43
1021,5
12,11
110,7
130,10
347,30
680,24
1284,35
3,2
44,25
102,50
178,41
416,12
766,3
1523,32
11,2
107,2
193,21
355,13
767,3
1525,9
79,23
103,30
218,3
447,1
880,13
1814,21
85,13
172,32
259,4
518,49
1040,11
98,34
176,13
331,19
634,40
1252,48
75,40
80,35
195,24
436,49
808,15
1677,29
57,39
120,36
224,24
434,26
852,1
1708,29
35,34
77,42
129,24
315,7
601,42
1164,29
2,1
19,15
66,28
186,1
297,33
656,23
1242,22
10,9
37,34
115,7
225,41
445,16
904,35
1743,49
62,30
64,20
140,11
313,8
663,3
1260,19
73,49
96,49
249,13
450,10
930,21
1855,27
7,6
11,10
24,1
81,6
202,23
350,31
723,2
1445,16
2,1
3,2
74,39
105,4
249,40
524,45
1023,41
1981,1980
76,44
89,33
192,39
389,25
796,30
1616,35
32,30
114,49
178,18
332,7
702,4
1376,13
82,42
178,24
296,49
578,11
1170,47
17,5
66,25
148,38
278,22
593,31
1174,14
59,42
135,41
239,14
434,9
964,12
1879,16
71,17
81,26
236,36
404,31
798,20
1656,19
64,17
83,7
163,45
348,30
757,15
1498,44
20,19
89,24
131,38
246,8
573,15
1119,36
17,16
38,11
61,13
167,21
335,17
648,32
1342,21
58,13
74,40
155,31
365,1
694,4
1445,13
95,19
187,39
285,20
645,38
1245,50
64,34
133,24
281,14
529,30
1106,34
90,31
181,15
297,44
636,27
1212,28
31,12
124,4
241,43
466,32
873,35
1751,21
93,49
175,22
319,24
621,48
1258,6
36,13
51,34
154,48
342,30
598,22
1248,30
24,12
67,10
141,3
302,28
586,35
1163,38
96,4
142,20
240,6
512,3
1045,50
36,9
73,12
111,30
310,37
564,23
1103,13
76,43
119,13
274,34
531,9
1008,30
35,18
119,25
195,8
378,24
761,4
1510,38
38,31
139,5
262,30
473,4
990,24
1942,39
38,37
108,14
169,49
369,23
717,29
1416,14
62,12
103,1
256,41
505,36
1020,12
1917,20
26,17
126,26
160,15
352,42
703,34
1468,33
95,44
96,47
229,49
432,7
868,22
1802,36
30,28
115,18
223,13
391,48
825,30
1623,36
16,15
55,45
86,39
243,12
429,24
858,47
1787,10
62,43
97,31
230,37
445,48
894,49
1809,32
50,48
115,28
200,37
456,25
884,45
1744,45
14,1
41,11
83,48
224,44
458,50
870,21
1711,28
88,49
119,17
279,4
579,7
1140,6
89,36
139,37
297,4
590,38
1144,4
30,1
45,35
123,25
239,14
536,16
1062,38
15,14
45,38
118,13
240,23
426,13
873,43
1729,16
34,33
63,28
134,42
272,7
538,27
1059,44
84,42
141,26
321,34
605,11
1170,41
7,6
26,22
119,23
241,33
404,6
840,47
1735,45
20,19
60,9
143,25
224,41
512,25
1060,27
20,19
76,42
119,14
253,44
519,24
995,36
1956,37
18,17
31,30
145,48
249,44
484,16
986,22
1940,17
47,42
63,25
138,4
274,17
524,39
1097,40
24,22
87,41
116,39
246,44
514,46
1087,7
61,6
155,39
263,48
506,6
1017,29
89,6
180,40
281,27
555,44
1193,23
25,22
79,15
161,2
297,40
580,3
1236,38
70,21
97,30
215,50
413,22
818,46
1711,1
26,25
78,8
145,36
329,41
678,35
1286,23
73,46
137,38
292,49
587,7
1105,28
81,17
123,25
226,1
513,30
1000,10
1932,13
64,21
116,38
253,2
464,32
903,4
1878,28
47,46
101,43
163,26
402,5
738,49
1503,50
78,30
168,6
297,11
582,6
1161,13
69,37
144,30
255,29
551,3
1034,21
48,37
71,28
185,30
345,30
714,32
1439,41
78,17
95,44
268,45
450,22
923,29
1890,14
43,15
84,44
190,3
374,8
698,30
1395,26
34,33
57,42
113,17
215,14
503,40
1021,38
1990,1989
19,18
32,3
150,30
215,46
482,38
993,17
1944,1
60,27
107,27
263,19
482,12
989,41
1956,33
25,9
48,44
143,21
225,40
485,40
952,26
1961,34
9,8
88,1
145,11
249,19
550,41
1125,13
34,33
38,13
138,43
254,35
507,23
999,42
1910,41
61,42
66,9
204,12
388,27
759,33
1572,29
64,20
110,1
195,39
440,46
908,50
1793,7
27,26
103,27
190,5
394,17
739,48
1546,9
93,34
126,11
266,37
497,26
1019,48
101,39
175,46
367,19
657,13
1310,35
25,24
53,17
85,6
192,29
438,45
853,39
1713,49
37,14
40,29
106,37
217,32
485,10
963,26
1943,14
42,8
45,6
152,2
305,5
645,41
1245,7
4,3
14,3
40,39
107,35
214,3
456,13
870,36
1799,49
67,15
140,22
239,15
475,23
988,16
1944,35
70,21
167,40
302,36
561,4
1122,25
94,34
110,36
208,36
469,25
976,10
1880,11
27,26
112,49
177,41
341,45
753,41
1496,29
67,48
142,5
221,13
448,26
884,29
1856,33
88,39
120,10
269,23
576,21
1087,41
46,11
104,37
218,13
462,32
871,3
1753,49
41,22
65,40
149,31
354,43
639,37
1322,11
82,42
159,35
263,26
591,23
1139,21
55,21
94,28
181,4
381,29
759,3
1534,6
83,27
103,20
252,37
460,41
990,44
1986,1985
81,48
142,16
248,24
492,4
967,8
1951,5
77,13
152,46
326,41
587,6
1227,10
15,14
116,33
204,11
433,25
794,1
1597,40
31,4
63,43
126,4
255,12
571,3
1080,1
55,49
153,41
258,27
525,48
1081,41
81,46
168,24
272,50
622,14
1153,49
27,1
82,20
138,33
297,38
611,8
1165,42
11,10
40,1
53,17
143,13
323,1
613,44
1227,3
89,41
156,14
344,23
640,48
1307,9
71,4
134,20
221,4
470,30
989,33
1985,10
75,15
164,9
244,7
550,8
1048,1
97,34
160,50
324,43
634,14
1258,26
40,5
65,28
128,27
268,21
534,11
1124,33
11,10
51,43
135,43
203,26
449,21
924,33
1858,31
63,6
100,38
252,42
488,40
990,50
1991,1990
57,18
79,22
196,37
333,47
706,6
1442,12
57,48
154,33
242,27
469,40
1010,34
1962,1961
4,1
98,49
141,47
254,21
520,38
1083,37
33,32
65,2
103,12
252,47
469,14
1005,30
1930,4
44,39
52,16
193,8
334,9
625,18
1278,27
92,15
116,47
266,28
497,12
1020,18
1992,1991
4,3
76,24
115,46
213,35
461,4
889,37
1812,31
13,12
89,30
113,14
314,45
579,41
1178,25
33,27
71,8
119,20
296,27
578,21
1169,19
28,27
108,19
211,23
436,39
860,7
1738,35
81,38
82,42
244,35
423,18
909,32
1770,19
76,6
114,15
286,12
480,37
997,29
1939,36
99,18
185,4
309,38
613,16
1240,23
94,20
175,44
345,24
639,35
1272,12
99,12
146,37
274,2
547,40
1111,35
78,6
150,8
255,23
566,2
1146,16
8,7
41,40
77,1
216,1
429,3
782,30
1574,41
101,4
160,26
310,36
631,26
1256,23
30,29
87,5
121,46
250,27
518,12
1070,36
48,2
96,26
232,22
379,39
778,9
1586,50
27,26
60,10
132,43
273,8
590,49
1137,8
87,44
141,43
319,26
595,20
1171,32
24,23
41,18
95,13
250,27
466,46
917,47
1807,28
38,37
69,46
194,29
363,23
734,15
1454,14
54,3
115,27
196,9
398,22
783,19
1578,37
101,49
189,43
314,49
614,7
1319,41
40,39
53,20
129,9
285,24
586,1
1187,18
46,45
84,37
145,25
304,1
608,14
1221,46
15,14
91,31
196,17
326,21
699,16
1349,37
68,37
109,39
201,2
471,14
937,18
1850,1
51,25
71,29
186,42
385,18
723,9
1503,16
53,20
97,40
236,9
460,16
862,37
1787,14
34,11
48,30
98,43
198,35
449,50
879,47
1758,18
33,10
110,34
191,41
408,5
816,28
1587,24
70,11
141,9
278,7
547,10
1112,39
12,5
69,35
153,35
275,37
539,37
1104,50
70,50
125,6
258,27
514,29
1065,23
101,26
181,17
347,34
632,1
1307,15
6,5
53,25
153,12
271,15
512,47
1028,14
83,19
120,18
247,31
544,44
1042,8
6,5
17,5
100,25
160,7
380,49
722,10
1398,45
42,41
110,5
231,21
447,27
923,13
1769,13
63,12
64,2
209,30
375,22
737,17
1464,9
25,1
120,49
189,17
402,8
757,43
1545,38
14,5
63,27
80,33
217,23
439,23
893,13
1799,8
82,1
150,38
259,43
583,26
1108,1
2,1
10,9
85,18
165,36
331,40
690,36
1364,30
60,35
96,10
225,18
418,26
867,45
1710,2
70,41
114,36
187,28
431,23
876,31
1773,34
30,16
42,18
130,43
222,26
459,26
957,14
1935,1
1,0
66,32
83,6
218,11
406,3
868,17
1727,26
13,12
113,2
197,39
390,45
726,40
1510,30
45,1
82,45
129,36
312,24
612,42
1254,32
29,12
95,38
175,15
334,38
712,40
1360,19
82,29
113,10
199,30
409,17
902,28
1729,10
18,5
70,32
180,10
364,4
700,2
1432,23
52,48
101,18
253,41
441,26
941,27
1840,13
76,11
127,11
206,15
424,43
874,49
1734,9
48,35
70,13
170,10
336,23
644,25
1271,19
88,4
150,8
324,25
584,21
1245,39
101,7
126,48
297,24
613,10
1224,21
72,34
104,27
189,25
400,1
827,45
1630,4
77,7
85,20
187,26
421,22
808,42
1676,30
62,2
92,1
213,11
399,16
806,4
1580,16
39,33
113,4
226,45
441,38
880,21
1760,47
62,35
159,3
279,14
515,38
1042,15
18,15
27,26
78,12
166,12
356,40
714,25
1360,38
31,30
106,25
195,44
345,36
734,50
1442,29
89,5
131,15
266,16
504,6
1073,12
38,7
122,26
163,13
418,21
790,4
1600,9
5,4
96,31
126,39
251,38
486,9
1017,4
1917,39
21,4
33,3
56,18
144,22
277,31
562,35
1144,40
36,30
123,23
230,5
478,42
938,20
1857,47
24,23
60,50
91,7
275,48
528,46
1034,32
89,38
121,8
292,38
520,32
1073,7
49,7
79,49
183,39
412,31
822,49
1568,26
65,31
74,14
216,23
363,27
749,35
1535,23
92,1
175,21
342,41
687,2
1349,22
30,5
66,15
178,18
278,12
575,43
1206,47
35,34
68,37
185,10
384,17
772,11
1462,24
50,42
111,47
261,40
509,31
958,30
1915,21
80,42
135,49
286,42
563,26
1135,30
2,1
34,3
49,46
89,31
194,3
432,35
806,14
1707,17
69,12
102,36
196,48
413,43
867,5
1717,38
42,34
108,1
230,15
454,36
864,49
1742,6
16,4
96,20
208,8
409,42
791,1
1554,34
93,34
124,42
273,46
590,3
1181,12
36,35
86,41
182,43
380,13
693,50
1432,35
37,31
51,49
173,4
323,30
662,5
1296,46
37,36
60,1
110,13
211,19
450,11
949,12
1910,22
54,7
93,38
216,9
366,41
779,30
1535,40
15,14
53,33
168,10
264,3
519,3
1063,40
14,4
102,4
206,25
411,31
784,46
1552,1
3,2
104,6
156,2
299,1
571,32
1189,40
53,44
99,46
235,10
407,36
829,16
1627,13
42,41
118,36
224,22
474,36
888,19
1832,15
5,4
89,48
147,43
310,13
558,33
1122,34
74,24
108,31
196,43
397,6
1
1
1
1
1
1
1
1
1
1
1
1
1
1
1
1
1
1
1
1
1
1
1
1
1
1
1
1
1
1
2
2
2
2
2
2
2
2
2
2
2
2
2
2
2
2
2
2
2
2
2
2
2
2
2
2
2
2
2
2
2
2
3
3
3
3
3
3
3
3
3
3
3
3
3
3
3
3
3
3
3
3
3
3
4
4
4
4
4
4
4
4
4
4
4
4
4
4
4
4
4
4
5
5
5
5
5
5
5
5
5
5
5
5
5
5
5
5
5
5
6
6
6
6
6
6
6
6
6
6
6
6
6
6
6
6
6
6
6
6
6
6
6
7
7
7
7
7
7
7
7
7
7
7
7
7
7
7
8
8
8
8
8
8
8
8
8
8
8
8
8
8
8
8
8
8
8
8
8
8
8
9
9
9
9
9
9
9
9
9
9
9
9
9
9
9
9
10
10
10
10
10
10
10
10
10
10
10
10
10
10
11
11
11
11
11
11
11
11
11
11
11
11
12
12
12
12
12
12
12
12
12
12
12
12
12
12
12
13
13
13
13
13
13
13
13
13
13
13
13
13
13
13
13
14
14
14
14
14
14
14
14
14
14
14
14
14
14
14
14
14
14
14
14
15
15
15
15
15
15
15
15
15
15
15
15
15
15
15
15
15
15
15
16
16
16
16
16
16
16
16
16
16
16
16
16
16
16
16
16
16
16
16
16
17
17
17
17
17
17
17
18
18
18
18
18
18
18
18
18
18
18
18
18
18
18
18
18
18
18
19
19
19
19
19
19
19
19
19
19
19
19
19
19
19
19
20
20
20
20
20
20
20
20
20
20
20
20
20
20
20
21
21
21
21
21
21
21
21
21
21
21
21
21
21
21
21
21
21
21
21
21
21
22
22
22
22
22
22
22
22
22
22
22
22
22
22
23
23
23
23
23
23
23
23
23
23
23
23
23
23
23
23
24
24
24
24
24
24
24
24
24
24
24
24
24
24
24
24
24
24
24
24
25
25
25
25
25
25
25
25
25
25
25
25
25
25
25
25
25
25
25
25
25
25
25
25
26
26
26
26
26
26
26
26
26
26
26
26
26
26
26
27
27
27
27
27
27
27
27
27
27
27
27
27
27
27
28
28
28
28
28
28
28
28
28
28
28
28
28
28
28
28
29
29
29
29
29
29
29
29
29
29
29
29
29
29
30
30
30
30
30
30
30
30
30
30
30
30
30
30
30
30
30
30
30
30
31
31
31
31
31
31
31
31
31
31
31
31
31
31
31
31
31
31
31
31
31
32
32
32
32
32
32
32
32
32
32
32
32
32
32
32
32
33
33
33
33
33
33
33
33
33
33
33
33
33
33
33
34
34
34
34
34
34
34
34
34
34
34
34
34
34
34
34
34
34
34
34
35
35
35
35
35
35
35
35
35
35
35
35
35
35
35
35
35
35
36
36
36
36
36
36
36
36
36
36
36
36
36
36
36
36
36
37
37
37
37
37
37
37
37
37
37
37
37
37
37
37
37
37
37
37
37
37
37
38
38
38
38
38
38
38
38
38
38
38
38
38
39
39
39
39
39
39
39
39
39
39
39
39
39
39
39
39
39
39
40
40
40
40
40
40
40
40
40
40
40
40
40
40
40
40
40
40
40
40
40
40
40
41
41
41
41
41
41
41
41
41
41
42
42
42
42
42
42
42
42
42
42
42
42
42
42
42
42
42
43
43
43
43
43
43
43
43
43
43
43
43
43
43
43
43
43
43
43
43
43
43
44
44
44
44
44
44
44
44
44
44
44
45
45
45
45
45
45
45
45
45
45
45
45
45
45
46
46
46
46
46
46
46
46
46
46
46
46
46
46
46
46
46
46
46
46
46
46
46
46
46
46
47
47
47
47
47
47
47
47
47
47
47
47
47
47
47
47
47
47
47
47
47
48
48
48
48
48
48
48
48
48
48
48
48
48
48
48
48
48
48
48
48
48
48
48
48
48
49
49
49
49
49
49
49
49
49
49
49
49
49
49
49
49
49
49
49
49
50
50
50
50
50
50
50
50
50
50
50
50
50
50
50
50
50
50
50
50
51
51
51
51
51
51
51
51
51
51
51
51
51
51
51
51
51
52
52
52
52
52
52
52
52
52
52
52
52
52
52
52
52
52
52
52
53
53
53
53
53
53
53
53
53
53
53
53
53
53
53
53
53
53
53
53
54
54
54
54
54
54
54
54
54
54
54
54
54
54
55
55
55
55
55
55
55
55
55
55
55
55
55
55
55
55
55
55
55
55
55
55
55
55
56
56
56
56
56
56
56
56
56
56
56
56
56
56
56
56
56
56
56
56
56
57
57
57
57
57
57
57
57
57
57
57
57
57
57
57
57
57
57
57
57
58
58
58
58
58
58
58
58
58
58
58
58
58
58
58
58
58
58
58
58
58
58
58
58
58
58
58
58
58
59
59
59
59
59
59
59
59
59
59
59
59
59
59
59
59
59
59
59
59
59
59
59
59
59
59
59
59
59
59
60
60
60
60
60
60
60
60
60
60
60
60
60
60
60
60
60
60
60
60
60
60
60
61
61
61
61
61
61
61
61
61
61
61
61
61
61
61
61
61
61
61
61
61
61
61
62
62
62
62
62
62
62
62
62
62
62
62
62
62
62
62
62
62
62
62
62
62
62
62
62
62
62
63
63
63
63
63
63
63
63
63
63
63
63
63
63
63
63
63
63
63
63
63
63
63
63
63
63
63
63
63
64
64
64
64
64
64
64
64
64
64
64
64
64
64
64
64
64
64
64
64
65
65
65
65
65
65
65
65
65
65
65
65
65
65
65
65
65
65
65
65
65
65
65
65
65
65
65
65
65
65
65
65
66
66
66
66
66
66
66
66
66
66
66
66
66
66
66
66
66
66
66
66
66
67
67
67
67
67
67
67
67
67
67
67
67
67
67
67
67
67
67
67
67
67
68
68
68
68
68
68
68
68
68
68
68
68
68
68
68
68
68
68
68
68
68
68
68
69
69
69
69
69
69
69
69
69
69
69
69
69
69
69
69
69
69
69
69
69
69
69
69
69
69
69
69
70
70
70
70
70
70
70
70
70
70
70
70
70
70
70
70
70
70
70
70
70
70
70
70
70
71
71
71
71
71
71
71
71
71
71
71
71
71
71
71
71
71
71
71
71
71
71
71
71
71
71
71
71
72
72
72
72
72
72
72
72
72
72
72
72
72
72
72
72
72
72
72
72
72
72
73
73
73
73
73
73
73
73
73
73
73
73
73
73
73
73
73
73
73
73
73
73
73
73
73
73
73
73
73
73
73
73
74
74
74
74
74
74
74
74
74
74
74
74
74
74
74
74
74
74
74
74
74
74
74
74
74
74
74
74
74
74
74
75
75
75
75
75
75
75
75
75
75
75
75
75
75
75
75
75
75
75
75
75
75
75
75
75
75
75
75
76
76
76
76
76
76
76
76
76
76
76
76
76
76
76
76
76
76
76
76
76
76
76
76
76
76
76
76
76
76
76
77
77
77
77
77
77
77
77
77
77
77
77
77
77
77
78
78
78
78
78
78
78
78
78
78
78
78
78
78
78
78
78
78
78
78
78
78
78
78
78
78
78
78
78
78
79
79
79
79
79
79
79
79
79
79
79
79
79
79
79
79
79
79
79
79
79
79
79
79
79
79
79
80
80
80
80
80
80
80
80
80
80
80
80
80
80
80
80
80
80
80
80
80
80
80
80
80
80
80
80
80
80
80
80
80
81
81
81
81
81
81
81
81
81
81
81
81
81
81
81
81
81
81
81
81
81
81
81
81
81
81
81
81
81
81
81
81
82
82
82
82
82
82
82
82
82
82
82
82
82
82
82
82
82
82
82
82
82
82
82
82
82
82
82
82
83
83
83
83
83
83
83
83
83
83
83
83
83
83
83
83
83
83
83
83
83
83
83
83
83
83
83
83
83
84
84
84
84
84
84
84
84
84
84
84
84
84
84
84
84
84
84
84
84
84
84
84
84
85
85
85
85
85
85
85
85
85
85
85
85
85
85
85
85
85
85
85
85
85
85
85
85
85
86
86
86
86
86
86
86
86
86
86
86
86
86
86
86
86
86
86
86
86
86
86
86
86
86
87
87
87
87
87
87
87
87
87
87
87
87
87
87
87
87
87
87
87
87
87
87
87
87
87
87
87
87
87
87
87
87
87
87
88
88
88
88
88
88
88
88
88
88
88
88
88
88
88
88
88
88
88
88
88
88
88
88
88
88
88
88
88
88
88
88
88
89
89
89
89
89
89
89
89
89
89
89
89
89
89
89
89
89
89
89
89
89
89
89
89
89
89
90
90
90
90
90
90
90
90
90
90
90
90
90
90
90
90
90
90
90
90
90
90
90
90
90
90
91
91
91
91
91
91
91
91
91
91
91
91
91
91
91
91
91
91
91
91
91
91
91
91
91
91
91
91
91
92
92
92
92
92
92
92
92
92
92
92
92
92
92
92
92
92
92
93
93
93
93
93
93
93
93
93
93
93
93
93
93
93
93
93
93
93
93
93
93
93
93
93
93
93
94
94
94
94
94
94
94
94
94
94
94
94
94
94
94
94
94
94
94
94
94
94
94
94
95
95
95
95
95
95
95
95
95
95
95
95
95
95
95
95
95
95
95
95
95
95
95
96
96
96
96
96
96
96
96
96
96
96
96
96
96
96
96
96
96
96
96
96
97
97
97
97
97
97
97
97
97
97
97
97
97
97
97
97
97
97
97
97
97
98
98
98
98
98
98
98
98
98
98
98
98
98
98
98
98
98
98
98
98
98
98
98
98
98
99
99
99
99
99
99
99
99
99
99
99
99
99
99
99
99
99
99
99
99
99
100
100
100
100
100
100
100
100
100
100
100
100
100
100
100
100
100
100
100
100
100
100
100
100
100
100
100
100
101
101
101
101
101
101
101
101
101
101
101
101
101
101
101
101
101
101
101
101
101
101
101
102
102
102
102
102
102
102
102
102
102
102
102
102
102
102
102
102
102
102
102
103
103
103
103
103
103
103
103
103
103
103
103
103
103
103
103
103
103
103
103
103
103
103
103
104
104
104
104
104
104
104
104
104
104
104
104
104
104
104
104
104
104
104
104
104
104
104
104
105
105
105
105
105
105
105
105
105
105
105
105
105
105
105
105
105
105
105
105
105
105
105
105
106
106
106
106
106
106
106
106
106
106
106
106
106
106
106
106
107
107
107
107
107
107
107
107
107
107
107
107
107
107
107
107
108
108
108
108
108
108
108
108
108
108
108
108
108
108
108
108
108
108
109
109
109
109
109
109
109
109
109
109
109
109
109
109
109
109
109
109
109
109
109
109
110
110
110
110
110
110
110
110
110
110
110
110
110
111
111
111
111
111
111
111
111
111
111
111
111
111
111
111
111
111
111
111
111
111
111
111
111
111
111
111
111
112
112
112
112
112
112
112
112
112
112
112
112
112
112
113
113
113
113
113
113
113
113
113
113
114
114
114
114
114
114
114
114
114
114
114
114
114
114
114
114
114
114
114
114
114
114
114
114
114
115
115
115
115
115
115
115
115
115
115
115
115
115
115
115
115
115
115
115
115
115
115
115
115
116
116
116
116
116
116
116
116
116
116
116
116
116
116
116
116
117
117
117
117
117
117
117
117
117
117
117
117
117
117
117
117
117
117
117
117
117
117
117
117
118
118
118
118
118
118
118
118
118
118
118
118
118
118
118
119
119
119
119
119
119
119
119
119
119
119
119
119
119
119
119
119
119
119
119
119
119
119
120
120
120
120
120
120
120
120
120
120
120
120
120
120
120
120
121
121
121
121
121
121
121
121
121
121
121
121
121
121
121
121
121
122
122
122
122
122
122
122
122
122
122
122
122
122
122
122
122
122
122
122
123
123
123
123
123
123
123
123
123
123
123
123
123
123
123
123
123
123
123
123
123
123
124
124
124
124
124
124
124
124
124
124
124
124
124
124
124
124
124
124
124
124
124
125
125
125
125
125
125
125
125
125
125
125
126
126
126
126
126
126
126
126
126
126
126
126
126
126
126
126
126
126
126
126
126
127
127
127
127
127
127
127
127
127
127
127
127
127
127
127
127
127
127
127
127
127
127
128
128
128
128
128
128
128
128
128
128
128
128
129
129
129
129
129
129
129
129
129
129
129
129
129
129
129
129
129
129
129
129
129
130
130
130
130
130
130
130
130
130
130
130
130
130
130
130
130
130
131
131
131
131
131
131
131
131
131
131
131
131
131
131
131
131
131
131
131
132
132
132
132
132
132
132
132
132
132
132
132
132
132
132
132
132
132
132
132
132
133
133
133
133
133
133
133
133
133
133
133
133
133
133
133
133
133
134
134
134
134
134
134
134
134
134
134
134
134
134
134
134
134
134
135
135
135
135
135
135
135
135
135
135
135
135
135
135
135
135
135
136
136
136
136
136
136
136
136
136
136
136
136
136
136
137
137
137
137
137
137
137
137
137
137
137
137
137
138
138
138
138
138
138
138
138
138
138
139
139
139
139
139
139
139
139
139
139
140
140
140
140
140
140
140
140
140
140
141
141
141
141
141
141
141
141
141
141
141
141
141
142
142
142
142
142
142
142
142
142
142
142
142
142
142
142
142
142
142
142
142
143
143
143
143
143
143
143
143
143
143
143
143
143
143
143
143
144
144
144
144
144
144
144
144
144
144
144
144
144
144
144
145
145
145
145
145
145
145
145
145
145
145
146
146
146
146
146
146
146
146
146
146
146
146
146
146
146
146
146
146
146
146
146
147
147
147
147
147
147
147
147
147
147
147
147
147
147
147
147
147
147
147
147
148
148
148
148
148
148
148
148
148
148
148
148
149
149
149
149
149
149
149
149
149
149
149
149
150
150
150
150
150
150
150
150
150
150
151
151
151
151
151
151
151
151
151
151
151
151
152
152
152
152
152
152
152
152
152
152
152
152
152
152
152
152
152
152
152
152
152
153
153
153
153
153
153
153
153
153
153
153
153
153
153
153
153
153
153
153
153
153
153
153
154
154
154
154
154
154
154
154
154
154
154
155
155
155
155
155
155
155
155
155
155
155
155
155
155
155
156
156
156
156
156
156
156
156
156
156
156
157
157
157
157
157
157
157
157
157
157
157
158
158
158
158
158
158
158
158
158
158
158
158
158
158
158
158
158
158
158
158
158
159
159
159
159
159
159
159
159
159
159
159
159
159
159
159
159
159
160
160
160
160
160
160
160
160
160
161
161
161
161
161
161
161
161
161
161
161
161
161
161
161
161
162
162
162
162
162
162
162
162
162
162
162
162
162
162
163
163
163
163
163
163
163
163
163
163
163
163
163
163
163
163
163
163
164
164
164
164
164
164
164
164
164
164
164
164
164
164
164
164
164
165
165
165
165
165
165
165
165
165
165
165
165
165
165
165
166
166
166
166
166
166
166
166
166
167
167
167
167
167
167
167
167
167
167
167
167
167
167
167
167
167
167
168
168
168
168
168
168
168
168
168
168
168
168
168
168
169
169
169
169
169
169
169
169
169
169
169
169
169
170
170
170
170
170
170
171
171
171
171
171
171
171
171
171
171
171
171
171
171
172
172
172
172
172
172
172
172
172
172
172
172
172
172
173
173
173
173
173
173
173
173
173
173
173
173
173
173
174
174
174
174
174
174
174
174
174
174
174
174
174
174
174
174
174
174
174
174
175
175
175
175
175
175
175
175
175
175
175
175
176
176
176
176
176
176
176
176
176
176
176
176
177
177
177
177
177
177
177
177
177
177
177
177
177
177
177
177
177
177
177
177
178
178
178
178
178
178
178
178
179
179
179
179
179
179
179
179
179
179
179
179
179
179
180
180
180
180
180
180
180
181
181
181
181
181
181
181
181
181
181
181
182
182
182
182
182
182
182
183
183
183
183
183
183
183
183
183
183
183
183
183
183
184
184
184
184
184
184
184
185
185
185
185
185
185
185
185
185
186
186
186
186
186
186
186
186
186
186
186
186
186
186
186
187
187
187
187
187
187
187
187
187
187
187
187
187
187
187
188
188
188
188
188
188
188
188
188
188
188
188
188
188
188
189
189
189
189
189
189
189
189
189
189
189
189
190
190
190
190
190
190
190
190
190
190
190
191
191
191
191
191
191
191
191
191
191
191
191
191
192
192
192
192
192
192
192
192
192
192
192
192
193
193
193
193
193
193
193
193
193
193
193
194
194
194
194
194
194
194
194
194
195
195
195
195
195
195
195
195
196
196
196
196
196
196
196
196
196
197
197
197
197
197
197
197
198
198
198
198
198
198
199
199
199
199
199
199
199
199
200
200
200
200
200
200
200
200
200
201
201
201
201
201
201
202
202
202
202
202
202
203
203
203
203
203
203
203
204
204
204
204
204
204
204
204
204
205
205
205
205
205
205
206
206
206
206
206
206
207
207
207
207
207
207
207
207
207
207
207
207
207
208
208
208
208
208
208
208
208
208
208
208
208
209
209
209
209
209
209
209
209
210
210
210
210
210
210
210
210
211
211
211
211
211
211
211
211
211
211
211
211
211
211
212
212
212
212
212
212
212
212
212
212
212
213
213
213
213
213
213
213
213
213
213
213
213
213
213
213
213
213
213
214
214
214
214
214
214
214
214
214
215
215
215
215
215
216
216
216
216
216
216
216
216
216
216
216
216
216
216
216
217
217
217
217
217
217
217
218
218
218
218
218
218
218
218
218
219
219
219
219
219
219
219
220
220
220
220
220
220
220
220
221
221
221
221
221
221
221
221
222
222
222
222
222
222
222
222
222
222
222
222
223
223
223
223
223
223
223
223
224
224
224
224
225
225
225
225
225
225
225
225
225
225
225
226
226
226
226
226
226
226
226
227
227
227
227
227
227
227
227
228
228
228
228
228
228
228
228
228
228
228
228
229
229
229
229
229
229
229
229
229
229
230
230
230
230
230
230
230
230
231
231
231
231
231
231
231
231
231
231
232
232
232
232
232
232
232
232
232
233
233
233
233
233
234
234
234
234
234
234
235
235
235
235
235
235
235
235
235
235
235
236
236
236
236
236
236
236
237
237
237
237
237
237
237
237
237
237
237
237
238
238
238
238
238
238
238
238
238
238
238
238
239
239
239
239
239
239
239
239
240
240
240
240
240
240
240
240
240
241
241
241
241
241
241
241
241
241
241
241
241
241
242
242
242
242
242
242
242
242
242
243
243
243
243
243
243
243
244
244
244
244
244
244
244
244
245
245
245
245
245
245
245
245
245
245
245
246
246
246
246
246
246
247
247
247
247
247
247
247
248
248
248
248
248
248
248
248
248
248
248
249
249
249
249
249
249
249
250
250
250
250
250
250
250
250
250
250
250
250
250
251
251
251
251
251
251
251
251
252
252
252
252
252
252
252
252
252
252
253
253
253
253
253
253
253
253
253
254
254
254
254
255
255
255
255
255
255
255
255
255
255
255
255
256
256
256
256
256
256
256
257
257
257
257
257
257
257
257
257
258
258
258
258
258
258
258
258
258
258
258
258
258
258
258
259
259
259
259
260
260
260
260
260
260
260
261
261
261
261
261
261
261
261
262
262
262
262
262
262
262
262
262
262
262
262
263
263
263
263
263
263
263
264
264
264
264
264
264
265
265
265
265
265
265
265
265
266
266
266
266
266
266
266
267
267
267
267
267
267
267
267
267
267
267
267
267
267
267
267
268
268
268
268
268
268
269
269
269
269
269
269
269
269
270
270
270
270
270
270
270
270
270
270
271
271
271
271
271
271
271
271
271
271
272
272
272
272
272
272
272
272
272
272
272
273
273
273
273
273
274
274
274
274
274
274
274
274
274
274
274
274
274
274
274
275
275
275
275
275
275
275
275
276
276
276
276
276
276
276
276
276
276
276
276
276
277
277
277
277
277
277
277
277
277
278
278
278
278
278
278
278
279
279
279
279
279
279
279
279
279
279
279
279
279
280
280
280
280
280
280
280
280
280
280
280
280
281
281
281
281
281
281
281
281
281
281
281
281
282
282
282
282
282
282
282
282
283
283
283
283
283
283
283
283
283
284
284
284
284
284
284
284
284
284
285
285
285
285
285
285
285
285
285
285
285
285
286
286
286
286
286
286
286
286
286
286
286
286
286
286
287
287
287
287
287
287
288
288
288
289
289
289
289
289
289
290
290
290
290
290
291
291
291
291
291
291
291
291
292
292
292
292
292
292
292
292
292
292
292
293
293
293
294
294
294
294
294
294
294
295
296
296
297
297
297
297
297
297
298
298
298
298
298
298
298
299
299
299
299
299
299
299
299
300
300
300
300
300
300
300
300
301
301
301
301
301
301
301
301
302
302
302
302
302
302
302
302
302
303
303
303
303
303
303
303
303
303
303
303
304
304
304
304
304
304
305
305
305
305
305
305
305
305
305
306
306
306
306
306
306
306
307
307
307
307
307
307
307
308
308
308
308
308
308
309
309
309
309
309
310
310
310
310
310
310
311
311
311
312
312
312
312
312
312
312
312
312
312
312
312
313
313
313
314
314
314
314
314
314
314
314
314
315
315
315
315
315
315
315
315
315
315
316
316
316
316
316
316
316
317
317
317
317
317
317
317
317
317
317
318
318
318
318
318
318
318
318
318
318
319
319
319
319
319
319
320
320
320
321
321
321
321
321
321
321
321
321
322
322
322
322
322
322
322
322
322
322
323
323
323
323
323
323
323
323
323
323
323
324
324
324
324
324
324
324
324
324
325
325
325
325
325
326
326
326
326
326
326
327
327
327
327
327
327
327
327
328
328
328
328
328
328
329
330
330
330
330
330
330
330
331
331
331
331
331
331
331
332
332
332
332
332
332
333
333
333
333
333
334
334
334
334
334
334
335
335
335
335
335
336
336
336
336
336
337
337
337
337
337
337
337
338
338
338
338
338
338
338
338
339
339
339
339
339
339
339
339
339
339
340
340
340
340
340
340
340
341
341
341
341
341
341
341
341
341
341
342
342
342
342
342
343
343
343
343
343
343
343
343
343
343
343
344
344
345
345
345
345
345
345
346
346
346
347
347
347
347
348
348
348
348
349
349
349
349
350
350
350
350
350
351
351
351
351
352
352
352
353
353
353
353
353
353
354
354
354
354
354
354
354
354
354
355
355
355
355
355
355
356
356
356
356
356
356
357
357
357
358
358
358
358
358
359
359
359
359
360
361
361
361
361
361
361
362
362
362
362
362
363
363
363
363
363
363
363
363
364
364
364
365
365
366
366
366
366
366
366
366
367
367
367
367
368
368
368
368
368
369
369
369
369
369
370
370
371
371
371
371
371
371
371
372
372
372
372
373
373
373
373
374
374
374
374
374
374
375
375
375
376
376
376
376
376
377
377
377
378
378
378
378
378
379
379
379
381
381
381
381
382
382
382
382
382
382
382
383
383
383
383
383
384
384
384
384
384
384
385
385
385
385
385
386
386
387
387
387
387
387
388
388
388
388
388
388
389
390
390
390
390
390
390
391
391
392
393
393
394
394
394
394
395
396
396
396
396
396
396
396
397
397
398
398
398
398
398
398
399
399
399
399
400
400
400
400
401
401
401
401
401
401
402
402
402
402
402
403
403
403
403
403
403
404
404
405
405
405
405
405
405
405
405
406
406
406
406
406
407
407
407
407
407
407
407
408
408
408
408
408
408
409
409
409
409
409
410
410
410
410
410
411
411
411
411
411
411
411
412
412
412
412
412
413
413
413
413
413
413
413
414
414
414
415
415
415
415
415
415
415
416
416
416
416
417
417
417
417
418
418
418
418
418
418
418
418
418
419
419
419
419
419
420
420
420
420
420
420
421
421
422
422
422
423
423
423
423
424
424
424
424
425
425
425
425
426
426
426
426
426
427
427
428
428
428
428
428
429
429
429
429
430
430
430
430
431
431
431
431
431
431
432
432
432
432
433
433
433
434
434
434
435
435
435
435
435
435
436
436
436
436
436
436
436
436
436
437
437
437
437
437
437
438
438
438
439
439
439
440
440
440
440
440
441
441
441
441
441
441
441
441
441
441
441
442
442
443
443
443
443
443
443
443
443
444
444
444
444
444
444
444
445
446
446
446
448
448
448
448
448
449
449
449
449
449
449
449
449
449
449
449
450
450
450
450
450
451
451
451
451
451
452
452
452
452
452
453
453
453
453
453
454
454
454
454
454
455
455
455
455
456
456
456
456
457
457
457
457
458
458
458
458
458
458
458
458
458
459
459
459
459
459
459
459
460
460
460
460
461
461
461
462
462
463
463
464
464
464
464
464
464
464
465
465
466
466
467
467
468
468
468
468
468
469
469
469
470
470
470
471
471
471
472
472
473
473
473
473
473
475
475
475
475
475
475
476
476
476
476
476
476
476
477
477
477
477
477
478
479
479
479
480
480
481
481
481
481
482
482
482
482
483
484
484
484
484
485
485
485
486
486
486
487
488
488
488
489
489
489
489
489
489
490
490
490
490
491
491
491
491
491
491
491
491
492
492
492
492
492
492
493
493
493
493
493
494
494
494
494
494
494
494
495
496
496
496
496
496
496
496
497
497
497
497
498
499
500
500
500
501
501
501
502
502
503
503
503
503
503
503
503
503
503
504
504
504
504
504
504
505
505
505
505
506
506
507
507
507
507
507
507
507
508
508
508
508
508
508
508
508
508
509
510
510
510
511
511
511
511
511
512
512
512
512
512
512
512
512
512
513
513
513
513
513
513
513
513
514
514
514
514
514
514
514
515
515
515
515
515
515
516
516
517
517
517
517
517
518
518
518
518
518
518
518
518
519
519
519
519
519
519
519
519
519
520
520
520
520
520
520
520
520
521
521
521
521
521
521
522
522
522
522
522
522
522
522
523
523
523
523
524
524
525
525
525
525
525
525
526
526
527
527
527
528
528
528
529
529
529
529
529
530
530
531
531
531
531
531
531
532
532
532
532
532
532
532
533
533
533
533
535
535
535
535
535
535
535
536
536
537
537
537
537
537
537
537
538
538
538
538
539
539
539
539
539
540
540
540
540
540
540
540
540
540
541
541
541
541
542
542
542
543
543
543
543
544
544
544
544
544
544
545
545
545
545
546
546
546
546
546
546
547
548
548
548
549
549
549
549
549
550
550
550
550
551
551
551
551
552
552
552
552
552
552
553
554
554
555
555
555
555
556
556
556
556
556
556
556
556
556
557
557
557
557
557
559
559
559
559
559
559
560
561
561
561
561
562
562
562
562
562
563
563
563
563
563
564
564
564
564
564
564
564
565
565
565
565
566
566
566
566
567
567
567
567
567
568
568
568
568
569
569
569
571
571
571
571
571
572
572
573
573
574
574
574
575
575
576
576
576
576
577
577
577
578
578
578
578
579
579
579
579
579
579
579
580
580
580
581
581
581
581
582
582
582
582
582
583
583
583
583
584
584
584
584
584
584
585
585
585
585
586
586
586
586
587
587
587
587
587
587
588
588
588
588
588
588
588
588
589
589
589
589
589
590
590
590
590
590
590
590
591
591
591
591
591
591
592
592
592
593
593
593
594
594
594
594
595
595
595
595
595
595
597
597
597
597
597
598
598
598
599
599
599
599
599
599
600
600
600
600
600
600
600
600
601
601
601
601
601
601
602
602
602
602
603
603
603
603
603
603
604
604
604
605
605
605
605
605
606
606
606
607
607
607
607
607
607
607
608
608
608
608
608
609
610
610
610
610
610
610
610
610
611
611
611
612
612
612
612
613
613
614
614
614
614
614
614
615
615
615
615
615
615
616
616
616
616
616
616
616
617
617
617
617
617
617
618
618
619
620
620
620
620
621
621
621
622
622
623
623
623
624
624
624
625
626
626
626
626
626
627
627
627
628
628
628
628
629
629
629
630
630
630
630
631
631
631
631
631
631
631
631
631
632
632
632
632
633
633
633
633
634
634
634
634
635
635
635
636
636
636
637
637
638
639
639
639
639
639
639
639
641
641
642
643
643
643
643
644
644
644
644
644
644
645
645
645
645
645
646
646
647
647
647
648
648
648
648
648
649
649
649
649
649
650
650
650
652
652
652
652
653
653
654
654
654
654
655
655
655
655
655
656
656
657
657
657
658
658
658
659
660
660
661
661
662
662
662
662
663
663
663
664
664
664
664
665
665
665
666
666
666
666
666
666
666
667
667
667
667
667
667
668
668
668
669
670
670
670
671
671
671
672
672
672
673
673
673
673
673
675
675
675
675
675
675
676
676
676
676
677
678
678
679
679
680
680
680
680
681
681
681
682
682
682
683
683
684
685
685
685
686
687
687
687
687
687
687
687
688
688
689
689
689
689
690
691
691
691
691
691
692
692
692
692
693
693
694
695
696
697
697
697
697
697
697
698
698
698
699
699
700
701
702
702
703
703
703
703
703
704
705
705
705
706
707
707
707
707
707
708
708
708
709
709
710
710
710
710
711
712
713
713
713
715
715
715
716
716
716
717
717
717
719
720
722
722
722
722
722
723
723
724
725
726
726
726
726
726
727
727
728
728
728
728
728
729
729
730
730
732
732
732
732
732
732
733
733
733
733
734
734
734
735
735
736
736
736
737
737
737
737
738
738
739
739
740
740
741
741
741
742
742
743
743
743
744
744
745
745
745
745
745
746
747
747
748
749
749
749
749
749
750
750
750
750
751
751
751
753
753
754
754
754
755
755
755
756
756
757
757
757
757
758
758
758
758
758
759
759
759
759
759
760
760
761
762
762
763
763
764
765
765
765
766
767
767
768
768
769
769
770
770
770
770
770
771
772
772
773
773
774
774
776
776
778
778
779
780
782
783
784
784
784
785
786
786
786
788
788
788
789
789
790
790
791
791
791
791
792
792
792
793
793
793
794
794
794
794
794
794
795
795
795
796
796
796
797
798
798
798
799
799
799
800
800
801
801
802
802
803
804
804
804
804
804
804
804
804
805
805
806
807
808
808
808
808
809
809
809
809
810
810
812
812
812
812
812
813
813
813
814
814
815
815
815
816
816
817
817
818
818
819
819
820
820
821
822
822
822
823
825
825
825
825
826
826
827
828
828
830
830
832
832
832
832
833
833
834
834
835
835
835
835
835
835
836
836
837
837
838
838
839
839
839
840
840
841
843
843
843
843
844
844
845
845
845
847
849
849
849
850
850
850
850
852
852
853
854
854
854
855
855
855
856
856
856
856
857
857
857
858
858
859
859
860
860
860
860
862
862
863
864
865
865
866
866
866
866
869
870
870
871
872
872
872
873
873
874
874
874
874
874
874
875
875
876
876
876
876
876
877
877
877
878
878
878
879
879
879
880
880
880
881
882
882
882
882
883
883
883
883
883
883
883
884
885
886
887
887
887
887
888
888
888
888
888
889
889
890
890
891
891
891
891
892
893
893
893
894
895
896
896
897
897
897
897
898
898
899
899
899
900
902
903
903
903
904
904
904
906
906
906
906
907
908
908
908
909
910
911
911
911
911
912
912
913
914
914
914
914
915
915
915
915
915
916
916
916
916
917
917
917
917
918
918
919
919
919
920
920
920
921
921
921
922
922
923
923
924
924
924
924
925
926
927
928
929
931
932
932
932
932
933
933
933
933
935
935
936
936
937
937
938
939
940
941
942
942
942
943
944
944
945
945
945
945
946
947
948
948
948
949
949
949
949
950
951
953
953
954
955
956
957
957
959
959
960
960
960
961
962
963
964
964
965
966
966
967
967
967
967
967
967
968
968
969
970
970
971
971
971
971
971
971
973
973
973
973
974
974
975
975
975
975
976
976
976
976
977
977
977
977
978
978
978
980
980
981
981
981
981
981
982
983
984
984
985
985
985
985
985
985
986
986
986
987
988
988
989
989
989
991
991
991
992
992
992
992
992
993
994
997
997
998
998
999
999
1000
1000
1001
1001
1002
1002
1003
1003
1004
1004
1004
1004
1004
1005
1006
1007
1007
1008
1009
1009
1009
1011
1011
1012
1012
1012
1012
1013
1013
1013
1014
1014
1014
1015
1015
1015
1016
1016
1017
1017
1018
1018
1018
1018
1019
1019
1020
1020
1020
1021
1022
1022
1023
1023
1024
1025
1025
1026
1026
1026
1027
1027
1027
1027
1028
1028
1029
1029
1029
1030
1031
1031
1031
1031
1031
1032
1032
1032
1032
1033
1033
1033
1033
1033
1034
1035
1035
1036
1036
1036
1036
1036
1037
1037
1037
1037
1038
1038
1039
1040
1040
1041
1041
1042
1043
1043
1043
1044
1045
1047
1047
1047
1047
1048
1048
1048
1048
1049
1049
1050
1050
1050
1051
1052
1052
1052
1052
1053
1054
1054
1054
1054
1055
1055
1055
1056
1057
1057
1057
1057
1058
1058
1058
1059
1059
1059
1059
1060
1060
1060
1060
1060
1060
1060
1060
1060
1060
1060
1061
1061
1061
1061
1062
1063
1064
1065
1066
1066
1066
1067
1067
1067
1068
1068
1069
1069
1070
1071
1071
1071
1073
1075
1075
1075
1076
1077
1077
1078
1078
1078
1078
1078
1079
1080
1080
1080
1080
1081
1081
1082
1082
1082
1082
1082
1083
1083
1084
1084
1084
1084
1085
1085
1085
1085
1085
1086
1087
1089
1089
1090
1090
1091
1091
1091
1091
1092
1093
1094
1094
1094
1095
1095
1095
1095
1096
1096
1097
1098
1098
1098
1099
1099
1100
1100
1101
1101
1102
1102
1103
1104
1105
1105
1106
1106
1106
1106
1106
1107
1107
1108
1108
1108
1108
1108
1108
1109
1109
1110
1110
1110
1111
1111
1111
1111
1112
1112
1112
1112
1112
1113
1113
1113
1113
1113
1113
1113
1114
1115
1115
1116
1117
1117
1118
1118
1119
1119
1119
1120
1120
1120
1121
1121
1122
1123
1124
1124
1125
1125
1125
1126
1126
1127
1128
1128
1129
1129
1130
1130
1130
1130
1130
1131
1132
1132
1132
1132
1133
1133
1133
1134
1134
1134
1134
1134
1135
1136
1136
1136
1136
1137
1138
1138
1138
1139
1140
1140
1140
1141
1141
1141
1141
1141
1142
1142
1142
1143
1143
1143
1143
1143
1145
1146
1147
1148
1149
1149
1150
1150
1150
1150
1150
1150
1150
1151
1151
1151
1152
1152
1153
1154
1154
1154
1154
1155
1155
1156
1157
1157
1157
1158
1159
1159
1159
1161
1161
1161
1163
1163
1163
1164
1165
1166
1166
1166
1168
1169
1169
1170
1171
1171
1171
1172
1172
1172
1172
1172
1172
1173
1173
1173
1174
1176
1176
1176
1177
1177
1177
1179
1179
1180
1180
1180
1181
1182
1183
1183
1184
1185
1185
1187
1187
1187
1188
1190
1190
1190
1190
1190
1190
1191
1191
1191
1191
1192
1194
1195
1196
1196
1197
1197
1197
1198
1198
1198
1198
1199
1200
1200
1202
1203
1203
1203
1204
1205
1205
1206
1207
1207
1208
1209
1211
1211
1212
1212
1212
1212
1213
1213
1214
1214
1215
1215
1215
1215
1215
1216
1216
1216
1216
1216
1217
1218
1218
1219
1219
1219
1220
1220
1220
1220
1221
1222
1222
1223
1223
1224
1224
1224
1226
1227
1227
1227
1228
1228
1228
1229
1229
1231
1231
1231
1231
1231
1234
1235
1236
1236
1237
1237
1237
1237
1238
1238
1239
1240
1241
1241
1241
1242
1243
1244
1244
1244
1245
1245
1245
1246
1246
1247
1248
1249
1249
1250
1250
1250
1250
1251
1252
1252
1252
1252
1252
1252
1253
1254
1254
1254
1255
1257
1257
1257
1257
1257
1258
1258
1258
1259
1259
1259
1260
1260
1260
1261
1261
1262
1262
1262
1262
1262
1263
1264
1264
1264
1264
1264
1264
1266
1266
1267
1267
1268
1268
1268
1270
1270
1270
1271
1271
1271
1271
1273
1273
1276
1277
1278
1279
1279
1280
1280
1280
1281
1281
1282
1282
1284
1285
1286
1286
1286
1287
1288
1289
1289
1289
1289
1290
1290
1291
1292
1292
1293
1293
1294
1294
1295
1295
1297
1297
1298
1299
1301
1301
1302
1302
1304
1304
1306
1306
1306
1307
1308
1308
1309
1310
1310
1310
1311
1311
1311
1312
1312
1313
1313
1314
1314
1314
1315
1315
1315
1316
1316
1316
1316
1316
1316
1320
1321
1323
1325
1326
1327
1328
1328
1329
1329
1329
1329
1330
1332
1332
1332
1333
1333
1333
1334
1334
1335
1336
1336
1337
1338
1338
1339
1339
1340
1340
1340
1341
1341
1341
1341
1344
1345
1345
1346
1347
1347
1348
1348
1350
1351
1351
1352
1352
1353
1355
1355
1356
1356
1360
1360
1362
1362
1362
1366
1366
1366
1366
1367
1368
1368
1369
1369
1369
1369
1371
1371
1372
1376
1377
1378
1378
1378
1379
1379
1380
1380
1381
1382
1383
1383
1385
1385
1386
1387
1387
1388
1392
1392
1393
1393
1394
1394
1394
1395
1395
1396
1401
1402
1402
1403
1404
1404
1404
1406
1407
1409
1409
1409
1409
1410
1411
1411
1412
1412
1414
1414
1414
1414
1415
1416
1416
1416
1416
1416
1416
1417
1417
1418
1420
1421
1421
1422
1422
1423
1424
1425
1427
1428
1429
1430
1431
1431
1431
1431
1433
1435
1436
1437
1438
1438
1438
1439
1440
1441
1441
1441
1442
1442
1443
1443
1443
1444
1446
1446
1447
1448
1450
1450
1450
1450
1451
1452
1454
1455
1456
1458
1460
1461
1461
1462
1464
1464
1465
1466
1471
1472
1472
1473
1474
1474
1474
1474
1475
1476
1477
1477
1480
1480
1480
1481
1481
1482
1482
1483
1487
1487
1488
1491
1492
1492
1492
1492
1493
1495
1495
1495
1495
1498
1499
1499
1500
1500
1502
1503
1504
1505
1507
1509
1509
1509
1509
1510
1511
1515
1517
1518
1518
1518
1519
1520
1520
1520
1521
1521
1522
1523
1523
1527
1528
1528
1528
1528
1530
1535
1535
1535
1536
1537
1537
1537
1538
1538
1538
1538
1539
1540
1542
1543
1543
1544
1544
1545
1546
1546
1547
1549
1549
1549
1550
1551
1551
1552
1552
1553
1553
1557
1559
1563
1564
1564
1567
1568
1568
1570
1573
1575
1576
1576
1576
1577
1577
1578
1578
1579
1579
1581
1581
1581
1583
1584
1585
1588
1588
1588
1590
1591
1591
1591
1593
1593
1593
1593
1594
1594
1596
1596
1597
1597
1598
1599
1599
1599
1600
1600
1601
1601
1603
1603
1604
1606
1606
1606
1606
1607
1608
1608
1609
1610
1611
1612
1614
1614
1614
1615
1618
1618
1620
1622
1623
1625
1626
1626
1627
1630
1633
1635
1635
1636
1639
1640
1640
1641
1642
1642
1642
1642
1643
1644
1645
1648
1648
1650
1650
1651
1652
1656
1656
1657
1658
1659
1661
1661
1663
1666
1667
1667
1668
1669
1669
1670
1670
1672
1673
1674
1674
1674
1675
1675
1675
1676
1677
1677
1677
1678
1678
1681
1681
1684
1684
1685
1685
1685
1686
1686
1687
1688
1688
1689
1690
1691
1697
1701
1702
1703
1706
1707
1707
1707
1710
1710
1711
1711
1711
1712
1712
1712
1713
1714
1715
1715
1716
1718
1722
1724
1725
1725
1726
1726
1727
1728
1729
1730
1731
1733
1734
1734
1734
1734
1735
1736
1738
1740
1740
1741
1743
1743
1743
1744
1744
1745
1746
1747
1747
1747
1749
1749
1751
1751
1755
1757
1758
1758
1758
1758
1759
1759
1760
1761
1763
1764
1764
1764
1764
1764
1767
1769
1769
1770
1772
1773
1773
1773
1775
1775
1776
1776
1777
1777
1779
1780
1780
1780
1780
1781
1781
1782
1783
1786
1786
1787
1789
1790
1790
1791
1792
1793
1793
1794
1795
1796
1796
1797
1798
1798
1799
1799
1799
1801
1802
1806
1806
1806
1807
1807
1807
1807
1808
1810
1811
1814
1814
1814
1816
1817
1818
1820
1821
1821
1821
1822
1826
1827
1828
1828
1828
1829
1829
1833
1833
1833
1833
1833
1834
1834
1835
1836
1836
1838
1839
1839
1843
1843
1843
1844
1846
1847
1849
1849
1851
1851
1852
1852
1852
1852
1852
1853
1853
1855
1856
1856
1858
1858
1858
1859
1860
1860
1861
1862
1862
1862
1864
1865
1865
1866
1866
1867
1868
1869
1871
1871
1872
1874
1874
1874
1874
1875
1875
1875
1878
1880
1880
1881
1882
1883
1886
1887
1887
1890
1891
1893
1894
1895
1895
1895
1896
1897
1897
1897
1898
1899
1899
1900
1900
1900
1901
1901
1902
1903
1905
1908
1908
1908
1913
1913
1914
1914
1915
1916
1916
1917
1917
1917
1918
1918
1919
1920
1922
1924
1924
1925
1926
1927
1927
1927
1928
1928
1930
1930
1930
1930
1932
1932
1933
1933
1933
1934
1935
1935
1935
1936
1939
1939
1940
1940
1941
1941
1944
1944
1944
1945
1945
1945
1946
1946
1948
1948
1948
1948
1948
1948
1948
1951
1952
1952
1952
1952
1953
1953
1955
1955
1957
1957
1957
1958
1961
1961
1962
1962
1962
1963
1965
1966
1969
1970
1970
1971
1972
1972
1976
1976
1978
1979
1980
1983
1984
1985
1987
1989
1991
1993
1994
2071
2081
2268
2304
2514
2945
2994
3127
3219
3507
3511
3625
3660
3797
3904
