Primero viene la cantidad (n) de timestamps para ambos, luego n líneas que son un timestamp aproximado cada uno separado por una coma (',') del error, y luego n lineas de las transacciones del sospechoso
9005
3,2
29,9
37,31
90,17
200,22
398,20
830,43
1589,2
86,40
166,45
322,32
634,23
1298,25
100,25
180,49
304,4
599,26
1218,1
75,13
138,41
233,29
521,5
1004,48
1998,1997
89,37
90,42
208,25
482,47
961,5
1899,4
33,32
37,15
116,43
277,27
514,43
980,18
1962,22
11,10
51,3
74,7
145,25
307,31
677,45
1351,10
48,10
140,47
195,13
472,40
953,37
1908,47
97,29
111,41
225,24
519,6
1051,22
48,41
75,30
176,9
309,7
694,14
1318,50
82,42
96,25
183,19
461,32
829,45
1752,8
57,48
66,50
181,9
306,5
687,36
1352,20
23,22
112,31
152,25
381,11
733,10
1427,17
62,34
106,11
182,5
416,4
807,46
1614,16
68,48
109,4
212,32
445,39
929,49
1769,6
82,35
141,37
229,17
498,5
1024,50
1976,10
42,1
80,35
196,23
374,9
746,41
1459,25
98,22
194,45
384,45
707,5
1446,21
14,13
42,21
90,31
218,12
457,17
855,28
1765,2
35,21
74,10
208,40
332,34
730,39
1408,41
3,2
102,7
173,50
353,46
674,20
1352,46
29,10
103,26
160,17
351,21
722,13
1387,42
100,10
171,11
353,21
712,47
1405,3
59,21
102,29
189,4
413,5
812,33
1594,10
95,33
116,8
236,48
533,48
1035,21
6,4
9,8
93,17
172,45
362,34
699,18
1428,33
62,19
73,41
216,7
403,5
787,21
1599,13
5,4
42,33
106,27
236,42
415,3
852,31
1711,49
97,12
148,39
288,9
557,9
1176,30
90,16
173,25
267,13
551,34
1165,40
84,31
114,16
295,11
498,38
998,31
1905,46
93,47
173,8
307,46
578,43
1158,45
58,40
137,44
248,41
528,14
1042,14
44,3
57,36
135,29
324,21
625,6
1245,9
34,10
72,48
130,43
316,10
597,40
1200,9
87,4
173,17
309,16
601,46
1206,41
69,9
145,28
293,24
574,32
1084,29
100,44
196,27
371,33
741,10
1483,9
96,20
180,36
331,36
644,14
1286,24
38,20
46,45
108,41
269,5
477,26
979,34
1973,1972
58,3
145,30
240,39
532,16
997,21
1992,1991
98,4
113,43
229,23
449,25
976,40
1913,11
24,16
94,3
213,19
356,12
726,18
1437,16
40,26
102,9
176,21
334,35
706,36
1452,2
44,32
100,3
162,34
402,1
762,21
1565,11
22,21
41,13
132,24
252,23
467,8
999,11
1916,32
54,18
155,15
286,24
583,45
1117,29
76,16
164,7
302,40
626,2
1246,34
2,1
82,19
87,13
192,3
430,1
847,3
1725,17
98,27
161,47
289,44
649,27
1230,14
80,29
136,49
288,22
587,29
1122,46
33,5
45,31
112,6
236,26
503,35
984,3
1952,20
90,24
121,35
213,33
450,48
899,48
1838,37
63,45
159,5
247,24
515,8
999,48
1974,20
92,42
128,7
289,11
598,29
1146,17
73,43
143,26
268,39
513,37
1000,22
1992,1991
88,13
135,30
311,44
575,39
1191,18
61,30
160,44
307,23
560,43
1103,10
1,0
58,22
90,18
198,36
373,39
723,11
1534,25
82,38
152,13
252,25
537,33
1070,4
88,9
149,43
304,38
588,24
1155,19
45,44
69,1
168,37
365,39
664,1
1371,46
71,8
165,27
319,33
565,16
1161,10
92,25
103,27
282,23
531,47
1024,40
77,23
137,17
260,37
478,19
989,39
1915,44
99,28
156,30
346,34
631,37
1330,30
50,24
51,15
147,39
331,1
636,26
1238,12
63,15
107,42
196,12
396,36
861,35
1624,49
36,35
105,27
183,35
414,5
746,21
1537,38
99,48
135,3
235,7
504,26
1037,30
24,23
60,4
134,11
251,50
550,14
1081,27
48,44
58,43
155,16
358,12
708,4
1340,2
69,33
117,40
235,37
504,13
968,7
1987,1986
76,36
165,20
245,5
509,6
1094,38
43,42
142,30
242,15
497,19
1004,1
1974,1973
67,8
111,24
257,43
507,3
1039,5
1917,40
55,20
150,46
295,40
576,48
1140,18
89,2
116,23
229,9
514,35
970,17
1919,34
43,5
54,14
156,43
354,7
682,33
1326,30
40,39
122,39
201,46
414,25
820,21
1672,15
98,4
125,5
246,47
508,50
1009,2
1956,38
4,3
21,5
93,36
171,39
343,9
679,27
1317,10
69,45
145,44
271,48
486,8
1001,35
1991,7
47,46
70,5
160,30
343,40
629,19
1279,10
11,2
29,28
125,9
244,35
499,18
952,38
1939,25
99,5
173,37
332,14
653,13
1354,34
54,50
90,31
193,9
347,49
736,4
1495,41
25,22
108,49
220,12
394,49
841,12
1590,10
71,4
123,31
264,34
461,29
981,3
1952,19
23,18
104,17
141,49
293,26
641,28
1250,10
9,8
16,11
85,41
195,25
339,28
656,21
1376,16
6,5
70,4
164,41
294,43
567,10
1193,33
64,6
110,45
270,37
498,46
950,28
1921,4
22,21
91,2
177,47
304,44
682,17
1336,26
44,5
96,42
190,40
402,46
812,19
1641,49
95,16
161,39
320,17
635,10
1252,8
55,39
58,33
202,38
412,49
792,18
1547,6
44,43
90,26
219,3
438,32
819,30
1659,29
17,16
73,43
180,49
363,29
709,38
1430,48
83,49
107,30
252,17
483,5
944,15
1915,11
48,16
144,39
210,17
423,7
915,42
1791,32
24,5
33,31
143,1
266,1
475,21
979,12
1922,16
63,38
76,22
145,44
369,35
733,41
1421,50
96,37
159,7
286,15
592,7
1223,49
5,4
95,33
175,23
351,35
665,27
1373,29
25,24
102,40
215,34
424,23
803,37
1616,42
69,50
127,4
286,13
517,45
1013,35
24,23
74,14
174,26
371,18
724,13
1393,47
3,2
32,7
62,7
160,38
335,32
629,12
1296,44
76,24
110,16
243,49
523,38
981,29
1988,1987
58,16
124,17
247,49
467,40
935,39
1839,44
66,41
84,26
234,10
476,41
934,50
1839,39
19,18
111,41
190,35
361,8
772,21
1461,18
74,5
92,37
202,36
447,7
840,49
1679,12
70,8
112,23
243,17
449,28
939,25
1815,33
62,40
125,36
211,47
493,19
907,32
1862,22
42,17
91,45
190,47
358,48
722,4
1434,26
101,4
192,21
352,32
709,21
1362,17
34,33
78,9
160,8
341,40
654,20
1326,28
53,37
136,8
212,5
428,5
858,35
1735,22
27,19
69,46
114,26
269,36
501,30
1036,46
100,9
142,45
301,36
545,3
1102,47
81,26
107,39
264,19
475,24
1004,33
1966,1965
25,23
108,21
149,21
358,46
671,43
1387,48
73,20
151,26
251,4
561,31
1089,15
69,24
82,36
220,46
403,10
814,2
1655,1
29,17
46,16
158,8
283,35
594,6
1149,39
8,7
39,5
130,22
236,39
439,10
874,24
1792,28
30,4
86,26
147,26
329,33
691,4
1287,27
78,19
153,43
275,37
526,3
1059,45
99,28
101,37
252,28
544,50
1031,46
2,1
76,7
154,30
267,27
586,10
1153,30
4,3
98,11
144,17
286,35
596,43
1168,9
101,41
165,22
338,14
704,43
1368,17
28,25
71,39
196,20
322,24
675,33
1341,5
82,11
87,35
210,13
445,21
915,8
1763,22
95,21
106,30
221,46
432,37
904,15
1765,42
96,10
164,16
273,44
612,48
1209,44
65,32
104,7
176,44
393,32
814,44
1561,42
7,6
108,28
124,11
289,17
545,40
1146,26
72,20
140,33
311,12
600,12
1130,11
59,47
128,39
228,1
489,4
914,48
1837,2
78,19
115,45
282,43
556,37
1046,27
38,6
112,13
194,7
385,45
799,9
1606,31
96,3
128,1
268,5
568,16
1091,40
17,7
94,26
198,36
342,9
683,48
1422,19
65,25
95,45
198,48
445,38
807,1
1689,20
91,16
182,46
283,20
567,19
1146,10
88,41
178,7
274,41
623,47
1220,31
87,37
125,38
295,49
556,33
1106,6
22,21
23,22
89,30
157,15
353,8
652,28
1343,27
38,37
87,40
179,13
391,7
700,5
1403,15
76,20
166,46
321,38
572,31
1212,10
64,23
103,32
260,19
428,10
896,6
1765,25
68,46
111,9
220,12
451,32
909,44
1849,4
10,9
82,3
149,35
277,20
528,39
1132,34
26,14
63,30
133,32
249,16
555,38
1043,44
39,38
60,15
162,35
348,16
684,34
1381,1
15,14
76,32
116,2
288,23
551,42
1097,10
66,29
142,16
273,16
534,14
1072,10
58,29
93,13
231,31
447,17
831,36
1672,34
85,3
164,48
252,24
505,47
1056,45
11,10
59,40
109,13
184,33
401,50
851,40
1670,12
31,17
87,50
215,41
356,34
783,14
1478,37
9,8
66,41
175,18
283,8
569,43
1175,29
101,49
188,11
333,46
706,48
1413,13
50,44
129,24
266,46
450,40
944,44
1923,26
95,24
193,30
300,35
629,6
1274,41
79,40
149,45
303,3
627,31
1181,18
73,34
154,35
240,38
479,46
977,17
1949,39
36,26
42,35
114,40
280,31
543,23
1085,34
65,3
110,48
210,49
443,34
912,11
1825,37
88,1
95,40
229,45
488,35
901,29
1829,16
25,24
122,3
154,20
326,32
725,46
1415,2
71,31
114,21
198,15
399,2
850,7
1665,34
60,1
73,6
220,6
447,3
893,28
1766,31
93,18
180,26
294,47
662,6
1244,29
36,35
41,5
84,19
261,19
515,26
953,38
1976,14
62,29
79,10
149,25
349,36
653,36
1299,33
41,26
132,43
189,10
425,35
788,5
1657,39
86,10
176,38
362,38
646,42
1355,24
73,39
86,18
244,28
428,38
871,38
1799,34
53,5
154,34
261,22
567,22
1093,50
36,10
86,9
217,28
342,27
723,35
1469,19
13,12
80,18
138,47
321,47
649,48
1259,5
50,5
106,49
233,3
417,22
891,16
1782,23
14,13
82,35
98,45
220,9
494,36
955,9
1896,31
49,30
91,29
141,3
345,45
687,12
1339,11
91,17
102,12
274,38
527,46
1040,33
69,18
156,43
232,21
529,12
1036,45
77,27
173,15
289,44
576,29
1120,23
94,23
124,23
252,3
529,45
1049,42
14,13
23,22
45,42
139,10
254,1
560,26
1070,18
91,34
165,27
262,10
609,22
1188,36
98,50
131,37
293,22
619,43
1176,18
19,13
60,11
90,44
205,1
422,41
885,40
1757,26
1,0
28,27
118,39
186,39
420,4
776,35
1565,14
60,39
137,8
250,9
489,9
972,32
1918,18
25,15
115,32
195,6
374,39
764,45
1495,8
83,28
184,2
288,40
558,30
1209,4
100,48
104,21
252,35
483,28
976,8
1987,4
23,9
35,13
136,31
238,32
437,31
946,27
1893,15
17,16
105,43
141,27
295,22
649,48
1228,38
38,24
107,19
160,34
375,40
726,11
1425,31
6,5
22,17
102,17
199,33
340,9
675,10
1442,43
45,44
75,9
169,9
331,36
648,32
1272,50
36,31
62,37
155,13
306,9
577,47
1213,38
50,42
129,45
244,35
451,50
939,2
1907,16
5,4
61,19
74,5
176,39
394,2
753,40
1470,15
26,25
79,41
118,9
269,22
526,47
1076,35
44,24
108,37
189,15
432,1
836,27
1678,29
32,17
119,34
222,32
393,15
814,10
1667,11
74,47
142,25
265,8
504,25
1025,48
25,5
119,12
185,22
371,24
798,23
1579,18
93,43
133,19
267,23
502,47
1031,16
83,35
117,46
268,1
472,35
1013,17
1965,31
25,12
84,2
141,20
284,47
591,32
1187,28
22,19
99,16
174,2
345,39
686,41
1396,46
32,17
109,38
207,45
431,45
854,23
1710,29
98,42
197,30
340,16
683,23
1319,28
97,26
181,2
326,38
684,23
1324,12
36,35
126,45
206,6
434,2
820,40
1686,42
35,32
135,15
194,8
428,13
872,9
1679,39
48,41
86,38
181,19
369,17
742,14
1492,5
60,12
64,11
201,17
367,38
759,15
1541,13
4,3
29,4
58,35
124,35
285,24
568,10
1136,13
26,10
55,1
181,9
312,31
594,14
1235,14
89,49
135,8
273,44
561,46
1105,22
99,34
106,42
220,25
508,49
1033,4
1975,1974
70,40
138,46
222,20
476,20
918,11
1842,41
6,5
66,41
100,6
196,4
453,6
842,30
1679,12
35,14
99,7
153,10
368,41
723,26
1450,26
56,27
118,35
232,10
494,23
973,26
1945,41
93,36
141,35
239,47
559,7
1099,9
70,48
103,18
247,41
435,3
903,37
1804,31
39,38
45,29
183,20
282,29
624,2
1177,41
51,41
57,34
120,5
323,24
650,24
1269,24
57,38
82,34
182,17
335,27
745,9
1408,27
78,12
153,17
323,39
640,22
1244,45
27,25
87,35
144,6
310,5
650,30
1223,43
51,6
138,44
210,37
407,23
850,18
1728,37
63,11
155,40
274,7
515,16
1087,50
54,31
73,18
209,24
432,9
806,35
1649,49
34,33
111,29
233,44
404,21
867,7
1726,34
10,9
108,26
122,16
327,47
650,8
1245,40
34,33
46,30
163,40
303,14
611,40
1249,33
58,9
81,41
154,3
345,14
732,42
1449,34
8,7
84,13
96,7
191,30
449,42
929,31
1847,9
96,50
177,32
358,50
648,9
1369,26
35,32
67,50
122,21
241,9
516,42
993,7
1900,41
27,9
37,36
138,19
293,18
565,44
1154,6
48,37
84,13
153,1
299,17
675,5
1327,37
63,48
122,6
248,27
485,26
1015,4
1952,42
20,10
63,9
108,10
236,34
504,15
1012,34
1993,1992
77,33
78,40
188,50
367,20
807,13
1581,11
78,29
112,7
257,9
507,32
1016,19
1946,4
78,11
163,32
252,29
560,46
1060,22
28,2
62,24
97,22
214,1
443,11
932,19
1871,8
20,12
121,1
217,1
367,13
743,38
1529,35
43,37
99,4
158,16
304,25
615,8
1220,42
56,17
155,19
243,48
531,30
1020,21
36,3
71,49
130,22
327,48
650,23
1269,42
2,1
53,26
97,33
166,40
370,18
704,3
1466,9
39,37
81,47
125,29
338,26
652,24
1272,16
28,27
124,46
190,23
363,16
741,48
1481,9
42,16
52,42
185,38
369,36
663,7
1370,30
46,22
92,34
148,45
324,21
640,21
1336,4
9,8
103,28
151,13
266,37
625,20
1246,42
51,8
114,14
251,47
493,4
989,3
1899,34
76,15
118,17
280,9
516,15
1081,43
50,37
99,23
185,4
368,30
791,14
1529,26
31,18
114,8
146,19
342,6
730,15
1395,1
90,12
131,27
247,27
503,31
1025,32
1917,25
5,4
70,48
152,50
239,46
517,34
1065,3
55,25
112,10
238,45
419,24
875,16
1759,34
83,8
179,40
314,11
599,12
1196,21
79,13
101,10
281,42
529,43
1072,46
25,21
32,19
101,27
256,43
468,23
971,7
1874,46
31,23
76,6
172,19
299,11
614,28
1202,12
18,17
20,19
70,30
208,30
319,7
666,31
1341,1
91,11
147,18
321,37
610,34
1252,4
44,43
106,3
244,24
395,48
849,7
1657,22
58,25
102,41
250,40
433,14
903,44
1836,8
94,17
145,40
282,48
576,43
1113,21
15,14
23,22
76,45
158,31
289,21
586,22
1178,17
19,18
50,7
103,33
193,20
449,26
908,13
1766,33
84,24
124,50
227,43
474,47
949,44
1921,45
53,33
113,22
228,1
471,1
906,4
1779,41
43,5
52,13
165,14
313,32
575,40
1243,2
98,17
115,17
294,11
562,45
1117,6
1,0
78,45
177,30
341,46
665,41
1317,14
15,14
19,11
37,17
160,46
301,49
550,47
1179,43
85,50
158,50
261,20
515,1
1072,35
56,32
99,40
192,46
348,14
711,6
1414,26
85,41
168,20
273,49
598,13
1222,43
91,16
185,47
373,29
687,32
1420,22
80,47
181,47
322,5
662,34
1299,7
48,8
101,46
168,26
337,35
666,38
1380,45
10,9
87,48
125,23
320,49
590,40
1184,47
73,7
165,40
323,11
611,24
1239,23
83,24
168,13
266,1
567,3
1132,15
36,24
64,23
173,18
290,27
653,8
1300,38
3,2
36,29
83,49
155,38
311,49
635,25
1279,7
39,30
81,1
130,32
278,50
536,17
1156,44
41,37
101,48
232,6
413,9
805,4
1665,1
23,19
24,23
124,33
211,43
407,47
876,28
1688,20
19,18
103,47
134,20
330,27
613,23
1249,33
40,36
115,21
156,14
342,29
728,16
1482,11
8,7
45,33
153,21
259,6
559,16
1051,18
46,37
147,40
282,25
486,6
1015,32
1910,9
29,28
73,46
127,27
316,4
596,2
1213,23
6,5
86,21
97,13
212,30
476,9
933,29
1852,35
50,9
102,14
159,11
359,42
757,9
1492,10
54,22
111,21
181,48
392,9
764,41
1513,26
4,3
104,13
169,43
327,15
663,33
1308,30
21,20
109,8
141,36
321,17
646,28
1296,8
54,3
105,14
191,33
366,11
775,18
1506,14
80,18
154,36
237,22
513,21
1060,6
97,48
120,18
280,48
585,31
1156,44
101,19
147,44
305,30
592,41
1229,42
19,18
111,17
138,21
368,2
645,8
1337,47
77,6
84,6
204,33
428,47
880,19
1772,24
101,10
166,23
368,1
723,41
1396,33
6,5
69,9
80,47
255,22
426,8
859,26
1729,9
16,7
85,7
117,1
245,1
525,11
1063,33
50,29
122,23
244,18
515,46
985,3
1977,14
93,19
191,35
349,41
704,45
1420,32
3,2
97,23
172,30
362,46
704,22
1379,34
11,10
30,5
112,15
156,8
354,32
700,19
1396,14
20,18
61,37
137,5
278,15
515,2
1014,13
62,31
146,1
285,22
502,31
1057,34
19,14
38,37
86,36
217,19
361,19
817,5
1605,37
21,19
98,36
212,50
355,41
694,43
1480,14
72,27
155,48
256,17
583,49
1118,38
13,12
67,50
161,30
261,13
603,31
1119,5
80,25
138,34
302,36
535,39
1137,35
50,39
91,36
148,6
295,14
628,33
1256,2
80,45
120,7
299,10
512,2
1099,15
5,4
10,9
75,8
149,40
325,50
638,31
1225,25
80,26
159,25
249,22
519,7
1046,30
24,23
49,20
147,6
294,14
589,1
1109,50
73,29
166,19
262,18
502,1
1075,32
82,40
159,12
321,23
583,10
1225,25
63,4
85,47
161,41
408,33
783,36
1549,33
64,19
89,28
178,50
405,13
810,12
1547,5
24,9
33,17
121,26
235,45
500,42
959,28
1922,16
27,4
87,24
166,31
302,25
678,14
1335,42
93,39
186,8
293,10
638,50
1280,16
81,4
180,28
285,4
646,34
1242,39
64,19
152,20
262,27
489,50
980,39
1970,29
4,3
102,45
126,2
234,22
536,22
1087,22
80,40
157,50
302,12
618,1
1164,13
69,34
95,14
220,26
479,19
918,33
1791,40
43,3
84,13
137,40
362,6
652,15
1318,7
48,36
145,12
282,25
488,47
999,30
1903,11
79,21
144,21
308,41
535,23
1094,1
84,38
126,4
256,12
478,5
1045,23
1942,1
9,8
72,46
178,19
272,25
533,11
1137,20
27,26
69,11
191,43
302,1
676,15
1271,48
65,18
91,2
234,9
486,25
926,4
1894,50
81,10
86,45
174,35
389,11
824,6
1574,12
9,8
24,23
53,41
182,37
286,17
614,26
1179,35
74,20
87,9
200,41
368,20
787,24
1556,26
65,17
144,34
272,22
505,47
1011,50
1907,25
76,20
110,1
192,44
414,42
808,29
1660,34
80,8
101,17
209,1
426,7
852,19
1703,9
80,4
171,33
319,16
624,10
1241,9
64,41
77,15
171,8
374,39
757,29
1519,25
8,7
108,8
122,13
323,12
609,34
1172,8
21,13
22,10
88,46
208,42
381,30
766,39
1496,43
80,8
174,15
345,3
602,30
1208,43
64,6
95,5
223,26
399,3
853,6
1683,40
5,4
72,12
172,1
271,50
583,45
1108,13
80,47
111,31
288,46
513,5
1088,12
36,35
92,29
219,45
386,24
825,3
1577,7
4,3
35,32
64,22
104,17
269,8
526,9
1072,26
88,47
127,42
222,27
538,50
1034,17
51,6
83,23
173,4
328,49
653,43
1301,31
69,24
109,33
216,28
479,29
950,48
1915,7
51,8
131,18
214,49
484,39
948,32
1869,24
36,31
75,46
202,37
412,40
810,50
1576,30
64,39
75,21
202,24
408,11
822,42
1669,10
100,39
113,18
252,9
557,19
1041,11
82,48
183,33
358,31
708,6
1431,13
69,47
165,38
294,39
566,2
1169,35
21,20
36,2
78,15
168,20
334,7
716,7
1369,38
36,25
111,36
167,20
406,37
731,33
1532,7
67,48
149,5
248,42
499,28
1009,21
1991,1990
29,28
130,22
190,49
419,46
830,27
1694,40
96,33
175,44
322,12
641,45
1327,26
70,21
99,46
242,33
424,27
914,20
1843,4
54,50
124,14
278,24
490,32
996,29
1993,1992
23,10
105,5
214,47
344,23
762,2
1547,22
47,7
131,40
190,11
392,33
790,33
1628,18
86,12
158,14
249,38
587,4
1127,27
41,39
105,42
214,15
419,30
850,1
1723,3
79,18
81,37
191,4
431,38
851,38
1682,42
32,31
119,26
186,34
409,35
779,40
1562,25
70,13
115,27
249,4
439,12
966,11
1882,33
9,8
26,25
48,5
152,38
287,7
608,23
1175,17
36,21
68,32
127,40
254,37
492,39
1048,10
81,25
139,20
291,34
542,40
1111,7
31,16
78,26
193,30
399,15
758,45
1517,21
38,6
99,45
189,21
340,10
766,20
1517,18
80,21
83,6
208,13
472,3
894,7
1835,5
91,36
144,7
319,15
637,44
1289,30
34,33
95,47
146,27
344,1
697,11
1336,24
36,16
130,25
201,22
425,43
860,49
1706,39
8,7
52,37
110,44
233,37
471,35
943,39
1830,32
9,8
34,9
52,32
119,33
251,36
503,46
1005,27
1935,20
86,12
89,8
219,20
470,16
944,48
1901,24
62,19
147,5
303,25
534,21
1060,44
101,23
175,5
291,12
583,18
1166,18
15,14
69,29
110,7
240,40
522,34
965,49
1991,1990
17,16
36,9
152,14
257,38
561,41
1060,43
84,39
148,21
245,26
501,46
1068,26
24,6
93,6
184,33
395,12
731,48
1428,12
56,29
90,37
177,28
363,10
754,24
1454,27
20,6
80,1
107,6
252,27
494,15
1006,22
1972,1971
17,16
100,5
157,16
279,7
557,5
1131,37
20,19
65,5
178,22
316,12
626,22
1262,39
9,8
50,18
87,42
240,37
412,24
883,30
1744,45
85,18
89,37
271,29
468,50
1014,9
1985,1984
21,11
86,11
176,43
368,26
675,16
1370,43
44,38
87,48
213,15
402,41
807,10
1649,21
15,14
83,35
109,11
208,12
505,36
927,11
1915,25
62,9
94,26
167,40
326,22
657,22
1344,40
51,44
52,35
184,15
374,36
743,46
1492,15
38,33
83,39
124,10
302,10
591,8
1171,11
76,49
147,48
284,10
526,29
1059,4
94,45
113,6
222,48
476,33
993,48
1942,14
39,32
73,38
116,26
255,3
568,29
1061,26
78,13
98,40
259,35
477,48
943,12
1874,45
34,33
119,30
193,49
407,7
801,19
1583,25
96,46
175,43
360,16
714,9
1357,12
81,2
134,33
246,40
558,8
1031,38
39,13
129,31
231,42
497,22
996,17
1983,1982
89,32
117,10
269,24
523,3
1038,20
77,10
148,20
274,16
572,35
1145,6
98,31
106,13
284,8
577,48
1088,29
64,12
83,35
194,5
385,26
788,16
1559,22
6,5
98,13
161,9
275,6
546,38
1144,15
15,14
91,21
140,27
277,16
610,39
1207,23
2,1
42,25
145,1
221,39
471,26
910,14
1833,45
48,33
54,18
180,46
377,47
715,1
1475,46
91,19
192,47
284,4
647,19
1243,16
14,13
78,34
145,27
300,8
599,3
1219,21
21,20
64,15
109,36
209,12
460,19
948,28
1850,35
67,47
120,38
272,15
509,4
1031,19
1955,45
71,27
154,18
265,13
551,20
1110,15
47,41
80,40
187,26
336,50
741,17
1414,43
88,23
173,20
362,32
694,21
1320,22
80,5
141,3
315,41
613,18
1220,21
68,17
82,40
171,31
397,30
814,17
1556,30
99,17
104,50
266,41
499,31
975,23
1983,1982
85,14
117,29
224,40
520,24
979,20
1930,45
32,4
105,10
213,11
381,2
802,30
1629,40
100,6
160,37
343,45
637,7
1301,10
14,13
25,3
43,28
94,24
230,23
491,33
955,22
1951,10
26,13
34,29
84,7
213,44
446,43
893,40
1794,35
69,45
130,34
216,45
495,12
949,1
1917,10
51,8
124,26
231,48
505,5
934,50
1897,11
13,1
84,4
118,41
222,21
460,47
940,15
1852,10
87,1
97,10
211,12
494,28
983,42
1915,6
53,38
91,10
168,26
361,3
726,32
1400,38
2,1
55,28
110,13
179,28
421,46
806,17
1587,43
30,22
111,3
202,12
417,17
771,40
1535,16
28,4
65,14
194,29
382,34
679,36
1432,14
47,5
115,4
219,19
420,11
840,17
1654,20
39,38
119,31
170,9
352,17
777,11
1492,6
96,18
197,42
360,2
737,8
1421,18
81,34
135,12
252,26
558,45
1127,36
78,20
174,16
273,6
530,34
1074,21
36,11
130,49
228,24
449,8
853,19
1713,49
48,40
86,28
152,30
385,20
759,22
1469,23
55,35
97,36
240,7
483,48
906,23
1822,18
2,1
59,36
131,37
217,17
426,44
864,32
1779,50
37,36
44,26
145,10
271,40
548,5
1073,47
68,37
160,24
308,17
598,36
1169,40
74,44
89,30
183,6
382,6
755,46
1565,47
67,37
89,14
236,38
413,11
833,32
1733,36
62,19
78,32
184,15
328,21
718,28
1452,10
29,26
126,44
246,8
423,6
836,8
1661,27
13,12
53,42
149,1
304,5
610,18
1179,31
74,20
98,22
203,16
389,6
857,10
1678,35
86,41
186,41
307,4
653,45
1291,39
74,6
121,7
282,20
491,22
1059,23
57,49
149,5
272,34
564,36
1121,10
64,18
130,29
209,29
433,21
914,47
1757,46
57,21
74,40
168,44
368,9
709,21
1434,39
37,33
111,12
182,4
368,49
798,42
1519,20
56,7
145,25
258,13
554,47
1094,11
1,0
67,23
87,20
156,40
347,41
745,37
1457,29
58,37
137,39
211,47
439,39
916,29
1860,18
97,1
135,16
261,38
566,9
1067,44
18,17
45,20
68,10
177,41
395,6
729,12
1479,48
21,1
68,29
151,30
323,31
608,30
1257,24
46,22
131,48
205,38
478,48
953,17
1819,40
70,47
93,45
182,3
426,2
836,48
1651,46
49,36
55,3
178,15
380,15
735,30
1425,10
51,47
128,2
180,38
406,50
773,31
1589,39
90,16
115,25
265,13
510,12
989,5
1998,1997
61,25
138,33
246,36
495,47
971,18
1938,16
69,5
157,26
230,23
534,44
1000,2
1920,1
19,18
109,37
145,12
346,36
695,35
1320,50
70,15
159,25
307,28
593,45
1220,46
78,25
171,36
307,28
634,2
1255,41
58,50
146,17
280,8
569,40
1068,8
15,14
87,36
130,24
308,15
624,39
1232,17
21,20
109,20
193,22
423,19
787,18
1534,41
58,30
112,48
222,39
443,20
915,32
1824,32
45,24
108,44
215,31
377,2
753,7
1587,22
45,6
115,37
214,21
455,46
851,14
1696,17
36,35
83,4
135,43
293,33
604,4
1241,27
23,22
110,46
210,20
432,33
819,15
1649,40
99,19
128,49
289,14
583,4
1200,28
5,4
6,5
60,8
172,47
312,13
557,6
1129,20
49,46
104,29
156,23
401,11
777,48
1554,14
56,30
73,50
134,22
293,28
583,26
1181,9
94,37
106,48
228,31
497,12
973,19
1978,11
46,4
50,8
117,25
236,41
454,7
980,42
1905,47
93,50
178,39
352,4
718,41
1367,39
86,48
161,28
307,45
597,28
1174,48
15,14
50,36
149,26
235,37
511,46
990,43
1987,1986
77,25
124,46
221,15
468,38
915,50
1858,18
23,22
74,23
125,27
272,25
593,32
1181,27
25,24
37,3
134,37
291,7
495,6
1064,33
13,12
55,10
128,20
287,6
573,12
1063,41
99,25
184,9
300,22
613,39
1215,43
32,2
96,15
229,10
448,8
885,47
1736,25
94,35
146,15
273,3
520,40
1101,33
53,17
107,5
175,49
401,16
784,34
1551,30
1,0
34,13
124,28
225,1
409,9
802,20
1669,42
62,11
112,31
264,45
514,45
980,12
1940,42
57,25
78,3
204,34
389,17
819,20
1595,47
35,32
135,13
228,14
401,50
813,37
1707,25
60,29
103,2
239,9
491,14
950,30
1933,6
57,43
83,32
223,3
397,36
796,11
1590,27
88,28
97,45
201,31
460,39
890,1
1785,47
98,41
124,5
264,15
576,50
1110,45
10,9
92,43
170,21
319,40
630,44
1313,18
71,40
106,6
216,45
493,46
951,26
1894,47
45,5
108,27
213,7
414,25
808,31
1605,46
29,5
80,47
210,45
398,40
761,21
1573,25
42,32
59,15
111,23
273,25
571,45
1103,22
53,37
81,32
190,22
370,21
764,49
1524,25
40,7
134,43
239,40
494,38
968,18
1965,1964
5,4
31,4
51,3
107,30
195,18
452,19
858,22
1761,22
96,33
106,4
214,31
499,12
1013,28
1941,20
83,5
89,40
257,12
503,45
1007,25
1984,6
22,7
31,19
79,46
164,14
378,1
676,6
1451,17
5,4
102,47
190,22
354,26
752,39
1480,5
33,32
130,23
208,48
452,31
903,30
1767,17
25,5
53,42
105,49
188,42
374,47
779,41
1566,39
55,18
82,24
186,14
362,11
687,48
1418,41
90,47
139,15
293,25
569,37
1157,17
26,25
121,31
210,43
381,13
773,26
1547,1
63,27
147,19
278,28
506,48
1025,25
38,7
112,19
184,38
393,32
760,19
1505,18
39,18
126,40
223,43
462,15
912,21
1767,20
50,43
146,41
294,13
536,24
1095,44
25,24
87,25
167,17
302,50
611,46
1226,33
84,8
145,32
310,9
602,35
1191,27
68,46
163,16
291,34
615,21
1234,31
4,3
89,43
171,43
286,32
551,10
1108,22
19,18
85,46
203,37
388,27
714,17
1466,30
75,20
114,26
228,28
498,41
943,39
1953,36
39,35
101,20
147,50
305,1
672,10
1344,22
60,35
96,1
232,22
394,43
814,4
1614,37
12,11
30,7
102,26
164,8
363,32
700,35
1372,19
57,43
101,12
248,16
494,46
912,13
1816,27
71,40
79,28
186,31
357,8
785,19
1531,35
90,21
112,21
282,35
557,12
1126,46
19,18
108,4
164,7
313,15
667,50
1327,30
14,13
92,1
141,19
330,48
599,14
1261,18
79,9
168,37
294,27
612,45
1219,22
51,14
126,6
208,3
460,46
924,10
1861,4
87,1
180,32
285,46
562,22
1132,23
26,13
34,8
79,46
216,21
398,15
792,36
1606,29
101,42
111,34
243,35
468,18
933,17
1937,8
55,6
90,45
225,14
402,39
819,45
1635,21
60,28
79,41
221,15
448,11
898,41
1719,48
20,1
44,43
131,26
274,8
543,49
1038,35
8,7
97,2
138,14
325,10
576,28
1157,42
54,30
136,15
235,49
462,27
905,1
1815,41
23,20
35,34
104,39
218,25
395,26
784,23
1621,50
8,7
86,27
104,40
243,1
442,25
894,33
1870,8
24,10
71,29
140,28
269,28
589,38
1111,18
21,19
85,29
125,27
315,1
615,40
1221,9
20,19
72,14
178,15
322,50
662,42
1289,22
78,37
94,49
219,21
476,10
919,27
1805,25
85,47
111,2
280,12
571,43
1099,10
2,1
25,17
69,19
149,46
266,4
516,4
1043,47
85,10
159,14
245,45
570,8
1118,27
86,1
132,48
253,6
516,12
1039,15
87,37
151,29
290,5
616,46
1172,9
39,22
45,14
95,11
208,2
438,16
892,19
1812,44
70,30
139,46
243,29
480,30
1007,7
1939,15
34,17
37,33
115,25
211,12
448,9
906,40
1817,45
78,39
86,20
200,30
402,35
774,10
1603,15
18,17
44,24
75,20
215,9
425,12
818,10
1617,29
41,40
57,44
126,20
297,12
607,14
1183,9
51,48
80,46
172,22
323,49
667,13
1387,40
59,20
159,28
224,39
484,19
977,4
1999,1998
45,24
106,29
217,22
457,18
849,15
1762,9
9,8
28,27
108,11
236,7
411,34
885,42
1757,24
56,33
123,3
230,34
451,8
876,20
1749,32
95,18
157,28
340,17
652,34
1339,32
96,32
174,32
309,9
614,25
1288,35
36,30
128,12
237,36
432,18
902,23
1825,15
93,2
156,18
326,35
644,27
1253,2
35,34
104,42
187,38
391,42
767,11
1579,42
74,20
131,44
206,1
425,14
849,26
1784,44
98,46
160,7
300,27
636,9
1211,49
86,48
148,9
300,13
581,17
1188,17
91,43
145,18
310,24
609,20
1225,20
29,28
44,18
99,23
217,26
467,36
915,4
1862,22
54,21
121,48
263,41
473,47
930,10
1902,16
69,24
147,12
245,2
498,17
962,37
1969,1968
40,12
107,16
245,50
470,23
873,2
1833,11
95,32
114,19
236,30
459,14
934,10
1876,31
38,31
52,35
157,42
343,29
651,32
1276,38
33,10
67,19
110,19
255,12
524,46
1077,32
63,33
85,6
179,43
428,38
768,23
1569,5
69,21
103,18
253,7
433,16
869,3
1821,13
15,14
18,17
56,32
93,38
190,15
430,36
847,42
1720,10
68,28
108,13
215,50
433,42
886,37
1747,39
18,17
70,46
188,23
350,46
646,43
1274,48
99,22
138,31
273,3
594,37
1157,18
13,12
93,9
170,50
371,4
680,18
1364,10
44,21
62,48
136,23
318,11
630,4
1277,12
22,21
41,40
78,29
194,1
348,23
692,35
1413,6
49,38
91,33
174,13
393,50
721,13
1454,20
54,32
60,39
187,15
391,20
758,5
1492,20
60,13
110,36
173,45
396,30
789,49
1613,6
48,2
65,50
160,10
295,1
654,38
1300,3
43,42
97,35
227,35
403,41
850,18
1647,38
92,44
128,37
316,39
635,4
1179,17
4,3
8,7
55,13
166,38
268,15
523,3
1050,16
4,3
12,11
113,11
193,43
391,26
785,50
1580,43
101,9
107,10
254,45
468,24
937,45
1903,28
40,23
61,33
122,46
275,9
550,27
1145,29
5,4
64,14
147,20
236,10
512,12
1049,32
76,3
141,28
315,1
616,45
1205,4
50,1
57,13
205,11
350,8
734,3
1485,8
10,9
80,3
118,3
239,15
485,33
1010,39
1902,4
28,26
52,48
86,32
250,38
517,15
1007,27
1981,1980
29,28
30,9
134,12
217,14
446,34
956,38
1889,13
85,48
129,48
295,40
552,19
1108,44
95,26
184,5
284,23
578,50
1169,21
91,4
187,43
330,26
655,22
1310,20
101,34
146,17
311,4
629,17
1276,5
89,11
131,50
308,27
629,22
1204,5
52,45
152,6
297,10
572,37
1086,21
46,22
138,42
200,19
422,32
828,36
1650,16
34,33
129,44
181,22
379,42
733,46
1463,34
43,20
124,21
224,8
480,25
925,37
1863,28
95,20
155,45
334,46
637,2
1316,37
41,28
61,11
195,2
310,29
667,44
1306,10
74,46
144,8
273,30
531,47
1071,41
2,1
12,11
42,7
120,28
244,39
498,3
1002,47
1980,10
51,9
107,49
256,24
512,23
1021,21
1929,9
63,18
159,20
303,13
606,26
1133,26
67,12
150,13
315,30
579,32
1187,6
93,35
164,35
293,5
589,24
1159,17
32,31
75,34
133,47
333,3
661,35
1261,23
93,50
154,38
326,12
618,28
1206,28
13,12
31,15
66,11
148,17
276,5
627,47
1190,17
20,5
96,40
141,31
303,39
630,49
1269,15
12,11
101,22
135,11
279,32
584,1
1207,12
52,14
127,33
226,37
494,30
974,14
1898,40
39,15
110,30
152,48
367,41
730,41
1401,24
76,31
79,15
202,39
377,23
833,45
1580,45
43,37
49,23
188,11
362,31
738,41
1386,16
80,28
84,6
235,21
490,22
920,24
1853,32
30,29
111,46
176,45
339,29
694,17
1434,7
76,27
92,48
182,20
415,29
866,11
1664,5
16,15
113,43
134,32
267,33
533,19
1160,32
24,16
34,8
87,24
171,18
417,27
783,7
1571,29
70,19
76,21
173,45
376,33
742,27
1537,29
45,21
116,40
189,16
389,17
752,32
1530,27
10,2
78,34
140,5
256,38
538,17
1051,50
63,4
88,43
178,32
399,13
800,15
1567,20
14,13
60,49
166,27
290,5
544,38
1126,13
51,10
119,30
262,46
487,15
937,33
1921,22
77,12
107,49
263,28
503,18
986,6
1940,4
69,41
81,26
192,37
406,45
778,3
1596,38
6,5
53,39
105,47
204,40
443,49
880,4
1782,7
78,2
124,4
296,5
542,12
1095,7
43,12
107,41
183,43
398,43
733,36
1558,16
83,10
121,13
233,25
519,36
958,10
1947,37
3,2
85,37
96,35
276,49
543,27
1042,6
59,9
97,30
166,22
335,49
758,15
1493,41
50,2
52,11
140,38
292,16
629,23
1246,1
49,24
101,4
232,17
420,12
810,17
1630,15
92,24
158,26
281,44
606,21
1202,31
17,16
110,45
184,34
380,28
787,50
1577,32
72,35
113,1
204,34
396,5
844,47
1724,39
11,10
102,29
204,44
358,39
719,28
1492,39
5,4
50,30
56,33
163,24
373,39
659,31
1317,41
19,18
46,44
152,6
300,18
582,20
1165,5
21,18
43,18
70,13
151,18
309,19
640,49
1246,25
78,46
134,39
239,19
476,9
996,32
1949,26
11,10
84,29
132,49
277,42
539,38
1052,1
73,41
123,19
207,22
452,32
893,23
1749,20
67,47
95,45
258,18
429,43
902,32
1759,16
74,16
124,38
299,34
574,40
1161,17
95,6
176,33
361,17
671,28
1378,1
69,24
139,43
241,44
537,24
1068,9
74,5
156,15
330,36
596,15
1166,45
44,39
126,10
255,14
429,3
869,32
1750,38
60,46
112,4
268,13
513,16
1003,32
1963,29
4,3
31,24
93,37
183,46
316,3
716,19
1384,37
97,44
137,17
295,33
602,26
1193,9
26,25
105,1
194,23
345,22
702,3
1411,18
51,14
89,31
141,14
346,20
668,41
1369,34
88,37
158,20
256,43
569,2
1076,18
68,29
80,9
166,38
369,32
746,5
1454,42
70,19
114,37
278,22
507,38
1058,20
77,11
150,3
293,34
552,14
1108,48
33,23
45,17
90,46
234,23
478,3
940,2
1859,19
37,34
130,28
212,39
439,17
904,35
1785,23
18,17
38,37
143,34
271,32
524,36
1028,39
66,41
126,3
286,27
511,15
1039,19
75,36
76,13
173,37
377,44
802,5
1531,44
44,43
49,34
141,17
252,22
497,9
1016,30
1991,1990
3,2
18,17
114,50
210,10
380,5
748,14
1542,9
50,11
64,30
195,40
404,2
807,7
1533,49
29,27
98,27
180,1
346,26
693,39
1389,27
38,36
59,22
130,3
270,14
574,9
1141,12
51,25
85,37
177,9
408,40
763,22
1511,2
37,1
71,18
134,23
322,25
633,15
1298,4
31,18
73,24
107,8
230,16
447,38
900,18
1886,31
49,11
146,29
249,36
459,47
935,45
1882,40
66,19
147,50
244,24
491,44
1026,26
1939,32
52,25
150,47
261,25
542,2
1006,7
69,3
106,7
268,36
487,29
992,26
1992,1991
80,22
92,5
179,12
430,36
835,41
1699,50
12,11
22,4
84,38
214,37
426,15
857,8
1666,40
14,5
68,36
128,12
273,35
576,2
1151,26
81,46
100,49
184,25
462,49
897,37
1770,45
84,44
143,44
315,39
553,38
1193,12
13,12
75,38
188,3
298,30
579,15
1182,27
35,14
60,10
160,19
273,39
583,30
1167,24
101,8
145,21
307,8
644,6
1298,46
58,45
121,5
199,10
398,35
802,15
1660,17
87,8
161,15
249,17
523,5
1076,5
9,8
73,30
115,6
296,34
518,37
1032,34
88,44
142,23
250,14
516,16
1061,15
91,17
145,44
303,12
599,35
1193,10
75,28
115,50
204,29
409,2
865,3
1741,14
85,28
141,18
250,41
511,6
1080,2
26,22
89,42
156,37
359,6
667,19
1301,36
65,35
165,35
313,23
601,21
1151,50
92,15
186,38
359,47
708,17
1413,33
69,14
154,21
293,1
561,39
1173,17
101,44
170,47
348,17
706,48
1395,37
52,1
66,3
207,13
426,7
820,38
1579,48
96,18
131,8
323,38
642,37
1238,26
65,48
121,32
285,23
521,43
1006,23
1995,1994
72,24
102,39
257,8
474,22
974,14
1979,15
86,21
169,4
259,18
604,8
1134,21
58,28
89,50
234,29
445,10
852,11
1705,4
56,23
83,31
179,28
336,13
730,33
1476,8
94,32
158,23
305,14
637,48
1266,32
17,16
29,25
64,20
146,12
284,33
598,44
1195,45
84,13
135,40
239,26
550,26
1097,43
94,40
147,21
252,20
519,4
1093,37
11,10
58,33
98,23
238,24
438,49
941,22
1880,44
53,50
90,4
177,16
370,16
773,35
1481,6
27,11
37,13
93,42
233,27
440,1
832,35
1720,17
47,7
56,31
196,49
331,15
720,30
1400,7
47,31
54,32
154,29
303,46
561,19
1176,24
99,40
180,36
357,18
652,9
1342,12
1,0
45,44
124,3
248,1
513,13
974,14
1994,1993
44,43
65,47
152,31
304,35
611,45
1188,30
27,22
115,50
169,31
393,39
750,46
1480,15
19,6
64,42
85,48
264,9
466,22
912,31
1866,2
35,17
115,29
153,24
332,48
695,14
1363,15
32,15
120,1
177,15
369,31
778,31
1488,20
94,34
128,4
269,38
554,39
1139,4
56,35
120,37
246,45
449,35
920,41
1859,33
33,4
97,7
178,24
370,5
730,37
1505,50
52,45
89,17
210,19
446,22
870,1
1750,21
89,39
104,6
241,29
439,21
939,33
1852,26
8,7
107,13
120,2
239,39
498,32
1058,26
88,13
93,22
218,31
423,46
910,12
1804,33
3,2
104,45
151,6
359,18
709,27
1423,28
86,1
112,35
281,13
536,35
1033,42
86,10
100,38
256,26
530,31
1042,14
99,16
168,24
332,33
608,16
1233,31
66,21
83,1
177,13
406,29
824,38
1639,15
89,2
176,9
345,14
650,41
1288,41
97,23
180,12
340,44
677,5
1300,3
6,5
62,44
87,4
191,50
400,19
776,12
1533,47
100,35
164,47
339,47
630,45
1291,21
64,41
71,40
203,5
405,43
758,5
1576,9
45,9
50,26
181,22
284,40
648,7
1270,21
68,5
147,12
219,22
440,34
938,33
1847,16
71,47
109,13
247,16
507,44
997,44
1939,7
83,33
90,27
226,3
485,4
934,29
1884,11
89,41
103,32
208,31
497,22
961,14
1898,16
88,13
110,33
203,26
438,2
843,31
1748,31
12,11
54,22
166,49
276,16
609,38
1142,41
10,9
94,7
185,34
385,42
749,13
1439,16
91,12
189,6
357,43
664,28
1355,48
52,24
107,38
183,17
397,27
798,35
1582,9
21,20
54,26
133,6
268,32
525,21
1073,27
20,19
97,39
190,26
333,19
646,14
1307,14
93,31
159,20
328,15
634,24
1274,28
82,27
119,19
251,17
491,30
973,27
1990,1989
75,2
147,14
259,33
525,28
1018,10
54,32
122,21
179,1
452,7
831,32
1718,37
88,19
124,37
261,48
553,37
1043,38
100,2
171,44
337,30
633,50
1301,8
59,11
129,43
262,12
518,22
1034,11
77,32
120,4
243,31
471,16
1002,48
1923,21
88,21
185,1
290,5
647,29
1288,7
26,25
55,6
83,32
213,46
473,17
944,11
1874,21
27,26
38,37
162,11
265,23
554,13
1106,14
81,46
133,3
241,10
491,20
1020,11
1997,1996
41,14
107,19
238,20
410,5
860,36
1706,41
45,36
81,4
210,6
348,44
772,10
1481,36
89,33
133,24
298,44
613,30
1134,11
93,18
127,14
294,41
527,39
1105,20
90,40
138,11
276,8
563,25
1088,20
98,48
160,18
283,3
558,2
1106,10
78,37
127,13
257,23
551,23
1054,19
93,33
194,41
387,8
676,8
1383,25
52,26
103,22
242,3
478,35
934,39
1845,1
13,12
22,8
108,6
233,31
423,47
856,15
1745,49
68,16
112,25
222,44
444,4
910,41
1827,3
59,10
152,16
239,16
520,32
979,5
1903,38
36,35
122,47
170,16
344,29
719,13
1429,2
27,26
107,45
190,42
400,41
769,43
1536,21
98,49
155,15
336,42
682,35
1276,16
48,23
113,30
203,33
448,50
859,3
1679,27
10,9
71,16
114,24
268,36
525,49
1010,16
1957,42
34,23
118,25
160,26
413,30
809,48
1618,19
58,7
106,16
254,42
484,47
992,46
1960,1959
99,10
151,14
324,1
619,34
1243,44
57,11
151,16
260,21
490,1
1033,5
1942,17
15,14
107,30
174,34
394,14
778,43
1487,37
35,33
128,34
261,19
518,3
959,11
1960,1959
20,19
94,28
151,27
313,20
591,25
1205,6
20,4
46,45
71,9
238,17
386,44
802,24
1579,30
33,10
134,43
225,18
394,24
863,35
1738,21
81,15
101,25
195,24
424,2
822,36
1702,2
82,10
119,10
245,44
500,18
1020,45
1929,20
66,22
104,45
247,12
463,49
965,34
1944,36
9,8
76,20
131,31
263,13
569,15
1136,37
89,45
113,33
248,7
539,31
1088,19
90,42
171,44
263,36
547,50
1138,29
29,7
77,39
123,14
253,4
510,17
1036,17
97,31
159,48
326,22
593,17
1184,44
14,13
93,4
157,15
307,26
654,5
1243,20
1,0
83,2
112,3
218,28
505,36
975,49
1923,25
11,10
66,13
78,43
183,10
414,41
822,37
1611,17
24,23
116,34
199,42
405,29
787,6
1588,41
95,3
150,17
319,50
665,7
1277,49
37,21
57,32
180,33
344,32
637,44
1305,1
61,46
148,24
287,1
516,31
1099,32
34,11
48,14
91,31
260,36
448,4
917,40
1883,28
73,7
130,9
236,49
458,4
968,1
1942,12
8,2
29,21
66,3
172,45
344,31
697,33
1343,4
81,48
107,26
196,32
407,30
854,48
1740,46
90,37
128,28
229,46
490,14
965,13
1944,21
71,24
118,36
267,20
513,7
1059,3
62,22
121,45
233,3
499,25
960,8
1950,46
24,8
40,36
127,9
216,38
496,20
967,18
1880,27
66,17
91,8
247,17
486,47
896,15
1869,39
22,7
116,40
182,11
325,18
673,31
1341,4
101,35
137,48
287,34
603,12
1183,31
30,22
101,49
202,8
430,38
796,27
1592,17
89,15
152,10
259,5
592,34
1118,22
32,31
107,33
163,24
344,1
649,16
1372,35
101,15
142,9
307,35
630,3
1260,29
53,6
88,40
172,39
327,22
648,24
1380,39
70,28
110,26
211,24
462,41
880,29
1786,30
87,36
127,45
269,12
527,24
1059,10
35,34
51,13
119,9
290,14
512,28
1103,26
34,12
122,29
186,23
368,4
749,24
1537,47
63,20
145,28
218,1
454,38
955,7
1897,37
13,12
60,28
75,4
199,22
358,31
723,50
1486,15
54,17
95,31
160,40
338,18
705,15
1406,6
89,26
113,3
216,39
508,27
927,6
1909,6
42,29
94,11
149,36
349,44
735,43
1429,13
89,14
143,28
301,2
600,5
1141,43
44,36
100,48
237,31
395,1
784,9
1653,50
65,11
86,34
203,3
390,28
781,34
1538,9
61,10
113,43
221,30
430,49
904,50
1797,11
82,41
163,37
339,17
589,29
1217,31
28,18
57,15
135,10
279,22
590,7
1127,12
74,2
108,42
214,50
488,27
889,43
1864,7
87,27
188,2
357,8
643,43
1281,26
100,10
136,31
283,16
618,24
1211,21
31,30
117,25
215,4
421,29
870,14
1733,50
81,28
144,43
235,9
508,42
984,10
1972,25
42,41
84,34
146,44
372,40
674,13
1360,31
64,17
115,44
215,23
475,40
891,4
1798,7
35,31
100,18
207,21
386,40
817,27
1578,36
99,6
188,39
325,10
647,30
1272,50
13,12
109,42
189,6
350,39
662,48
1378,28
98,31
170,9
357,15
715,6
1352,11
38,30
133,14
186,32
379,25
795,23
1536,20
38,37
101,9
159,11
364,40
725,40
1441,27
22,4
57,25
153,45
259,38
532,30
1117,29
98,10
114,39
241,10
529,7
1077,39
69,21
87,18
193,29
443,12
812,49
1674,5
27,25
125,14
200,43
364,31
793,42
1564,46
79,12
161,39
276,30
531,30
1142,11
48,36
134,22
253,23
510,28
1011,16
1980,1979
101,41
178,29
312,2
614,34
1279,10
33,32
84,16
174,14
325,5
701,9
1411,8
63,44
140,13
258,37
507,9
1012,35
1901,44
4,3
69,1
84,12
242,35
438,10
903,12
1762,9
2,1
72,26
81,44
253,48
479,42
958,4
1880,47
28,27
68,8
170,16
351,47
668,5
1327,37
38,25
64,14
135,17
288,13
624,45
1159,22
3,1
50,15
111,9
187,9
434,30
799,30
1633,10
39,5
138,28
207,15
415,35
845,48
1681,18
83,41
138,34
282,31
536,23
1116,21
65,25
163,16
280,43
582,36
1123,13
87,44
132,2
253,12
539,3
1099,20
9,8
110,3
181,12
316,3
691,42
1334,4
26,14
115,17
168,36
339,46
735,26
1418,24
60,17
73,34
139,1
323,33
696,28
1329,13
24,11
97,36
222,38
372,1
757,43
1473,18
44,30
124,2
229,14
451,23
882,43
1745,17
34,28
115,44
171,3
364,48
714,7
1493,39
28,27
79,45
116,49
283,30
523,22
1094,7
84,26
144,21
277,25
596,19
1169,10
38,33
96,50
166,9
309,34
647,42
1296,32
86,41
96,22
263,41
484,9
953,9
1958,16
65,47
97,8
187,13
416,3
793,16
1621,21
61,43
89,39
207,32
378,10
736,25
1498,13
94,18
99,3
248,29
476,25
952,22
1937,16
72,24
166,34
257,44
578,14
1095,36
88,19
136,23
245,28
540,28
1040,15
56,14
104,14
176,27
390,14
737,35
1529,24
10,9
94,30
173,6
363,28
710,26
1383,22
28,11
127,3
157,19
330,37
648,40
1384,32
73,15
104,38
210,21
451,15
863,28
1774,43
81,31
117,23
255,17
465,35
926,35
1853,41
16,1
86,11
122,41
268,8
551,30
1134,12
39,38
78,13
208,34
415,27
769,42
1602,23
14,6
81,43
184,16
318,15
609,24
1284,49
12,11
96,46
171,44
300,7
610,38
1221,21
46,45
72,23
125,20
338,43
599,45
1273,41
13,4
20,2
114,36
231,25
405,44
786,48
1616,2
55,35
90,38
150,3
343,43
738,19
1428,16
62,20
76,38
218,10
381,26
814,13
1627,48
57,6
67,22
132,28
346,25
633,47
1314,30
61,36
94,3
248,24
487,24
937,9
1849,19
90,26
101,38
194,36
386,13
845,32
1644,31
54,26
125,15
200,23
458,45
905,14
1836,50
64,44
70,19
229,44
388,37
835,26
1663,46
100,14
176,31
330,7
630,27
1277,13
73,1
111,37
203,50
459,40
944,5
1837,15
23,12
41,6
146,48
299,47
579,2
1099,42
70,22
85,5
225,29
387,37
780,50
1634,23
66,27
158,21
231,29
511,32
1036,36
60,33
115,46
183,26
440,7
870,23
1723,22
22,21
29,28
133,32
249,19
522,37
1009,32
1934,14
67,38
128,29
256,30
472,42
976,36
1916,20
59,50
69,31
200,13
393,3
744,14
1524,8
26,25
106,14
171,27
307,25
655,9
1310,46
29,28
31,30
68,27
163,41
392,17
753,29
1506,4
53,9
55,27
131,20
323,15
627,11
1265,47
42,15
94,30
202,26
404,22
790,43
1543,43
76,35
173,30
344,31
671,26
1266,41
30,10
53,30
151,46
274,36
609,16
1126,12
14,12
99,15
139,41
336,3
618,41
1261,30
66,13
94,31
244,12
419,3
824,47
1689,40
15,14
88,45
190,48
318,44
614,50
1280,35
5,4
20,19
28,25
60,5
186,12
337,10
712,33
1428,41
80,16
132,35
309,45
523,5
1047,25
63,33
157,34
313,28
577,28
1163,1
72,21
92,14
261,3
497,27
1023,49
1979,1978
84,27
93,29
262,24
523,22
1027,29
1911,37
27,5
86,30
208,46
403,19
758,14
1576,24
2,1
62,32
147,25
236,24
547,12
1070,50
63,21
123,31
264,48
487,47
1018,28
1921,30
97,36
109,3
207,47
464,4
916,1
1812,12
4,3
96,43
144,7
289,9
591,27
1134,41
71,41
136,18
264,6
488,9
1006,40
1986,1985
8,7
11,10
41,19
138,27
201,18
439,3
844,16
1736,32
61,46
128,17
275,18
496,5
1013,24
1925,8
67,43
108,6
215,48
454,10
898,5
1781,49
59,8
157,48
290,7
525,18
1068,49
84,34
134,49
275,43
498,7
1001,18
1979,14
94,42
100,14
217,24
441,1
870,22
1786,36
30,29
108,34
230,1
405,35
848,29
1687,22
70,9
162,24
329,24
594,22
1234,6
54,9
81,37
190,43
380,30
747,43
1511,1
3,2
94,34
125,27
316,38
600,10
1145,46
16,15
109,30
185,36
324,25
688,21
1362,11
72,11
130,21
292,27
568,19
1135,1
14,13
112,40
157,38
303,5
593,5
1238,28
5,4
89,48
123,5
229,34
529,13
1001,33
1963,1962
38,34
53,23
175,3
268,41
621,38
1223,24
21,20
27,26
62,10
120,7
240,24
497,29
1041,9
36,7
65,13
122,11
290,10
530,31
1121,23
101,47
187,13
327,24
632,17
1292,17
2,1
67,36
122,17
237,44
483,14
919,30
1852,30
15,6
56,8
131,48
295,38
529,38
1115,18
88,5
95,46
210,6
471,49
965,14
1841,50
39,24
136,39
209,24
440,32
917,34
1794,22
72,36
132,3
267,16
560,48
1111,44
86,34
102,1
212,20
453,38
868,11
1763,14
39,5
126,16
237,27
437,34
872,23
1745,23
80,5
133,6
261,20
483,42
1002,39
1982,1981
9,8
15,11
27,26
145,31
286,47
553,45
1070,27
30,29
56,14
110,11
235,26
503,8
960,37
1923,14
49,15
63,21
177,50
294,34
683,14
1277,7
54,2
65,27
179,2
321,19
637,42
1279,5
5,4
77,44
113,24
216,20
415,15
852,40
1700,6
22,21
70,2
157,39
331,9
643,23
1257,17
92,10
161,14
302,15
651,31
1304,4
33,22
89,28
208,41
331,24
666,23
1411,12
77,33
106,29
271,10
473,14
928,32
1950,26
81,39
94,18
270,34
496,34
996,26
1917,44
68,28
151,42
272,15
499,36
1014,5
67,6
132,31
255,34
475,20
958,25
1930,8
45,32
137,8
256,40
480,40
950,13
1936,49
97,28
108,50
284,33
493,4
1069,33
90,13
98,46
236,26
469,14
993,11
1964,1963
65,24
118,1
231,48
415,8
870,27
1734,15
100,46
164,16
357,49
722,46
1422,31
33,4
88,15
143,35
332,2
627,47
1278,6
18,8
111,18
191,24
352,49
673,16
1378,40
80,39
158,18
281,37
581,24
1138,50
15,14
80,31
153,6
260,2
546,13
1138,20
57,31
112,41
246,34
427,43
864,18
1800,37
92,15
106,7
259,11
545,34
1022,31
50,41
151,45
260,48
484,20
1005,19
1945,7
33,32
133,7
236,42
431,42
923,6
1844,27
29,6
38,6
111,1
186,7
367,5
783,8
1534,36
44,38
82,43
145,10
349,10
635,26
1304,47
75,3
85,8
255,15
496,30
950,26
1900,12
38,13
132,5
213,44
448,37
834,49
1746,36
74,25
147,40
262,30
579,29
1157,20
83,22
108,45
198,7
476,49
952,36
1845,25
95,25
110,7
230,37
521,38
1025,46
1929,12
35,6
82,36
178,1
308,26
688,13
1362,8
25,1
46,29
92,39
170,40
359,36
779,44
1487,50
92,39
136,13
328,49
598,32
1168,30
27,26
100,25
131,10
280,26
627,30
1221,15
57,5
129,8
277,1
541,42
1015,37
68,46
102,27
176,40
444,34
884,19
1711,29
18,17
61,28
136,33
262,10
578,46
1064,13
60,17
152,1
251,17
491,19
971,45
1919,45
52,13
113,32
198,26
379,30
758,28
1588,19
40,18
88,31
226,39
358,16
716,38
1440,30
49,17
86,27
151,38
329,8
641,16
1314,41
99,30
164,8
277,35
606,50
1245,50
23,22
120,26
225,4
412,21
878,13
1671,29
32,3
73,19
183,27
322,7
700,9
1324,18
17,16
79,45
169,47
295,38
563,14
1197,12
51,12
65,17
136,29
266,21
539,28
1153,44
17,8
70,18
170,10
345,18
701,33
1344,17
51,43
108,48
231,44
446,33
912,1
1761,4
49,4
134,27
279,50
506,17
1012,47
1998,1997
84,21
170,44
287,5
639,1
1231,29
50,33
87,38
207,3
353,19
784,48
1488,32
50,15
61,7
152,45
346,26
667,5
1324,6
87,38
163,24
270,19
611,17
1203,12
34,22
100,29
151,10
380,31
704,47
1462,37
56,49
157,4
273,8
542,44
1074,6
25,24
88,45
206,48
400,7
801,7
1592,41
19,18
35,34
59,30
191,32
312,15
625,46
1341,46
100,4
149,8
269,29
571,43
1178,38
69,38
79,8
191,35
402,28
816,6
1598,39
79,20
118,39
267,46
540,6
1041,46
1,0
2,1
54,11
63,18
215,49
400,25
775,37
1559,6
35,34
53,26
183,40
313,35
631,30
1288,24
69,42
141,47
259,11
491,39
980,23
1940,9
7,6
40,13
97,10
216,11
412,39
776,3
1596,32
60,47
89,10
175,20
366,38
744,30
1487,30
6,5
47,29
132,6
190,17
447,28
849,10
1750,4
75,1
118,8
202,37
422,39
901,20
1744,39
33,32
45,44
121,3
275,25
526,14
1018,47
5,4
88,45
155,48
349,17
619,50
1236,39
51,40
137,15
209,22
477,28
879,9
1836,15
35,15
64,5
154,41
353,33
684,33
1348,37
40,7
96,15
217,50
428,24
789,38
1623,28
95,42
128,48
248,15
556,33
1051,13
8,7
17,15
58,21
100,45
231,13
497,29
1000,46
1934,6
5,4
77,27
91,25
225,33
420,31
865,12
1720,21
89,10
91,20
252,3
441,30
960,49
1834,33
90,1
165,11
269,16
541,26
1077,3
85,17
131,28
226,39
508,3
1051,32
55,41
156,18
263,37
487,47
965,37
1910,15
51,7
67,12
181,15
344,18
693,27
1362,11
95,19
146,34
299,5
551,36
1155,18
18,17
22,17
57,33
147,23
281,14
544,22
1090,50
23,9
114,2
189,32
360,47
724,15
1437,36
53,47
87,39
218,31
447,41
906,3
1773,17
42,18
117,13
238,7
490,18
900,25
1836,26
19,4
90,35
168,20
298,34
616,24
1249,16
67,5
105,36
255,43
451,20
920,42
1868,29
100,24
172,43
360,45
723,44
1445,47
57,18
88,14
154,26
380,39
721,47
1471,31
7,6
24,23
59,27
170,1
334,25
625,42
1250,19
52,45
99,10
233,12
439,30
866,2
1735,21
44,37
128,9
176,14
378,24
751,12
1538,2
30,29
115,16
230,42
444,6
830,26
1678,1
11,10
25,13
66,34
118,48
284,28
509,21
1023,19
47,28
88,22
154,42
333,1
712,47
1350,47
89,16
129,19
227,38
504,42
953,6
1918,22
24,19
53,48
116,49
286,16
555,11
1052,24
58,27
157,49
242,7
533,24
1044,47
43,38
143,18
248,11
457,22
984,38
1954,26
88,28
92,1
184,3
410,46
782,35
1587,27
75,18
80,46
200,35
375,19
738,6
1538,50
39,37
89,20
219,36
446,25
799,1
1623,29
72,11
122,27
208,12
464,44
870,3
1773,28
51,37
152,21
249,8
494,48
955,35
1973,23
37,25
102,19
176,37
374,20
721,40
1496,35
91,6
104,24
296,18
522,19
1094,40
79,37
81,13
251,38
455,30
926,44
1879,14
100,36
199,9
318,48
621,43
1321,48
68,19
94,1
174,34
385,32
758,16
1518,3
44,23
100,34
160,17
377,36
697,44
1437,40
5,4
44,10
95,38
225,49
421,45
858,19
1721,2
2,1
49,38
64,47
163,44
357,5
728,49
1382,45
50,18
145,28
290,10
515,27
1047,20
36,10
60,49
183,40
326,37
687,38
1344,7
50,22
91,15
158,34
347,35
687,21
1386,1
81,33
123,25
211,35
465,27
957,31
1900,10
28,27
122,43
203,38
427,47
853,29
1689,15
28,27
103,30
169,35
364,17
677,10
1400,8
71,32
161,38
270,28
595,6
1124,14
97,40
144,35
330,5
649,35
1281,38
63,38
99,31
224,18
470,33
901,1
1822,47
5,4
56,49
70,45
136,21
281,6
632,32
1281,8
89,10
136,4
236,47
552,12
1065,46
79,13
100,31
256,46
463,2
960,24
1892,3
4,3
36,16
74,4
150,36
321,15
602,3
1266,12
15,14
77,41
95,47
210,31
487,3
886,19
1869,30
39,17
43,6
170,3
310,12
621,5
1221,35
61,27
133,3
247,25
479,29
985,13
1999,1998
29,28
85,4
213,10
418,8
842,30
1659,44
98,7
195,39
318,10
689,23
1331,27
52,35
85,35
196,11
364,39
795,32
1547,9
38,16
79,12
170,35
332,4
623,46
1259,22
76,43
143,14
227,34
472,6
992,35
1998,1
19,18
27,23
117,25
237,46
437,23
909,31
1757,30
47,20
73,47
159,5
343,5
663,32
1288,40
43,13
137,16
254,45
439,13
923,46
1864,9
20,19
49,48
117,34
215,16
501,50
985,26
1911,49
10,9
85,38
148,38
278,2
567,44
1144,6
82,14
95,22
199,6
396,38
808,11
1678,31
77,36
84,3
212,26
381,42
785,6
1627,47
47,2
48,46
171,11
317,27
593,27
1272,8
87,2
132,20
247,1
545,3
1030,23
95,10
115,34
251,25
534,43
1018,41
58,23
93,34
242,50
425,39
917,38
1820,50
85,18
121,16
295,49
528,45
1114,13
63,13
120,39
284,8
480,12
993,17
1944,21
73,2
134,30
280,37
557,42
1124,19
60,3
83,14
226,14
428,4
895,6
1750,43
51,9
133,37
284,2
512,10
1058,25
10,9
94,20
133,27
323,26
580,36
1178,15
49,39
60,1
139,7
278,18
589,10
1122,50
71,17
98,25
236,23
455,39
861,4
1790,47
21,20
102,32
193,48
408,24
775,39
1501,5
83,2
179,27
324,28
640,13
1292,14
43,6
99,5
201,16
414,25
797,33
1558,9
83,24
138,17
225,8
531,26
991,25
1948,23
87,47
183,18
344,20
708,47
1414,21
4,3
59,7
156,45
285,9
558,14
1082,21
10,9
35,26
76,47
157,21
307,5
674,9
1334,32
46,22
130,49
229,2
455,6
904,6
1831,48
63,22
125,36
206,12
412,18
894,21
1764,36
88,7
180,34
327,30
657,12
1321,6
37,7
111,33
210,3
412,34
823,13
1637,17
13,8
43,33
95,29
152,47
304,30
675,2
1308,30
43,5
137,26
232,47
487,5
952,12
1908,19
56,30
93,45
199,48
439,28
788,2
1593,40
71,16
88,39
229,49
468,2
897,27
1805,14
61,44
97,37
231,17
434,6
907,29
1765,46
93,38
163,5
297,43
584,22
1227,21
84,12
185,46
360,41
690,13
1347,23
32,31
55,45
184,23
330,22
623,22
1233,26
31,1
94,34
190,17
350,38
703,9
1416,26
55,45
70,16
220,33
432,23
788,8
1642,33
81,10
121,20
296,11
531,14
1112,15
39,3
113,27
178,31
361,9
768,29
1560,39
80,46
172,35
299,21
562,48
1213,46
97,44
154,18
270,13
532,6
1126,50
23,11
112,40
150,5
309,39
677,32
1324,6
83,22
116,23
276,42
576,22
1102,7
10,7
106,8
206,42
393,31
746,6
1517,24
81,2
105,17
233,31
494,2
970,1
1956,34
72,7
82,3
196,12
354,38
741,16
1457,8
30,22
46,11
114,42
278,23
505,47
1064,48
8,7
60,11
151,20
241,50
510,10
990,28
1913,1
9,8
49,7
157,23
249,15
488,43
987,24
1984,1983
86,6
184,3
364,46
716,38
1408,23
62,44
85,3
197,45
396,37
822,43
1661,17
89,16
189,1
341,47
686,43
1385,36
53,43
70,7
162,15
380,44
764,5
1464,7
8,7
28,20
114,25
196,18
393,16
792,19
1598,45
45,44
141,2
235,7
502,37
1013,47
1957,41
29,6
129,32
171,21
353,41
762,16
1528,14
52,24
78,40
151,8
329,31
660,48
1358,25
20,19
105,30
222,12
400,1
836,7
1675,40
89,50
116,26
288,8
551,22
1094,36
47,13
101,50
164,48
391,8
710,50
1487,2
4,3
41,40
121,26
265,8
523,44
993,16
1976,11
39,1
111,39
154,17
387,16
694,35
1431,3
14,9
56,2
72,5
147,27
311,5
654,5
1319,41
15,14
18,1
44,17
112,11
248,4
474,44
936,14
1913,43
92,9
152,18
273,45
606,14
1190,8
56,20
74,19
141,28
343,15
655,6
1300,48
61,12
130,3
238,18
490,30
1013,36
1999,1998
21,20
75,34
136,35
333,40
623,42
1269,20
73,32
107,14
212,14
467,31
874,43
1750,9
91,13
130,26
233,19
494,18
985,35
1935,40
4,3
67,15
94,38
170,45
369,50
788,25
1494,30
38,29
92,50
210,26
434,38
834,18
1695,46
39,33
123,45
163,12
334,32
744,32
1501,27
78,38
92,49
215,27
466,22
893,24
1756,8
5,4
93,12
164,3
322,5
606,25
1282,20
19,18
73,7
145,36
316,47
594,41
1194,24
86,50
132,21
312,29
583,26
1119,32
14,11
107,49
199,24
363,14
712,44
1401,42
25,24
96,49
180,19
383,29
737,11
1507,18
98,9
190,23
354,28
667,31
1387,26
98,27
157,5
260,45
549,26
1165,32
48,33
126,6
189,15
392,41
782,39
1570,7
49,39
93,13
191,5
346,25
765,10
1501,15
84,44
94,30
185,30
458,4
844,46
1741,43
9,8
79,21
161,2
290,7
578,9
1134,28
66,7
155,42
249,38
481,25
1004,10
1977,13
63,35
90,10
185,50
370,35
745,18
1521,36
14,1
93,12
131,25
291,37
585,27
1155,21
72,11
144,25
273,6
513,32
1103,30
57,12
137,39
203,32
495,13
906,24
1876,36
32,31
45,16
106,38
224,48
469,3
917,28
1834,7
47,46
115,44
246,18
493,39
951,6
1855,22
79,13
82,13
248,9
476,24
893,42
1833,38
87,47
169,20
293,44
617,30
1213,19
11,10
51,48
71,42
182,15
389,28
760,23
1527,11
41,34
43,40
125,9
292,6
585,27
1138,28
92,6
93,15
258,25
543,12
1009,30
1950,18
12,11
36,35
55,1
137,50
325,8
635,22
1280,8
95,41
129,28
320,13
579,27
1155,21
71,16
80,27
241,25
474,23
926,39
1806,41
31,1
80,7
198,41
347,21
715,12
1376,47
62,32
120,11
195,3
414,47
861,36
1674,40
18,17
51,23
116,7
249,5
500,22
1029,44
1956,3
101,12
154,44
321,33
597,6
1227,36
25,24
78,37
141,29
261,47
578,41
1090,17
13,10
34,24
93,6
207,32
438,8
833,31
1692,21
84,50
172,50
282,47
548,10
1158,45
30,29
102,50
160,8
382,14
724,43
1427,49
28,27
86,27
143,14
270,12
528,12
1149,36
95,26
160,43
312,50
616,7
1211,10
1,0
5,4
46,14
150,30
263,49
521,47
1063,6
101,28
111,47
282,22
558,50
1118,11
77,28
146,41
309,16
546,48
1089,46
98,29
107,26
209,22
512,50
1013,38
1940,5
7,6
58,32
138,36
291,1
499,9
1019,49
50,15
110,8
228,41
410,44
824,28
1694,43
71,13
102,23
176,46
354,8
760,24
1484,49
22,21
112,17
190,1
345,5
752,38
1516,18
38,28
74,11
206,18
410,31
787,23
1529,38
71,22
109,2
220,41
449,9
895,7
1805,30
9,8
99,10
193,27
392,29
752,18
1505,34
7,6
102,19
180,10
301,14
678,31
1281,37
50,34
149,49
206,6
483,8
968,8
1930,8
76,14
150,48
325,47
606,11
1194,32
19,18
59,21
81,13
196,49
409,49
837,19
1641,7
42,27
67,38
145,25
352,43
685,45
1323,13
25,24
49,38
140,19
283,48
519,1
1030,18
19,18
75,34
104,9
226,41
507,20
962,48
1944,12
23,22
48,23
160,40
266,30
586,10
1135,36
39,38
83,7
167,6
319,39
616,23
1311,12
25,24
95,4
198,30
334,12
669,46
1417,49
41,28
117,48
169,2
391,16
757,22
1484,39
70,12
83,37
204,40
430,22
849,16
1664,27
66,27
155,42
298,46
594,39
1150,20
13,12
18,17
96,45
190,9
331,18
654,24
1380,21
78,47
90,34
255,41
477,49
1000,35
1941,36
83,2
124,32
275,17
485,26
1063,44
46,15
59,35
141,46
315,3
657,20
1250,38
91,7
148,19
335,45
659,13
1276,10
4,3
7,6
79,25
128,16
284,22
514,11
1104,4
20,8
117,17
170,17
399,29
752,43
1497,3
1,0
36,14
41,13
170,20
340,34
623,31
1261,34
75,10
150,25
326,34
620,35
1243,1
31,30
55,35
89,11
179,21
368,13
788,31
1519,42
55,49
143,7
204,14
434,40
933,24
1809,50
87,17
181,36
294,30
607,9
1249,44
95,16
168,36
329,43
609,6
1243,49
12,11
62,43
148,48
264,27
506,33
1070,17
36,7
70,23
186,23
388,27
775,1
1456,6
65,45
127,5
216,40
420,22
925,50
1759,13
3,2
15,14
37,36
96,19
249,43
464,33
918,32
1800,4
48,23
140,28
268,25
549,12
1012,13
49,34
60,23
145,2
347,46
640,14
1299,4
93,36
176,43
316,27
593,28
1213,14
8,7
57,7
84,7
178,46
364,40
761,19
1536,18
17,16
52,43
105,10
212,8
463,37
850,42
1773,17
61,43
126,13
192,32
454,41
909,15
1835,44
61,49
78,37
170,24
356,5
732,38
1431,21
60,18
139,40
271,20
545,3
1028,48
67,32
146,39
295,45
540,43
1145,26
8,7
30,12
66,13
189,17
328,32
696,24
1392,1
64,30
103,29
177,1
350,37
726,37
1492,33
28,27
82,3
201,46
347,9
735,37
1457,33
6,5
26,25
118,36
152,6
336,7
675,39
1351,2
42,30
117,23
246,8
442,50
944,12
1891,17
64,26
81,43
235,33
403,37
828,29
1668,27
21,20
38,13
139,41
283,7
493,48
1066,30
70,5
101,45
267,5
497,8
968,26
1995,1994
86,8
132,1
248,1
540,41
1052,42
94,24
123,31
286,13
530,43
1125,47
46,23
147,24
239,3
507,32
971,30
1915,49
39,2
60,38
125,9
284,26
529,13
1038,6
1,0
25,24
104,2
148,40
346,45
655,40
1311,20
75,40
149,30
303,10
615,29
1171,2
37,32
87,19
134,44
324,46
656,29
1267,5
77,11
88,28
184,36
396,38
797,7
1615,45
90,33
123,20
222,46
473,38
973,35
1885,22
31,30
109,44
190,19
334,27
699,38
1446,11
81,50
156,26
261,47
499,45
1064,32
54,4
127,39
183,12
392,11
813,22
1664,19
81,50
102,32
268,30
485,46
946,22
1960,24
20,8
108,19
163,25
346,33
709,46
1431,17
8,7
106,34
209,27
376,41
798,22
1578,48
70,12
88,48
195,40
406,42
815,38
1652,25
32,31
96,46
191,39
383,17
737,33
1517,8
32,31
125,18
168,27
328,8
696,27
1407,40
96,18
167,27
299,38
570,45
1169,17
12,11
57,33
145,48
267,7
533,34
1113,39
16,15
111,34
201,33
417,21
828,43
1586,24
61,50
133,14
239,34
510,37
1039,2
1965,22
25,24
47,39
122,24
278,27
514,25
1038,10
98,15
116,35
298,3
604,6
1120,26
82,6
85,49
188,9
422,3
873,35
1750,15
52,29
123,28
234,44
480,4
975,13
1873,3
12,11
75,36
105,8
246,22
530,37
1051,7
64,37
151,1
249,43
508,12
1025,28
1921,8
83,36
88,38
218,47
478,44
913,30
1865,21
26,23
57,20
148,6
241,29
479,2
952,28
1919,6
80,37
83,21
200,16
459,6
920,13
1835,26
74,21
95,24
263,15
459,22
910,3
1836,40
45,44
111,14
172,10
384,10
769,7
1510,45
73,22
95,15
256,48
429,28
948,44
1803,23
44,26
54,31
135,46
306,42
613,1
1198,26
53,18
58,46
194,29
353,26
721,12
1454,48
83,4
93,36
225,4
465,44
931,34
1829,17
81,36
104,47
255,33
442,21
919,34
1851,39
11,10
15,9
37,36
98,30
191,22
451,19
836,31
1710,10
91,31
169,14
286,5
640,10
1244,49
16,15
34,14
97,50
209,10
405,27
838,3
1626,46
32,31
117,35
211,27
388,30
770,31
1580,48
58,28
108,8
176,25
361,19
752,7
1542,45
92,19
145,34
337,49
581,26
1243,31
29,11
43,32
105,24
259,42
503,24
961,12
1924,15
71,36
111,33
199,47
457,37
933,39
1846,32
78,7
134,34
305,27
605,9
1219,47
79,42
109,24
269,28
469,14
988,16
1961,21
22,21
60,38
95,2
267,8
504,23
1016,27
1971,20
101,33
170,19
370,38
727,34
1382,3
81,15
150,23
281,44
558,49
1134,44
87,46
174,5
346,38
692,5
1392,6
46,27
137,24
203,34
459,7
935,44
1806,44
66,36
82,21
193,40
406,38
828,43
1596,38
64,9
124,8
189,7
415,50
877,37
1703,5
36,17
104,21
170,5
408,17
811,19
1629,45
66,45
86,35
253,33
441,25
868,50
1752,19
72,6
74,29
242,42
391,15
810,25
1639,32
26,6
119,16
147,38
387,34
760,49
1494,42
82,4
89,37
206,49
433,35
879,48
1747,35
45,29
103,13
215,22
415,35
823,31
1652,32
21,2
122,5
150,24
328,24
635,32
1342,34
96,13
119,28
312,32
574,46
1170,3
5,4
55,30
98,41
170,42
376,2
756,31
1531,5
81,36
146,2
326,32
587,28
1224,30
73,37
123,14
265,32
508,48
1060,29
65,43
137,14
244,46
468,28
921,48
1887,16
40,13
56,45
117,11
216,29
471,27
975,49
1972,9
70,26
84,32
252,13
482,23
957,46
1946,42
12,11
101,46
183,29
357,13
699,36
1408,15
82,38
126,43
260,21
487,22
1023,21
1907,23
101,20
199,32
396,14
760,14
1465,10
38,27
66,47
181,19
338,24
680,25
1335,16
2,1
57,34
100,20
212,11
442,13
912,27
1782,35
85,6
129,21
240,3
518,3
1053,3
15,14
19,18
77,39
164,48
362,26
712,39
1369,18
73,26
112,4
226,42
475,39
980,25
1933,45
74,18
78,23
193,37
413,21
777,6
1536,2
26,25
119,31
191,14
401,26
801,4
1610,12
40,14
77,18
137,4
269,5
560,25
1104,14
101,11
146,48
336,4
639,13
1263,11
38,19
48,42
89,23
254,2
484,3
950,7
1945,42
99,35
136,9
253,16
577,18
1080,2
65,3
84,36
182,40
428,6
809,15
1609,5
95,10
165,10
271,32
614,13
1181,6
83,50
113,49
254,15
501,29
1033,7
1994,1993
53,40
78,17
181,35
343,18
713,9
1405,21
92,15
94,12
208,19
418,50
864,23
1700,39
23,12
32,1
117,37
219,1
409,19
822,28
1696,22
49,42
53,30
178,12
346,14
668,22
1336,50
11,10
35,34
74,30
209,47
383,1
756,42
1499,4
86,28
134,7
232,29
522,13
1025,7
1904,18
31,28
61,45
167,22
345,44
644,18
1275,31
15,14
72,30
169,49
271,20
624,50
1177,5
35,23
70,8
113,28
221,43
473,34
981,35
1930,5
21,20
25,24
85,22
225,41
402,30
824,5
1610,5
14,13
68,39
87,37
185,16
394,14
843,40
1634,29
89,5
137,10
310,3
583,11
1166,10
75,23
113,11
234,7
439,4
892,8
1851,26
74,23
173,49
301,45
583,44
1165,21
57,50
102,7
182,8
411,34
818,50
1667,19
91,24
174,6
313,32
666,6
1269,12
75,4
130,3
292,38
557,3
1079,48
48,2
53,27
103,39
271,2
515,13
1074,36
18,17
60,49
126,27
207,24
425,2
881,13
1797,18
87,3
159,3
256,2
541,14
1048,33
97,44
154,1
267,7
601,21
1210,6
90,30
167,7
283,37
543,5
1135,44
35,8
65,28
102,15
284,37
498,21
1025,49
17,16
88,34
180,4
306,34
687,29
1292,11
19,18
49,32
105,14
207,10
391,26
773,46
1596,3
91,1
95,16
210,36
447,14
894,44
1805,12
97,10
164,29
282,23
586,34
1218,29
54,15
74,3
165,15
392,32
696,2
1430,18
60,46
98,15
259,31
451,23
962,47
1917,42
77,9
176,13
290,9
612,10
1204,28
98,50
176,35
277,43
604,13
1214,27
73,19
174,44
329,43
580,46
1201,12
53,6
74,29
190,4
342,17
754,8
1461,14
4,3
9,8
62,42
141,14
304,29
533,14
1060,31
69,24
85,42
173,26
384,27
717,5
1444,34
26,25
94,49
128,48
292,44
571,44
1125,46
80,2
120,14
251,48
463,22
981,36
1964,1963
1,0
29,28
79,42
207,9
320,29
646,15
1305,35
45,27
52,41
161,35
351,46
672,6
1316,1
24,11
82,35
189,50
318,5
658,3
1295,22
52,9
117,34
222,30
414,18
839,12
1708,21
86,7
157,44
327,26
573,4
1241,15
32,12
102,3
162,26
337,50
644,35
1321,36
85,10
171,9
286,37
577,28
1159,21
66,11
82,1
211,23
407,13
818,16
1585,41
3,2
94,39
197,24
347,10
648,35
1379,41
91,46
103,46
285,36
550,8
1062,46
47,6
108,19
232,4
431,45
870,49
1743,43
2,1
14,2
107,39
162,15
308,47
618,29
1228,32
58,7
124,48
268,39
459,3
926,39
1907,3
31,22
83,15
121,39
245,30
531,45
1088,41
34,27
68,37
149,28
272,5
601,29
1180,1
25,16
108,44
231,24
390,32
797,4
1621,15
16,15
54,4
136,13
221,49
502,6
976,2
1997,1996
34,10
115,36
204,22
407,8
798,11
1640,31
43,34
75,33
140,3
343,26
626,42
1266,4
93,31
151,18
276,18
562,36
1153,22
8,7
84,29
158,19
292,20
552,8
1135,18
97,28
108,4
249,39
487,17
1033,30
1927,46
72,13
125,6
261,7
463,19
987,10
1975,1974
30,18
104,39
193,34
383,14
728,7
1505,30
17,16
32,11
81,38
181,18
403,35
716,21
1504,6
37,11
59,30
124,27
282,47
562,3
1151,39
51,7
132,34
202,3
458,44
905,23
1834,39
13,12
55,50
158,3
270,23
498,45
1000,37
1993,1992
84,30
174,47
269,10
594,48
1202,23
31,30
74,46
108,26
308,41
554,39
1152,19
72,36
135,3
258,24
480,20
1011,6
1965,33
72,4
102,36
181,33
435,29
818,26
1657,38
27,16
118,10
162,44
382,48
760,26
1512,13
99,9
187,10
309,41
624,39
1311,24
99,48
196,19
328,15
639,13
1350,45
65,29
72,35
236,12
443,6
907,16
1812,21
14,4
64,23
165,44
333,46
650,9
1278,19
88,21
188,34
285,5
630,4
1256,14
20,19
41,33
131,42
237,20
519,1
955,42
1933,38
63,49
77,50
220,7
414,50
862,46
1707,13
29,21
60,17
184,19
333,39
616,34
1272,30
58,10
92,40
222,19
397,17
773,4
1622,2
97,49
112,7
307,27
525,41
1109,30
82,39
137,42
272,43
553,5
1055,17
80,22
146,31
235,14
462,12
949,49
1922,36
82,38
119,10
239,21
446,1
969,21
1875,13
88,47
127,23
228,42
543,21
1018,33
19,18
61,42
178,10
342,39
680,26
1376,36
49,2
136,6
252,11
467,6
942,24
1862,2
10,9
110,11
160,49
324,4
663,45
1324,29
96,28
169,32
296,13
657,41
1254,37
2,1
59,3
116,12
205,2
434,21
860,50
1679,19
9,8
100,1
194,13
385,27
759,18
1454,44
61,28
127,39
243,38
437,21
968,18
1840,48
15,6
21,20
95,5
168,6
352,39
693,23
1358,21
3,2
20,19
98,16
176,25
398,24
786,45
1580,37
80,39
113,21
218,13
443,50
931,50
1819,9
57,26
158,8
303,12
605,36
1180,45
47,18
144,19
282,41
517,14
1068,8
34,15
47,36
163,31
320,44
628,12
1249,3
52,44
82,24
208,11
419,21
800,22
1654,5
84,20
179,22
305,42
636,5
1293,41
50,45
69,31
164,37
314,49
645,14
1332,27
95,10
120,31
242,11
546,38
1059,48
53,5
126,31
265,50
509,48
978,38
1917,10
64,26
95,8
222,11
455,10
924,24
1810,2
27,26
34,22
90,7
236,49
456,1
931,32
1869,24
6,5
81,17
167,31
284,47
547,38
1175,18
7,6
25,1
65,31
141,2
267,47
576,42
1171,21
76,32
165,14
266,17
510,3
1115,24
21,20
25,15
130,30
182,14
372,1
753,41
1542,8
75,10
113,27
242,30
477,36
929,48
1882,21
70,25
132,32
210,39
448,30
878,29
1822,20
70,12
89,43
229,25
428,31
853,6
1739,43
82,22
181,12
276,9
639,26
1220,43
13,12
95,23
128,16
314,27
589,45
1205,33
85,30
116,10
255,8
542,12
1008,40
6,5
46,18
137,18
268,33
520,33
1048,7
43,31
62,37
165,38
350,5
667,46
1323,37
60,41
146,44
218,23
443,41
918,1
1864,31
96,25
186,30
362,30
650,4
1368,14
51,33
81,7
189,44
337,25
756,44
1430,22
68,25
131,41
292,40
590,21
1177,14
22,11
93,20
165,9
353,2
669,23
1322,20
19,18
76,11
102,9
265,24
558,47
1062,13
71,17
118,1
212,46
431,20
853,42
1748,42
56,33
141,11
287,3
558,19
1
1
1
1
1
1
1
1
1
1
1
1
1
1
1
1
1
1
1
1
1
1
1
1
1
1
1
1
1
1
1
1
1
1
1
1
1
1
2
2
2
2
2
2
2
2
2
2
2
2
2
2
2
2
2
2
2
2
2
2
2
2
3
3
3
3
3
3
3
3
3
3
3
3
3
3
3
3
3
3
3
3
3
3
4
4
4
4
4
4
4
4
4
4
4
4
4
4
4
4
4
4
4
4
4
4
4
5
5
5
5
5
5
5
5
5
5
5
5
5
5
5
5
5
5
5
5
5
6
6
6
6
6
6
6
6
6
6
6
6
6
6
6
6
6
6
6
6
6
6
6
6
6
6
6
6
6
7
7
7
7
7
7
7
7
7
7
7
7
7
7
7
7
7
8
8
8
8
8
8
8
8
8
8
8
8
8
8
8
8
8
9
9
9
9
9
9
9
9
9
9
9
9
9
9
9
9
9
9
9
9
10
10
10
10
10
10
10
10
10
10
10
10
10
10
10
10
10
10
10
10
11
11
11
11
11
11
11
11
11
11
11
11
11
11
12
12
12
12
12
12
12
12
12
12
12
12
12
12
12
12
12
13
13
13
13
13
13
13
13
13
13
13
13
13
13
13
13
13
14
14
14
14
14
14
14
14
14
14
14
14
15
15
15
15
15
15
15
15
15
15
15
15
15
15
15
16
16
16
16
16
16
16
16
16
16
16
16
16
16
16
17
17
17
17
17
17
17
17
17
17
17
17
17
17
18
18
18
18
18
18
18
18
18
18
18
18
18
18
19
19
19
19
19
19
19
19
19
19
19
19
19
19
19
19
19
19
19
19
20
20
20
20
20
20
20
20
20
20
20
20
20
20
20
20
20
20
20
21
21
21
21
21
21
21
21
21
21
21
21
21
21
21
21
21
21
22
22
22
22
22
22
22
22
22
22
22
22
22
22
22
22
22
23
23
23
23
23
23
23
23
23
23
23
24
24
24
24
24
24
24
24
24
24
24
24
24
24
24
24
24
24
24
24
25
25
25
25
25
25
25
25
25
25
25
25
25
26
26
26
26
26
26
26
26
26
26
26
26
26
26
26
26
26
27
27
27
27
27
27
27
27
27
27
27
27
27
27
28
28
28
28
28
28
28
28
28
28
28
28
28
28
28
28
29
29
29
29
29
29
29
29
29
29
29
29
29
30
30
30
30
30
30
30
30
30
30
30
30
30
30
30
30
30
30
30
30
30
30
31
31
31
31
31
31
31
31
31
31
31
31
31
31
31
31
31
31
31
31
31
32
32
32
32
32
32
32
32
33
33
33
33
33
33
33
33
33
33
33
33
33
33
33
33
33
33
33
33
33
33
34
34
34
34
34
34
34
34
34
34
34
34
34
34
34
34
34
34
34
34
35
35
35
35
35
35
35
35
35
35
35
35
35
35
35
35
35
35
36
36
36
36
36
36
36
36
36
36
36
36
36
36
36
36
36
36
37
37
37
37
37
37
37
37
37
37
37
37
37
37
37
37
37
37
37
37
37
38
38
38
38
38
38
38
38
38
38
38
38
38
38
38
38
38
38
38
38
38
38
38
38
38
38
38
38
38
39
39
39
39
39
39
39
39
39
39
39
39
39
39
39
39
39
39
39
39
40
40
40
40
40
40
40
40
40
40
40
40
40
40
40
40
40
40
40
40
41
41
41
41
41
41
41
41
41
41
41
41
41
41
41
41
41
41
41
42
42
42
42
42
42
42
42
42
42
42
42
42
42
42
42
42
42
42
42
42
42
43
43
43
43
43
43
43
43
43
43
43
43
43
43
43
43
43
43
43
43
43
44
44
44
44
44
44
44
44
44
44
44
44
44
44
44
44
44
44
44
44
44
44
44
44
44
44
44
45
45
45
45
45
45
45
45
45
45
45
45
45
45
45
45
45
45
45
45
45
45
45
46
46
46
46
46
46
46
46
46
46
46
46
46
46
46
46
46
46
46
46
46
46
46
46
46
47
47
47
47
47
47
47
47
47
47
47
47
47
47
47
47
47
47
47
47
48
48
48
48
48
48
48
48
48
48
48
48
48
48
49
49
49
49
49
49
49
49
49
49
49
49
49
49
49
49
49
49
49
49
49
49
49
49
49
50
50
50
50
50
50
50
50
50
50
50
50
50
50
50
50
50
50
50
50
50
50
50
50
50
50
50
51
51
51
51
51
51
51
51
51
51
51
51
51
51
51
51
51
51
51
51
52
52
52
52
52
52
52
52
52
52
52
52
52
52
52
52
52
53
53
53
53
53
53
53
53
53
53
53
53
53
53
53
53
53
53
53
53
53
53
53
53
53
53
54
54
54
54
54
54
54
54
54
54
54
54
54
54
54
54
54
54
54
54
54
54
55
55
55
55
55
55
55
55
55
55
55
55
55
55
55
55
55
55
55
55
55
55
55
55
55
56
56
56
56
56
56
56
56
56
56
56
56
56
56
56
56
56
56
56
56
56
56
56
56
56
56
56
56
57
57
57
57
57
57
57
57
57
57
57
57
57
57
57
57
57
57
57
57
58
58
58
58
58
58
58
58
58
58
58
58
58
58
58
58
58
58
59
59
59
59
59
59
59
59
59
59
59
59
59
59
59
59
59
59
59
59
59
59
59
59
60
60
60
60
60
60
60
60
60
60
60
60
60
60
60
60
61
61
61
61
61
61
61
61
61
61
61
61
61
61
61
61
61
61
61
61
61
62
62
62
62
62
62
62
62
62
62
62
62
62
62
62
62
62
62
62
62
62
62
62
62
62
62
62
62
62
62
62
62
63
63
63
63
63
63
63
63
63
63
63
63
63
63
63
63
63
63
64
64
64
64
64
64
64
64
64
64
64
64
64
64
64
64
64
64
64
64
64
65
65
65
65
65
65
65
65
65
65
65
65
65
65
66
66
66
66
66
66
66
66
66
66
66
66
66
66
66
66
66
66
66
66
66
66
66
66
66
66
66
66
66
66
67
67
67
67
67
67
67
67
67
67
67
67
67
67
67
67
67
67
67
67
67
67
67
68
68
68
68
68
68
68
68
68
68
68
68
68
68
68
68
68
68
68
68
68
68
68
68
68
68
69
69
69
69
69
69
69
69
69
69
69
69
69
69
69
69
69
69
69
69
69
69
70
70
70
70
70
70
70
70
70
70
70
70
70
70
70
70
70
70
70
70
70
71
71
71
71
71
71
71
71
71
71
71
71
71
71
71
71
71
71
71
71
71
71
71
71
71
71
71
71
71
71
72
72
72
72
72
72
72
72
72
72
72
72
72
72
72
72
72
72
72
72
72
72
72
72
72
72
72
72
72
72
73
73
73
73
73
73
73
73
73
73
73
73
73
73
73
73
73
73
73
73
73
73
73
73
73
73
74
74
74
74
74
74
74
74
74
74
74
74
74
74
74
74
74
74
74
74
74
74
75
75
75
75
75
75
75
75
75
75
75
75
75
75
75
75
75
75
75
75
75
75
75
75
75
75
76
76
76
76
76
76
76
76
76
76
76
76
76
76
76
76
76
76
76
76
76
76
76
76
76
76
76
76
76
77
77
77
77
77
77
77
77
77
77
77
77
77
77
77
77
77
77
77
77
77
77
78
78
78
78
78
78
78
78
78
78
78
78
78
78
78
78
78
78
78
78
78
78
78
78
78
78
78
78
78
78
78
78
78
78
78
78
78
78
78
78
78
79
79
79
79
79
79
79
79
79
79
79
79
79
79
79
79
79
79
79
79
79
79
80
80
80
80
80
80
80
80
80
80
80
80
80
80
80
80
80
80
80
80
80
80
80
80
80
80
80
80
80
81
81
81
81
81
81
81
81
81
81
81
81
81
81
81
81
81
81
81
81
81
81
81
81
81
82
82
82
82
82
82
82
82
82
82
82
82
82
82
82
82
82
82
82
82
82
82
82
82
82
82
82
82
82
82
82
82
82
82
82
82
82
83
83
83
83
83
83
83
83
83
83
83
83
83
83
83
83
83
83
83
83
83
83
83
83
83
83
83
83
84
84
84
84
84
84
84
84
84
84
84
84
84
84
84
84
84
84
84
84
84
84
84
84
84
84
84
85
85
85
85
85
85
85
85
85
85
85
85
85
85
85
85
85
85
85
85
85
85
85
85
85
85
85
85
86
86
86
86
86
86
86
86
86
86
86
86
86
86
86
86
86
86
86
86
86
86
86
86
86
86
86
86
86
86
86
86
87
87
87
87
87
87
87
87
87
87
87
87
87
87
87
87
87
87
87
87
87
87
87
87
87
87
87
87
87
88
88
88
88
88
88
88
88
88
88
88
88
88
88
88
88
88
88
88
88
88
88
88
88
88
88
88
88
88
88
88
88
88
89
89
89
89
89
89
89
89
89
89
89
89
89
89
89
89
89
89
89
89
89
89
89
90
90
90
90
90
90
90
90
90
90
90
90
90
90
90
90
90
90
90
90
90
90
90
90
90
90
90
90
90
90
90
91
91
91
91
91
91
91
91
91
91
91
91
91
91
91
91
91
91
91
91
91
91
91
91
91
91
91
91
91
91
92
92
92
92
92
92
92
92
92
92
92
92
92
92
92
92
92
92
92
92
92
92
92
93
93
93
93
93
93
93
93
93
93
93
93
93
93
93
93
93
93
93
93
93
93
93
93
93
93
93
93
93
93
93
93
94
94
94
94
94
94
94
94
94
94
94
94
94
94
94
94
94
94
94
94
94
94
95
95
95
95
95
95
95
95
95
95
95
95
95
95
95
95
95
95
95
95
95
95
95
95
95
95
95
95
95
95
95
95
95
95
95
96
96
96
96
96
96
96
96
96
96
96
96
96
96
96
96
96
96
96
96
96
96
96
96
96
96
96
96
96
96
96
96
96
97
97
97
97
97
97
97
97
97
97
97
97
97
97
97
97
97
97
97
97
97
97
97
97
97
97
98
98
98
98
98
98
98
98
98
98
98
98
98
98
98
98
98
98
98
98
98
98
98
98
98
98
98
98
98
98
99
99
99
99
99
99
99
99
99
99
99
99
99
99
99
99
99
99
99
99
99
99
99
99
99
99
99
99
99
100
100
100
100
100
100
100
100
100
100
100
100
100
100
100
100
100
100
100
100
100
100
100
100
100
100
101
101
101
101
101
101
101
101
101
101
101
101
101
101
101
101
101
101
101
101
101
102
102
102
102
102
102
102
102
102
102
102
102
102
102
102
102
102
102
102
102
103
103
103
103
103
103
103
103
103
103
103
103
103
103
103
103
103
103
103
103
103
103
103
103
103
103
104
104
104
104
104
104
104
104
104
104
104
104
104
104
104
104
104
104
104
104
104
104
104
104
105
105
105
105
105
105
105
105
105
105
105
105
105
105
105
105
105
105
105
105
105
105
105
105
106
106
106
106
106
106
106
106
106
106
106
106
106
106
106
106
106
106
106
106
106
106
106
106
106
106
107
107
107
107
107
107
107
107
107
107
107
107
107
107
107
107
107
107
107
108
108
108
108
108
108
108
108
108
108
108
108
108
108
108
108
108
108
108
109
109
109
109
109
109
109
109
109
109
109
109
109
109
109
109
109
109
109
110
110
110
110
110
110
110
110
110
110
110
110
110
110
110
110
110
110
110
110
110
110
110
110
111
111
111
111
111
111
111
111
111
111
111
111
111
111
111
111
111
111
111
111
111
111
112
112
112
112
112
112
112
112
112
112
112
112
112
112
112
112
112
112
112
112
112
112
112
112
112
112
112
112
112
112
113
113
113
113
113
113
113
113
113
113
113
113
113
113
113
113
113
113
114
114
114
114
114
114
114
114
114
114
114
114
114
114
114
114
114
114
114
114
114
114
114
114
114
114
114
115
115
115
115
115
115
115
115
115
115
115
115
115
115
115
116
116
116
116
116
116
116
116
116
116
116
116
116
116
116
116
116
116
116
116
116
116
116
117
117
117
117
117
117
117
117
117
117
117
117
117
117
117
117
117
118
118
118
118
118
118
118
118
118
118
118
118
118
118
118
118
118
118
118
118
118
118
119
119
119
119
119
119
119
119
119
119
119
119
119
119
119
119
119
119
119
119
120
120
120
120
120
120
120
120
120
120
120
120
120
120
120
120
120
120
120
120
120
120
121
121
121
121
121
121
121
121
121
121
121
121
121
121
121
122
122
122
122
122
122
122
122
122
122
122
122
122
122
122
122
122
122
122
123
123
123
123
123
123
123
123
123
123
123
123
123
124
124
124
124
124
124
124
124
124
124
124
124
124
124
124
124
124
124
124
124
125
125
125
125
125
125
125
125
125
125
125
125
125
125
125
125
125
125
126
126
126
126
126
126
126
126
126
126
126
126
126
126
126
126
126
127
127
127
127
127
127
127
127
127
127
127
127
127
127
127
127
127
127
127
127
127
127
127
127
128
128
128
128
128
128
128
128
128
128
128
128
128
128
128
128
128
128
128
128
128
128
128
128
129
129
129
129
129
129
129
129
129
129
129
129
129
129
129
129
129
129
129
129
129
130
130
130
130
130
130
130
130
130
130
130
130
130
130
130
130
130
130
130
130
130
130
130
130
130
130
130
130
131
131
131
131
131
131
131
131
131
131
131
131
131
131
131
131
131
131
131
131
131
132
132
132
132
132
132
132
132
132
132
132
132
132
132
132
132
132
132
132
132
132
132
132
133
133
133
133
133
133
133
133
133
133
133
133
133
133
133
133
133
134
134
134
134
134
134
134
134
134
134
134
134
134
134
134
134
134
134
134
134
135
135
135
135
135
135
135
135
135
135
135
135
135
136
136
136
136
136
136
136
136
136
136
136
136
136
136
136
136
137
137
137
137
137
137
137
137
137
137
137
137
137
137
137
137
137
137
137
137
137
137
138
138
138
138
138
138
138
138
138
138
138
138
138
138
139
139
139
139
139
139
139
139
139
140
140
140
140
140
140
140
140
140
140
140
140
140
140
140
140
141
141
141
141
141
141
141
141
141
141
141
142
142
142
142
142
142
142
142
142
142
142
142
142
142
142
142
142
142
143
143
143
143
143
143
143
143
143
143
143
143
143
143
144
144
144
144
144
144
144
144
144
144
144
144
144
144
144
145
145
145
145
145
145
145
145
145
145
145
145
146
146
146
146
146
146
146
146
147
147
147
147
147
147
147
147
147
147
147
147
147
147
147
147
147
147
147
147
147
147
147
147
148
148
148
148
148
148
148
149
149
149
149
149
149
149
149
149
149
149
149
149
149
149
149
149
150
150
150
150
150
150
150
150
150
150
150
150
150
150
150
150
150
150
151
151
151
151
151
151
151
151
151
151
151
151
151
151
151
151
151
151
151
151
151
152
152
152
152
152
152
152
152
152
152
152
152
152
152
153
153
153
153
153
153
153
153
153
153
153
153
154
154
154
154
154
154
154
154
154
154
154
154
154
154
154
155
155
155
155
155
155
155
155
155
155
155
155
155
155
155
156
156
156
156
156
156
156
156
157
157
157
157
157
157
157
157
157
157
157
157
157
157
157
157
158
158
158
158
158
158
158
158
158
158
158
159
159
159
159
159
159
159
159
159
159
159
159
159
159
159
160
160
160
160
160
160
160
160
161
161
161
161
161
161
161
161
161
161
161
161
161
161
161
161
161
161
161
161
161
161
162
162
162
162
162
162
162
162
162
162
162
163
163
163
163
163
163
163
163
163
163
163
163
163
164
164
164
164
164
164
164
164
164
164
164
164
165
165
165
165
165
165
165
165
165
165
165
165
165
166
166
166
166
166
166
166
166
166
166
166
166
166
166
166
166
166
166
166
167
167
167
167
167
167
167
167
167
167
167
167
167
167
168
168
168
168
168
168
168
168
168
168
169
169
169
169
169
169
169
169
169
169
169
169
169
170
170
170
170
170
170
170
170
170
170
170
170
170
170
170
170
171
171
171
171
171
171
171
171
171
171
171
172
172
172
172
172
172
172
172
172
172
172
172
172
172
173
173
173
173
173
173
173
173
173
173
173
173
174
174
174
174
174
174
174
174
174
174
174
174
174
174
174
175
175
175
175
175
175
175
175
176
176
176
176
176
176
176
176
176
176
176
176
176
176
176
177
177
177
177
177
177
177
177
177
177
177
177
177
177
178
178
178
178
178
178
178
179
179
179
179
179
179
179
179
179
179
179
179
179
179
180
180
180
180
180
180
180
180
180
180
180
181
181
181
181
181
181
181
181
182
182
182
182
182
183
183
183
183
183
183
183
183
183
183
183
184
184
184
184
184
184
184
184
184
184
184
184
185
185
185
185
185
185
185
185
185
185
185
185
185
185
185
185
185
185
186
186
186
186
186
186
186
186
186
186
186
186
186
187
187
187
187
187
187
187
187
187
187
187
187
188
188
188
188
188
188
188
188
188
188
188
188
188
188
189
189
189
189
189
189
189
189
189
189
189
189
190
190
190
190
190
190
190
190
190
190
190
190
190
190
190
190
191
191
191
191
191
191
191
191
191
191
191
191
191
191
191
191
192
192
192
192
192
192
192
192
192
192
193
193
193
193
193
193
193
193
193
193
193
194
194
194
194
194
194
194
194
194
194
194
195
195
195
195
195
195
195
195
195
195
195
195
195
195
195
195
195
195
195
196
196
196
196
196
196
196
196
196
196
196
196
196
197
197
197
197
197
197
197
197
197
197
197
197
197
197
198
198
198
198
198
198
198
198
198
198
198
198
198
198
198
198
198
199
199
199
199
199
199
199
199
199
200
200
200
200
200
200
200
200
200
200
200
200
200
201
201
201
201
201
201
202
202
202
202
202
202
202
202
202
202
202
202
203
203
203
203
203
203
203
203
203
204
204
204
204
204
204
204
204
205
205
205
205
205
205
205
205
205
206
206
206
206
206
206
206
206
206
207
207
207
207
207
207
207
207
207
207
207
207
207
207
207
207
208
208
208
208
208
208
209
209
209
209
209
209
209
209
209
209
209
209
209
210
210
210
210
210
210
210
210
210
210
210
210
210
210
211
211
211
211
211
211
211
212
212
212
212
212
212
212
213
213
213
213
213
213
213
213
213
213
213
214
214
214
214
214
214
214
214
214
214
214
214
215
215
215
215
215
215
215
215
215
216
216
216
216
216
216
216
216
216
216
216
216
216
216
217
217
217
217
217
217
217
218
218
218
218
218
218
218
218
218
218
218
219
219
219
219
219
219
219
219
220
220
220
220
220
220
220
220
220
220
221
221
221
221
221
221
221
221
221
221
221
221
221
221
221
222
222
222
222
222
222
222
222
222
222
222
223
223
223
223
223
223
223
223
223
223
223
224
224
224
224
224
224
224
224
224
224
224
224
224
224
225
225
225
225
225
225
225
226
226
226
226
226
226
226
226
227
227
227
227
227
227
227
227
227
228
228
228
228
228
228
228
228
229
229
229
229
229
229
229
229
230
230
230
230
230
230
230
230
230
230
230
230
230
230
231
231
231
231
231
231
231
232
232
232
232
232
232
232
233
233
233
233
233
233
233
233
233
233
233
234
234
234
234
234
234
234
234
234
234
235
235
235
235
235
236
236
236
236
236
236
236
236
236
236
236
237
237
237
237
237
237
237
237
237
238
238
238
238
238
238
239
239
239
239
239
239
239
239
239
239
240
240
240
240
240
240
241
241
241
241
241
241
241
241
241
242
242
242
243
243
243
243
243
243
243
243
244
244
244
244
244
244
244
244
244
244
245
245
245
245
245
245
245
246
246
246
246
246
246
246
246
246
247
247
247
247
247
247
247
247
247
247
247
247
247
247
247
247
248
248
248
248
248
248
248
249
249
249
249
249
249
249
249
249
249
249
249
250
250
250
250
250
250
251
251
251
251
251
251
251
251
251
251
252
252
252
252
252
252
252
252
252
252
253
253
253
253
253
253
253
253
253
254
254
254
254
254
254
254
254
254
254
255
255
255
255
255
255
255
255
255
255
255
255
255
255
256
256
256
256
256
256
256
256
257
257
257
257
257
257
257
257
257
257
257
257
257
257
257
257
257
258
258
258
258
258
258
259
259
259
259
259
259
259
260
260
260
260
260
260
260
260
260
260
261
261
261
261
261
261
262
262
262
262
262
262
262
262
262
262
263
263
263
263
263
263
263
263
263
263
263
263
263
264
264
264
264
264
264
264
264
264
264
264
264
265
265
265
265
265
265
265
265
265
265
266
266
266
266
266
266
267
267
267
267
267
267
268
268
268
268
268
269
269
269
269
269
269
269
270
270
270
270
270
270
270
270
270
270
270
271
271
271
271
271
271
271
271
271
271
271
271
271
271
272
272
272
272
272
272
273
273
273
273
273
273
273
273
273
273
273
274
274
274
274
274
274
274
274
275
275
275
275
275
275
275
275
275
275
276
276
276
276
276
277
277
277
277
277
277
277
277
277
278
278
278
278
278
279
279
279
279
279
279
279
279
280
280
280
280
280
280
280
280
280
281
281
281
281
281
281
281
281
281
282
282
282
282
282
282
282
282
282
282
283
283
283
283
283
283
283
283
283
283
284
284
284
284
284
284
284
284
284
284
284
284
285
285
285
285
285
285
285
285
285
285
285
286
286
286
286
286
286
286
286
286
286
286
287
287
287
287
287
287
287
287
287
287
287
287
287
287
288
288
288
288
288
288
288
288
289
289
289
289
289
289
289
289
290
290
290
290
290
290
290
290
291
291
291
291
291
291
291
292
292
292
292
292
292
292
292
292
292
292
292
292
292
292
293
293
293
293
293
293
293
293
293
293
294
294
294
294
294
294
294
295
295
295
295
295
296
296
296
296
296
296
297
297
297
297
297
297
297
297
298
298
298
298
298
298
299
299
299
299
299
299
300
300
300
300
300
300
300
300
300
300
301
301
301
301
301
301
301
301
301
301
302
302
302
302
302
302
302
303
303
303
303
303
303
303
303
303
303
303
304
304
304
305
305
305
305
305
305
305
306
306
306
307
307
307
307
307
307
307
307
307
307
307
308
308
308
308
308
308
308
308
308
308
309
309
309
309
309
309
309
309
309
310
310
310
310
310
310
310
310
310
310
311
311
311
311
312
312
312
312
312
312
312
312
313
313
313
313
313
313
313
313
314
314
314
314
314
314
314
314
314
315
315
315
315
315
315
315
316
316
316
316
316
316
316
316
316
316
316
317
317
317
317
317
317
317
318
318
318
318
318
318
318
319
319
319
320
320
320
320
321
322
322
322
322
322
322
322
322
322
323
323
323
324
324
324
324
324
324
324
324
324
324
324
324
325
325
325
325
325
325
325
325
326
326
326
326
326
326
326
326
326
327
327
327
327
327
328
328
328
328
328
328
329
329
329
329
329
329
330
330
331
331
331
331
331
331
332
332
332
332
332
332
332
333
333
333
333
333
333
333
333
333
334
334
335
335
335
335
335
335
335
335
335
335
335
335
335
336
336
336
336
336
336
336
336
336
337
337
337
337
337
337
338
338
338
339
339
339
339
340
340
340
341
341
341
341
341
341
341
341
342
342
342
342
342
342
342
343
343
343
343
343
343
343
343
344
344
344
344
344
344
344
344
344
345
345
345
345
346
346
346
346
346
346
346
346
346
346
346
347
347
347
347
347
348
348
348
348
348
348
348
348
349
349
349
349
350
350
350
350
350
350
350
350
351
351
351
351
351
352
352
352
352
353
353
353
353
353
353
353
354
354
354
354
354
355
355
355
355
355
355
356
356
356
356
356
357
357
357
357
357
357
357
358
358
358
358
358
358
358
358
359
359
359
359
359
359
359
360
360
360
360
360
360
360
361
361
362
363
363
363
363
363
363
363
363
364
364
364
365
365
366
366
366
366
366
366
367
367
367
367
368
368
368
368
368
368
368
368
368
368
368
369
369
369
369
369
369
370
370
370
371
371
371
371
371
372
372
372
372
373
373
373
373
374
374
374
375
376
376
376
377
377
377
377
377
377
377
377
377
377
378
378
378
378
378
378
378
378
378
379
379
379
379
380
380
380
380
380
382
382
382
382
382
382
383
383
383
383
383
383
383
383
383
383
383
384
384
384
384
384
384
385
385
385
385
386
386
386
386
386
387
387
387
387
387
387
387
388
388
388
388
388
390
390
390
390
391
391
391
391
392
392
392
392
393
393
393
393
393
393
394
394
394
395
395
395
395
395
395
395
395
396
396
396
396
396
396
396
396
396
397
397
397
398
398
398
398
399
399
399
399
399
399
399
399
400
400
400
400
400
400
400
400
401
401
401
402
402
402
402
402
402
402
402
403
403
403
403
403
403
403
403
404
404
404
404
405
405
405
405
405
406
406
406
406
407
407
407
407
407
408
408
408
408
408
408
408
408
409
409
409
409
410
410
410
410
410
411
411
411
411
411
412
412
412
413
413
413
414
414
414
414
414
415
415
415
415
415
415
416
416
416
416
417
417
417
417
417
417
418
418
419
419
419
419
419
420
420
420
420
421
421
421
421
421
422
422
422
422
422
423
423
423
423
423
423
423
423
423
424
424
424
424
424
425
425
425
425
426
426
426
426
426
426
427
427
427
427
428
428
429
429
429
430
430
431
431
431
431
431
432
432
432
432
432
432
433
433
433
433
433
433
434
434
434
434
434
434
435
435
435
435
435
435
435
436
436
436
436
436
436
437
437
437
437
437
437
438
438
438
439
439
439
439
439
440
440
440
440
440
440
441
441
441
442
442
442
442
443
443
443
443
443
445
445
445
445
446
446
446
446
446
446
447
447
447
447
447
447
447
448
448
448
448
448
449
449
449
449
449
450
450
450
451
451
452
452
452
452
453
453
453
453
453
453
454
454
454
454
454
454
454
454
455
455
455
455
455
455
455
455
455
456
456
456
456
456
457
457
457
457
457
457
457
457
458
459
459
459
460
460
460
460
461
461
461
461
461
462
462
462
462
462
462
462
463
463
463
463
463
463
464
464
465
465
465
465
465
465
466
466
467
467
467
467
467
468
468
469
469
469
469
469
469
469
470
470
470
470
470
470
470
470
471
471
472
472
472
472
473
473
473
473
473
473
473
473
473
473
474
474
474
474
474
475
475
476
476
476
476
477
477
477
477
477
477
478
478
478
478
479
479
479
480
480
480
480
480
481
481
481
481
481
481
481
481
482
482
482
482
482
482
483
483
483
483
484
484
484
484
484
485
485
485
485
485
485
486
486
486
486
486
486
486
487
487
487
487
487
487
488
488
488
488
488
488
489
489
489
489
489
489
489
489
490
490
490
490
490
491
491
491
491
491
491
491
491
492
492
492
492
492
492
492
492
493
493
493
494
494
494
494
494
494
494
494
495
495
495
496
496
496
496
496
497
497
497
497
497
497
497
498
498
498
499
499
499
499
499
499
500
500
500
500
500
500
500
500
501
501
501
502
502
502
503
503
503
503
503
503
504
504
504
504
504
505
505
505
505
505
506
506
506
507
507
508
508
509
509
509
510
510
510
510
510
510
510
511
511
512
512
512
512
512
512
512
512
512
513
513
513
513
513
514
514
514
514
514
514
514
514
514
515
515
515
515
515
515
515
516
516
516
516
516
516
516
516
516
517
517
517
517
518
518
518
518
518
518
519
519
519
519
519
519
519
520
520
521
522
523
523
523
524
524
524
524
524
525
525
526
526
526
526
527
528
528
528
528
528
528
528
528
529
529
529
529
530
530
530
531
531
531
531
531
532
532
532
532
532
532
532
532
533
533
533
533
533
533
534
534
534
536
536
536
536
536
536
536
536
536
537
537
537
537
537
537
538
538
538
538
539
539
539
539
539
539
539
539
539
540
540
541
541
541
541
541
541
541
541
541
542
542
542
542
543
544
544
544
545
545
545
545
545
546
546
546
546
546
547
547
547
547
548
548
548
549
549
549
549
549
550
550
550
550
552
552
552
552
552
552
552
553
553
553
554
554
554
555
555
555
555
555
556
556
556
557
557
557
557
557
557
557
558
558
558
558
558
558
559
560
560
560
560
560
560
562
562
562
563
563
563
563
563
563
563
563
563
564
564
564
565
565
565
565
565
566
566
566
567
567
568
568
569
569
569
569
569
569
569
570
570
570
570
570
570
570
570
571
571
571
571
572
572
573
574
574
575
575
575
575
576
576
576
576
577
577
577
577
579
579
579
579
579
579
580
580
581
581
581
582
582
582
582
582
583
583
583
583
583
583
584
584
584
585
585
585
585
585
585
585
585
586
588
588
588
589
589
589
589
589
590
590
590
590
591
591
591
591
591
591
591
591
592
592
592
592
592
592
592
592
593
593
593
593
594
594
594
594
594
595
596
596
596
596
596
597
597
597
597
598
598
598
599
599
600
600
600
600
601
601
601
601
601
601
602
602
603
603
603
603
603
603
604
604
604
605
605
605
605
605
605
606
606
606
606
606
606
607
607
607
608
608
608
608
609
609
609
609
609
610
610
610
610
611
611
611
611
612
612
613
613
613
613
614
614
614
615
615
615
615
616
616
616
616
617
617
617
617
618
618
618
618
618
619
619
619
619
620
620
620
620
621
621
622
622
622
622
622
623
624
624
624
624
624
625
625
626
626
626
626
626
626
627
627
627
627
627
627
628
628
628
628
628
628
628
629
629
629
629
629
630
630
630
631
631
631
632
632
632
632
633
633
633
633
633
633
634
634
635
635
636
636
636
636
637
637
637
637
638
638
639
639
640
640
641
641
641
641
641
641
642
642
642
642
642
643
643
643
644
644
644
644
644
645
645
645
645
645
645
647
647
648
648
648
648
649
649
649
650
650
650
650
651
651
652
652
652
652
653
653
653
654
654
654
654
654
654
654
655
655
655
655
656
656
656
657
657
657
658
659
659
660
660
661
661
661
661
661
662
662
662
662
663
663
664
664
664
664
665
665
665
665
665
666
666
666
666
667
668
668
668
669
670
670
671
671
671
671
672
672
672
673
673
673
673
673
674
674
675
675
675
675
676
676
677
677
678
678
678
678
678
679
679
680
680
680
680
681
681
681
681
682
682
682
683
683
684
684
684
684
685
686
686
686
686
687
689
689
691
691
691
691
691
691
692
692
692
692
693
694
695
695
696
696
697
697
697
698
698
699
699
700
701
701
701
701
701
702
702
703
703
703
703
704
704
705
705
705
705
705
706
706
706
707
707
708
708
708
709
709
710
710
710
710
710
712
712
712
712
713
713
713
713
713
714
714
714
714
714
715
716
716
717
718
718
718
718
719
719
719
719
719
719
720
721
721
721
722
722
722
722
723
724
724
724
725
725
726
726
726
726
727
727
727
728
729
729
730
730
730
731
731
731
732
732
732
732
733
733
734
735
735
736
736
736
736
736
736
737
737
738
738
738
739
740
741
742
742
743
744
745
745
745
745
746
746
746
747
747
747
748
748
748
748
749
749
749
750
750
751
751
751
752
752
753
753
753
753
754
755
755
755
755
756
756
756
758
758
758
759
759
759
759
759
760
760
761
762
763
763
763
763
763
763
765
765
766
766
766
766
767
767
767
768
768
768
769
769
769
769
770
770
770
771
771
771
771
772
772
773
773
773
773
774
774
774
774
775
775
775
775
775
775
776
777
777
778
778
778
779
780
781
781
781
781
782
782
782
782
783
783
783
784
784
785
785
785
786
786
787
787
788
789
790
791
791
792
792
792
793
793
793
793
794
794
794
794
794
794
795
795
796
796
797
797
797
798
799
799
800
800
800
800
801
801
802
802
803
803
803
804
804
804
804
805
805
805
806
807
807
807
807
808
808
808
809
809
810
810
811
811
812
813
813
813
813
813
814
814
815
815
815
816
816
816
818
818
818
819
820
821
822
822
822
822
822
823
823
823
824
824
824
824
825
825
825
825
825
826
826
827
827
827
827
827
828
829
830
830
830
830
833
834
836
836
837
837
838
838
839
840
840
840
840
840
842
843
843
844
844
844
844
845
845
845
846
846
846
847
847
848
848
849
849
850
850
850
850
851
852
852
852
853
854
854
854
855
855
855
856
856
856
857
857
857
858
858
859
859
860
860
860
860
862
863
863
864
864
864
864
865
866
867
867
867
868
868
869
870
870
870
870
872
873
873
874
874
875
875
875
875
876
876
877
877
878
879
879
879
880
881
881
882
883
884
884
884
884
885
885
886
886
887
887
887
887
887
887
887
888
888
888
889
889
889
890
890
891
891
892
892
892
893
893
894
895
895
895
896
896
898
898
899
899
899
899
899
899
900
900
900
900
900
900
900
901
901
901
902
902
903
904
905
905
906
906
906
907
907
907
909
909
910
910
911
911
911
911
911
912
912
912
913
913
913
914
915
915
915
915
916
916
916
916
916
917
917
917
917
917
917
918
918
918
918
918
919
919
919
919
919
919
919
921
922
922
923
923
923
924
924
925
926
926
926
927
927
927
927
927
927
927
928
928
928
928
929
930
931
932
934
934
935
936
936
936
937
937
937
937
937
938
939
939
939
940
940
940
940
941
941
941
941
941
942
942
942
943
944
945
946
946
947
948
949
949
949
949
949
950
952
952
952
952
952
952
953
953
953
954
954
954
954
954
955
956
957
957
957
957
957
958
959
959
960
960
960
961
961
961
961
961
961
962
962
963
964
964
964
964
965
965
966
967
968
968
968
968
970
970
971
971
971
971
971
972
972
972
972
973
973
973
973
973
974
974
974
975
975
975
976
976
976
976
976
977
978
978
979
979
979
979
980
980
980
980
981
981
981
981
982
982
982
982
983
983
983
984
985
985
986
986
986
986
986
986
987
987
987
988
988
988
988
988
989
989
989
990
990
990
990
991
991
991
991
991
991
992
992
993
993
993
994
996
996
996
997
998
998
998
998
999
999
1000
1002
1002
1002
1003
1003
1004
1004
1005
1005
1005
1006
1006
1007
1008
1008
1009
1010
1010
1010
1010
1011
1011
1011
1012
1012
1012
1012
1012
1012
1013
1013
1014
1014
1014
1014
1015
1015
1016
1016
1016
1017
1017
1017
1017
1019
1019
1020
1020
1021
1022
1025
1025
1025
1025
1025
1026
1026
1026
1027
1027
1028
1028
1028
1028
1028
1028
1029
1029
1029
1030
1030
1030
1030
1031
1031
1031
1032
1032
1032
1032
1032
1032
1033
1033
1034
1034
1034
1035
1036
1036
1036
1037
1037
1038
1038
1038
1038
1039
1039
1039
1040
1040
1040
1042
1042
1042
1042
1044
1044
1044
1045
1045
1045
1046
1046
1046
1047
1048
1048
1048
1049
1049
1049
1049
1050
1050
1050
1051
1051
1051
1051
1052
1052
1052
1053
1053
1053
1054
1054
1054
1055
1056
1056
1057
1057
1057
1058
1058
1059
1059
1059
1060
1060
1060
1061
1061
1063
1064
1064
1064
1064
1065
1065
1065
1066
1066
1068
1068
1068
1069
1070
1070
1071
1071
1071
1072
1072
1073
1073
1073
1074
1074
1074
1074
1074
1075
1076
1076
1077
1078
1079
1080
1081
1082
1082
1082
1082
1084
1085
1085
1085
1086
1087
1087
1088
1089
1089
1090
1091
1091
1091
1092
1092
1092
1092
1093
1093
1093
1093
1093
1094
1094
1094
1094
1095
1095
1096
1096
1096
1096
1096
1096
1097
1097
1097
1098
1098
1098
1098
1098
1098
1098
1098
1100
1100
1101
1101
1102
1103
1104
1105
1105
1105
1106
1106
1106
1107
1108
1108
1108
1108
1108
1109
1111
1112
1113
1114
1114
1114
1114
1115
1115
1115
1115
1115
1116
1116
1117
1117
1117
1118
1119
1120
1120
1121
1122
1124
1124
1124
1124
1125
1126
1126
1126
1126
1127
1127
1128
1129
1129
1129
1130
1130
1130
1131
1131
1131
1131
1131
1131
1134
1136
1136
1137
1137
1138
1138
1139
1139
1140
1140
1141
1141
1141
1141
1142
1143
1145
1145
1145
1146
1148
1148
1148
1148
1149
1149
1150
1151
1151
1151
1152
1152
1154
1156
1156
1156
1156
1157
1159
1160
1161
1161
1161
1162
1163
1163
1163
1163
1164
1164
1164
1164
1165
1165
1166
1166
1167
1167
1168
1169
1169
1169
1170
1170
1170
1170
1170
1170
1171
1171
1172
1172
1173
1174
1174
1175
1175
1175
1176
1176
1176
1176
1176
1176
1178
1178
1178
1178
1179
1179
1179
1180
1180
1180
1181
1182
1183
1183
1183
1185
1185
1186
1186
1186
1188
1188
1188
1189
1190
1191
1191
1192
1192
1192
1193
1193
1193
1194
1194
1195
1195
1196
1197
1197
1198
1199
1199
1199
1200
1200
1200
1201
1201
1201
1201
1202
1203
1204
1204
1204
1205
1205
1206
1206
1206
1207
1207
1207
1208
1209
1209
1210
1210
1210
1210
1211
1212
1213
1213
1213
1214
1214
1214
1215
1216
1216
1218
1219
1220
1220
1220
1220
1221
1221
1222
1226
1227
1227
1227
1228
1228
1228
1229
1229
1231
1231
1232
1234
1234
1234
1234
1236
1237
1237
1237
1238
1239
1240
1242
1242
1243
1243
1243
1244
1244
1244
1244
1245
1246
1246
1247
1248
1248
1249
1249
1250
1251
1252
1252
1252
1252
1253
1253
1253
1253
1254
1254
1254
1254
1255
1256
1256
1257
1257
1257
1257
1257
1259
1259
1259
1259
1259
1261
1262
1262
1263
1263
1263
1263
1264
1265
1265
1266
1266
1267
1267
1267
1267
1267
1267
1267
1268
1268
1269
1270
1270
1270
1270
1271
1271
1271
1272
1272
1274
1274
1274
1275
1275
1277
1278
1278
1278
1278
1278
1279
1281
1281
1281
1282
1282
1283
1286
1287
1288
1288
1289
1290
1290
1290
1291
1293
1293
1294
1294
1295
1295
1296
1297
1297
1298
1300
1301
1302
1302
1302
1303
1303
1303
1303
1304
1304
1304
1306
1306
1307
1308
1309
1309
1309
1309
1310
1310
1310
1310
1311
1311
1311
1311
1311
1311
1312
1314
1314
1314
1316
1316
1316
1317
1318
1319
1319
1319
1320
1321
1322
1322
1322
1322
1324
1324
1324
1325
1325
1325
1326
1327
1327
1328
1328
1328
1330
1331
1333
1334
1334
1335
1335
1336
1336
1337
1337
1338
1339
1339
1339
1339
1340
1341
1343
1343
1343
1343
1344
1344
1345
1345
1346
1346
1347
1347
1347
1349
1350
1350
1351
1351
1352
1353
1353
1355
1355
1356
1357
1357
1357
1357
1358
1358
1359
1360
1360
1362
1363
1363
1363
1363
1364
1365
1366
1366
1368
1368
1368
1369
1369
1370
1372
1373
1375
1378
1379
1379
1380
1380
1381
1381
1382
1382
1382
1386
1386
1387
1388
1388
1388
1391
1391
1393
1394
1394
1394
1395
1396
1396
1397
1398
1400
1400
1402
1402
1403
1403
1403
1405
1405
1406
1406
1407
1407
1407
1409
1409
1409
1410
1411
1413
1413
1414
1414
1414
1415
1416
1416
1417
1418
1418
1418
1419
1419
1420
1421
1422
1422
1423
1423
1425
1426
1426
1429
1430
1432
1432
1433
1433
1433
1434
1434
1435
1436
1436
1436
1438
1438
1439
1442
1443
1443
1444
1446
1446
1447
1447
1448
1449
1449
1450
1451
1452
1452
1452
1452
1453
1453
1455
1455
1456
1457
1458
1458
1459
1460
1462
1462
1463
1466
1466
1468
1468
1468
1468
1469
1470
1471
1471
1472
1472
1473
1474
1474
1475
1476
1476
1478
1479
1479
1480
1480
1480
1480
1481
1482
1482
1482
1484
1486
1486
1487
1487
1488
1488
1489
1491
1495
1495
1496
1497
1497
1498
1498
1499
1499
1499
1499
1499
1502
1502
1503
1504
1504
1504
1504
1506
1508
1508
1510
1510
1512
1512
1512
1513
1516
1517
1517
1519
1520
1520
1521
1522
1523
1523
1523
1523
1524
1525
1525
1526
1527
1528
1528
1529
1530
1531
1531
1532
1532
1532
1534
1534
1535
1535
1536
1537
1537
1537
1539
1543
1543
1544
1544
1544
1544
1545
1546
1546
1546
1546
1547
1547
1547
1549
1549
1549
1550
1552
1552
1553
1554
1554
1554
1554
1555
1556
1556
1559
1560
1560
1561
1563
1564
1565
1566
1566
1567
1567
1568
1568
1570
1572
1574
1574
1575
1576
1576
1577
1579
1580
1581
1581
1582
1582
1582
1582
1582
1583
1586
1586
1586
1588
1588
1589
1591
1592
1598
1598
1598
1599
1599
1600
1602
1602
1603
1603
1603
1604
1604
1607
1607
1608
1609
1609
1610
1612
1613
1613
1613
1614
1614
1615
1615
1615
1616
1616
1617
1618
1618
1618
1618
1620
1620
1622
1622
1624
1624
1625
1628
1629
1629
1633
1634
1634
1639
1639
1640
1641
1641
1642
1644
1645
1646
1647
1648
1648
1650
1650
1651
1652
1653
1653
1654
1654
1654
1655
1656
1656
1656
1657
1659
1659
1661
1661
1662
1662
1663
1664
1665
1668
1668
1668
1669
1670
1671
1671
1673
1673
1673
1674
1675
1676
1677
1677
1678
1679
1680
1681
1682
1683
1684
1684
1685
1686
1687
1688
1690
1691
1692
1692
1693
1696
1696
1697
1698
1699
1700
1702
1702
1702
1703
1703
1704
1704
1705
1707
1708
1708
1711
1712
1716
1717
1718
1719
1721
1722
1722
1723
1724
1726
1726
1727
1727
1729
1729
1729
1730
1731
1731
1732
1732
1732
1733
1734
1734
1735
1735
1740
1740
1741
1741
1743
1743
1743
1743
1744
1745
1746
1746
1746
1747
1749
1750
1751
1752
1752
1753
1755
1755
1755
1756
1756
1757
1758
1758
1758
1758
1759
1760
1760
1761
1762
1763
1763
1763
1763
1764
1765
1768
1768
1768
1769
1769
1771
1771
1772
1774
1774
1774
1775
1777
1777
1778
1778
1779
1780
1786
1786
1788
1788
1789
1790
1792
1795
1795
1795
1796
1796
1798
1798
1800
1800
1801
1801
1802
1803
1803
1804
1804
1804
1804
1806
1807
1809
1809
1809
1810
1811
1811
1814
1814
1814
1816
1816
1818
1819
1820
1820
1820
1822
1823
1825
1826
1826
1826
1827
1827
1828
1829
1829
1829
1830
1830
1830
1831
1832
1832
1833
1833
1836
1836
1837
1839
1839
1839
1839
1839
1840
1840
1842
1842
1843
1844
1846
1846
1848
1848
1848
1849
1849
1850
1850
1851
1851
1851
1852
1854
1855
1856
1856
1857
1861
1861
1861
1862
1862
1863
1863
1864
1864
1865
1866
1866
1866
1867
1867
1867
1868
1869
1871
1871
1872
1873
1875
1875
1877
1878
1879
1879
1882
1883
1884
1884
1886
1886
1886
1887
1887
1887
1888
1889
1890
1890
1890
1890
1891
1892
1893
1895
1895
1895
1897
1897
1898
1898
1898
1898
1899
1899
1900
1900
1901
1902
1904
1905
1907
1907
1907
1908
1908
1909
1909
1909
1909
1910
1910
1911
1911
1912
1912
1912
1913
1913
1914
1914
1914
1914
1914
1915
1915
1915
1915
1916
1917
1918
1918
1918
1918
1919
1919
1919
1920
1920
1922
1922
1923
1923
1923
1924
1924
1925
1925
1925
1925
1926
1927
1928
1928
1928
1929
1929
1930
1930
1931
1931
1932
1933
1933
1933
1933
1933
1934
1934
1934
1935
1935
1936
1936
1936
1937
1937
1937
1937
1938
1938
1939
1940
1940
1941
1941
1942
1942
1942
1943
1943
1943
1944
1946
1946
1946
1947
1948
1949
1950
1951
1951
1951
1952
1953
1954
1957
1958
1959
1959
1960
1961
1962
1963
1963
1964
1967
1970
1972
1973
1974
1974
1975
1975
1976
1978
1978
1979
1979
1979
1982
1982
1985
1986
1987
1988
1990
1991
1993
1994
1999
2007
2008
2024
2039
2163
2232
2390
2424
2436
2471
2774
2830
3007
3238
3261
3343
3558
3776
3806
