# Primero viene la cantidad (n) de timestamps para ambos, luego n líneas que son un timestamp aproximado cada uno separado por una coma (',') del error, y luego n lineas de las transacciones del sospechoso
100
300,28
642,68
566,27
171,21
938,26
808,53
697,50
788,90
124,60
305,68
991,50
316,94
523,72
736,57
219,89
255,54
430,59
869,94
310,96
778,27
785,73
945,20
704,79
236,10
796,15
602,73
807,74
723,38
884,28
426,20
957,46
867,96
945,69
275,76
302,54
595,21
580,26
924,93
336,12
608,47
999,33
775,79
662,15
466,20
764,57
542,33
267,96
652,14
859,40
396,85
283,11
834,91
346,24
864,83
910,84
625,68
844,94
653,40
779,22
358,40
297,39
266,36
282,88
631,52
732,81
667,95
558,87
660,78
625,60
874,69
615,28
488,25
323,74
643,47
154,98
725,34
973,98
387,68
470,65
540,70
431,34
883,71
150,80
599,48
434,35
869,100
283,41
826,52
739,35
867,63
898,47
778,85
619,90
269,50
756,28
163,68
246,18
693,20
556,28
248,98
79
138
152
157
187
221
227
233
245
251
256
261
268
272
274
283
295
298
300
308
318
323
325
329
334
335
345
368
404
407
407
413
439
443
459
485
514
533
557
566
581
586
589
591
593
608
608
614
622
629
632
634
643
656
657
667
674
691
692
693
702
708
710
722
722
729
740
742
763
763
774
776
776
787
789
799
801
807
811
814
819
821
851
856
862
871
873
875
894
895
904
928
938
955
956
958
962
965
990
1052
