# Primero viene la cantidad (n) de timestamps para ambos, luego n líneas que son un timestamp aproximado cada uno separado por una coma (',') del error, y luego n lineas de las transacciones del sospechoso
100
499,27
596,65
139,55
960,80
928,51
600,15
652,80
626,32
757,30
321,90
303,54
949,33
806,71
855,26
525,20
591,91
926,70
153,20
984,74
404,57
735,45
783,68
534,82
216,92
517,29
966,51
535,90
439,92
859,88
938,13
787,68
255,67
341,64
972,39
946,25
115,94
332,28
634,28
112,51
726,37
629,15
675,81
684,33
573,47
175,28
523,28
885,82
974,92
947,88
151,87
910,13
707,14
492,82
935,81
458,42
240,81
714,46
844,83
538,46
350,31
178,12
959,29
732,36
983,40
560,59
282,34
825,20
259,86
147,90
273,88
539,97
732,72
499,11
463,37
819,53
568,54
366,92
330,89
840,68
217,33
733,51
873,62
481,91
832,36
142,25
527,74
751,23
650,40
552,14
371,100
227,74
755,58
961,38
448,56
762,63
766,47
792,78
902,73
948,39
785,13
3
5
27
37
39
47
52
54
57
58
85
87
91
94
98
108
110
112
127
129
132
139
156
213
244
245
248
287
287
315
316
335
347
377
378
387
393
413
459
465
465
469
483
510
520
556
564
568
575
623
651
657
688
718
723
751
751
755
762
803
813
817
822
856
872
872
872
888
899
908
943
947
954
974
978
992
1036
1066
1072
1073
1087
1094
1121
1131
1158
1194
1202
1221
1252
1255
1284
1292
1348
1359
1365
1374
1380
1391
1393
1397
