# Primero viene la cantidad (n) de timestamps para ambos, luego n líneas que son un timestamp aproximado cada uno separado por una coma (',') del error, y luego n lineas de las transacciones del sospechoso
1000
494,43
879,11
279,59
630,39
360,22
956,30
393,18
230,94
684,98
838,16
917,11
176,33
134,94
418,68
105,84
102,51
331,58
434,32
854,25
175,17
466,25
601,49
270,98
134,98
231,11
496,87
493,52
371,75
910,98
880,25
223,41
774,90
263,79
408,42
450,43
262,94
857,81
827,100
184,30
608,28
411,44
915,82
407,69
681,80
316,73
555,18
442,52
568,57
763,93
745,83
716,97
178,86
851,31
494,14
674,14
749,35
500,63
996,72
550,67
920,16
287,83
634,93
848,80
555,27
803,52
412,39
291,61
224,95
751,41
393,90
991,71
435,23
165,23
125,83
736,60
335,56
456,40
702,41
656,69
772,25
974,96
182,17
743,64
338,28
222,24
153,82
296,15
559,32
918,53
601,45
172,93
208,33
304,22
110,57
893,20
828,49
982,56
319,17
960,21
299,38
306,38
316,55
961,10
606,17
868,70
422,31
743,90
860,80
420,54
982,54
207,53
782,97
356,22
139,89
277,73
938,29
331,21
647,33
892,60
856,68
980,40
926,20
637,95
624,70
515,94
848,96
910,50
662,79
621,70
435,26
431,30
786,20
552,91
787,52
960,66
826,75
312,88
585,38
691,76
525,60
741,43
454,44
955,70
106,39
724,76
357,74
321,58
860,80
287,99
261,99
584,21
246,65
438,14
445,10
332,75
731,41
232,88
124,74
985,86
657,19
548,84
136,37
877,70
171,61
936,96
425,10
111,83
285,85
848,100
316,24
318,100
785,77
706,96
963,100
476,18
140,14
672,76
616,67
365,57
792,42
327,41
157,15
540,17
782,10
933,85
945,16
313,57
750,53
156,75
122,12
980,93
405,48
646,39
403,82
763,17
758,27
872,27
521,59
855,40
482,14
147,72
508,46
204,24
392,34
648,10
392,54
309,91
675,91
893,69
807,33
260,45
366,67
201,28
842,84
523,40
118,47
485,93
348,49
279,25
176,80
226,16
767,82
437,92
973,63
490,39
663,95
929,54
271,23
279,27
168,63
500,17
175,16
499,70
608,63
750,31
348,83
814,86
890,34
324,41
809,54
270,44
467,51
680,89
704,73
659,34
955,16
610,92
871,86
599,32
245,71
736,89
869,25
179,37
768,78
715,57
560,21
424,92
767,41
969,41
569,90
536,21
946,94
124,45
898,38
146,36
421,51
119,79
452,80
497,74
797,72
155,40
631,28
990,14
966,11
181,44
673,22
308,26
121,94
711,94
518,37
210,50
694,98
554,18
159,55
647,93
313,22
272,71
620,72
973,40
933,15
983,84
737,61
254,16
609,60
742,17
259,21
941,24
703,76
972,13
326,75
1000,40
486,30
861,70
912,15
821,37
489,35
701,58
605,99
959,81
171,58
324,93
137,99
265,19
751,35
968,68
332,35
951,25
858,38
149,37
474,70
644,50
733,23
538,15
862,99
116,66
290,87
684,47
939,77
233,82
993,61
358,76
385,69
550,58
552,94
133,83
466,12
449,93
799,64
587,78
309,49
785,78
483,49
374,59
770,51
968,71
512,35
842,89
138,89
956,12
335,26
763,86
677,73
728,92
983,21
611,47
923,34
947,56
495,77
853,34
831,79
100,65
662,45
547,35
707,58
423,76
291,99
541,98
853,25
652,29
515,64
869,28
123,30
754,69
945,100
114,20
674,91
673,27
153,14
299,17
970,33
492,76
104,51
441,23
260,65
196,36
451,52
436,97
291,79
710,86
862,90
273,43
829,66
525,58
557,99
475,74
161,25
703,36
922,39
406,31
555,70
451,67
288,39
738,38
912,60
165,22
368,97
245,46
229,54
569,40
452,10
726,14
383,58
495,44
233,13
556,45
228,67
126,77
177,65
269,40
810,33
361,100
959,62
982,37
146,22
710,12
172,65
864,53
529,89
704,92
500,22
429,23
792,86
359,54
239,78
485,78
506,33
612,34
876,95
787,50
376,86
615,55
210,33
569,65
148,45
108,75
873,45
236,63
354,44
303,87
567,53
385,73
879,42
536,25
770,22
211,87
247,48
945,81
146,66
287,39
535,67
486,53
492,20
937,84
229,65
663,17
331,15
689,37
584,17
621,98
103,27
430,69
268,14
608,83
439,18
632,57
269,29
447,62
870,77
143,85
686,70
444,87
587,52
269,73
451,51
434,81
765,53
727,53
671,23
796,43
653,95
781,24
407,65
180,73
549,94
469,62
514,36
496,41
126,13
527,67
365,29
636,30
959,36
552,82
834,35
335,55
817,10
333,91
722,94
914,64
671,86
129,35
544,18
741,85
340,36
591,17
377,69
991,84
935,48
983,83
627,89
929,10
574,27
455,44
550,28
772,10
734,41
576,85
363,92
733,69
114,49
465,75
973,45
878,62
220,96
575,29
412,20
863,94
826,78
742,42
540,59
644,63
703,75
321,15
665,72
979,39
932,95
327,90
271,30
947,35
913,38
139,70
384,99
481,64
610,39
497,71
337,90
166,36
909,79
730,89
218,57
315,31
382,67
332,95
231,51
148,62
967,55
149,31
175,14
649,55
677,79
625,36
740,13
740,12
652,34
886,25
851,87
464,22
811,22
103,31
486,58
147,97
554,43
849,54
511,24
536,83
857,65
553,64
838,83
826,41
182,37
783,40
947,80
970,57
408,85
594,15
778,54
567,90
688,85
261,56
833,40
631,29
117,33
183,62
414,40
551,25
809,30
447,39
938,79
505,29
981,43
249,73
216,22
790,95
447,86
407,61
918,69
301,18
467,95
704,14
535,48
367,100
260,16
445,62
987,65
696,25
229,93
177,23
348,18
757,25
469,17
263,84
662,82
336,79
953,72
476,65
188,81
228,45
116,84
620,88
870,48
692,92
816,67
964,77
306,68
550,56
544,53
968,96
816,50
580,53
937,36
963,12
153,27
259,61
597,58
843,21
538,88
924,64
400,10
983,17
937,60
212,97
416,21
394,45
215,54
640,59
571,39
207,89
633,69
477,100
524,84
993,94
155,46
748,38
787,59
468,74
640,51
815,33
854,30
723,85
819,45
909,70
186,54
363,19
643,28
144,39
733,78
574,85
414,20
199,21
298,23
914,11
517,94
891,87
495,45
469,81
964,11
347,12
690,29
777,10
905,10
391,23
117,17
391,55
576,90
323,51
610,34
174,86
437,83
448,78
306,51
165,62
212,43
355,33
314,52
179,100
130,14
512,42
234,14
798,53
786,57
412,66
188,71
558,10
887,30
522,36
785,58
759,29
460,54
188,63
427,31
449,50
814,17
129,53
451,42
372,22
181,100
861,27
672,65
625,33
584,29
202,64
257,27
357,21
863,70
309,89
175,33
120,96
621,21
168,17
960,58
741,11
952,51
915,63
987,37
131,11
826,49
447,80
711,72
652,56
328,54
120,86
235,35
327,43
451,47
620,47
116,96
873,96
751,76
167,59
710,14
959,100
136,31
442,90
189,73
582,13
363,20
620,31
470,22
759,76
879,15
628,15
645,97
486,30
609,10
847,85
979,37
270,12
758,50
678,22
971,70
410,16
716,87
659,31
243,53
157,37
631,99
119,21
927,54
938,98
857,49
876,46
609,48
361,98
787,20
527,31
717,73
315,92
139,88
199,19
424,27
260,89
795,88
824,47
490,80
773,98
548,65
171,14
798,53
808,62
615,54
584,21
301,44
743,31
775,18
113,53
360,69
911,36
430,16
176,87
976,94
249,78
285,50
512,76
817,58
777,36
353,45
216,44
517,79
657,41
629,93
577,48
738,10
112,70
1000,63
538,90
381,61
194,48
535,13
173,95
967,49
850,85
162,28
908,76
302,57
525,66
382,45
490,51
304,85
590,91
625,93
232,33
600,91
962,42
858,96
216,67
926,57
204,63
575,87
239,99
487,96
610,44
952,52
719,49
999,34
134,65
504,90
777,33
526,15
325,23
571,16
720,100
176,22
416,19
803,99
432,99
621,75
830,50
352,61
861,100
169,96
757,12
389,47
713,60
623,80
964,52
338,36
482,70
341,97
238,91
737,12
154,19
498,52
377,84
195,21
584,93
410,66
868,69
224,60
613,24
903,27
590,34
437,61
413,95
126,42
288,51
704,36
132,44
987,90
853,90
611,80
872,22
842,43
119,80
778,70
645,24
145,36
958,60
934,66
230,43
676,36
133,42
682,43
932,19
397,38
934,14
460,37
813,37
729,88
638,47
689,62
822,94
110,49
281,24
210,41
571,63
439,32
513,52
940,74
196,69
634,82
267,60
666,53
801,66
737,53
213,28
748,70
109,28
411,46
867,64
452,71
798,69
433,23
605,63
991,45
124,55
170,29
854,85
957,13
896,56
748,60
284,99
318,98
588,76
690,56
246,89
900,74
334,52
121,11
815,99
581,34
325,27
617,35
698,51
884,75
316,30
145,18
977,11
570,74
201,90
388,35
135,100
950,79
252,81
200,92
827,88
391,31
974,86
689,16
875,53
604,55
3
3
3
4
4
6
6
7
7
9
9
9
9
10
11
11
11
12
12
13
14
16
16
16
17
17
18
18
19
19
19
19
19
21
21
21
22
22
22
24
25
25
25
26
26
27
27
27
27
27
27
28
28
29
30
30
32
33
34
35
35
35
36
36
37
37
38
38
38
38
38
39
39
41
42
42
43
44
45
46
46
47
49
50
50
50
50
51
51
52
52
52
52
52
53
53
54
54
55
55
55
56
57
58
58
58
58
59
59
60
61
62
62
62
63
64
65
65
66
68
68
70
71
74
75
75
76
76
76
77
77
77
77
78
78
81
81
81
81
82
82
82
86
86
86
86
88
88
89
91
93
94
94
94
94
94
96
98
99
100
100
105
108
108
109
109
110
114
115
115
115
116
116
116
116
116
117
117
120
121
121
121
121
122
123
124
125
126
128
128
129
129
129
130
132
132
133
133
134
135
136
136
137
139
141
143
144
145
146
147
148
149
150
152
152
153
153
154
154
156
157
158
158
158
159
164
165
167
168
168
170
171
173
177
179
180
181
181
182
183
184
185
188
190
190
190
190
193
193
194
196
196
196
197
199
201
203
203
206
207
209
211
213
215
216
217
217
217
218
218
219
223
223
223
224
225
229
229
231
232
235
235
241
242
242
243
244
249
250
253
255
256
259
262
263
264
267
267
267
267
268
268
272
272
275
276
277
277
278
279
279
279
280
281
281
282
283
284
285
289
290
291
293
294
296
297
299
299
299
300
302
305
305
307
308
309
309
310
311
312
313
314
314
319
322
324
326
327
328
331
331
333
334
336
337
339
339
341
343
344
344
345
345
347
348
350
351
351
351
352
352
353
354
355
356
357
360
360
361
361
367
371
372
374
374
375
376
376
378
379
380
383
390
393
393
395
395
396
398
399
399
402
406
418
421
422
428
430
432
432
434
434
435
436
440
441
443
443
443
444
456
458
459
460
462
466
466
468
468
468
472
473
476
476
483
484
488
488
490
493
494
494
496
499
502
503
506
509
512
513
514
516
516
517
521
522
522
523
529
533
534
536
536
536
536
537
541
545
546
547
549
554
555
556
560
561
562
571
572
576
578
579
579
581
582
582
586
587
588
589
590
591
599
599
601
602
602
603
604
605
606
607
608
616
623
624
624
625
625
634
634
635
635
640
642
648
648
649
650
650
656
658
658
661
661
663
663
666
667
667
671
672
673
676
677
678
680
680
681
683
684
685
687
688
689
690
692
693
693
700
701
701
703
707
707
710
710
715
718
718
719
720
727
730
732
733
734
734
737
741
742
742
743
743
746
747
748
750
751
751
755
756
756
757
757
758
761
761
763
765
765
771
771
771
772
773
777
777
779
784
786
788
788
790
791
792
796
797
798
800
804
807
811
812
814
815
815
816
817
817
818
820
820
825
825
826
826
826
827
829
831
831
832
836
846
848
851
852
854
854
855
856
856
857
860
861
862
862
862
870
872
877
879
880
882
882
884
888
889
892
894
897
898
898
904
906
906
908
908
910
911
914
915
916
917
917
919
926
932
935
935
937
937
938
938
939
939
940
940
943
943
946
947
947
948
949
952
952
953
954
957
958
960
961
961
961
962
962
963
964
966
967
968
970
970
970
971
973
974
976
977
979
982
983
983
985
990
990
991
992
995
998
999
1000
1000
1001
1002
1002
1003
1003
1005
1007
1008
1008
1009
1010
1010
1011
1013
1016
1019
1021
1023
1023
1028
1029
1032
1033
1033
1036
1042
1050
1051
1051
1052
1052
1055
1056
1062
1063
1063
1064
1064
1064
1065
1065
1067
1069
1070
1071
1072
1077
1079
1080
1080
1082
1082
1083
1085
1085
1086
1089
1094
1095
1099
1102
1105
1108
1108
1108
1110
1111
1112
1113
1113
1114
1117
1118
1118
1120
1121
1121
1125
1125
1127
1129
1129
1133
1134
1134
1137
1139
1142
1147
1147
1147
1147
1150
1150
1155
1157
1157
1160
1161
1161
1161
1162
1167
1167
1171
1174
1174
1177
1178
1179
1180
1181
1181
1182
1183
1183
1185
1186
1186
1186
1186
1188
1189
1189
1190
1190
1191
1191
1193
1195
1197
1202
1203
1203
1204
1204
1207
1213
1214
1214
1216
1217
1218
1220
1224
1224
1225
1226
1226
1228
1228
1229
1230
1234
1234
1235
1237
1239
1240
1242
1244
1246
1248
1249
1251
1251
1253
1254
1255
1257
1259
1260
1261
1262
1264
1265
1266
1267
1268
1268
1270
1270
1271
1272
1274
1275
1275
1278
1279
1279
1282
1283
1286
1287
1287
1288
1288
1289
1291
1291
1292
1293
1293
1295
1297
1297
1298
1301
1301
1302
1303
1308
1309
1309
1309
1310
1315
1317
1318
1319
1319
1320
1323
1324
1325
1326
1327
1330
1330
1332
1333
1333
1333
1339
1340
1341
1342
1343
1343
1346
1348
1348
1349
1350
1352
1353
1363
1364
1367
1370
1372
1374
1376
1379
1382
1382
1383
1384
1391
1391
1393
1394
1395
1396
1397
