# Primero viene la cantidad (n) de timestamps para ambos, luego n líneas que son un timestamp aproximado cada uno separado por una coma (',') del error, y luego n lineas de las transacciones del sospechoso
1000
2167,135
930,54
1809,322
3472,152
1812,172
2799,97
1213,166
3123,456
1586,68
3004,373
3029,415
1065,303
4116,299
4538,286
3388,163
4051,118
1837,297
1596,58
995,143
619,290
938,330
1099,175
3228,376
926,365
4335,184
2019,118
3456,286
1668,444
2315,430
4147,235
2066,162
1013,472
855,447
4214,173
1487,195
1607,348
3608,393
3752,82
1071,58
3524,483
2056,410
4583,205
3679,226
4139,322
1236,157
2357,160
2621,308
2686,87
544,477
1826,195
3535,393
4028,317
4109,160
4293,269
4818,111
2797,398
2439,229
2713,429
2717,269
1294,409
1089,314
4594,334
4245,466
800,385
4489,382
2347,280
4155,422
3236,109
3153,153
590,255
3991,224
1746,429
769,161
4568,68
2957,354
2435,380
2466,98
4130,223
4001,374
1187,60
961,138
3861,382
1036,312
4196,328
3336,69
4193,197
727,470
4316,90
3481,154
2026,54
4196,439
3506,300
4315,348
1843,112
3665,280
2497,207
4208,224
733,467
890,472
4486,478
4730,216
3846,188
2433,249
1658,302
538,222
4651,432
1893,159
4314,203
894,173
3669,410
2786,420
837,449
4476,236
2214,313
2808,76
3803,269
3453,254
1563,120
1386,218
2463,435
1108,336
501,339
2625,189
3906,120
4003,464
3948,110
3154,58
2218,426
1505,50
1497,483
1293,375
3606,74
1927,359
987,177
2243,441
1366,273
3952,139
2248,459
4952,156
2613,424
580,83
2404,190
4678,287
4023,366
3794,309
1675,115
860,336
3174,369
4183,318
836,370
620,259
4156,415
2028,327
1463,150
1930,284
834,398
4371,143
1632,417
1397,345
3555,110
4077,407
1919,380
4285,154
3476,95
3391,60
1834,327
2846,448
1414,272
4173,389
3177,457
1053,378
1713,124
1841,222
1927,255
1721,471
4803,231
1915,304
3910,127
4276,270
3267,427
1498,246
861,184
2945,354
2795,307
4123,277
1537,319
2817,298
1915,87
4179,152
1233,272
524,64
3974,436
1065,330
522,328
1710,211
2888,442
971,261
2110,477
3615,454
3302,309
4833,158
1722,176
3038,430
3618,273
3068,337
2994,138
3377,451
888,191
1898,106
1969,320
1739,213
1851,290
4121,470
3819,478
4375,304
3673,384
3725,364
1979,185
854,284
4125,497
2355,451
3813,290
1067,460
3550,308
634,376
3773,353
2688,68
4555,175
2662,260
2268,286
2979,264
1406,474
4392,121
3684,384
4862,69
2768,408
4110,238
1780,237
814,69
2455,247
1481,326
3395,102
2058,118
1443,160
1265,96
3666,413
4083,344
3850,495
1189,172
4897,124
2811,81
4098,270
2538,188
3151,498
3218,430
1151,290
3994,232
1209,377
4621,406
3795,279
2887,236
1481,125
1351,206
3319,464
3949,119
2016,63
4262,226
4660,481
3647,177
3637,352
4028,122
1394,486
2585,407
1823,259
3710,382
1274,394
2605,279
1844,71
2119,485
975,165
3673,252
3316,72
3016,346
2352,259
3453,453
1999,499
610,344
3091,262
2025,225
2375,363
4960,282
2211,201
1255,95
1486,153
2880,341
673,95
4108,389
3375,216
1554,319
1448,471
688,465
3685,355
4357,447
3042,250
2134,397
2186,173
4754,495
2033,51
1132,401
1182,339
2283,289
2516,304
2896,438
2856,366
3373,240
2679,238
4505,152
2567,479
4797,434
1315,60
1821,300
4916,444
1072,493
1732,107
941,117
3609,335
1507,333
2867,422
1120,158
4207,442
4444,419
4963,393
2435,413
4167,235
4135,353
986,122
1416,377
2410,135
1571,142
4412,290
3165,260
1036,290
2575,97
1179,198
645,497
3759,228
3603,322
3727,208
4344,236
914,225
2191,496
3726,357
1731,76
1262,162
2969,284
2901,171
3207,462
2538,284
2105,462
3303,303
2594,459
3477,242
974,103
3701,229
1238,98
3490,138
4306,107
2456,356
2567,438
2501,294
1475,378
2398,366
3316,343
3576,458
1149,269
3182,162
2186,183
2277,371
4716,310
1257,152
3920,152
3721,454
3998,319
4223,466
3976,342
2865,97
1060,252
4884,77
3393,334
2481,75
739,97
4604,161
1158,435
2861,151
2497,108
2823,215
4653,63
4285,203
852,209
4352,118
2066,372
2078,114
4004,231
4078,174
591,364
1774,353
3225,285
3374,320
3583,188
3568,182
1293,63
3813,322
1199,217
2976,213
4736,174
1777,287
2393,483
599,193
3705,396
4879,376
2440,125
2539,64
1182,146
930,455
2763,150
816,459
1060,226
2366,253
890,253
904,395
4852,121
4143,236
2390,462
3515,419
3842,69
4575,370
2749,305
2512,467
2877,284
565,456
1270,199
3684,100
3568,105
821,498
1796,274
3724,479
3638,171
1491,345
1888,201
804,192
4218,264
4574,424
4136,99
916,174
2628,116
926,319
3444,190
626,281
2781,225
881,216
2351,487
4305,428
3044,472
4034,267
4797,396
1444,127
4157,279
588,364
1669,74
2947,382
2137,158
2892,280
4896,395
3953,329
769,454
4365,256
770,439
4117,298
1111,116
3902,367
4759,154
4011,214
4274,243
1997,319
985,73
2177,59
638,304
4772,402
797,284
4640,193
3674,461
1979,449
3580,64
1554,181
3847,97
4411,73
1368,142
1206,306
2465,253
4479,304
3725,109
4756,119
1022,290
4870,321
1533,377
1222,498
4025,211
4845,53
2989,245
4539,235
4759,427
1170,360
4558,102
3377,323
4173,289
1628,281
860,313
786,277
3431,123
3704,204
3217,279
909,215
4567,180
1882,224
2345,211
2736,362
1966,101
4181,168
4148,150
3454,146
1096,248
764,50
2818,132
3491,137
1704,422
740,71
2196,435
4408,345
770,478
3763,471
1899,368
2617,475
4293,421
1313,367
3866,328
4924,401
3327,272
3637,112
2130,115
4615,488
3882,219
1881,274
4537,138
3149,146
1072,334
883,126
1116,281
4255,290
4279,304
1795,331
1735,113
2592,160
1751,361
3871,82
1090,362
3636,328
4264,342
2721,104
1346,240
1106,74
4854,149
4574,465
2535,224
1169,396
844,236
2106,60
2457,309
791,91
2061,492
3189,499
1048,343
3274,319
3467,334
1419,74
2199,292
2560,483
924,336
1037,160
3146,175
4311,251
4187,198
2679,374
780,71
2722,427
4371,382
3279,415
2350,292
4670,465
4782,135
1898,343
1769,270
2002,280
3496,472
1433,140
916,440
1346,151
1772,72
4355,479
4902,206
4188,160
1642,306
3796,378
4140,310
3190,148
4633,385
627,380
4006,139
4758,66
2647,299
3042,344
3491,54
4672,56
528,105
4223,268
561,295
4162,476
3999,111
1678,488
1485,235
3029,346
1218,291
3377,297
2872,343
1041,454
3364,252
4114,378
4843,268
4088,476
3479,286
1784,274
1023,230
1571,418
4110,400
3723,315
4466,301
2528,167
3155,78
3249,295
4871,450
2287,90
3275,168
2156,58
1885,495
2082,154
1182,94
4741,221
4182,80
4210,178
1113,104
1308,406
1533,267
4646,61
4337,367
3095,151
2746,487
3172,432
1540,105
4609,412
4745,414
758,196
4291,81
3205,99
2882,234
3004,68
815,114
660,95
901,434
847,343
1336,275
3517,461
3321,278
2819,174
3839,218
3045,307
2699,90
3678,454
1710,128
4047,244
2163,296
901,261
1449,80
2308,185
4183,274
4098,391
3221,312
3310,422
1280,415
4521,432
3862,266
4199,68
1890,361
3226,251
518,481
657,480
4451,448
4299,141
1682,441
1864,355
1508,193
4774,374
1221,130
1242,473
2417,309
1146,480
4632,299
947,119
3491,104
562,145
2693,276
4068,282
4465,67
4245,337
4160,235
4677,445
4109,140
2226,464
1279,93
4847,178
3428,302
3352,284
1068,453
4446,310
3250,214
2625,425
4338,413
4429,135
771,120
2916,221
4228,158
4837,473
4046,55
2296,142
754,79
1753,189
1542,185
851,226
4765,80
3121,375
636,240
850,464
3561,427
2218,472
822,263
1465,206
1333,64
2116,365
1965,98
4621,482
4784,404
2577,121
3993,349
4892,124
2248,139
1200,139
4871,258
3779,410
3542,85
3209,88
1946,60
4674,143
1905,75
2063,247
539,405
3728,149
4025,383
4706,479
3418,162
4038,486
4054,162
4600,265
3354,348
1240,267
3384,446
3591,267
3537,391
2825,442
2174,312
2133,60
753,257
2553,299
4623,303
4977,449
3258,498
4681,478
2330,139
4158,146
751,236
1997,120
2003,140
980,450
4082,161
4735,266
1291,241
536,294
3131,432
3440,423
4172,454
1117,394
2244,160
4864,119
1517,140
1405,410
1326,77
3191,357
4807,276
4083,200
2236,281
1239,190
4028,201
1174,66
4607,473
3555,120
2706,485
1766,387
4762,56
4165,196
4282,124
2089,494
862,403
4536,147
1851,190
1104,119
1703,440
3588,471
3117,162
4857,301
2671,448
4335,350
4899,80
3226,324
3448,139
4914,197
1020,366
3634,374
2735,73
4204,463
4936,57
2332,447
2210,402
835,463
2387,455
1184,348
1979,151
4490,337
4846,312
983,209
596,153
525,301
3128,258
2030,191
2958,258
4651,243
4150,353
1990,500
2374,405
3938,166
2036,312
2990,51
1397,250
1769,435
2227,450
1678,67
1652,496
4290,488
4828,301
1388,481
1152,160
1554,415
2646,84
1314,298
1673,132
4627,461
4682,297
3250,337
2153,416
4253,468
2003,302
2197,290
2398,353
1855,55
2740,458
3202,181
3708,107
3402,150
779,398
939,187
1355,223
1195,64
926,338
1135,174
2691,93
3820,477
3800,462
4271,417
2044,189
3310,88
4228,441
4175,240
2035,305
2327,489
1004,375
3823,419
4031,448
3602,62
2114,315
1678,443
4866,213
1194,51
4203,357
765,291
4991,390
2482,489
2941,106
4901,406
907,303
3940,486
1115,177
2272,145
4091,357
2333,258
4867,60
2237,184
2365,339
2550,154
3911,274
843,74
1006,422
847,184
1361,460
1309,60
1975,435
4842,220
1241,182
4472,215
4943,284
2201,365
4243,330
1173,231
4848,340
4985,342
4355,314
2031,381
4867,219
4371,448
4558,275
2565,269
3157,281
3519,152
1923,297
1815,250
2539,224
949,407
1837,323
1991,68
2097,320
2449,123
3042,494
3461,277
4261,406
3077,70
1738,365
746,399
3465,467
4726,267
4521,253
3328,131
1262,191
2566,343
714,351
4604,123
4282,72
2726,155
1543,252
3705,260
3509,310
4340,429
1300,80
1769,150
3463,454
4077,156
1589,430
3548,237
4345,238
4386,495
3542,182
4027,337
1541,350
4293,84
3737,167
4178,439
216
250
303
344
374
384
397
418
427
453
458
459
464
477
509
554
556
568
569
572
581
586
592
595
600
601
602
607
622
643
644
644
659
669
672
679
682
684
686
687
687
687
700
711
712
714
716
719
723
731
732
743
746
752
754
757
767
770
774
789
793
797
801
803
805
805
809
816
820
822
830
845
848
850
855
860
869
871
875
875
876
876
880
887
895
895
901
903
910
913
915
918
930
937
945
951
952
954
954
959
960
964
968
970
972
977
991
991
994
995
996
1005
1006
1006
1007
1016
1018
1018
1019
1025
1030
1034
1036
1038
1038
1039
1039
1040
1041
1053
1070
1072
1072
1073
1075
1077
1082
1083
1084
1091
1093
1101
1104
1108
1115
1115
1120
1140
1142
1148
1149
1150
1151
1155
1157
1157
1161
1162
1165
1166
1172
1175
1175
1177
1180
1190
1191
1196
1198
1202
1203
1205
1209
1212
1213
1213
1225
1228
1235
1244
1258
1261
1262
1264
1265
1268
1269
1270
1273
1275
1278
1281
1283
1286
1292
1293
1293
1297
1298
1299
1305
1306
1312
1318
1321
1327
1334
1338
1348
1350
1354
1355
1362
1362
1368
1381
1387
1390
1391
1391
1392
1401
1406
1417
1419
1420
1426
1429
1430
1443
1445
1446
1447
1449
1463
1463
1478
1479
1480
1501
1506
1506
1507
1512
1524
1535
1538
1539
1546
1561
1562
1566
1567
1588
1591
1602
1602
1606
1610
1616
1626
1634
1636
1641
1642
1646
1648
1650
1650
1653
1660
1662
1679
1680
1684
1686
1690
1692
1693
1697
1698
1711
1712
1715
1716
1718
1718
1721
1722
1730
1736
1765
1765
1770
1797
1800
1801
1807
1819
1825
1830
1840
1843
1845
1847
1858
1862
1863
1863
1873
1880
1884
1889
1890
1891
1893
1904
1906
1906
1906
1907
1913
1920
1921
1930
1933
1933
1935
1935
1943
1950
1950
1955
1955
1959
1960
1961
1966
1968
1972
1979
1984
1986
1988
1997
2006
2007
2010
2015
2023
2030
2031
2032
2033
2037
2041
2048
2048
2049
2053
2056
2064
2067
2069
2071
2074
2078
2079
2080
2091
2097
2098
2101
2104
2127
2128
2139
2177
2180
2187
2188
2189
2191
2194
2199
2200
2219
2220
2221
2222
2222
2225
2230
2245
2246
2251
2253
2262
2267
2268
2273
2276
2296
2298
2299
2303
2306
2307
2308
2313
2322
2323
2324
2326
2328
2336
2338
2344
2350
2360
2364
2368
2371
2372
2392
2399
2416
2416
2426
2432
2432
2433
2443
2444
2453
2454
2458
2460
2466
2470
2472
2473
2473
2474
2484
2486
2494
2494
2498
2498
2504
2505
2507
2514
2519
2531
2535
2540
2542
2542
2542
2543
2557
2557
2557
2560
2566
2580
2582
2594
2597
2602
2605
2608
2624
2625
2630
2634
2637
2643
2648
2651
2660
2660
2680
2681
2689
2691
2703
2703
2705
2706
2707
2707
2707
2720
2723
2728
2732
2738
2739
2746
2752
2754
2758
2761
2766
2770
2777
2779
2779
2780
2780
2787
2809
2811
2819
2819
2832
2832
2837
2841
2850
2864
2874
2874
2875
2875
2879
2882
2885
2889
2898
2905
2917
2942
2942
2942
2946
2961
2968
2971
2982
2995
2998
3012
3039
3061
3079
3091
3093
3095
3098
3099
3101
3104
3116
3124
3126
3130
3131
3137
3141
3150
3152
3154
3158
3163
3170
3170
3171
3172
3174
3179
3187
3187
3211
3211
3212
3223
3234
3235
3238
3240
3244
3244
3248
3252
3254
3254
3254
3265
3267
3269
3275
3291
3304
3306
3318
3319
3320
3325
3328
3334
3343
3343
3343
3345
3349
3350
3351
3357
3359
3364
3366
3373
3387
3393
3395
3397
3397
3397
3401
3402
3404
3406
3407
3408
3412
3420
3423
3425
3427
3434
3439
3439
3448
3449
3457
3459
3459
3460
3462
3466
3476
3476
3482
3486
3491
3493
3494
3495
3499
3500
3506
3510
3515
3516
3524
3525
3534
3534
3537
3540
3540
3544
3546
3554
3554
3558
3559
3560
3562
3567
3575
3579
3595
3600
3604
3613
3615
3619
3627
3635
3647
3650
3652
3659
3663
3663
3667
3678
3681
3686
3696
3712
3713
3714
3718
3719
3721
3725
3726
3727
3729
3731
3737
3749
3755
3757
3757
3766
3775
3781
3788
3792
3794
3801
3801
3818
3819
3822
3824
3827
3833
3840
3854
3856
3857
3859
3864
3870
3876
3883
3891
3894
3895
3898
3901
3901
3907
3912
3915
3927
3929
3938
3942
3944
3946
3947
3955
3958
3967
3975
3976
3983
3985
3985
3997
3998
4004
4005
4006
4008
4010
4031
4032
4032
4035
4042
4044
4045
4049
4055
4066
4068
4069
4074
4082
4094
4096
4098
4109
4120
4123
4124
4125
4128
4130
4133
4139
4158
4161
4161
4162
4164
4166
4169
4172
4173
4173
4176
4178
4178
4179
4180
4181
4187
4195
4198
4198
4202
4204
4208
4210
4212
4212
4219
4219
4223
4226
4227
4229
4230
4235
4235
4239
4240
4246
4247
4248
4254
4255
4256
4258
4260
4263
4268
4271
4273
4275
4281
4290
4292
4296
4298
4299
4303
4306
4311
4311
4321
4323
4329
4331
4335
4341
4352
4353
4355
4363
4365
4375
4380
4384
4384
4389
4392
4402
4402
4408
4420
4424
4428
4433
4434
4435
4440
4443
4444
4454
4461
4464
4473
4473
4475
4482
4483
4484
4485
4488
4495
4508
4510
4512
4512
4514
4516
4523
4525
4526
4529
4535
4540
4541
4543
4548
4549
4551
4560
4568
4581
4587
4589
4592
4608
4610
4610
4613
4617
4620
4622
4630
4637
4639
4639
4641
4641
4644
4651
4671
4672
4675
4679
4682
4700
4703
4713
4716
4719
4720
4724
4731
4732
4745
4748
4773
4773
4790
4790
4790
4792
4797
4799
4800
4805
4807
4807
4808
4820
4823
4827
4828
4833
4835
4841
4844
4849
4882
4886
4910
4919
4919
4921
4921
4923
4929
4942
4949
4954
4955
4965
4973
4973
4975
4975
4981
5003
5015
5018
5028
5038
5057
5058
5067
5098
5099
5107
5120
5276
