# Primero viene la cantidad (n) de timestamps para ambos, luego n líneas que son un timestamp aproximado cada uno separado por una coma (',') del error, y luego n lineas de las transacciones del sospechoso
50
831,42
164,34
100,69
483,75
316,21
961,80
550,95
330,69
944,92
139,87
258,39
970,61
765,25
332,27
519,17
417,88
540,22
164,21
432,60
755,90
871,79
269,59
549,29
462,88
483,36
640,41
999,80
109,48
468,42
124,90
177,29
751,32
271,94
432,43
841,67
148,50
258,50
698,61
730,98
834,54
841,55
604,49
648,78
655,96
496,94
746,56
766,25
875,82
455,78
194,10
5
17
29
31
44
46
54
58
64
82
109
113
207
291
340
343
347
354
376
384
388
477
499
510
516
517
531
588
590
656
692
692
704
722
743
752
785
840
917
953
964
1030
1052
1069
1167
1178
1243
1257
1295
1354
