# Primero viene la cantidad (n) de timestamps para ambos, luego n líneas que son un timestamp aproximado cada uno separado por una coma (',') del error, y luego n lineas de las transacciones del sospechoso
500
617,48
851,76
195,96
804,97
761,76
847,26
162,70
790,52
617,57
683,87
914,96
134,55
630,28
858,29
599,98
269,46
271,88
103,31
201,66
626,33
435,16
213,46
353,100
251,29
500,86
610,58
689,85
669,26
242,15
808,47
210,65
839,80
800,83
269,54
799,60
137,31
803,46
502,85
250,90
116,64
762,95
465,93
246,37
503,19
775,34
214,82
392,24
224,36
409,89
560,36
976,18
614,98
543,64
153,19
804,74
160,96
414,74
670,91
266,81
247,63
996,57
199,37
919,80
344,11
469,18
639,43
219,68
345,31
480,84
399,95
623,98
481,92
640,45
430,91
597,83
138,44
922,78
179,52
446,65
249,74
596,26
355,59
494,58
590,39
251,55
272,31
224,16
508,36
670,40
778,24
795,15
828,60
354,30
612,53
911,22
123,20
527,49
214,33
261,72
538,73
308,92
292,11
404,23
533,26
938,30
402,31
427,10
225,51
149,21
335,92
948,14
172,53
415,57
912,48
910,80
310,96
836,23
438,57
571,34
867,29
898,81
162,65
266,55
728,97
322,76
852,50
762,27
158,25
699,27
279,98
739,49
976,33
304,11
143,26
328,50
421,81
997,18
392,40
672,75
630,17
477,91
623,83
953,87
185,27
517,39
977,71
831,66
524,18
413,39
371,77
739,67
571,97
829,91
732,84
276,98
245,49
152,20
156,91
740,14
765,87
785,33
529,60
412,76
807,85
527,36
595,82
101,69
919,36
852,93
471,54
210,44
867,38
182,66
821,78
366,13
644,98
473,90
432,61
132,89
357,99
415,62
587,74
271,23
685,59
842,22
642,63
305,58
711,43
387,81
737,27
298,17
733,13
522,45
585,82
602,73
217,83
772,43
231,77
658,57
140,90
653,45
577,100
479,74
622,50
290,64
323,39
697,89
236,38
416,65
346,47
546,44
664,14
880,37
230,72
473,51
528,57
740,27
341,54
863,60
527,28
412,46
352,35
552,15
420,63
820,48
749,23
351,42
471,77
983,19
435,73
675,49
127,66
783,32
188,77
431,87
398,52
393,53
284,19
963,37
712,71
792,55
773,19
204,23
838,47
386,53
811,56
957,31
519,95
830,78
689,10
970,51
389,44
470,61
145,68
351,44
572,48
862,71
809,75
159,78
573,49
408,55
642,47
118,57
843,87
289,44
206,62
244,99
950,43
718,15
259,50
792,61
763,79
313,39
748,47
581,47
576,46
366,12
883,20
413,85
314,59
545,13
508,71
202,70
903,13
665,68
584,74
170,25
451,71
637,84
578,56
522,55
672,64
682,42
868,39
115,18
376,90
947,84
870,78
755,98
464,50
728,91
184,10
657,96
248,17
211,13
931,44
978,59
675,27
703,77
293,36
189,53
665,87
783,72
627,97
221,92
983,71
817,34
226,88
179,19
668,70
632,33
968,30
632,79
606,89
514,46
936,53
517,59
341,60
951,26
476,74
188,58
492,53
454,14
493,33
510,58
503,57
933,59
992,39
161,29
874,58
641,76
237,69
639,84
597,88
695,75
693,46
647,37
244,25
729,67
867,82
698,54
469,95
937,33
121,39
129,22
536,89
935,14
791,25
832,13
147,53
518,32
729,55
672,86
663,83
772,59
745,23
280,13
695,20
142,34
164,10
655,57
980,19
129,96
300,84
661,57
212,10
243,26
862,54
947,81
206,68
917,11
423,78
721,77
824,68
289,51
117,29
624,75
801,70
339,47
142,19
893,40
561,39
885,84
213,59
398,20
895,11
409,49
633,49
439,44
772,12
350,99
561,48
833,84
359,71
926,100
957,81
923,29
222,64
735,89
615,89
911,84
426,34
837,51
255,28
601,48
660,51
311,69
835,12
535,40
266,41
530,54
637,32
145,45
733,49
123,68
936,13
109,41
349,29
401,58
717,13
142,94
436,23
574,84
456,13
836,12
576,17
974,80
135,13
247,39
197,73
986,100
781,51
733,93
288,32
687,29
818,74
694,46
735,67
668,31
364,12
978,24
560,81
660,88
563,37
466,100
753,33
755,97
634,94
789,75
680,85
166,92
907,15
407,31
528,25
711,32
916,63
399,36
523,75
288,54
643,88
633,95
495,44
224,33
806,67
505,89
170,19
430,36
424,55
697,41
368,69
249,45
655,72
999,35
926,26
689,50
200,19
956,83
190,50
955,93
617,72
768,80
421,47
399,71
718,24
165,86
663,16
952,15
161,25
911,97
943,53
65
66
82
85
89
92
98
98
103
105
106
109
110
111
123
125
126
128
130
130
132
134
135
135
137
138
139
140
140
143
144
150
152
162
162
164
164
168
170
170
170
170
170
171
172
176
178
180
183
184
184
187
189
189
190
191
192
192
194
200
204
204
210
211
213
213
216
217
217
219
220
221
221
222
222
222
227
230
232
233
234
236
237
238
239
240
240
243
244
247
251
254
258
259
260
268
268
269
270
271
273
275
276
277
277
278
281
281
281
285
287
287
288
288
289
290
292
293
293
293
294
295
303
305
306
308
308
317
320
324
324
324
332
333
335
335
335
338
340
340
341
347
349
351
354
354
359
359
366
368
368
371
373
376
377
382
382
382
385
386
387
389
389
390
394
394
395
397
397
400
401
402
404
404
406
410
410
415
417
418
420
421
424
426
432
433
437
442
443
443
444
444
445
448
449
452
454
455
455
457
458
459
460
460
461
461
462
462
464
471
473
480
482
482
485
489
491
494
499
499
500
500
500
505
505
505
506
507
507
511
512
513
518
520
521
526
532
532
532
534
540
540
541
543
543
544
546
547
553
554
558
558
561
561
561
562
562
564
566
566
568
572
573
580
582
583
584
584
584
585
587
587
588
589
590
594
594
594
596
598
598
598
599
600
604
606
607
608
609
612
614
614
618
619
622
625
627
630
630
633
634
643
645
647
647
648
651
652
652
653
654
656
661
664
665
665
667
667
668
669
669
671
672
674
675
677
678
680
681
682
684
684
685
688
690
691
693
695
696
696
696
698
698
699
699
699
704
707
710
715
715
718
718
719
719
720
723
723
723
725
726
726
727
728
729
729
735
735
736
736
739
741
745
745
745
753
755
756
756
757
761
763
765
767
767
767
767
768
770
773
775
780
785
785
785
787
793
797
806
806
807
809
811
815
817
818
819
820
820
821
823
824
824
829
830
831
832
834
834
838
839
842
843
844
845
848
848
850
852
856
860
862
863
864
865
868
873
875
879
883
885
886
887
890
891
891
892
895
897
899
910
911
913
913
917
918
921
921
922
924
926
929
932
936
940
941
942
943
947
949
952
952
961
963
964
967
969
971
971
975
976
977
978
979
982
982
984
985
986
989
990
992
993
994
1000
1006
1014
1017
1031
1044
