# Primero viene la cantidad (n) de timestamps para ambos, luego n líneas que son un timestamp aproximado cada uno separado por una coma (',') del error, y luego n lineas de las transacciones del sospechoso
500
186,18
969,53
379,26
104,55
356,99
292,76
495,49
929,98
677,22
549,31
335,74
269,45
414,89
767,35
100,54
411,89
409,87
309,23
890,86
530,64
780,96
727,48
751,17
602,68
151,38
201,41
973,59
587,94
876,40
237,37
369,78
483,56
451,77
958,41
535,76
122,70
890,86
599,22
394,94
633,80
991,10
419,100
503,90
973,81
534,32
586,27
765,99
627,53
358,73
605,27
750,79
433,56
283,65
105,75
982,57
172,67
269,33
826,81
738,86
178,49
259,43
151,60
205,35
449,70
986,49
809,23
824,76
845,18
709,71
100,12
594,23
632,93
790,51
934,71
425,99
362,42
620,82
562,27
354,51
844,29
990,13
633,27
519,32
204,47
839,39
502,96
863,16
704,94
233,33
832,67
196,86
773,27
575,68
430,79
274,44
902,15
311,66
466,96
227,57
332,73
490,28
556,16
749,42
598,36
317,77
388,45
296,77
754,58
603,37
605,55
471,12
436,68
175,30
923,88
401,84
255,71
546,28
273,64
365,44
548,87
728,77
575,49
592,68
949,75
121,10
665,29
530,38
210,58
334,26
597,40
778,22
327,19
320,27
418,77
424,84
439,25
320,98
770,62
849,58
980,77
418,47
840,50
380,47
554,74
195,50
213,87
957,53
393,84
818,75
792,29
349,44
474,64
231,91
835,40
542,61
394,60
220,81
813,16
491,47
270,65
546,15
160,19
921,96
809,85
340,24
315,39
395,50
455,41
525,76
580,56
687,40
894,50
669,100
383,14
242,86
463,73
219,72
662,89
265,33
833,98
266,70
469,43
836,16
539,78
997,81
417,15
174,40
559,54
678,40
524,100
715,45
681,72
181,78
754,95
150,67
670,20
680,100
551,27
436,29
274,47
949,89
925,81
250,79
470,42
805,63
358,16
704,48
369,68
176,25
902,35
108,29
151,90
717,56
375,20
796,14
167,22
886,32
666,76
220,52
751,26
778,94
520,91
623,15
394,32
347,37
105,44
571,12
715,94
634,75
846,69
949,100
436,68
196,76
893,34
486,30
121,59
972,39
383,48
682,48
680,25
147,58
126,41
771,28
394,34
793,96
835,100
867,87
513,33
924,89
283,27
924,52
522,54
529,48
685,92
714,53
885,82
916,59
792,46
908,64
299,80
546,50
701,88
683,94
700,65
277,84
737,45
290,99
882,16
217,95
373,88
918,13
389,73
508,99
105,79
421,17
301,31
699,55
140,44
168,19
789,35
958,67
626,84
170,18
195,89
857,83
833,47
482,85
434,34
246,46
804,25
680,74
137,47
535,88
259,36
770,85
863,18
713,25
139,79
940,20
895,47
137,83
358,14
185,63
297,80
492,15
598,33
940,86
516,57
702,53
881,44
742,81
323,35
642,91
360,52
595,12
104,55
573,17
875,100
917,23
317,35
647,69
542,92
955,43
953,14
773,10
147,46
662,52
815,69
865,61
955,69
489,59
849,81
888,39
172,14
427,27
401,91
250,97
624,81
203,38
482,25
162,60
621,20
982,26
732,25
412,44
565,99
860,28
601,53
259,81
899,61
606,83
206,76
370,77
705,65
762,32
108,11
460,71
314,98
183,88
329,31
731,41
855,19
765,62
198,11
702,46
564,56
643,46
836,28
918,85
686,67
920,68
148,16
900,85
895,99
905,34
442,64
491,57
386,18
733,66
762,83
703,90
699,28
730,78
432,49
316,39
448,97
232,45
676,53
972,37
844,38
983,30
711,31
817,58
614,85
112,45
664,29
398,60
838,74
623,65
648,45
107,77
183,64
459,51
421,85
585,35
649,46
424,56
130,16
299,65
966,74
759,46
533,69
842,44
155,61
668,15
406,16
517,63
737,48
554,12
443,91
948,91
467,19
144,69
363,93
628,66
758,48
407,82
505,71
310,70
639,99
742,10
579,42
816,56
520,80
122,98
666,78
273,43
247,34
957,39
151,25
977,32
612,10
910,53
417,13
149,22
722,26
374,20
757,93
838,94
615,63
310,85
664,36
157,61
719,71
598,59
641,77
882,56
773,62
181,73
964,43
307,75
524,46
843,22
656,63
182,86
269,87
220,73
569,80
496,77
768,92
685,43
508,62
451,21
850,89
924,19
783,92
857,61
726,86
249,26
239,42
208,27
119,46
160,11
464,22
171,78
572,46
257,30
131,15
840,28
188,65
334,34
449,30
759,41
704,45
399,38
167,30
857,89
844,92
510,66
752,23
1
4
5
5
6
9
10
10
10
11
12
14
14
16
17
17
18
19
21
23
24
26
29
29
30
32
32
32
34
35
39
39
43
46
47
47
47
47
48
53
54
54
54
55
57
58
58
59
60
64
65
65
68
68
68
70
73
74
74
74
76
81
86
87
87
87
88
90
90
91
93
95
95
98
98
99
102
104
105
105
108
108
108
109
113
114
114
116
120
122
125
127
129
131
131
131
133
134
137
138
141
141
143
146
148
149
152
154
161
162
162
162
166
166
167
167
168
169
172
173
179
179
180
180
182
187
191
191
199
201
202
202
212
214
215
216
219
221
222
225
227
229
230
234
234
236
238
240
242
245
255
257
258
258
259
260
261
262
262
270
276
277
280
282
282
283
289
294
298
298
300
305
309
315
316
317
320
324
325
327
329
333
345
347
350
351
351
356
362
372
372
379
387
389
392
399
401
404
404
410
414
418
420
420
422
430
433
433
435
435
439
439
448
448
450
451
453
455
456
459
460
464
467
477
478
483
486
495
506
506
507
509
511
515
521
524
526
531
533
534
547
552
562
563
565
567
574
579
579
582
584
586
588
589
591
594
594
610
612
613
613
617
618
622
623
624
627
630
641
642
644
645
647
656
658
667
672
673
676
684
685
705
721
722
722
726
731
732
736
741
741
745
748
749
751
763
771
775
777
777
778
781
788
788
789
800
800
802
805
809
809
810
818
821
822
823
825
831
840
845
848
849
853
853
855
861
861
874
875
877
879
885
886
890
891
891
893
896
908
926
928
931
934
936
937
939
941
950
951
962
966
969
980
983
984
991
996
996
996
998
999
1001
1017
1018
1021
1022
1024
1024
1029
1035
1036
1036
1036
1040
1040
1041
1043
1047
1047
1048
1054
1055
1059
1060
1066
1067
1071
1075
1077
1078
1089
1091
1092
1093
1095
1099
1100
1102
1104
1104
1107
1108
1113
1118
1122
1122
1125
1131
1132
1134
1134
1136
1141
1144
1144
1148
1153
1153
1155
1156
1159
1159
1170
1173
1181
1183
1203
1204
1205
1205
1205
1208
1208
1209
1212
1214
1215
1219
1221
1221
1227
1229
1230
1235
1236
1236
1240
1242
1245
1250
1251
1254
1256
1260
1260
1270
1272
1277
1280
1286
1286
1286
1290
1291
1308
1308
1314
1324
1327
1327
1332
1338
1339
1340
1341
1341
1343
1345
1349
1350
1352
1354
1355
1355
1355
1357
1359
1360
1364
1368
1370
1370
1374
1375
1378
1384
1385
1386
1392
1399
