# Primero viene la cantidad (n) de timestamps para ambos, luego n líneas que son un timestamp aproximado cada uno separado por una coma (',') del error, y luego n lineas de las transacciones del sospechoso
5000
989,93
787,20
267,64
321,80
108,76
488,91
769,37
104,100
411,14
439,12
566,61
701,29
643,16
209,69
184,11
802,24
683,65
564,100
772,83
352,37
264,91
639,26
696,100
496,38
574,79
921,20
305,51
329,60
841,71
805,84
751,99
480,85
282,69
219,46
782,74
775,94
788,52
442,59
702,86
723,19
541,18
885,43
677,75
108,23
235,43
636,49
736,55
287,95
328,21
911,43
636,55
844,81
970,44
913,31
810,39
457,17
563,63
778,63
571,42
827,36
903,23
682,41
655,86
296,91
675,13
950,45
733,32
602,24
838,18
514,35
357,94
718,30
703,84
941,40
429,15
858,69
864,65
772,50
298,95
378,39
101,86
293,37
202,49
829,40
811,58
352,82
951,84
792,45
271,76
234,27
332,11
436,53
647,39
928,98
596,70
776,87
156,56
841,49
700,88
789,78
385,42
825,97
693,100
164,19
521,32
587,85
971,70
416,77
581,81
161,76
445,63
971,42
119,82
450,75
729,42
922,95
535,67
617,67
631,12
780,89
918,51
449,74
634,39
998,37
519,34
397,87
847,44
921,15
784,94
215,81
932,100
476,62
739,62
703,85
454,42
341,82
119,34
983,52
987,14
526,11
945,28
722,83
720,99
620,13
971,23
843,27
692,27
959,68
525,95
253,20
524,68
389,44
383,83
574,59
835,96
849,51
381,57
196,67
831,21
414,70
275,83
840,100
575,70
908,31
330,45
978,46
870,56
778,62
131,53
628,96
430,76
914,31
185,57
313,71
572,90
307,27
1000,77
641,72
468,53
955,61
745,89
447,76
906,89
558,91
961,12
986,99
331,53
122,39
882,49
490,35
388,29
776,11
754,35
251,95
183,77
600,96
158,19
106,51
554,70
691,95
858,72
844,79
298,99
464,31
683,13
777,97
381,75
878,86
221,11
108,49
554,53
463,56
711,96
475,32
771,19
888,50
333,16
799,59
909,26
446,48
135,76
219,40
406,22
750,31
482,95
301,59
653,60
747,47
184,60
536,66
917,22
298,80
213,87
196,78
518,26
588,26
294,42
539,12
393,60
993,88
392,65
284,60
251,50
781,65
901,20
117,15
993,65
651,50
482,74
527,58
748,28
855,34
307,20
440,19
907,43
459,63
467,24
551,65
985,76
265,11
274,14
506,10
213,26
164,38
166,29
207,47
141,85
413,90
977,18
102,82
657,48
709,65
893,82
372,54
426,72
152,34
220,67
726,34
854,43
413,22
824,68
996,29
486,28
339,38
400,31
707,38
314,32
336,45
803,58
111,16
218,36
170,96
859,57
817,86
618,100
815,75
847,66
596,82
772,94
372,13
540,87
944,90
241,35
928,55
822,32
634,85
749,46
130,84
990,67
538,39
376,87
142,18
677,43
744,34
424,87
659,38
911,94
122,55
291,18
877,34
831,33
740,34
713,33
662,29
724,14
478,52
659,69
440,18
864,70
522,39
840,69
942,18
385,32
537,28
238,61
614,58
137,88
182,53
841,84
883,80
145,13
666,33
326,28
855,43
729,67
583,22
239,21
254,86
637,51
264,80
195,56
429,21
980,100
617,74
790,73
264,64
283,34
198,11
990,95
451,93
985,58
381,26
390,13
741,10
287,80
857,67
386,83
256,21
807,80
270,78
811,69
655,70
622,87
416,89
978,94
231,74
717,30
500,87
995,81
907,47
292,69
785,96
523,73
659,93
582,64
130,11
275,39
322,27
110,66
858,49
191,89
810,22
542,84
626,39
244,16
696,65
809,65
650,96
516,46
173,67
466,20
895,90
421,100
343,21
797,42
720,64
458,40
742,97
653,92
394,80
504,57
682,55
735,94
239,19
143,12
942,17
962,81
616,28
351,85
300,48
420,10
829,13
976,50
174,41
402,24
501,26
706,21
258,54
131,68
284,84
800,75
745,66
596,80
118,66
313,78
627,63
560,78
469,93
665,46
131,51
164,94
506,46
802,91
421,82
198,94
942,22
176,100
548,94
231,79
158,73
668,17
282,54
437,81
398,70
180,20
932,60
123,39
116,14
387,99
650,89
926,69
378,55
584,21
487,74
927,35
770,47
591,34
186,32
465,68
803,41
968,57
771,19
436,95
596,76
278,47
820,88
140,62
271,32
248,89
570,15
474,25
807,87
380,88
721,27
131,47
613,74
882,17
871,69
338,47
806,50
198,30
650,75
563,41
479,38
703,29
919,80
238,13
121,37
475,60
683,15
323,38
846,89
931,27
114,98
218,84
238,35
833,89
738,69
621,70
903,58
596,52
656,97
1000,13
142,88
465,74
472,42
967,33
806,74
743,75
519,77
863,61
826,75
806,13
181,89
713,28
355,78
461,77
580,26
467,33
570,30
781,57
434,85
147,66
879,52
894,11
221,99
981,46
804,45
896,11
906,66
430,85
616,44
269,41
659,61
466,49
497,34
549,14
929,51
832,50
516,46
860,23
853,45
668,60
672,13
231,90
508,42
642,62
142,73
180,32
335,43
892,31
868,86
133,13
894,25
558,30
240,36
985,46
884,34
930,94
446,76
280,79
748,96
267,36
167,70
110,87
455,70
609,10
188,24
585,76
356,19
915,69
949,89
539,64
548,32
263,87
443,62
755,56
906,28
750,73
137,60
460,31
330,29
650,10
620,48
601,55
733,70
990,66
543,91
359,12
517,20
605,85
471,93
813,47
217,90
765,11
941,41
877,58
123,56
892,20
123,88
198,42
198,37
250,32
255,58
811,95
784,92
1000,71
997,67
581,21
704,50
320,61
380,49
143,69
396,24
322,28
351,80
298,82
864,79
330,63
320,74
697,15
273,52
303,16
514,51
619,27
413,63
766,48
701,41
825,33
633,55
926,22
404,69
121,84
884,89
939,50
356,40
298,51
428,85
930,14
436,64
386,92
966,30
528,82
810,28
489,20
105,84
812,61
686,96
542,32
452,10
347,90
183,89
463,23
729,21
728,87
266,40
231,81
669,85
457,45
549,38
988,94
998,12
535,40
965,73
715,79
374,48
939,100
561,57
977,89
120,88
248,45
112,20
544,29
100,77
141,83
452,72
108,77
885,15
961,85
105,34
919,79
575,62
161,89
492,45
242,72
897,62
680,39
265,37
523,19
981,67
386,10
392,53
670,10
435,14
622,27
866,62
362,25
112,58
984,81
118,21
519,56
721,91
883,31
652,53
922,42
349,92
104,69
342,26
297,42
240,50
151,23
207,43
824,48
132,82
402,100
772,43
914,72
179,58
802,41
332,57
791,76
432,14
673,54
906,87
970,51
512,48
685,60
640,28
392,34
631,74
161,16
888,82
409,43
915,66
663,76
413,76
850,80
186,28
355,18
277,22
921,71
445,26
223,10
912,37
596,90
105,24
291,93
853,13
174,66
218,23
979,42
418,35
488,41
862,86
352,79
774,54
720,25
723,16
833,40
314,95
969,62
495,59
454,72
218,22
946,18
312,18
725,88
933,77
631,87
486,83
106,66
730,66
551,17
198,42
656,34
633,78
125,13
823,47
518,68
737,93
248,91
904,96
224,100
582,37
918,71
909,63
409,69
329,75
641,83
718,44
197,39
578,69
906,55
742,62
582,42
969,41
762,92
747,93
470,41
197,21
691,82
267,82
246,48
169,48
897,17
423,21
714,64
757,15
683,63
631,33
268,31
138,20
176,25
654,21
790,92
917,77
150,36
995,90
538,92
318,87
894,96
781,37
815,85
862,19
983,91
268,19
792,14
555,96
570,14
946,88
326,73
939,85
425,51
372,69
721,35
961,49
320,79
722,42
305,33
264,85
993,97
479,49
895,38
516,18
785,42
321,49
145,33
426,46
638,83
794,72
901,66
307,16
308,85
638,26
585,25
612,13
776,97
302,54
166,44
743,93
790,41
142,98
488,25
605,54
139,16
130,84
729,28
618,27
490,21
723,62
920,65
212,27
918,44
342,23
997,63
704,54
751,95
380,62
650,74
907,88
341,12
954,31
421,74
729,66
677,78
773,14
596,70
193,30
995,72
996,63
675,77
743,32
930,73
442,34
159,45
103,57
263,33
752,85
355,46
639,51
201,58
623,98
306,19
330,37
575,36
810,46
386,66
186,40
929,28
698,96
256,86
368,15
889,45
694,40
725,35
743,37
935,45
920,15
207,71
759,19
182,96
414,82
324,19
709,13
903,47
772,76
957,62
647,89
804,42
473,94
516,98
234,24
801,73
462,49
749,29
168,66
249,19
506,54
734,57
946,70
609,18
972,52
593,50
493,22
299,96
378,26
865,83
679,54
740,32
709,69
244,81
271,97
671,51
414,87
148,53
249,85
972,45
662,29
464,85
793,48
686,100
152,40
782,82
530,94
237,80
753,30
577,80
261,89
185,46
531,97
556,26
468,83
582,54
986,84
658,99
356,72
394,79
655,48
440,97
144,41
724,79
158,100
835,68
681,10
852,22
389,72
648,74
825,70
692,98
264,58
873,41
268,92
806,99
422,84
437,94
864,94
978,46
304,35
938,84
347,48
631,92
202,99
193,57
713,20
408,66
889,44
835,42
500,99
172,50
432,96
319,97
104,28
328,86
677,46
315,38
104,10
836,31
604,85
627,18
866,31
530,19
460,90
757,72
625,16
118,32
655,57
810,16
783,31
559,93
979,59
934,77
710,62
479,36
974,13
1000,44
127,28
387,50
191,22
543,73
515,94
341,75
591,95
903,37
804,43
600,20
153,11
455,81
960,24
748,32
487,69
335,71
734,50
919,21
398,22
349,59
592,63
188,40
909,11
234,23
226,89
466,65
539,50
954,69
877,57
374,18
404,51
613,10
933,17
736,17
368,30
444,30
974,74
231,59
106,23
610,44
249,85
641,34
791,62
866,12
392,45
862,90
150,53
519,93
739,43
110,34
636,83
856,71
192,69
772,84
898,48
823,68
885,48
424,15
510,76
834,65
375,67
692,15
374,15
262,82
110,89
152,58
876,67
356,12
489,21
198,39
808,40
335,29
147,42
718,61
168,49
987,55
311,97
592,93
703,31
753,37
453,51
979,89
532,34
543,60
770,13
649,24
662,59
577,54
729,42
436,82
320,69
565,97
515,16
684,88
213,84
762,44
141,47
626,82
206,60
117,82
672,73
792,85
530,29
352,83
238,46
174,77
169,91
425,69
144,27
351,13
469,13
376,46
335,18
850,28
343,83
382,89
304,94
262,17
117,60
850,51
212,14
100,60
439,100
646,49
712,82
335,30
793,47
344,35
270,56
745,47
882,84
231,44
868,72
582,76
402,30
413,52
979,19
439,81
126,93
510,24
224,60
143,73
528,88
190,97
674,33
772,22
539,41
331,93
983,18
696,23
117,86
884,35
959,20
323,37
303,31
380,19
873,55
965,66
146,78
346,27
396,92
696,68
343,78
222,44
690,99
369,38
512,54
750,99
401,64
281,93
408,35
110,10
577,98
500,82
634,63
232,95
826,13
500,73
649,13
429,23
292,50
509,94
117,33
759,73
972,51
690,55
299,57
755,62
119,32
209,20
191,68
555,94
934,51
102,71
217,13
614,73
366,48
188,22
457,100
488,57
631,60
402,83
317,51
107,19
253,45
323,32
876,83
690,75
729,68
614,55
176,14
172,57
966,12
763,26
664,28
182,31
258,82
600,13
146,66
874,30
115,85
827,13
245,64
579,71
662,27
387,56
288,77
607,41
181,77
998,64
893,79
334,68
597,98
481,40
465,89
458,11
560,36
563,55
319,64
632,38
953,92
552,66
939,34
295,43
370,25
795,15
373,43
378,14
562,78
992,32
899,77
909,93
556,40
814,45
686,14
368,89
937,26
543,77
496,79
287,10
664,73
663,86
822,13
783,22
952,36
668,77
309,55
716,18
685,21
711,67
995,68
232,74
433,46
362,41
919,42
665,29
248,91
248,12
459,65
745,85
974,36
798,37
387,55
695,52
879,26
531,52
649,26
885,89
717,80
958,54
190,24
523,63
740,12
324,43
298,46
950,49
712,65
395,39
395,94
165,63
335,43
211,57
225,14
697,56
508,20
143,28
207,26
984,80
506,19
842,52
488,55
303,72
198,23
962,37
491,16
365,37
318,58
705,56
400,50
302,60
197,54
179,34
495,26
867,72
129,73
170,41
996,20
659,46
414,69
578,48
890,60
132,100
341,64
936,97
489,80
843,51
205,32
557,68
640,99
505,26
422,72
557,10
1000,91
844,67
398,28
928,43
873,15
107,35
627,56
694,69
900,51
906,73
362,61
962,69
264,85
855,54
822,69
169,25
484,31
698,50
622,15
736,83
129,31
168,18
869,56
752,86
813,35
166,11
553,94
293,14
775,46
173,80
539,38
964,19
734,57
935,39
790,95
405,71
319,72
719,28
278,97
518,18
616,94
407,65
496,92
865,47
1000,85
512,28
484,12
344,75
377,60
394,77
687,79
886,50
484,67
391,37
206,68
499,91
369,32
431,33
646,16
619,31
613,43
945,54
594,66
347,36
532,29
604,70
171,10
783,19
190,54
175,91
700,60
977,21
780,31
290,14
540,24
210,30
772,58
135,96
941,63
384,56
265,20
180,46
993,46
832,30
954,20
978,68
530,73
858,77
765,71
681,38
497,54
901,14
690,96
354,39
569,79
395,78
613,71
399,84
413,62
935,44
182,81
339,18
718,90
840,71
345,31
223,21
679,98
781,88
845,87
784,82
390,56
961,48
565,41
314,66
626,90
817,43
676,36
973,80
647,16
742,73
852,90
971,68
549,71
827,19
825,71
708,85
692,85
439,95
971,64
764,79
404,32
492,68
882,97
397,71
663,45
195,53
281,84
281,70
474,46
352,52
713,89
172,32
737,49
101,97
607,96
385,90
808,61
348,49
212,48
549,67
620,61
990,94
211,84
505,46
435,49
178,17
948,50
908,17
699,78
489,33
161,78
692,84
135,14
738,14
132,89
892,23
443,73
322,20
647,17
202,36
496,38
470,83
116,56
265,40
345,82
749,69
516,55
673,23
968,88
240,29
354,26
677,63
775,69
166,13
758,99
137,70
857,45
845,79
773,70
404,27
503,75
611,99
849,74
147,95
661,36
832,96
160,75
579,69
340,77
769,57
972,91
894,79
542,60
947,55
205,24
514,23
944,66
341,89
345,100
730,52
406,82
134,66
469,27
787,54
751,66
865,30
886,73
683,24
590,73
442,22
326,90
131,27
896,14
223,48
794,84
702,63
414,47
315,66
987,65
290,99
273,87
491,46
269,30
612,23
762,67
747,84
266,92
467,38
625,86
117,38
552,66
752,98
785,17
394,62
869,79
411,57
133,51
503,36
492,64
490,23
627,67
394,32
233,11
163,68
614,12
160,41
904,99
201,37
332,42
668,45
518,81
658,19
545,46
359,65
943,19
334,79
203,98
581,87
559,91
236,91
561,12
507,20
570,43
387,23
198,98
526,46
553,41
257,71
572,22
491,27
801,74
116,72
468,97
343,17
133,17
664,58
515,60
568,76
850,40
219,81
922,41
996,61
760,21
840,93
237,15
303,82
145,40
977,100
671,66
608,61
917,47
451,73
657,22
593,88
322,91
969,61
265,76
423,42
514,12
118,90
438,62
232,49
478,23
459,19
171,25
219,90
913,18
448,49
551,48
869,50
650,40
977,10
755,97
547,56
696,60
855,23
415,16
406,48
988,29
513,82
404,74
122,55
798,91
778,56
986,98
709,87
327,92
831,80
736,76
887,73
620,42
726,40
322,92
488,78
702,10
527,75
722,37
936,49
426,41
389,10
185,96
209,59
826,28
619,41
815,86
226,100
340,100
862,43
1000,78
306,39
833,80
239,72
484,70
638,54
430,92
247,36
173,32
921,53
567,26
966,59
524,52
626,45
529,92
532,97
812,64
176,30
827,96
104,54
214,96
490,87
131,55
714,26
711,43
293,76
339,96
489,47
708,58
191,77
630,67
381,97
423,90
812,88
313,15
302,61
685,90
339,89
694,79
231,75
385,44
162,47
726,49
301,17
508,13
256,68
505,64
155,47
883,56
218,49
883,69
841,57
740,77
221,85
982,35
548,84
135,82
569,56
994,95
487,59
777,24
774,84
203,40
218,46
361,69
332,26
587,13
534,60
607,24
397,85
938,55
236,30
787,72
708,25
425,59
326,98
318,45
712,33
386,97
486,27
886,50
394,39
908,68
259,77
678,84
369,42
275,27
264,31
113,51
494,39
551,26
813,50
156,54
511,85
212,89
476,91
188,62
177,96
378,94
263,53
284,26
599,93
642,54
485,42
319,77
580,44
419,64
880,78
602,64
193,42
373,14
809,64
655,53
629,91
965,80
755,21
941,77
452,38
345,21
955,53
326,60
974,55
750,38
545,19
277,13
229,27
483,75
472,29
137,83
229,45
909,72
375,72
304,50
100,50
724,24
738,35
262,28
885,34
977,44
684,41
719,14
705,55
926,15
584,97
219,10
944,30
574,45
330,89
1000,96
926,68
741,67
266,32
480,84
997,89
732,83
811,17
621,94
477,84
302,39
209,30
790,29
695,81
424,63
612,49
541,28
870,74
892,64
915,67
265,32
341,44
982,42
703,17
585,37
676,22
242,87
454,74
864,70
618,50
436,72
685,84
385,10
455,48
342,22
687,79
627,100
715,82
130,11
263,33
225,12
276,22
182,43
534,10
959,12
149,18
100,97
199,56
803,14
779,33
439,20
996,16
769,24
633,62
756,46
650,62
739,52
483,73
312,43
364,46
611,96
335,49
879,71
752,62
623,64
146,65
837,35
785,80
161,27
584,55
444,75
838,45
826,86
760,50
939,100
746,73
552,14
860,20
441,100
217,85
434,57
258,33
988,12
281,70
801,80
612,50
458,45
749,36
365,25
344,21
669,55
625,67
458,61
127,30
655,12
781,86
948,22
308,80
356,53
430,12
550,44
775,60
200,72
198,82
863,44
901,37
328,72
502,42
445,80
479,41
438,89
437,87
874,52
364,22
910,70
890,50
107,92
834,60
613,22
299,54
900,89
560,87
692,45
551,37
412,56
971,64
366,51
251,16
581,88
401,21
635,94
701,13
663,46
589,82
437,40
317,51
335,75
439,66
191,85
179,28
952,79
323,97
568,27
567,55
216,53
625,38
370,52
560,44
692,36
666,82
688,86
495,49
635,29
188,73
440,25
166,54
259,64
383,56
617,61
848,50
733,31
451,66
325,54
419,27
127,26
719,10
992,23
906,43
873,70
997,97
723,35
441,52
528,87
710,45
147,22
127,96
986,75
751,89
150,74
621,23
861,30
564,35
506,85
205,66
774,49
596,79
190,58
143,81
543,29
735,15
557,36
421,63
382,61
409,42
612,20
525,63
519,89
785,80
857,34
220,84
109,94
114,12
327,19
512,41
695,68
288,90
457,83
702,83
499,26
459,31
684,12
449,86
330,72
348,74
626,36
923,54
803,61
253,19
481,94
815,89
686,80
612,71
698,31
842,36
414,22
183,28
217,89
522,52
251,83
326,35
239,76
854,32
283,36
438,44
250,49
956,29
539,45
445,39
760,22
372,58
462,17
224,15
250,32
302,41
748,53
672,43
211,81
132,67
137,57
274,99
221,70
802,42
750,65
326,67
374,85
401,16
371,76
976,14
981,75
724,36
134,99
108,98
627,84
107,42
417,65
936,67
739,52
673,62
394,28
784,72
165,18
174,25
715,16
201,14
586,16
727,86
960,21
638,88
785,80
394,84
507,47
266,21
178,22
223,16
870,79
768,55
534,62
602,62
499,34
263,57
483,61
918,52
403,55
924,18
295,30
307,98
155,56
361,50
369,59
839,60
830,35
233,74
538,55
821,93
835,72
567,20
987,14
473,65
379,51
319,61
374,32
273,31
339,62
963,91
910,44
503,54
326,93
935,20
866,41
663,44
852,91
621,48
463,78
230,68
365,50
849,28
835,24
661,44
432,46
453,64
548,32
820,93
585,60
715,42
904,30
794,48
457,100
415,90
302,38
261,16
605,67
187,14
199,45
318,91
181,70
548,46
146,86
922,78
873,25
619,55
751,50
825,71
585,88
160,70
440,28
283,28
848,79
394,19
331,98
855,68
468,61
461,18
990,72
287,94
500,75
684,82
396,76
841,33
756,61
555,63
966,63
523,59
858,11
656,37
212,48
180,93
431,83
943,24
689,26
127,20
258,34
255,49
214,43
257,98
814,93
927,35
992,70
446,95
311,60
582,48
669,69
164,43
887,34
345,67
416,98
991,47
540,87
556,79
540,37
846,38
200,55
479,14
364,90
276,36
280,15
121,25
669,94
114,37
929,70
845,37
422,47
513,17
675,56
483,23
723,95
176,86
122,34
144,11
772,64
828,19
959,81
456,50
232,64
432,87
943,81
385,60
207,74
641,61
214,97
326,79
536,88
825,69
696,11
260,39
137,40
935,50
684,59
726,82
446,72
985,23
762,98
190,67
809,97
798,94
245,32
625,66
440,55
377,60
213,40
626,37
200,40
554,83
304,21
798,89
114,96
286,42
551,53
956,97
289,82
989,45
986,91
641,53
487,93
436,45
156,41
805,64
943,71
396,29
540,96
923,46
447,81
919,37
355,57
544,35
624,84
371,79
637,15
621,17
381,24
417,14
271,22
535,41
713,97
978,54
117,59
167,44
924,37
471,34
117,28
131,76
947,24
377,25
641,100
648,25
390,18
759,35
893,46
210,64
304,87
406,26
712,54
917,51
857,39
125,75
165,59
260,47
489,20
807,86
466,20
797,92
838,74
265,34
340,41
378,63
830,43
303,61
483,55
252,77
958,19
766,26
568,86
997,72
263,11
136,99
113,33
688,45
172,93
380,76
187,23
263,42
123,80
175,40
102,16
254,67
927,51
473,97
310,37
405,53
726,70
684,57
501,24
707,62
991,79
649,48
482,84
823,59
285,38
435,52
651,89
136,55
126,79
857,64
685,55
233,30
767,11
231,70
311,26
483,25
165,60
457,50
325,22
187,10
771,55
487,96
582,99
617,50
485,76
952,81
420,54
599,37
833,74
647,92
137,92
433,30
989,51
916,16
212,75
617,56
805,87
207,70
113,97
511,86
864,29
444,45
592,95
196,98
954,76
695,84
871,26
106,91
892,77
588,12
124,24
490,81
848,99
161,10
992,31
709,98
211,12
120,21
282,27
643,85
190,28
385,33
589,67
787,36
392,13
169,43
603,85
537,86
931,34
129,82
905,11
909,99
488,81
843,59
727,15
862,29
563,52
588,36
583,53
972,25
986,36
188,60
810,54
328,22
490,36
319,39
931,52
405,46
598,90
293,95
917,15
445,18
702,99
907,20
236,32
878,88
870,92
688,71
873,43
168,52
168,56
136,65
912,76
859,72
673,39
368,24
535,48
959,80
528,49
104,91
639,61
923,23
145,23
947,67
486,60
573,54
150,39
885,16
547,14
880,83
163,74
909,99
806,71
573,47
337,26
281,29
929,56
363,32
930,21
575,69
971,89
927,53
355,59
238,12
957,90
552,98
476,11
649,44
958,68
710,39
317,29
442,97
484,21
341,36
946,20
443,17
735,16
195,50
892,25
254,81
789,94
748,77
229,21
800,99
957,49
388,57
930,31
850,82
975,36
506,90
213,10
920,43
662,47
106,45
608,78
120,31
737,96
986,26
877,78
525,81
877,60
668,79
423,90
924,71
425,96
403,91
115,90
111,27
141,58
752,10
541,11
202,55
298,87
926,66
887,34
957,93
918,58
541,60
887,90
843,63
766,19
487,73
103,47
632,41
994,21
307,19
409,74
580,88
519,86
306,45
599,83
102,55
634,98
238,15
737,33
768,55
185,57
881,95
972,66
637,37
363,24
183,18
327,19
778,44
681,15
342,84
910,88
756,35
242,51
783,53
837,66
178,11
140,100
920,99
502,11
612,92
584,13
798,61
666,33
609,83
837,42
519,84
661,46
602,51
298,33
410,44
387,33
178,33
849,67
131,34
511,74
946,70
122,21
274,40
661,88
159,35
111,38
477,82
838,97
336,99
355,51
344,17
455,40
668,97
553,49
335,43
399,51
278,33
947,64
993,67
943,91
626,31
384,55
697,10
689,88
967,64
592,26
846,67
659,58
119,40
101,54
299,22
105,94
531,29
840,69
962,97
173,75
288,84
301,13
308,50
106,54
427,15
304,29
246,28
847,65
995,47
485,11
206,29
532,46
686,24
300,92
541,15
557,44
263,31
639,83
335,38
602,81
322,11
849,30
566,94
848,52
526,68
715,11
471,20
502,27
662,50
229,33
272,48
971,58
550,32
413,88
165,29
999,90
319,18
401,55
158,68
650,86
610,58
483,60
819,17
996,96
374,100
712,92
196,34
617,66
783,28
327,12
478,60
120,15
684,34
443,100
256,68
706,45
814,75
457,21
484,44
962,62
211,84
771,100
591,95
779,64
721,30
902,24
581,75
969,58
540,24
760,43
905,23
474,11
914,53
680,57
364,46
747,64
607,52
715,14
618,99
791,54
221,79
216,69
787,97
410,25
205,97
732,61
736,94
941,13
249,32
883,21
987,15
489,97
172,95
549,66
237,36
488,11
274,100
117,12
715,10
973,75
509,86
829,48
602,17
424,14
916,47
501,56
659,50
200,81
852,72
583,76
369,41
400,14
886,80
167,60
711,47
397,24
761,100
187,95
932,28
430,26
961,42
436,44
374,85
590,60
497,26
202,90
615,67
411,28
885,59
901,29
658,67
975,39
504,47
164,78
814,67
715,58
267,42
944,20
153,34
128,90
348,73
879,73
792,84
419,93
837,22
239,93
597,32
254,96
857,24
165,26
306,52
155,68
158,54
828,66
221,27
151,58
661,30
406,24
230,11
622,51
992,30
305,54
684,87
950,25
147,71
289,91
152,75
793,68
855,69
170,88
273,10
481,74
801,45
105,52
205,94
112,64
395,79
816,17
925,37
257,58
248,72
503,18
377,96
178,63
113,20
346,15
891,42
596,72
968,82
508,31
891,59
542,60
909,32
268,76
721,52
409,25
541,75
880,75
355,60
140,22
844,64
157,90
450,44
710,13
541,58
245,37
666,38
772,84
731,96
903,27
714,40
334,20
378,46
658,92
633,97
610,80
268,60
917,98
797,78
829,69
815,51
302,95
178,97
566,75
160,36
707,62
570,38
613,40
210,80
474,14
797,73
543,64
702,29
141,12
669,52
398,84
914,22
774,11
441,70
250,74
580,67
894,44
907,95
832,81
652,32
994,28
542,21
530,15
421,45
346,20
318,15
521,63
710,92
664,32
965,58
727,57
288,24
369,47
283,92
543,83
992,81
900,14
961,87
935,56
847,68
927,75
659,21
960,79
781,96
695,10
855,87
339,95
258,80
498,73
215,91
252,68
543,37
617,97
922,77
838,93
641,95
855,28
458,78
305,23
139,72
691,27
271,40
797,80
738,73
838,61
216,69
654,10
499,80
471,46
180,26
172,82
989,99
449,35
297,17
346,97
675,78
566,14
329,100
644,33
914,46
485,83
486,41
727,28
997,41
655,12
127,100
135,90
788,95
539,98
804,66
236,94
658,66
845,45
855,87
868,88
634,24
201,84
853,39
963,58
727,45
710,53
302,77
258,73
365,38
502,60
560,99
311,30
222,22
435,94
564,51
148,79
403,35
767,67
270,56
182,77
228,72
989,10
746,38
469,12
363,32
909,13
737,53
847,51
398,67
893,19
157,47
837,90
324,99
407,74
847,26
559,79
846,29
624,19
109,96
791,64
148,18
262,49
720,15
987,88
213,29
203,37
269,62
770,33
464,18
923,67
757,88
766,87
482,18
823,65
519,100
463,67
731,10
275,85
607,64
570,61
637,87
382,34
509,20
328,60
352,91
859,69
821,100
341,46
749,75
927,15
203,22
471,35
642,37
571,74
400,96
215,62
230,74
493,79
376,78
106,59
271,84
654,98
587,43
394,86
399,63
195,90
721,17
647,49
128,86
123,100
780,61
758,71
267,35
259,53
536,92
163,92
314,70
410,32
129,56
549,38
108,98
368,26
381,42
457,85
997,82
656,39
550,88
574,86
337,48
153,38
290,27
205,34
818,50
658,65
628,76
983,22
451,34
266,28
903,86
203,69
679,67
906,36
852,75
365,77
500,74
858,12
387,26
718,41
398,32
990,79
277,67
989,87
591,13
181,38
364,95
452,30
302,93
710,24
615,51
453,22
541,98
219,79
116,19
512,38
800,78
228,81
451,27
458,86
182,43
565,34
539,41
866,53
255,21
713,67
700,58
742,91
959,22
338,69
217,46
812,37
808,78
742,98
880,49
229,50
441,21
884,86
989,83
767,65
768,97
885,64
943,53
565,17
112,80
153,41
729,87
207,33
254,66
487,88
456,33
307,76
750,35
520,26
438,33
788,46
341,41
343,45
984,25
890,11
279,72
431,51
562,33
944,84
369,66
213,18
947,77
664,54
682,69
902,51
209,69
990,76
757,55
318,39
588,64
449,38
643,62
836,20
621,68
310,78
346,32
751,52
304,29
527,97
401,80
601,99
564,79
883,51
775,48
264,29
351,21
650,60
442,69
375,30
252,20
559,84
992,98
343,68
483,15
901,97
534,40
475,99
902,99
905,42
347,28
250,63
369,84
882,20
987,42
747,59
323,94
271,73
821,29
369,89
439,50
511,65
473,97
846,49
590,74
388,11
839,73
185,17
259,86
813,57
352,100
924,74
477,73
312,48
817,46
672,98
508,44
369,62
211,84
449,72
587,95
725,45
550,76
146,71
656,58
537,25
585,71
100,85
976,56
655,95
802,63
906,16
321,50
403,48
395,83
103,72
864,31
678,29
761,28
723,75
722,99
841,82
160,50
176,81
305,73
944,46
614,32
765,15
226,78
804,44
776,33
820,27
198,23
768,12
165,88
630,66
464,82
199,100
607,33
875,31
112,59
268,56
531,79
908,23
737,11
456,25
339,50
584,70
814,41
521,55
320,53
462,45
962,15
893,36
463,39
282,13
473,95
307,54
137,77
981,65
434,48
552,73
916,48
509,82
527,11
831,93
144,67
123,38
819,56
190,47
506,88
374,34
780,62
537,29
131,76
749,15
464,77
733,70
195,100
423,40
374,84
309,70
624,59
177,12
702,63
249,61
776,81
172,58
906,21
220,15
383,67
357,22
202,20
116,18
284,90
118,14
877,60
385,51
799,41
259,52
694,68
579,48
468,44
474,48
161,60
957,83
1000,56
784,50
259,93
835,35
726,89
509,92
203,53
156,34
450,74
758,34
703,39
976,100
330,30
744,61
879,15
909,42
129,92
663,26
527,33
640,39
512,57
739,46
424,29
264,54
917,30
597,32
923,58
464,70
593,28
539,30
760,71
347,99
643,66
702,68
282,32
399,49
543,55
648,86
408,65
190,67
892,63
367,84
881,35
332,47
753,94
229,44
583,16
663,30
549,82
177,25
832,85
634,26
650,51
389,95
372,39
364,13
763,87
930,59
907,22
831,63
188,20
268,51
255,71
764,68
913,93
824,67
836,72
175,17
776,35
490,79
480,77
318,45
506,89
765,12
407,52
167,88
618,38
722,97
472,32
849,80
833,17
563,83
702,13
805,66
817,89
175,59
103,41
935,31
787,44
827,16
778,96
201,10
628,40
522,65
521,42
956,74
945,74
312,46
797,98
350,73
179,40
518,71
565,72
780,53
360,81
576,63
990,79
708,93
865,13
542,22
558,92
134,36
538,49
796,12
355,23
709,98
722,95
518,61
337,95
800,34
668,67
990,36
254,82
235,56
155,23
564,46
383,70
300,60
835,40
496,93
563,53
216,26
754,83
796,15
319,36
979,13
231,82
504,47
527,39
822,53
223,76
140,13
352,12
722,39
236,89
595,33
788,54
963,64
281,67
299,29
346,42
730,19
817,87
666,57
589,70
104,82
792,16
434,55
438,11
348,93
469,50
743,90
303,19
763,69
465,35
309,30
800,60
920,85
959,69
236,17
414,58
992,21
878,100
203,40
452,31
602,94
228,11
432,23
984,37
237,82
350,45
884,37
967,94
885,74
969,29
493,25
174,75
338,95
785,61
971,28
722,18
135,42
379,65
404,47
959,14
676,47
830,27
799,75
658,99
431,91
654,34
970,57
548,67
163,39
405,86
589,57
930,13
228,70
765,57
1000,95
403,59
698,96
972,72
103,21
678,23
833,45
904,70
879,21
940,17
642,55
495,99
748,37
118,96
802,75
228,76
646,57
134,38
983,90
780,38
370,41
815,38
197,82
567,39
223,13
505,67
336,97
124,27
487,53
612,42
326,12
394,88
638,19
416,10
898,59
897,52
286,17
496,51
174,77
747,99
276,17
209,72
268,12
323,54
926,42
116,99
423,58
420,74
807,63
261,30
109,65
869,14
204,96
650,77
276,21
570,100
938,95
602,35
258,57
178,76
804,75
236,94
533,42
114,44
193,22
197,15
645,49
856,37
358,18
720,36
400,70
827,64
212,45
368,18
168,75
189,43
188,38
571,25
687,83
987,98
610,55
689,14
868,37
902,83
959,73
610,95
990,11
909,64
991,64
442,68
787,93
999,63
448,31
441,97
405,40
203,45
519,30
571,41
483,36
963,73
125,22
711,73
522,35
615,39
586,64
837,46
210,38
611,61
190,79
274,93
275,22
727,39
769,67
236,62
132,23
418,55
786,75
644,61
514,15
811,62
741,81
753,84
915,52
431,69
265,42
801,42
970,87
317,68
886,94
742,46
966,11
331,46
248,54
250,87
940,58
483,48
353,94
376,58
985,43
901,18
395,89
301,39
569,64
651,43
384,58
438,82
617,65
859,81
259,62
842,61
598,88
482,63
648,26
777,48
972,33
672,55
736,24
700,81
893,34
394,64
211,21
978,43
563,83
270,85
596,19
944,82
963,21
327,29
590,78
906,86
290,90
621,53
520,55
534,28
552,59
686,30
682,41
565,98
311,72
575,39
236,51
913,85
106,64
648,84
380,36
110,81
502,93
184,34
462,71
272,83
296,66
196,81
266,16
161,14
989,96
680,80
526,39
627,74
480,84
574,87
977,35
658,51
660,48
780,85
816,94
713,42
677,39
518,90
734,42
345,56
355,51
110,44
977,94
862,93
259,69
126,92
723,14
467,11
443,34
525,39
740,34
178,27
444,45
250,72
305,30
759,61
995,63
724,18
670,48
949,69
803,77
841,89
100,48
193,24
952,61
253,64
985,99
470,61
885,15
899,29
104,91
670,93
189,11
372,70
858,63
175,76
410,52
220,44
398,89
684,49
128,10
983,84
223,16
815,62
817,13
256,37
959,50
187,69
620,37
608,28
111,59
427,35
544,68
170,46
380,56
447,94
534,75
582,94
187,14
460,36
214,88
150,52
444,32
351,74
126,84
775,85
397,61
153,55
666,100
692,34
331,84
875,71
980,82
506,52
438,89
460,38
807,17
304,62
897,83
470,76
986,71
167,80
834,10
532,24
331,28
380,53
589,73
228,14
554,52
727,65
556,32
142,13
108,94
424,65
486,25
916,17
170,78
499,51
700,85
595,14
938,55
691,48
989,70
803,43
792,25
998,29
642,63
305,35
110,60
809,15
370,70
477,91
127,28
532,37
206,80
296,18
329,81
561,87
120,37
789,85
192,66
639,87
404,80
651,17
362,54
525,91
135,94
165,69
815,21
787,24
298,46
668,28
763,92
199,19
382,89
582,71
436,23
821,38
997,45
715,82
504,52
605,92
801,61
838,86
370,47
940,19
588,48
746,99
976,26
833,99
280,42
841,68
949,62
579,46
173,48
709,30
919,67
669,85
829,66
128,44
505,30
761,59
546,48
162,24
993,71
153,53
650,79
858,48
652,23
880,54
359,63
747,62
691,81
307,59
233,37
526,81
591,27
828,80
809,12
543,60
977,46
292,13
915,83
613,65
176,55
230,87
822,23
872,100
480,91
923,26
195,32
133,37
408,25
334,31
335,50
810,91
998,83
892,48
901,81
843,81
991,32
253,39
323,24
119,93
934,84
467,12
937,96
788,63
959,69
109,20
903,50
374,49
571,96
527,21
195,43
532,61
214,49
171,77
403,11
833,76
315,20
403,73
806,63
190,97
107,38
658,14
691,83
952,96
156,99
624,36
563,75
152,38
717,84
948,89
515,56
443,57
399,49
124,41
146,73
295,73
773,50
471,51
486,43
565,76
364,75
776,35
388,65
923,71
211,23
553,30
119,75
575,73
775,63
883,79
527,61
639,99
758,71
454,34
793,66
534,88
653,79
408,75
654,14
171,43
777,97
466,59
303,74
392,81
964,15
642,11
856,21
426,15
154,24
811,57
197,17
956,84
734,14
575,56
182,45
634,71
551,65
678,35
171,68
167,86
457,95
842,16
872,77
204,15
318,61
357,51
578,12
682,53
792,42
260,83
453,57
196,11
709,31
916,37
805,74
820,32
451,12
503,35
108,16
197,28
552,46
388,18
305,65
456,24
894,90
1000,68
234,93
120,81
947,15
651,60
178,26
976,40
908,51
341,44
722,44
406,84
571,35
575,87
144,22
364,62
760,97
190,83
196,27
416,64
635,33
236,36
426,41
818,11
561,49
202,93
572,43
706,24
276,55
329,56
675,69
382,39
932,33
166,34
287,17
954,53
858,55
559,76
118,21
113,64
280,53
884,29
425,12
302,54
655,18
379,21
227,64
604,80
118,19
699,63
480,93
339,94
629,100
635,96
433,98
206,64
778,76
921,56
417,90
384,37
504,18
944,66
531,37
882,88
898,88
885,24
127,53
821,95
601,35
345,75
759,47
491,35
726,80
148,59
825,80
699,41
867,42
933,93
806,76
412,55
795,34
791,21
648,11
504,63
984,76
996,75
643,58
421,98
867,74
566,65
891,91
588,70
135,35
751,15
722,22
928,93
776,36
227,38
856,53
723,69
449,80
375,79
255,75
979,11
420,99
700,39
692,84
937,34
713,53
141,11
556,91
159,33
269,83
658,80
690,12
555,97
160,80
105,45
823,66
484,70
771,36
770,49
998,15
211,20
332,53
984,54
957,12
409,68
534,37
828,18
816,36
325,76
350,33
772,78
277,36
465,18
991,85
160,97
475,100
776,27
610,34
468,68
462,89
534,16
909,89
439,70
302,16
846,37
650,18
597,68
562,28
706,54
682,61
448,43
254,18
486,14
445,81
267,21
530,24
412,42
235,72
685,91
138,59
655,78
151,18
615,47
969,40
595,65
309,44
111,68
327,59
884,94
296,19
879,93
427,31
954,98
792,62
816,25
229,91
377,27
623,94
191,71
266,24
646,55
700,18
985,11
877,39
641,33
538,42
977,22
219,11
697,75
147,70
670,60
950,70
316,58
975,80
786,39
669,29
573,46
773,90
394,97
848,10
517,16
247,53
794,49
913,74
834,83
454,44
844,47
451,40
867,37
995,100
156,84
522,87
281,10
411,43
983,59
981,95
597,15
669,95
897,100
648,29
706,68
244,28
599,39
233,36
940,39
858,83
511,70
557,37
865,92
440,13
683,95
448,12
843,16
208,69
985,33
603,92
608,65
130,31
177,73
117,60
610,45
253,37
227,66
222,43
878,43
657,82
794,94
154,50
553,43
460,74
445,69
253,88
902,34
279,17
967,49
628,25
556,91
655,97
666,96
201,92
548,75
667,34
235,72
927,16
485,97
913,98
862,69
527,42
413,84
998,35
748,85
530,31
578,18
856,96
424,48
701,88
688,87
975,45
455,93
997,35
870,20
476,49
840,47
296,100
237,36
145,50
306,47
631,61
542,97
987,15
517,29
289,26
538,81
650,65
571,86
840,39
251,48
822,94
799,85
886,83
835,24
299,28
524,15
170,31
440,26
974,82
327,60
267,81
191,97
156,67
964,42
404,85
867,17
256,44
791,73
696,28
532,92
885,58
739,22
587,57
204,80
397,27
788,67
571,71
988,29
636,19
755,96
191,12
571,59
423,52
323,80
561,65
408,58
820,32
988,40
490,91
566,33
875,58
722,97
295,35
934,96
585,14
817,87
500,80
763,61
953,87
959,57
701,13
166,92
734,24
749,19
447,48
806,87
215,80
172,85
986,72
257,82
348,28
857,23
122,92
621,39
728,83
363,22
949,52
842,99
243,13
359,22
102,89
851,95
517,65
893,33
125,21
877,85
634,86
357,71
532,61
647,21
601,46
951,56
711,11
442,28
436,22
657,100
410,16
496,88
149,44
257,65
339,15
500,37
769,84
565,83
365,24
361,78
213,83
432,12
759,24
976,22
585,26
376,87
965,94
692,54
988,52
892,45
680,89
733,100
378,60
989,44
141,69
553,16
522,10
518,71
787,78
780,67
432,54
822,85
788,17
217,18
933,68
383,24
771,75
660,20
862,94
538,52
930,50
687,33
371,61
151,38
229,59
521,20
782,69
823,50
263,15
164,31
441,54
524,40
111,24
970,62
305,94
752,80
614,34
972,52
600,54
205,15
485,25
958,76
752,98
292,34
484,90
185,61
678,48
964,64
579,65
644,99
940,16
852,72
924,96
488,63
271,28
947,22
415,68
127,19
297,89
984,79
944,84
955,25
994,23
715,93
301,11
984,91
691,37
179,47
467,28
579,25
870,60
434,83
963,65
484,14
753,61
621,24
907,70
789,78
676,15
472,64
186,27
931,32
940,25
603,76
775,45
370,68
194,97
599,17
890,33
483,80
241,57
604,93
420,66
708,34
542,45
923,37
408,65
694,72
732,92
405,77
474,42
615,50
598,57
648,16
700,69
998,51
189,67
376,67
408,28
528,78
290,36
942,99
678,56
553,11
388,73
328,84
447,51
115,89
504,76
147,44
466,59
105,24
473,66
886,27
365,41
738,47
448,82
868,83
851,86
617,77
184,21
643,65
285,22
898,39
404,52
865,55
333,78
150,43
641,78
147,63
366,85
529,72
952,70
567,79
974,45
486,65
836,31
295,17
497,20
961,21
544,85
450,86
375,60
891,90
421,98
908,95
487,23
170,40
355,60
283,71
565,49
155,14
988,56
740,95
132,18
987,23
185,80
726,51
861,46
403,46
390,66
965,79
375,22
507,33
425,52
960,13
335,19
999,66
577,21
836,88
643,80
939,51
299,77
106,92
311,48
890,25
846,73
111,67
128,57
672,72
778,66
398,75
773,31
359,51
727,40
411,73
415,93
218,35
691,80
648,45
458,18
588,31
809,66
475,19
342,77
654,100
980,84
556,63
112,54
584,76
446,61
526,72
710,89
130,28
683,17
523,25
815,42
150,91
976,16
909,53
418,57
758,40
119,93
614,47
244,89
534,70
224,54
273,45
138,61
958,75
625,38
909,45
127,63
151,72
116,59
115,21
898,96
548,71
319,96
834,20
200,59
447,28
154,96
502,30
850,66
240,46
971,61
405,16
524,81
589,54
716,22
853,42
266,71
756,28
217,91
525,63
337,89
551,48
735,63
290,52
575,83
374,61
923,20
109,93
271,97
419,84
283,49
190,25
528,64
876,55
862,92
808,76
690,81
324,83
957,50
361,59
412,63
600,78
623,48
499,35
867,94
934,91
642,50
521,93
647,51
303,17
502,35
458,31
796,74
680,82
718,57
952,55
423,92
600,77
974,72
882,76
363,94
333,21
680,64
551,15
454,74
910,98
653,44
789,70
329,72
358,39
633,74
354,82
239,16
291,82
948,54
235,90
840,49
130,42
115,59
565,13
578,41
718,88
320,41
532,36
684,89
904,84
753,100
671,84
635,92
847,36
846,55
932,13
434,11
187,61
941,76
535,34
760,58
993,58
247,45
517,58
748,57
717,93
833,74
309,48
367,29
612,32
951,49
269,46
997,38
106,58
455,80
191,88
766,85
160,62
847,71
328,38
110,56
155,47
676,25
486,13
287,50
872,92
649,81
551,59
148,65
975,52
145,64
446,92
305,57
254,91
881,87
666,58
750,35
435,36
779,82
810,95
713,65
872,20
301,24
553,60
801,64
165,95
504,48
765,39
519,41
269,100
395,64
374,28
355,75
770,89
168,84
865,38
594,63
428,28
796,10
801,85
145,71
102,99
438,97
442,42
683,67
775,86
508,68
156,48
790,24
330,24
468,68
587,36
542,80
795,66
991,88
819,27
539,81
768,46
446,33
808,63
884,35
117,77
139,31
315,86
689,82
457,80
648,83
629,90
399,80
352,23
541,98
871,90
812,96
575,28
985,98
200,18
613,30
275,44
836,36
892,94
752,100
535,42
685,26
933,29
658,82
571,19
504,82
529,69
478,93
263,14
358,39
802,91
388,80
821,63
643,40
539,18
302,88
800,35
965,29
554,18
800,40
679,45
931,49
104,71
729,66
404,68
106,52
876,38
939,11
669,94
451,21
520,65
721,75
733,17
929,59
0
0
0
0
0
0
0
0
0
0
0
1
1
1
1
1
1
1
1
1
1
2
2
2
2
2
2
3
3
3
3
3
3
3
4
4
4
4
4
4
4
4
4
4
5
5
5
5
5
5
5
5
5
5
5
5
5
6
6
6
6
6
6
6
6
6
7
7
7
7
7
7
7
7
7
7
7
7
8
8
8
8
8
8
8
8
8
8
8
8
8
8
8
9
9
9
9
9
9
9
9
9
9
10
10
10
10
10
10
10
10
10
10
10
11
11
11
11
11
11
11
11
11
11
12
12
12
12
12
12
13
13
13
13
13
13
13
13
13
13
13
14
14
14
14
14
14
14
14
15
15
15
15
15
15
15
16
16
16
16
16
16
17
17
17
17
17
18
18
18
19
19
19
19
19
19
19
19
19
19
19
20
20
20
20
20
20
20
20
20
20
20
20
20
21
21
21
21
21
21
21
21
21
21
22
22
22
22
22
22
22
22
22
22
22
22
23
23
23
23
23
23
23
23
23
24
24
24
24
24
24
24
24
24
25
25
25
25
25
25
25
25
25
25
26
26
26
26
26
26
26
26
26
26
26
26
26
27
27
27
27
28
28
28
28
28
28
28
28
28
28
28
29
29
29
29
29
29
29
29
29
29
30
30
30
30
30
30
30
30
30
30
30
30
31
31
31
31
31
31
31
32
32
32
32
32
32
32
32
32
32
32
32
32
32
33
33
33
33
33
33
33
33
33
33
33
34
34
34
34
35
35
35
35
35
35
35
35
35
35
35
35
35
35
35
35
36
36
36
36
36
36
36
37
37
37
37
37
37
37
38
38
38
38
38
38
38
39
39
39
39
39
39
39
39
39
39
40
40
40
40
40
40
40
41
41
41
41
41
41
41
41
42
42
42
42
42
42
42
42
42
42
42
42
43
43
43
43
43
43
43
43
44
44
44
44
44
44
45
45
45
45
45
45
45
45
45
45
45
46
46
46
46
46
46
46
47
47
47
47
47
47
48
48
48
48
48
48
48
48
49
49
49
49
49
49
49
49
50
50
50
50
50
50
50
50
50
50
50
50
50
51
51
51
51
52
52
52
52
52
52
52
52
52
53
53
53
53
53
53
53
53
53
54
54
54
54
54
54
55
55
55
55
55
55
55
55
55
56
56
56
56
56
56
56
56
56
57
57
57
57
57
57
57
57
58
58
58
58
58
58
58
59
59
59
59
59
59
59
59
59
60
60
60
60
60
60
60
60
60
61
61
61
61
61
61
62
62
62
62
62
62
63
63
63
63
64
64
64
64
64
64
65
65
65
65
66
66
66
66
66
66
66
66
66
66
66
66
66
67
67
67
67
67
67
67
67
67
68
68
68
68
68
68
68
68
68
68
69
69
69
69
69
69
69
69
69
69
70
70
70
70
70
70
70
70
70
71
71
71
71
71
71
71
71
71
72
72
72
72
72
73
73
73
73
73
73
73
73
73
74
74
74
74
74
74
75
75
75
75
75
75
75
75
76
76
76
76
76
76
77
77
77
78
78
78
78
78
78
78
78
78
78
79
79
79
79
79
79
79
80
80
80
80
80
80
80
81
81
81
81
81
81
81
81
81
82
82
82
82
82
82
82
83
83
83
83
83
84
84
84
84
84
84
84
84
84
84
85
85
85
85
85
85
85
85
86
86
86
86
86
86
86
86
86
87
87
87
87
87
87
87
87
87
87
87
87
87
87
88
88
88
88
89
89
89
89
89
89
89
89
90
90
90
90
90
90
90
90
90
91
91
91
91
91
91
92
92
92
92
92
93
93
93
93
93
93
93
93
93
94
94
94
94
94
94
94
95
96
96
96
96
97
97
97
97
97
97
97
97
98
98
98
98
98
99
99
99
99
99
99
99
100
100
100
100
101
101
101
101
102
102
102
102
102
102
102
103
103
103
103
104
104
105
105
105
105
105
105
106
107
107
107
107
107
108
108
108
109
109
109
109
109
109
110
110
110
110
110
110
111
111
111
111
112
112
113
113
113
113
113
113
113
114
114
114
114
114
115
115
115
115
115
115
115
116
116
116
117
117
117
117
117
117
118
118
118
118
118
118
119
119
119
119
120
120
120
120
121
121
121
121
121
121
121
121
121
121
121
122
122
122
122
123
123
123
123
123
124
124
124
124
124
125
125
125
126
126
126
126
126
126
127
127
127
127
127
127
127
127
127
128
128
128
128
128
128
128
129
129
129
129
129
129
129
130
130
130
130
130
130
131
131
131
131
131
132
132
132
132
132
133
133
133
133
134
134
134
134
134
134
135
135
135
135
135
135
135
135
135
136
136
136
136
137
137
137
137
137
137
137
137
138
138
138
138
138
139
139
139
139
140
140
140
140
140
140
140
141
141
141
141
141
141
142
142
142
142
143
143
143
143
143
143
144
144
144
145
145
145
146
146
146
147
147
147
147
147
147
147
147
148
148
148
149
149
149
149
149
149
149
149
150
150
151
151
151
152
152
152
152
152
152
153
153
153
153
153
154
154
154
154
154
155
155
155
155
156
156
156
157
157
157
157
157
157
158
158
158
158
158
158
159
159
160
160
160
161
161
161
161
161
162
162
162
162
162
162
162
162
163
163
163
163
163
163
164
164
164
164
164
164
164
164
165
165
165
165
166
167
167
167
167
168
168
168
169
169
169
169
169
170
170
170
170
171
171
171
171
171
172
172
172
172
172
172
172
172
172
173
173
174
174
174
174
175
175
175
175
176
176
177
177
178
178
178
179
179
179
179
179
179
179
180
180
180
180
181
181
181
181
181
181
181
181
181
181
181
182
182
182
182
182
183
183
183
183
183
183
183
184
184
184
184
184
185
185
185
185
185
186
186
186
186
187
187
187
187
187
188
188
188
188
189
189
189
189
189
190
190
190
191
191
191
191
191
192
192
192
192
192
192
192
192
193
193
193
193
194
194
194
194
194
194
194
195
195
195
196
196
196
197
197
197
197
197
197
197
197
197
198
198
198
198
199
199
199
199
200
200
200
201
201
201
202
202
202
202
202
203
203
203
203
203
203
204
204
204
205
205
205
206
206
207
207
207
207
207
208
208
209
209
209
209
209
210
210
210
210
211
211
212
212
213
214
214
214
214
214
215
215
215
215
215
216
216
216
216
216
216
217
217
217
217
217
217
217
218
218
219
219
220
220
220
221
221
221
221
221
221
221
222
222
222
222
223
223
223
223
223
223
223
224
224
224
224
224
224
224
224
225
225
225
226
226
226
226
226
226
227
227
228
228
228
229
229
229
230
230
230
230
230
231
231
231
231
231
232
232
233
233
233
233
233
233
235
235
235
235
236
237
237
237
238
238
238
239
239
239
240
241
241
242
242
243
243
244
244
244
244
244
244
244
245
245
245
245
245
245
245
245
245
245
246
246
246
246
246
247
247
248
248
248
248
248
248
248
248
248
249
249
249
250
250
250
251
251
251
251
252
252
252
252
252
252
252
253
253
253
253
253
253
253
253
253
254
254
254
254
254
254
255
255
255
255
255
255
255
256
256
257
257
257
258
258
258
259
259
259
259
260
260
260
260
261
261
261
261
261
261
261
261
262
262
262
262
263
264
264
264
264
265
265
265
265
265
265
266
266
266
267
267
267
267
267
267
267
268
268
268
269
269
269
270
270
270
270
270
271
271
271
272
272
273
273
273
273
274
274
274
275
275
275
275
275
275
275
275
275
275
276
276
276
276
277
277
278
278
278
278
279
279
280
280
280
280
281
281
282
282
282
282
283
283
283
283
283
283
284
284
284
284
284
285
286
286
286
286
286
287
287
287
287
287
288
288
288
289
289
289
289
290
290
290
290
291
291
292
292
292
292
292
292
292
293
293
293
293
293
293
294
294
295
295
295
295
295
295
297
297
297
298
298
298
298
299
299
299
300
300
300
301
302
302
302
303
304
304
305
305
306
306
306
307
307
307
307
308
308
308
309
309
309
310
310
310
310
311
312
312
312
312
312
313
313
314
314
314
315
315
315
315
315
315
315
316
316
317
317
317
317
318
318
318
318
318
319
319
319
319
320
320
320
320
320
320
320
321
321
321
321
322
322
322
322
323
323
323
323
323
324
326
326
326
326
326
327
327
327
327
327
328
328
328
328
329
329
329
330
330
331
331
331
332
332
332
332
333
333
333
333
334
335
335
335
335
335
336
336
337
337
337
337
337
338
338
338
338
339
339
339
339
340
340
340
341
342
342
342
342
342
344
344
345
345
345
345
345
346
346
348
348
348
350
350
350
350
351
351
351
352
352
352
352
353
354
354
354
354
355
355
355
356
356
356
357
357
357
358
359
359
359
359
360
360
360
360
361
361
361
361
362
362
362
362
362
363
363
363
364
364
365
365
366
366
366
367
367
368
368
368
369
369
370
370
371
371
371
371
371
371
371
372
372
372
373
374
374
374
374
374
375
375
375
375
375
376
376
376
376
377
378
378
378
378
378
378
378
379
379
379
379
379
380
381
382
382
382
382
382
383
383
383
383
383
384
384
384
384
385
385
385
386
386
386
386
386
387
388
388
388
388
389
390
391
391
391
392
392
392
392
392
393
393
394
394
394
394
394
395
395
396
396
396
396
396
397
397
397
398
398
399
399
400
401
401
401
402
402
402
403
403
403
403
404
404
404
404
404
405
405
406
406
406
406
407
407
407
408
408
408
409
409
410
410
411
412
412
412
412
412
413
413
413
414
414
414
415
415
415
415
415
416
416
416
416
417
418
418
419
419
419
419
420
420
421
421
421
421
421
422
422
422
422
422
424
424
425
425
426
427
427
427
427
427
427
428
428
428
428
429
429
429
430
431
431
431
431
431
432
432
432
433
433
434
434
434
434
434
435
435
435
436
436
436
437
437
437
437
437
437
437
438
438
438
439
440
440
440
440
440
441
441
441
443
443
443
443
444
444
444
444
444
445
445
445
445
448
448
448
448
449
450
450
450
451
451
451
451
451
453
453
453
453
454
454
454
454
455
455
455
456
456
456
458
458
458
458
459
459
460
460
460
461
461
461
461
462
463
463
465
465
465
466
466
467
467
467
467
467
467
468
468
468
468
468
468
469
470
470
471
472
473
473
473
473
474
475
475
476
476
476
477
477
477
478
478
479
479
479
479
480
481
481
481
481
482
482
482
483
484
484
484
484
485
485
485
485
485
486
486
487
487
488
488
489
489
490
490
491
491
491
491
492
492
492
493
493
493
493
493
494
494
494
494
495
495
495
495
495
496
496
497
500
500
500
501
501
501
501
501
502
502
502
504
505
506
506
506
506
507
508
508
509
509
511
511
512
513
513
513
514
515
515
516
516
516
517
517
518
520
520
520
521
521
521
522
522
522
523
523
523
524
524
524
524
524
525
525
525
526
526
526
527
528
529
529
529
530
530
531
531
532
533
533
534
534
534
535
535
535
536
536
536
537
537
537
539
539
539
540
540
540
541
541
541
541
544
544
545
545
545
545
545
546
546
546
546
547
547
548
548
548
548
549
549
550
550
550
550
551
551
551
551
551
552
553
553
554
554
556
557
557
557
558
558
559
559
559
560
560
560
561
561
562
562
562
562
563
563
563
564
564
565
566
566
566
566
567
567
567
567
567
568
568
568
569
569
569
569
569
569
570
570
571
571
571
571
574
574
575
576
576
577
577
577
578
579
579
580
580
580
580
580
581
581
581
581
581
582
582
583
583
584
584
584
584
584
584
585
586
587
587
587
588
588
588
588
589
589
590
591
591
592
592
592
593
593
593
594
594
595
595
595
596
596
596
596
596
596
597
597
597
598
598
598
599
599
599
600
600
600
601
601
601
602
602
603
603
604
604
605
606
606
606
606
607
607
607
608
608
608
608
608
608
609
610
610
610
611
611
612
612
612
612
612
612
613
613
613
614
614
615
615
615
615
615
616
616
616
616
617
618
618
618
618
618
619
619
620
620
620
621
621
621
621
621
622
623
623
623
623
623
623
623
624
624
625
625
625
625
626
626
626
627
627
627
627
627
628
628
628
628
629
630
630
631
632
632
632
634
634
636
636
637
637
638
638
638
638
639
639
639
639
639
639
640
640
640
640
640
641
641
642
642
642
643
643
644
645
645
646
646
646
646
647
647
648
649
649
649
649
649
650
651
652
652
652
652
653
653
653
654
654
654
654
654
655
655
655
656
656
656
657
658
659
659
659
659
659
660
662
662
663
663
664
664
664
664
665
666
666
666
667
667
667
668
668
668
669
669
669
670
670
670
670
671
671
672
673
673
673
674
674
674
674
675
675
675
675
676
677
677
677
677
677
678
678
679
680
680
680
681
681
681
681
681
683
683
683
684
684
684
685
686
686
686
686
687
687
687
687
687
688
688
688
689
691
691
691
693
693
693
693
694
694
695
695
695
697
698
698
700
701
701
701
701
701
701
701
702
702
705
706
706
706
706
707
707
707
707
708
709
709
710
710
711
711
711
712
712
712
713
713
714
715
715
715
716
716
717
717
718
719
719
719
719
720
720
721
721
721
722
722
723
724
725
725
726
726
726
726
727
727
727
728
728
728
729
730
730
730
731
731
731
732
732
732
732
732
732
732
733
733
733
734
734
734
734
735
735
735
735
735
736
736
737
737
737
738
738
739
740
740
741
741
742
742
743
743
744
745
745
748
748
748
748
750
750
750
750
751
751
751
751
752
752
753
753
753
754
755
755
756
756
757
757
758
758
758
759
759
759
760
760
761
762
762
763
763
763
765
765
766
767
767
768
768
768
769
769
770
770
770
771
772
772
773
773
773
773
774
774
774
774
775
776
776
776
777
777
777
777
777
778
778
779
779
779
779
780
780
781
781
781
782
782
782
783
783
783
783
785
785
785
786
786
786
787
787
788
788
788
788
788
789
789
789
789
790
790
790
790
790
790
791
791
792
792
793
793
793
793
793
794
794
795
795
796
797
797
797
798
798
799
799
800
800
800
801
801
802
802
802
802
803
803
803
803
803
803
804
804
805
805
805
806
806
806
807
807
807
807
808
808
808
808
809
809
810
810
810
810
810
811
811
811
811
812
812
813
813
814
814
814
815
815
815
815
816
816
816
817
819
820
821
821
821
821
821
821
821
822
822
822
823
823
824
824
824
825
825
825
825
826
826
826
826
826
827
827
827
828
828
830
830
830
831
832
832
832
833
833
834
834
834
834
835
835
835
835
836
837
837
838
838
838
839
839
839
839
839
841
842
843
843
843
843
843
844
845
845
845
846
846
846
847
847
847
847
847
847
848
848
848
848
849
849
849
849
849
850
850
850
850
852
852
852
852
853
854
854
855
855
856
856
858
858
858
858
859
859
859
860
860
861
862
863
863
864
864
864
864
864
866
866
867
867
867
867
867
868
868
868
869
869
870
870
871
872
872
872
874
874
874
875
875
876
876
876
876
877
877
878
879
879
880
880
880
881
881
882
882
882
882
882
882
883
884
886
886
886
887
888
888
889
889
889
890
890
890
890
891
891
891
891
892
892
893
893
893
893
893
893
894
894
895
895
895
895
896
896
897
897
897
897
897
897
897
897
898
899
900
900
900
900
900
901
901
901
901
901
902
902
902
903
903
903
904
904
904
905
905
905
906
906
906
906
906
907
907
907
907
908
908
909
909
910
910
910
911
911
911
912
912
912
913
913
914
914
914
915
916
916
916
916
916
916
917
917
918
918
918
920
923
925
925
925
925
925
925
925
926
926
926
926
926
927
927
927
927
928
928
928
929
929
930
930
930
930
930
931
932
933
933
933
934
935
935
936
936
936
937
937
937
937
937
937
938
938
938
938
939
939
939
940
941
941
941
941
941
942
942
943
943
943
944
944
944
945
945
946
946
946
947
947
947
948
948
948
949
949
949
950
950
950
951
953
955
955
955
955
956
956
956
957
958
959
959
959
960
962
962
962
962
963
964
964
964
965
965
966
967
967
967
967
968
968
969
969
969
969
971
972
972
973
973
973
973
973
974
974
975
975
976
976
976
977
978
978
978
978
978
982
982
982
982
982
983
983
983
983
983
983
984
985
985
985
986
986
986
986
987
987
987
987
988
988
988
988
989
989
990
990
990
990
991
991
991
992
992
992
993
993
994
994
995
995
996
996
996
996
996
996
996
997
997
997
997
997
997
998
998
999
1000
1000
1000
1000
1001
1001
1001
1001
1002
1002
1002
1002
1003
1003
1003
1004
1004
1004
1004
1004
1005
1005
1006
1006
1006
1006
1006
1007
1007
1007
1008
1008
1008
1009
1009
1009
1009
1010
1010
1010
1010
1011
1011
1011
1011
1011
1012
1013
1014
1015
1015
1015
1015
1015
1015
1015
1015
1016
1016
1016
1016
1017
1018
1018
1018
1019
1019
1019
1019
1020
1020
1020
1020
1021
1022
1022
1023
1023
1023
1024
1024
1025
1025
1025
1025
1025
1025
1026
1026
1027
1027
1027
1027
1027
1027
1028
1028
1028
1028
1029
1030
1030
1031
1031
1032
1033
1033
1033
1033
1034
1034
1034
1034
1034
1034
1034
1034
1036
1036
1036
1038
1038
1038
1038
1038
1039
1039
1040
1040
1041
1041
1041
1041
1042
1042
1043
1043
1043
1044
1044
1044
1044
1044
1046
1046
1046
1046
1046
1046
1046
1047
1047
1047
1048
1049
1049
1049
1049
1050
1051
1051
1051
1051
1051
1051
1052
1052
1052
1053
1053
1054
1054
1054
1054
1054
1054
1054
1055
1055
1055
1055
1055
1056
1056
1056
1056
1056
1056
1056
1056
1057
1057
1057
1058
1058
1059
1060
1060
1060
1061
1061
1061
1061
1061
1062
1062
1063
1063
1063
1065
1065
1065
1066
1067
1067
1067
1067
1067
1067
1067
1067
1068
1068
1068
1068
1068
1068
1069
1069
1069
1069
1069
1070
1070
1070
1070
1071
1071
1071
1072
1072
1072
1072
1072
1073
1073
1073
1074
1074
1075
1075
1077
1077
1078
1078
1079
1080
1080
1080
1081
1081
1081
1081
1081
1082
1082
1082
1082
1083
1083
1083
1084
1084
1085
1085
1086
1086
1086
1087
1087
1088
1088
1088
1088
1089
1089
1089
1089
1089
1090
1090
1090
1091
1091
1092
1092
1092
1092
1093
1093
1093
1093
1093
1093
1093
1094
1094
1094
1094
1095
1095
1096
1096
1097
1097
1097
1097
1098
1098
1098
1098
1098
1099
1099
1099
1100
1100
1100
1100
1101
1101
1101
1102
1102
1102
1103
1103
1103
1103
1103
1103
1103
1104
1104
1104
1104
1105
1105
1105
1106
1106
1106
1107
1107
1107
1107
1107
1108
1108
1108
1108
1109
1109
1109
1109
1109
1109
1109
1109
1110
1110
1110
1110
1110
1110
1110
1110
1111
1112
1112
1112
1113
1113
1113
1113
1113
1113
1113
1114
1114
1114
1114
1114
1115
1116
1117
1117
1118
1118
1118
1119
1119
1119
1120
1120
1120
1121
1121
1121
1121
1121
1122
1122
1123
1123
1123
1124
1124
1124
1125
1125
1127
1127
1127
1128
1128
1128
1128
1128
1128
1128
1128
1129
1129
1130
1130
1130
1131
1132
1132
1132
1133
1133
1134
1134
1134
1135
1135
1135
1135
1135
1135
1135
1135
1136
1136
1136
1136
1137
1138
1138
1138
1138
1138
1139
1139
1140
1140
1140
1140
1141
1141
1141
1141
1141
1142
1142
1142
1143
1143
1143
1143
1143
1143
1144
1145
1145
1146
1146
1147
1147
1147
1148
1148
1148
1148
1148
1148
1149
1149
1149
1151
1151
1151
1152
1153
1153
1153
1153
1153
1154
1154
1154
1154
1154
1155
1155
1155
1156
1156
1157
1157
1157
1157
1157
1159
1159
1159
1160
1160
1160
1160
1160
1161
1161
1161
1161
1161
1161
1162
1162
1162
1162
1163
1163
1163
1163
1164
1164
1164
1164
1164
1164
1165
1165
1165
1165
1165
1165
1166
1167
1167
1167
1168
1169
1169
1169
1169
1170
1170
1171
1171
1171
1171
1171
1172
1172
1172
1173
1173
1173
1173
1173
1173
1174
1174
1175
1175
1175
1175
1175
1175
1176
1176
1176
1176
1176
1176
1177
1177
1178
1179
1179
1179
1180
1180
1180
1180
1180
1180
1181
1181
1181
1181
1181
1181
1182
1182
1182
1183
1183
1183
1184
1184
1184
1184
1185
1185
1185
1185
1185
1185
1185
1186
1186
1186
1186
1186
1186
1187
1187
1187
1187
1187
1187
1188
1188
1188
1189
1189
1189
1189
1189
1189
1190
1190
1190
1190
1191
1191
1191
1191
1191
1191
1192
1192
1194
1194
1195
1195
1195
1196
1196
1196
1196
1196
1197
1197
1197
1197
1197
1197
1198
1198
1198
1199
1199
1200
1200
1200
1200
1200
1201
1201
1201
1202
1202
1203
1203
1203
1203
1203
1204
1204
1204
1204
1205
1205
1205
1206
1206
1206
1207
1207
1208
1208
1208
1209
1209
1209
1209
1209
1210
1210
1210
1210
1210
1211
1211
1211
1211
1211
1211
1211
1211
1212
1212
1212
1212
1212
1213
1213
1214
1214
1214
1215
1215
1215
1216
1216
1216
1217
1217
1217
1217
1217
1218
1218
1218
1218
1219
1219
1219
1219
1219
1219
1219
1219
1220
1220
1220
1221
1221
1221
1222
1222
1222
1222
1223
1223
1223
1223
1224
1224
1224
1225
1225
1225
1225
1225
1226
1226
1226
1226
1227
1227
1228
1228
1228
1229
1229
1229
1229
1230
1230
1230
1230
1230
1231
1231
1231
1231
1231
1232
1232
1232
1233
1233
1234
1234
1234
1234
1235
1235
1235
1235
1235
1236
1236
1236
1237
1237
1238
1238
1238
1238
1238
1238
1238
1239
1239
1239
1240
1240
1241
1241
1241
1241
1241
1242
1242
1242
1242
1243
1243
1243
1243
1244
1244
1244
1245
1245
1245
1245
1245
1246
1247
1248
1248
1248
1248
1248
1249
1249
1249
1249
1249
1249
1249
1249
1251
1251
1251
1251
1252
1253
1253
1253
1253
1253
1253
1254
1254
1254
1254
1254
1255
1255
1255
1256
1256
1256
1256
1256
1256
1257
1257
1257
1257
1257
1257
1258
1258
1258
1258
1259
1259
1259
1259
1259
1260
1260
1260
1260
1261
1262
1262
1262
1262
1262
1263
1263
1263
1264
1264
1264
1264
1264
1264
1264
1265
1265
1266
1266
1266
1266
1267
1268
1268
1268
1269
1269
1269
1270
1270
1270
1271
1271
1271
1271
1271
1271
1271
1272
1272
1272
1272
1272
1273
1273
1273
1273
1274
1274
1274
1274
1274
1274
1274
1274
1275
1275
1276
1277
1277
1277
1277
1277
1277
1278
1278
1278
1278
1278
1278
1278
1279
1280
1280
1280
1280
1281
1283
1283
1284
1284
1284
1285
1285
1285
1285
1285
1286
1286
1287
1287
1287
1287
1287
1287
1287
1287
1287
1289
1289
1289
1289
1289
1290
1290
1290
1290
1290
1291
1291
1291
1291
1292
1292
1293
1293
1294
1294
1295
1296
1296
1296
1296
1296
1297
1297
1297
1298
1299
1299
1300
1300
1300
1300
1302
1302
1302
1303
1303
1304
1304
1305
1305
1306
1306
1306
1306
1306
1307
1308
1308
1308
1308
1309
1309
1309
1309
1309
1310
1310
1310
1310
1310
1311
1311
1311
1312
1312
1313
1313
1313
1314
1314
1314
1314
1314
1314
1315
1315
1315
1316
1316
1316
1316
1317
1317
1317
1317
1318
1319
1320
1320
1320
1320
1320
1320
1321
1321
1321
1321
1322
1322
1323
1323
1324
1324
1324
1324
1325
1325
1326
1326
1326
1326
1326
1327
1327
1327
1327
1328
1328
1328
1329
1329
1330
1330
1330
1330
1331
1332
1332
1333
1333
1333
1333
1333
1334
1334
1334
1334
1334
1334
1334
1335
1335
1336
1336
1336
1336
1337
1337
1338
1338
1338
1338
1338
1339
1339
1339
1339
1340
1340
1340
1340
1340
1341
1342
1342
1342
1343
1343
1343
1344
1344
1344
1344
1344
1345
1345
1345
1345
1346
1346
1346
1346
1346
1347
1348
1348
1349
1349
1350
1350
1351
1351
1351
1351
1351
1353
1353
1353
1353
1354
1354
1354
1355
1355
1355
1355
1355
1356
1356
1356
1356
1356
1357
1357
1358
1360
1360
1360
1360
1360
1360
1361
1361
1361
1361
1361
1361
1361
1362
1362
1362
1362
1363
1364
1364
1365
1365
1365
1366
1366
1366
1366
1366
1366
1366
1367
1368
1368
1369
1369
1369
1369
1369
1370
1370
1370
1370
1370
1370
1371
1372
1372
1372
1372
1372
1373
1373
1373
1374
1374
1374
1374
1374
1375
1375
1375
1375
1375
1376
1376
1376
1376
1377
1377
1377
1377
1378
1378
1378
1378
1378
1378
1379
1379
1379
1379
1380
1380
1380
1380
1382
1382
1382
1382
1385
1385
1385
1386
1386
1387
1387
1387
1387
1387
1387
1387
1387
1387
1387
1388
1388
1388
1388
1389
1389
1389
1390
1390
1390
1390
1391
1391
1391
1391
1391
1391
1391
1392
1392
1392
1392
1393
1393
1393
1394
1394
1394
1394
1394
1395
1396
1396
1396
1397
1397
1397
1398
1398
1398
1398
1398
1399
1399
1399
1399
1399
1399
1400
