# Primero viene la cantidad (n) de timestamps para ambos, luego n líneas que son un timestamp aproximado cada uno separado por una coma (',') del error, y luego n lineas de las transacciones del sospechoso
5000
5098,95
2802,497
4767,170
2857,320
1048,484
2426,461
3959,117
4658,337
4408,392
2732,65
3690,321
6439,121
4653,160
3087,58
2952,80
6830,248
6859,365
1957,333
5610,68
5036,232
3397,321
4919,489
3842,92
1340,132
5236,428
2424,316
2953,260
5734,217
1804,493
2603,206
1028,88
3729,403
5017,390
5641,273
614,487
4827,495
3230,111
1168,74
3894,322
5878,478
572,341
6283,236
4480,173
5368,334
4191,155
3801,75
2116,498
5985,236
3926,335
3068,459
6716,268
1062,339
4972,210
4024,308
6591,337
4210,322
2628,92
2865,445
3796,377
5902,351
6576,276
5712,191
4910,73
3289,327
2788,413
3778,226
1131,67
3497,490
2308,294
4975,327
3084,398
4380,498
6487,319
1392,272
6015,250
5368,352
2958,304
1583,75
539,355
834,181
3551,198
4367,301
6882,245
854,209
5475,410
755,391
6384,311
6374,419
6025,185
4892,499
6734,394
6975,448
5150,377
885,140
1186,263
5843,427
3515,176
2467,85
6691,299
6290,263
4794,271
564,490
6707,435
4641,186
5002,91
3765,55
6978,261
5373,78
6987,487
6804,216
5040,369
3611,389
3793,475
1673,423
1311,442
6125,50
6256,452
5753,56
3197,483
2471,232
4545,240
572,431
1160,126
5242,370
2338,289
5006,359
6002,399
6694,96
5381,225
3023,268
1328,226
3081,269
3562,243
1848,302
3140,254
1076,220
5670,69
3346,95
5697,152
4558,287
5607,242
2734,271
1095,152
4781,441
588,112
5089,382
1365,449
3695,109
3790,275
6603,201
1564,427
6750,318
3695,449
6050,207
1082,350
3334,387
6712,422
618,355
6276,343
555,266
1811,237
5905,273
4197,91
2820,404
2388,402
4816,170
1794,72
3486,387
3182,418
6060,57
4644,379
602,138
5279,345
6965,55
3670,421
6512,105
733,140
2757,94
2503,64
1049,402
1365,155
5940,179
4445,55
2772,98
1535,442
2184,327
1084,412
1171,264
5138,158
951,441
2844,221
5931,349
5898,66
6075,83
1870,453
6133,53
3246,198
2611,326
993,68
4193,170
3331,95
6960,211
6527,174
1876,92
2389,369
2863,417
6966,457
1914,266
4965,401
1442,78
2823,151
3858,170
739,54
4444,381
2285,365
4946,479
3026,175
1002,106
6145,202
5170,244
1189,94
1829,107
997,63
6614,98
1737,314
6594,404
5575,396
3890,106
6479,133
3314,492
3678,110
5214,294
3843,138
5035,328
5572,85
4166,268
5163,467
1764,225
2933,404
834,186
2901,67
2289,285
2293,177
909,215
1793,221
5929,180
5338,320
4055,373
6081,247
4774,288
5044,340
4438,64
2160,371
4116,263
4651,476
3512,357
2880,105
2060,140
995,251
1646,402
2242,71
511,455
2056,239
4427,451
2058,346
3899,375
4499,175
2417,444
2447,136
3340,194
760,456
551,264
3417,253
4135,259
6812,294
4285,345
2918,270
5010,444
3706,313
6345,476
1724,121
5618,105
3164,491
3794,234
3297,189
1668,292
2324,246
795,95
2097,115
3431,391
5056,294
1503,156
545,240
4275,61
1335,169
3598,186
914,119
2610,112
3561,367
2675,297
4839,464
806,280
5116,285
2731,171
1126,191
5182,186
4620,402
5914,52
6365,109
6064,395
1827,177
5667,215
5598,204
3875,261
3398,153
780,216
6741,61
1924,257
1434,463
2051,85
1485,347
4688,287
6146,123
6001,131
2441,93
3826,420
2140,487
4602,100
537,376
3140,474
2132,384
1668,214
2552,451
3569,344
4871,120
5339,349
4053,281
6856,203
4845,273
6252,94
1262,117
6451,71
516,268
5007,255
6165,377
2978,196
1198,297
5825,428
2980,76
5441,106
1197,75
2827,82
2995,479
3662,327
2805,473
3505,77
2653,356
3734,101
6704,160
6371,72
1290,407
6417,113
3248,120
2148,377
577,245
3849,70
3049,168
4850,290
1678,142
3580,127
1580,399
4510,244
5212,282
6123,380
3116,406
829,445
5684,350
885,237
5622,166
2297,161
6208,436
6885,251
6230,73
5664,86
4128,384
4634,108
6312,66
3711,285
2997,356
1425,123
2372,404
1807,381
6076,450
4333,481
2026,162
4361,447
5241,449
571,89
2496,287
5191,250
5212,142
1004,133
3518,283
6679,280
6880,244
6856,381
4481,451
6765,191
3558,386
2370,74
5645,440
1900,353
4405,240
5333,268
5764,383
745,65
3307,107
1881,310
2019,367
4856,235
2750,432
1902,256
3081,61
4906,296
5234,134
4554,272
3340,404
1209,446
6641,330
3919,97
845,317
4888,465
1224,365
2678,417
2899,321
4321,77
5212,453
2547,456
6215,364
5534,106
4513,190
5328,200
3098,188
2352,200
3238,84
1275,202
5086,234
3287,63
5516,230
6328,171
3346,349
6482,364
1271,119
4625,428
4088,405
1082,165
3527,466
6425,128
543,303
2855,386
4893,140
4679,403
5083,294
5761,314
4123,318
3440,282
2409,297
5285,306
4110,488
549,478
2931,251
6779,65
3278,131
5239,170
2734,344
1107,97
585,353
6427,281
1597,280
1320,347
4055,401
5269,498
2865,462
4424,295
6184,139
2965,197
2166,268
3230,446
1078,173
1856,170
6354,260
5287,388
4721,89
4686,389
6666,152
5124,250
2901,471
5664,85
3745,222
6242,217
5776,349
1261,462
6238,289
4270,210
5205,379
2585,457
5435,393
5387,81
1658,119
638,132
1556,364
6871,442
2952,488
6390,374
1359,266
1075,396
6614,113
4315,467
6197,184
6912,420
1910,273
5847,61
3277,118
6880,76
4284,265
6878,500
1557,232
6477,137
3587,131
6416,422
3194,94
4343,134
800,237
3389,339
4459,190
1620,277
4904,498
2382,474
5470,398
5868,323
5875,207
2380,465
1730,433
3689,157
1537,381
2454,92
870,420
4575,384
5798,196
6775,372
3850,415
5290,406
6465,407
2700,219
6765,87
4590,405
6594,302
4784,387
1765,494
5850,179
4466,369
5337,384
3138,86
6704,346
6699,256
6845,64
6997,74
1371,285
5710,157
3455,197
4394,463
2170,83
4289,243
6393,106
4548,103
1598,65
6229,451
3184,323
4828,305
728,125
1373,480
4748,179
4980,139
5535,427
6154,357
3448,338
4097,292
1577,67
6465,454
859,177
1834,65
1099,66
4631,462
837,255
2566,254
1239,187
4617,307
2529,105
1438,402
2515,385
6021,214
2772,59
2642,430
6591,263
4193,133
3268,360
3519,321
3617,202
1955,63
3356,310
5688,251
1385,97
4586,332
6448,375
823,54
3346,404
3642,394
2088,297
1994,383
6599,139
5349,149
2455,438
2777,400
3065,144
5279,70
2916,493
4821,338
2603,460
4564,376
6713,211
6064,73
3866,358
5869,405
5995,449
6769,366
790,252
556,188
5372,215
6360,183
4735,225
6735,378
3313,383
5025,472
2943,52
6993,222
4920,63
5339,124
949,360
2912,304
6798,441
6699,445
2041,93
6208,373
5301,494
2762,125
1600,454
4409,399
5629,195
4226,415
3381,295
5756,423
1527,99
4451,104
5621,449
2955,411
2366,288
5884,276
968,158
1574,194
2894,156
5313,446
1737,412
3093,364
3849,111
2284,258
1972,347
3973,413
6179,423
6849,205
6817,74
1153,330
1237,215
5829,94
3830,454
4287,79
3685,348
2029,302
3803,331
2933,323
3995,458
776,417
2020,400
4811,272
3201,303
2960,428
1074,394
1825,101
1028,252
5644,364
3852,167
1553,278
6998,182
2630,426
979,352
2907,458
608,88
988,353
5864,474
2028,446
4297,309
881,455
3049,282
4699,75
4533,64
1586,210
1529,452
2725,109
4820,56
6698,212
4416,130
2462,367
2538,461
1269,162
4627,333
6495,291
2547,99
638,412
4951,201
2572,323
5172,103
2091,303
6656,306
2064,394
1200,110
1686,382
1815,460
6767,339
2960,420
4555,426
1211,54
4095,56
5440,153
2580,407
1140,126
4048,365
4017,329
1684,318
3062,425
664,404
2331,176
2941,183
6990,313
5284,110
6000,337
4256,321
2117,419
4009,218
1644,435
3072,119
6196,282
6560,434
4948,149
4257,379
5260,96
2655,316
4440,272
850,223
1443,188
958,309
6530,357
4799,143
3026,491
4598,122
917,276
6200,124
1363,376
2339,170
3822,235
794,244
1031,481
5821,204
2079,395
5855,56
5149,181
6319,449
3024,168
6868,443
5750,442
5553,472
6923,368
3210,62
4564,137
1283,273
1638,440
6220,317
1694,215
2419,195
5196,54
4315,298
2457,398
1217,486
4584,227
6346,81
953,117
4244,72
1823,53
5881,472
891,57
6069,101
6765,418
720,377
1595,440
4255,408
1189,367
1984,298
3130,401
3502,140
896,423
6181,315
4139,342
3789,210
4407,160
1048,192
2316,419
2813,306
1155,400
3642,379
3821,76
2667,201
6887,346
5909,294
751,500
2572,379
1717,467
1131,375
1770,403
6891,90
2287,208
2671,276
3999,214
3717,246
6709,454
5337,369
6245,436
5189,222
3113,405
6530,114
4151,121
691,232
4798,135
1775,169
2209,389
4298,285
5667,84
5656,488
5610,120
5991,50
735,335
3366,461
3092,363
3579,265
958,135
6888,351
5210,177
6471,342
2558,204
5450,220
4147,280
6712,431
3578,361
825,488
5234,289
5759,403
604,248
824,239
1231,386
1629,475
3067,254
922,323
4610,142
1675,197
4823,220
2143,265
3332,427
1282,487
923,66
4026,425
5944,267
4636,180
1784,251
671,243
3315,334
5376,319
5921,420
5193,138
5396,369
3085,468
5121,141
1078,135
4129,113
3244,309
3654,400
2153,210
3554,353
6789,70
1182,213
1771,171
3354,145
3333,302
5852,411
1163,64
511,144
1854,65
3791,225
6695,451
2544,89
1037,353
4205,171
920,83
5985,375
1470,449
6109,304
2881,465
2358,392
5389,164
912,82
2007,409
6582,476
5745,434
3962,272
3655,150
1073,197
2980,436
3302,290
5371,86
2393,346
5523,200
2518,442
644,403
5170,485
2437,379
5721,359
4688,399
5277,379
3239,180
2249,223
3296,328
4411,338
5105,209
4934,395
4475,476
4373,315
4301,349
2315,324
2074,439
1403,207
5758,237
4859,464
5077,258
1817,108
5916,78
1828,244
6116,414
4742,369
803,76
3357,96
3007,439
4833,207
3840,488
3943,195
773,66
914,178
1246,455
3591,196
1837,276
5800,86
4736,417
2451,150
5297,202
3345,469
1006,354
1039,394
4950,205
5078,373
518,470
4803,369
5080,185
1563,290
772,204
5807,295
5978,389
2949,444
5737,135
6344,500
3468,243
5201,190
4877,102
6279,79
4558,455
6469,435
3383,454
6750,357
4011,213
554,79
5188,106
2394,328
6509,203
3133,293
2127,192
2478,119
2307,132
3843,431
855,236
886,51
6766,460
2509,378
5238,215
6097,100
6824,102
1122,398
4414,192
6906,349
5582,373
6512,137
799,475
4571,128
2853,448
3552,213
3035,471
2114,328
1267,321
6419,369
2951,128
599,199
6235,382
4161,472
4572,352
6297,483
2716,474
921,151
3420,395
6608,466
870,448
1040,200
4034,115
2970,207
827,267
2641,137
3489,430
4312,148
720,428
3062,444
4419,448
4762,186
2436,70
6358,360
3533,223
6503,245
5083,489
5672,257
1125,456
3256,484
5116,260
768,481
6161,454
3030,461
6269,201
6751,419
963,324
4221,337
2681,188
6149,58
2228,371
6290,379
1727,76
5187,269
5764,204
5631,60
5411,147
5290,380
5398,366
2535,241
5716,74
5428,172
4166,217
5484,205
2280,339
2544,57
1104,51
6578,187
4103,497
3463,179
3870,404
2438,470
3005,245
2288,134
6689,443
3196,159
2867,404
5026,126
4694,151
5814,164
1832,433
5572,75
4617,119
5010,406
563,196
655,326
971,179
5467,241
2540,324
995,341
6042,51
1851,311
3722,82
3291,352
3863,190
4698,134
6580,360
5613,100
5116,146
623,235
5093,305
786,297
4784,113
5541,367
5446,84
1820,393
2812,121
5914,203
1582,106
689,72
2257,227
1082,86
5314,439
6165,120
3610,317
4896,329
2653,166
5270,161
4004,465
3880,458
852,53
2790,294
1031,413
4323,239
677,367
4440,240
4490,205
4351,420
2119,268
3743,190
4625,412
4079,457
5066,72
5978,331
507,130
762,167
2012,246
2110,134
1620,303
5699,385
4813,250
2933,149
1944,112
4335,387
6025,315
6784,447
2604,309
3982,102
1645,320
3075,275
695,193
2324,434
1657,308
6570,405
4112,202
5796,416
534,126
1553,107
5570,326
5181,414
4350,280
6340,183
4554,490
6737,414
1319,463
5668,87
3898,171
3299,472
6954,411
3520,115
5550,281
1160,332
3477,287
1037,395
920,308
1186,444
604,469
6268,315
729,419
2170,149
4458,459
4990,210
3877,184
4158,146
2128,107
6359,438
2274,92
2160,411
4489,260
2175,73
5471,463
4145,166
1323,103
1284,310
3901,99
2731,116
5452,462
5072,181
4273,213
3511,123
3725,145
5790,64
5118,123
5166,478
1157,156
4514,363
4841,284
4141,380
4306,429
3410,209
6130,81
6850,440
1400,194
830,353
1181,365
1912,345
666,389
6803,273
2458,193
1782,299
5474,96
4663,484
6205,196
4686,207
4337,73
6165,459
4118,169
4765,102
5350,357
4300,400
6233,480
2640,234
3005,120
6797,327
5144,224
3536,331
3751,427
5671,129
2346,482
3774,319
3571,181
2746,167
5984,65
2916,382
6157,96
3503,145
6666,432
1347,420
6646,397
4435,57
4246,382
2048,137
5611,288
5842,270
1409,301
6181,249
2756,327
3088,235
1868,203
959,100
6805,465
2736,195
4192,476
6852,167
6717,198
3453,117
5241,386
3512,322
4361,279
4799,309
1701,426
2303,317
2486,443
2442,293
1072,254
4656,179
1786,159
3607,153
6506,295
5795,333
6687,273
6408,390
4024,159
3981,387
3213,334
701,434
1784,75
5116,457
6585,432
4194,215
2874,322
1769,72
1582,131
986,67
4893,481
590,206
5854,262
1308,364
3210,109
3198,395
4273,478
2695,493
4996,450
5213,82
5395,360
760,311
5795,195
4861,373
5060,207
2696,204
5315,121
539,398
4048,118
4983,204
4966,371
1308,361
2269,113
1915,318
1043,212
3474,143
4748,327
5677,247
4144,128
1502,146
1664,349
3163,378
5444,105
5228,156
6227,179
3931,472
4391,114
3041,52
2553,140
1395,162
807,343
6690,78
1639,280
6290,196
4353,420
3405,483
6256,410
877,137
6444,338
1980,131
4019,431
4870,420
2529,101
6234,60
1039,385
1518,67
2591,310
4644,320
3809,189
2019,154
6874,108
4114,232
913,76
4947,83
2407,102
3918,188
1853,219
1524,469
2652,247
1803,134
4111,465
1279,196
2456,494
1628,161
6016,261
5885,482
3991,368
2190,90
5093,405
6101,481
6138,342
6950,478
1643,483
825,418
805,464
3892,300
5875,471
3792,447
2680,301
5728,459
1283,333
3247,487
2228,219
5958,331
6186,288
1370,392
4820,154
5611,68
5509,58
6123,159
6072,140
678,457
5589,322
6037,126
1991,99
822,157
2166,339
5970,196
4344,268
4415,459
1699,66
2926,222
564,299
6588,103
4965,189
6343,238
3628,353
1852,483
5485,156
3887,258
4275,162
2705,265
1219,408
3387,355
814,134
4039,425
1577,125
3495,165
4178,254
5753,88
935,244
6064,234
6426,149
2501,490
2208,255
2340,135
4299,219
1717,120
2344,266
4601,66
3088,486
6515,205
2881,477
1106,476
4382,116
6884,94
5569,338
2752,90
3212,350
3438,465
573,73
4821,236
5077,90
2559,62
4107,399
4990,142
6994,254
506,218
4906,216
6934,352
6313,366
5242,190
1888,292
900,275
670,482
1101,225
4042,234
3023,482
3701,457
6704,340
1938,358
733,474
6211,354
2505,331
6910,383
2832,248
1972,217
2692,256
2855,57
5263,391
2396,442
3949,211
2243,128
1825,446
4118,340
623,193
3695,89
5436,317
4011,449
4761,492
848,459
2115,423
5869,66
2942,183
5213,231
2791,265
4006,466
3534,294
4103,451
3340,477
5896,286
3557,487
5534,256
3256,205
1600,469
6495,411
3482,272
4606,82
3205,285
3973,476
1282,385
6328,158
2499,62
6583,336
871,282
3895,206
2352,280
3805,65
1853,435
799,452
3326,488
3767,498
5371,382
827,488
4062,384
5389,432
4425,339
2882,175
5885,379
2788,407
5928,259
693,79
4754,448
4829,144
3114,335
1484,428
2400,408
4224,391
1655,333
5291,220
4839,451
2441,279
4812,113
3149,105
5113,403
4422,386
3177,208
4141,345
4663,153
2306,141
2592,305
3843,337
1681,62
6583,431
3483,64
4844,431
4501,249
6800,263
3372,317
6380,215
6748,419
2475,98
2171,460
3390,262
2016,426
1163,368
6421,263
1411,244
5145,482
2053,374
1528,159
6928,352
1719,458
2961,59
3439,299
2124,57
1657,391
1999,335
2873,136
1314,123
6714,217
943,434
2821,165
4595,186
789,175
2874,301
919,269
893,315
2894,173
2687,79
6496,54
5186,488
2878,79
4120,50
2990,419
6313,280
4245,375
828,307
4665,80
2209,380
945,336
1163,485
2158,472
4446,86
4495,145
3030,131
5574,355
6725,84
5074,486
3173,414
6075,88
1221,330
2676,275
3955,119
5835,65
6561,309
837,134
2114,70
3796,449
1292,482
1224,134
1879,283
4099,239
4146,363
782,119
6026,313
2148,451
5430,119
5659,384
6045,357
6076,82
6968,84
1371,326
6298,444
2099,101
4847,439
1504,334
6102,266
2199,71
6762,326
748,102
1369,278
6022,354
4674,319
5405,94
5560,352
4495,50
3551,50
5109,173
2657,384
657,266
5784,460
4278,364
2343,190
5162,111
2537,135
5717,440
1037,201
2225,98
4019,323
6713,449
661,106
4882,175
1416,64
6690,98
5099,208
4240,344
6774,421
1789,176
4198,459
2510,341
5944,213
3710,233
4653,278
3918,201
5764,235
2988,384
4927,163
3274,431
1933,320
1866,415
3292,378
5916,128
6099,175
2505,253
2910,225
5402,186
4864,133
6354,282
2927,95
6951,274
3865,76
3842,453
3348,277
6881,436
2240,94
1890,240
1233,204
6331,143
951,128
6655,468
1618,294
6947,107
2989,256
3595,120
5470,249
1696,435
2865,287
6029,229
4904,333
2742,397
6618,99
1934,206
3446,390
1915,374
2008,454
4097,79
6348,259
6367,476
5365,434
3353,102
6735,322
5772,92
646,356
3918,490
1100,288
5944,142
5016,399
3549,280
6692,364
6628,447
1988,166
3448,100
2336,139
4380,127
4771,399
3390,480
1934,124
5089,178
884,395
5615,404
4400,374
3106,228
6572,97
6576,85
561,400
3144,261
2744,356
2843,114
1041,447
3384,299
2098,390
3266,89
2114,159
4015,102
4370,473
4103,423
6453,248
4874,125
3347,326
1637,152
2560,138
3074,394
926,338
5596,130
5452,272
2003,144
2808,257
2449,398
4462,92
4707,353
927,230
2623,282
837,325
1288,332
4014,466
5437,142
2561,311
4906,90
3244,420
3583,237
2732,324
2573,456
2712,113
5572,433
5552,258
3230,167
6210,157
3274,394
3550,353
5314,102
5417,89
3216,399
4361,378
1578,61
2311,436
3041,420
6030,476
2737,82
5112,382
4416,71
1085,214
6075,110
6155,453
4492,219
723,87
2257,396
2094,382
1272,276
3171,266
2040,373
2077,493
1646,189
3667,269
1933,183
3968,73
2346,148
1581,112
3459,202
2587,201
4307,422
2738,281
1042,235
2914,65
5095,267
3908,187
1025,314
1527,135
2335,59
6909,128
5066,277
2587,154
1778,82
6590,319
2512,369
6665,325
2777,257
4414,235
6657,51
4306,461
2598,71
2143,347
900,132
2989,336
4317,362
6635,416
4958,342
2244,244
3732,425
5708,146
6878,485
4000,211
1357,355
4445,85
6118,257
2560,397
5195,319
5729,436
6570,68
5351,264
1855,483
1988,129
3562,309
3331,492
3295,436
3735,274
6468,90
3106,436
2505,268
6033,388
3763,321
5340,416
6266,93
6480,308
5340,442
6427,135
878,183
646,250
5015,302
2918,441
5093,74
6936,291
5950,126
5751,488
2402,116
2111,482
5751,379
1118,497
861,256
3561,305
2454,321
722,227
6500,383
1076,442
5957,122
6957,379
5325,88
4164,237
796,203
3531,301
1479,248
3766,448
6471,261
2462,332
2487,287
3978,225
3703,273
3562,245
6976,240
4043,487
5092,314
4712,79
6864,211
3998,459
3983,163
5230,67
3569,320
4296,267
4597,53
1881,103
4807,363
3573,298
2850,239
1529,121
4969,88
3964,225
2646,246
4725,250
4189,496
4713,482
636,369
2025,479
6151,255
931,202
937,419
5864,307
5493,154
708,479
1232,431
3372,200
3583,208
906,438
5064,302
3766,456
3739,69
4287,215
4475,108
2238,217
4219,115
6280,421
6534,72
4566,490
862,259
6811,180
3193,305
5833,472
1454,404
916,108
4652,425
6957,124
5196,458
6073,285
3184,405
6216,405
5798,51
1637,230
5678,220
3265,147
5350,484
4221,51
943,410
6134,108
3439,408
6694,326
5974,368
5587,210
5048,352
3654,176
4448,132
6153,197
7000,214
3961,499
4003,367
4948,441
3955,257
4402,272
5090,277
4369,84
1435,455
3401,346
770,51
1775,265
3432,263
4030,232
5887,205
4465,387
6478,433
1377,95
5676,120
6226,60
2044,145
2237,367
3933,185
6955,200
1340,224
681,462
3137,307
617,352
4220,224
868,173
3000,379
3212,485
6013,332
2508,189
6431,113
2222,250
1137,387
4123,494
4331,71
5990,466
5486,250
6572,425
2614,309
2509,353
6581,114
3561,95
4157,50
525,189
1026,389
3962,115
2905,386
6502,190
3104,331
4168,370
4471,118
2523,116
2147,93
5168,428
824,132
2484,308
3952,302
3731,219
2406,348
5179,179
3654,130
2824,359
1657,207
1057,150
729,182
2785,462
5574,395
3809,320
4089,344
2481,334
6742,443
2578,498
4214,287
5688,310
3847,350
6768,383
1938,419
2190,369
4063,66
1012,53
2650,308
2522,133
2641,357
926,180
3547,126
5480,204
5787,179
5773,166
5564,252
879,162
1756,227
3091,308
4574,310
6771,499
1921,108
1991,282
6662,292
5342,253
6553,192
1659,190
4280,197
4510,115
3825,67
5861,300
933,275
1732,267
544,353
4962,243
1516,108
6908,301
3021,184
999,433
729,177
5112,234
1848,470
5721,113
3910,389
3146,169
6372,53
1856,187
3344,70
1757,465
5566,173
3901,470
4834,359
2407,302
4081,196
1911,330
5630,109
583,177
5468,101
3400,226
5580,268
1558,172
5021,216
4176,156
2106,348
4895,91
6431,164
2526,62
1884,306
3976,321
599,71
1489,257
5735,51
1780,61
6258,138
3506,202
2304,227
4761,290
6250,191
5482,393
3854,167
5138,353
872,156
2692,142
1904,425
977,141
2692,100
3827,373
4878,266
1567,249
6810,279
6415,75
1242,288
2191,369
2426,101
6997,443
3696,303
986,212
4485,356
6676,213
6920,241
3046,236
3651,101
1198,53
939,144
839,61
6469,225
840,112
2874,225
1779,324
4004,281
2787,275
3234,322
2235,463
2392,85
4451,166
3812,71
5525,205
5841,475
1022,324
3012,323
3756,253
5325,465
4137,351
4803,266
5685,375
3543,478
3733,186
4120,452
5214,280
4980,374
4259,367
6798,264
1053,184
3091,231
646,208
6708,113
5662,95
4060,311
4571,486
1710,385
3919,317
2725,434
3246,189
2364,89
6933,253
6307,261
4900,173
2121,196
883,303
4735,173
3638,205
1490,204
5874,146
5767,413
4891,227
4255,81
4072,111
6105,304
4997,228
4245,441
2319,159
4405,102
3594,194
3279,158
5109,87
3632,189
2052,72
5739,210
1261,458
2233,478
1587,61
830,385
2537,208
2495,420
865,94
6617,347
4439,329
2494,205
3623,499
1361,444
2312,478
3533,426
3272,65
3789,481
3664,319
4520,347
3869,429
3267,57
1807,78
4043,217
1931,159
4810,322
1259,138
5309,80
4342,422
1025,89
5355,383
5829,120
5557,386
5195,127
2821,53
4715,479
5369,484
4389,82
3094,391
3130,354
4170,174
4693,242
6678,125
1830,120
6577,213
6192,173
2486,372
6943,416
4642,305
4538,491
3643,149
690,87
4381,412
556,470
5859,273
3425,297
1306,378
1804,359
1546,415
644,352
6912,474
1977,479
3148,141
5749,122
5537,215
1481,370
2325,480
2632,106
6807,376
643,316
4812,88
1708,372
3893,215
4085,333
2755,162
639,247
2405,180
1541,439
5393,370
3782,455
1937,131
6017,336
2052,435
3103,179
6337,61
2662,409
6580,471
2345,312
955,265
1473,347
4478,447
955,269
1429,172
5142,67
2258,164
4320,235
6630,119
3178,293
4187,322
5683,214
6517,199
2260,137
4958,115
5392,117
4242,147
2049,370
3494,411
5213,466
6122,428
3659,301
5666,202
2029,99
4480,77
6444,60
6634,280
2058,319
1507,469
5370,61
2163,265
4598,405
944,269
3314,458
4057,323
5533,205
4153,197
2479,118
2482,64
6039,182
736,274
4353,164
6045,253
4465,111
4695,377
3037,230
4495,346
662,127
1324,243
3532,59
917,320
6771,51
4687,149
5715,426
2255,84
3627,489
1165,382
3455,56
1194,322
2810,367
1207,282
2589,206
1382,307
3270,172
4528,119
3873,255
713,322
5658,339
3942,179
4020,422
2847,297
3027,322
4353,188
2066,289
6175,73
3933,88
6500,54
2397,244
696,362
6711,283
2311,225
900,74
4480,281
1851,474
2319,181
6331,201
5122,144
3621,151
5417,90
2426,224
3338,261
4141,492
1509,253
944,465
3526,111
2551,72
5995,126
707,256
4647,448
1327,226
5499,193
2863,384
1649,404
4981,226
4342,126
1311,248
4151,351
5196,286
4929,224
5019,308
1140,405
3378,320
1095,343
6470,275
5875,431
6584,193
2711,393
4386,79
5522,62
3483,242
3349,369
5041,126
3853,448
5187,263
1859,420
6709,300
6187,337
3666,323
2682,413
5961,401
5159,465
6353,255
3152,165
2919,164
4146,81
2066,215
1917,398
1340,297
1497,302
5432,268
768,109
5518,161
4339,411
4127,487
3725,251
3311,295
5092,85
6812,492
2604,460
2120,458
5409,163
2317,82
5848,51
3013,85
3049,275
4633,106
1575,493
6215,309
3926,187
2094,75
867,371
2113,432
1437,161
568,65
5243,121
4785,169
3798,416
6184,194
5149,152
1364,158
3522,154
6030,315
3874,282
1196,56
2574,417
1569,465
2881,310
6478,104
621,57
1477,238
4101,280
4078,368
5850,390
1468,115
664,128
1831,121
4016,234
3272,457
3381,441
4491,384
1646,98
2546,405
4810,285
6228,161
5882,374
608,412
2034,183
4867,365
6230,483
1255,418
1504,118
6133,341
3178,113
2990,496
4352,274
4727,111
3063,325
2273,75
4169,74
6552,251
6646,408
6805,298
2488,160
4162,128
4905,249
1378,197
1497,243
4360,497
4074,90
2054,466
1399,68
4620,325
2097,399
3281,113
1515,232
5499,482
2641,69
6770,322
5799,393
6411,62
3692,211
1793,402
3097,273
2898,474
6818,191
2293,490
2345,101
6281,352
6199,361
5882,477
5391,483
6996,264
2894,190
1792,213
6496,403
1960,441
579,77
6824,485
6901,169
5224,119
6094,174
4465,339
2142,387
5636,231
2151,84
1634,134
6919,303
6230,305
5591,373
2303,101
5632,287
2699,247
6911,452
1588,471
5245,310
2007,191
2668,380
4386,240
2281,479
847,430
6020,324
6838,423
5629,113
1763,206
2976,363
3805,137
4008,275
6184,61
5178,251
5043,143
3025,275
5783,155
1888,233
928,174
2177,150
569,448
5149,496
4815,169
4459,119
4028,170
1487,130
5714,161
1328,499
3562,273
1444,442
3036,154
4909,276
805,267
4021,298
5719,372
1750,368
3968,397
6260,339
1262,436
6442,271
5212,127
2196,368
5815,151
6762,298
4262,200
6366,437
3749,90
6310,454
2963,304
6195,386
6663,127
4562,384
6695,396
6613,123
3375,367
993,278
1977,205
4598,404
5115,218
5776,453
6591,183
959,465
5328,361
4860,390
1956,192
6544,393
2207,233
6233,73
5396,360
2429,319
3689,273
4509,316
6952,334
6190,231
1065,70
3179,318
1159,111
4939,405
3976,181
2766,56
1257,366
4175,203
4985,206
5937,177
5548,91
6412,53
6634,432
1934,270
3760,75
6343,64
6228,239
4216,467
2681,363
2657,461
4513,469
1793,146
512,154
1302,284
3877,463
2179,403
1196,403
6130,250
5253,268
4583,111
2093,450
5188,67
2103,118
642,54
2888,391
1596,88
5260,86
2716,133
5238,316
3499,212
5742,291
5919,223
5580,119
5921,342
5217,222
2688,306
2037,440
3234,435
1281,432
3884,124
4481,217
6200,336
3510,95
5636,410
4453,56
1727,70
6395,352
6438,134
1119,473
883,96
1936,199
4137,423
4675,129
3588,248
5721,144
3857,192
1718,380
4664,416
5371,342
5156,460
4419,480
1146,423
2122,440
6485,489
5230,432
5285,426
708,196
4042,212
958,299
2661,247
4491,258
6358,324
5191,261
1373,244
5932,274
6939,112
3875,339
5987,243
5447,191
1901,369
1873,441
2461,92
2295,310
3687,350
5476,211
5177,401
965,174
5871,369
1802,150
600,480
1094,138
5536,200
6911,202
1500,149
2284,63
2496,162
6925,354
5686,397
4985,297
1968,398
2590,251
5727,180
5667,217
5323,255
4696,179
6903,223
5002,497
1745,79
6406,436
6999,69
2556,363
3951,419
6671,337
5889,200
6354,57
2030,283
5543,397
3464,64
6479,197
4501,199
1363,493
549,499
6861,431
2592,223
2602,198
5344,347
5320,360
3069,468
6663,108
6542,330
3094,140
6458,490
2591,358
4122,168
6761,448
3000,226
5936,370
880,432
2847,493
2396,108
3955,240
3200,487
5536,134
3502,401
1649,404
2377,253
3271,70
2210,106
849,248
4158,392
5253,152
3999,59
3000,242
4238,327
5057,83
816,164
4200,344
4666,304
2143,192
4646,230
1493,50
5743,87
3181,132
2467,437
4216,248
2664,114
6956,113
2564,168
5269,243
6475,492
1598,94
628,195
6602,400
976,362
5032,435
3918,264
3489,426
878,98
6677,113
6163,178
5585,164
1301,486
1748,413
1507,384
2116,186
790,171
2144,448
3365,375
659,436
6200,331
4986,357
2286,274
899,274
1614,286
5650,72
3864,236
3542,286
5738,351
1926,249
5847,186
3281,151
6584,376
958,147
2394,134
2094,72
2461,381
824,491
3949,471
4913,355
5275,421
2668,495
5181,477
1656,274
3479,466
6575,379
1467,281
2260,64
4866,341
4109,255
1569,245
5861,124
3852,421
2141,53
2126,114
3340,162
5070,129
2993,198
6016,84
2502,141
3988,313
2055,381
5327,305
1854,258
6085,238
5877,134
3592,268
3258,210
6776,201
5419,352
4892,102
643,472
817,471
2948,188
534,102
1273,313
5164,388
4403,300
769,384
3219,218
3507,282
5187,78
2153,92
2378,213
4427,160
6206,200
3150,456
2911,241
6889,305
2589,318
6200,190
3790,68
5013,354
576,149
882,433
5992,481
6360,395
2886,118
3078,189
794,180
5569,248
5899,194
1494,213
2829,195
5070,352
6254,150
3699,93
6827,85
3658,163
6241,184
6117,399
6113,153
5582,357
4452,330
3418,261
4091,325
2101,393
4961,129
1390,166
6503,71
4314,287
5566,203
564,387
3001,496
4629,301
1965,458
875,223
3006,363
6686,127
3642,189
5569,225
4905,412
6706,465
646,153
6231,407
6064,164
635,432
2995,185
6810,243
2446,227
5712,403
5168,294
2871,450
6814,59
2485,258
5423,210
3166,262
3273,78
1478,102
1470,339
4357,63
6386,163
2883,203
4091,495
5187,91
2324,264
4500,331
1414,329
6984,63
4799,52
6848,113
3742,203
4817,391
6687,345
2388,425
3506,157
6571,455
6508,471
1591,349
6671,342
2865,308
2901,216
5855,262
4297,116
4514,288
2871,248
5073,336
1198,142
5661,136
5644,52
1638,298
5211,149
6176,62
2703,419
3002,235
3884,256
938,358
5127,327
1525,281
5956,189
2508,438
3634,190
1346,500
6641,379
1173,176
4609,174
1268,65
5719,184
4949,374
1139,434
5800,347
2393,216
1761,369
3131,82
4887,296
1385,153
2720,236
4348,413
3492,205
6124,87
4041,85
4848,117
5806,68
1786,180
5647,491
5722,470
4439,186
6901,213
3479,96
3517,257
3789,130
5865,243
5758,474
1101,321
1205,55
5384,254
3683,373
6195,150
6634,304
6325,374
3761,411
4649,161
4190,400
3901,140
1556,210
4619,468
5176,287
6663,478
5022,251
5962,447
1751,317
598,102
755,470
3439,175
1006,476
680,200
945,117
3249,183
5255,421
3251,196
1426,342
2887,412
3024,457
863,430
703,375
5313,225
4492,433
2440,370
1755,361
2308,299
511,340
3347,253
1023,486
5358,471
1332,265
3200,306
3903,495
3158,199
1772,70
1394,299
2822,74
2484,236
5614,260
1443,449
639,157
6309,86
6175,116
1626,442
6954,124
3035,166
6781,385
3337,56
6439,327
1844,84
2516,408
4324,340
5694,84
6695,65
4058,322
2882,208
6569,229
5242,366
1137,472
2871,317
5930,102
1857,97
4711,363
2982,121
2798,495
5666,50
4131,498
1962,280
6027,164
3184,375
5574,350
3082,499
2500,57
6646,204
6963,252
4943,424
6204,447
4740,384
6179,312
3944,168
5210,153
3771,425
3623,249
4571,488
4676,305
1076,213
2889,331
6653,188
5380,216
2408,165
3116,447
2523,322
1178,231
2532,482
6683,161
5348,233
5533,305
6786,330
3892,377
4304,142
1578,462
2349,50
5637,392
6362,259
558,76
3304,357
847,94
6532,241
2640,359
3391,299
6691,332
5075,455
4288,145
4603,201
4875,339
1730,97
2990,218
2104,232
2818,312
4416,390
5784,215
4847,144
2650,368
4274,404
2071,276
6356,274
2357,383
1695,185
5329,431
4583,495
3894,214
6939,266
4295,184
4730,295
1447,358
4689,303
3019,335
6294,222
2802,453
3504,396
6649,290
3949,163
1452,121
6337,378
5422,188
4351,125
1266,165
3562,468
1213,92
1809,500
5683,236
5420,289
3947,429
4576,68
2226,420
2100,328
3721,301
6915,104
6785,160
535,62
3721,380
4010,443
5067,101
6083,445
2170,377
3722,451
5733,204
6318,236
2295,319
4638,349
3749,198
2790,89
2840,399
816,266
1989,276
1691,497
1427,276
1286,178
6037,119
5222,484
500,255
2220,422
5290,427
5300,262
1642,248
6517,57
1855,217
6692,230
4253,212
1485,436
1310,348
5886,422
3289,292
4047,179
3064,163
5208,341
1487,90
811,255
2206,309
3764,202
6293,313
2394,149
1426,67
3390,490
3593,92
5515,235
4541,371
1605,202
3584,431
1346,314
5643,340
5211,318
6384,459
6135,407
1154,399
3694,460
6500,287
5380,474
6430,373
3073,189
1854,114
2443,488
1091,420
6417,276
5184,406
2116,118
3092,185
2990,151
6987,66
5669,398
1250,344
3249,489
3074,265
5272,427
4684,186
6152,347
4162,236
4128,220
6038,407
1244,265
6370,432
4688,60
5630,238
3762,210
4292,192
5970,274
1584,332
2603,157
6861,483
1554,372
1277,282
5564,230
5793,415
5275,440
2258,367
5521,484
2309,106
4890,460
4964,259
5389,102
6697,243
6015,494
3492,485
6959,442
3591,478
1306,136
597,182
4109,391
1768,259
6860,439
4016,171
3845,412
3293,393
6161,107
3145,458
4290,172
2379,185
2147,97
2794,216
781,206
2877,159
4329,175
3106,156
2683,495
2970,102
4003,330
6159,334
4610,310
3062,72
1396,244
5929,92
5496,442
1642,282
6627,215
6677,443
3994,195
6221,199
4370,449
1930,409
1389,342
756,487
2408,275
3410,275
5537,215
6148,69
3070,387
5869,218
890,434
1802,211
5021,370
6012,160
2291,386
3782,473
650,455
533,162
6384,233
6440,255
1707,471
4735,89
6982,458
6743,343
2239,195
2293,309
5701,348
744,209
6846,359
5504,499
6893,463
5931,389
684,363
5676,148
1438,265
534,351
3011,186
5616,354
3237,188
6290,338
6348,160
2003,404
3636,317
3769,389
5041,98
6876,219
2021,70
826,304
587,60
3213,295
2121,469
603,120
5414,193
4025,336
1410,257
2222,248
5797,493
6802,63
6711,167
842,181
3503,150
2833,331
1455,288
548,374
3211,327
4938,55
540,287
2004,459
1693,334
3279,153
3580,126
5024,436
4383,352
5057,89
857,202
4085,435
1440,72
1813,148
851,403
6171,70
4610,320
3373,445
904,144
714,167
6869,183
6937,152
5677,299
5117,179
2240,391
2181,420
5783,375
570,462
3196,276
2084,273
664,189
1710,238
673,259
4039,408
4578,97
1711,207
6535,185
5775,470
6591,365
5963,91
4745,483
3093,282
1475,483
3768,329
914,492
5699,109
6660,322
2689,302
1345,120
980,388
2369,73
2693,146
3035,63
3679,77
2320,316
4951,323
4175,67
3558,74
2944,362
6881,111
5540,488
4156,135
1544,499
5067,419
1570,413
3221,123
1633,92
5983,251
6455,455
2434,146
3656,457
5477,183
2684,229
5151,410
5461,144
4970,152
6004,446
2854,334
3103,60
3528,200
6342,368
1087,361
3879,293
4070,88
1487,360
5777,484
6493,336
4364,360
1814,74
5666,187
4389,165
5923,87
3744,92
1339,163
1968,93
979,390
1983,440
5929,304
4829,143
928,237
3519,87
4615,325
2885,356
4858,161
2632,336
1825,249
6797,77
3448,64
3240,223
3672,144
4243,403
1372,259
3317,142
5313,353
1737,483
602,130
3886,407
6853,165
4979,71
1181,498
6601,480
5001,101
6432,442
2833,93
3939,387
4793,215
1489,439
6320,440
6952,269
5511,280
4624,251
4916,268
4331,67
4044,298
1765,432
6019,356
2468,69
2796,205
2428,53
3007,351
3486,250
6775,301
5485,335
1060,479
3390,83
3755,393
4759,317
2597,107
2799,59
672,384
6530,372
1017,441
2720,292
6773,94
4481,366
6719,321
2763,381
3081,220
2264,250
2291,254
6031,76
2646,294
5926,347
4638,416
6780,226
3578,354
570,424
5707,104
4339,51
2818,438
5993,344
2245,72
4020,330
4028,63
5222,180
6039,418
4646,58
3937,69
5775,231
6404,471
857,294
6393,71
4251,107
3969,303
5036,357
1283,375
1205,370
3816,260
4066,269
5142,90
2408,341
3158,154
3045,96
6581,175
2059,142
5102,478
2094,451
6154,394
5520,414
4101,303
4511,180
6488,349
6455,252
1400,377
2144,495
5389,255
877,375
6962,182
5746,307
4109,255
2267,348
6729,64
2787,311
6145,274
4073,352
4936,478
2619,377
5402,387
3311,458
4344,451
5388,225
3248,59
3587,209
5917,394
634,461
6977,177
6526,237
4797,186
2832,420
3012,347
5737,247
2692,282
4402,296
738,484
617,207
3503,344
4623,414
1194,499
1217,399
2254,190
5173,249
2926,372
601,130
3018,69
4867,192
5135,258
1493,262
3024,323
4631,335
4106,368
1034,83
5078,266
6788,405
4868,495
4232,260
3135,57
4369,397
2291,122
4289,322
1005,307
2045,217
4944,79
3923,144
3378,123
3184,59
4813,414
1481,200
1263,374
2849,141
4679,287
4042,424
4706,234
5990,456
5632,280
5811,266
6623,119
2716,259
3821,110
2736,115
1188,431
2796,402
2737,281
4841,174
4613,122
2994,427
1793,416
4795,112
3650,485
5292,301
3240,268
4957,432
2661,297
1054,412
3420,427
762,136
1108,281
1554,71
1279,374
1595,278
4668,191
4944,192
3390,280
2856,79
4987,80
5465,323
1245,443
2022,98
2452,282
2918,500
2802,376
5424,182
4316,126
3554,111
529,459
1273,72
3375,68
5643,437
6563,319
1181,138
1610,113
4603,398
967,75
1110,297
5920,134
4766,202
5970,266
3568,239
1548,243
3426,72
681,293
3146,50
1943,186
6336,243
3756,446
857,254
4474,281
5108,73
1221,485
6014,407
4855,262
2872,499
5587,445
2932,237
5239,318
845,482
1427,378
2723,456
3184,397
2073,78
6189,402
4135,321
6329,167
879,282
6229,329
5318,172
2942,361
2582,454
3954,199
553,415
2146,241
1906,158
4919,175
4090,366
4919,430
3830,352
4945,61
6614,176
2546,420
3933,164
3867,408
2477,176
5447,239
3071,185
1356,364
5429,380
3642,426
2485,99
2865,209
3557,374
1304,263
1618,147
1947,414
1711,456
3125,365
4108,68
4142,144
3477,211
4590,50
4591,83
6068,79
5317,497
3090,178
2150,387
5183,96
5576,103
3082,283
2960,93
3366,472
6715,194
1762,279
567,500
843,84
2997,359
928,199
6860,282
2653,380
2821,209
3363,397
2132,174
5576,440
3480,409
1859,206
1871,451
1242,126
5630,101
1958,336
3696,92
1849,233
4125,401
4354,421
1657,394
5554,126
2433,169
1269,393
3674,211
5036,340
1282,396
6705,85
2891,375
1490,178
1711,265
3258,111
4101,141
3066,78
6596,152
829,84
6664,77
3166,302
6869,144
4357,267
3005,339
1388,349
1950,155
5196,237
1821,361
5488,345
3961,118
6832,440
6929,206
5764,250
5015,500
1515,473
1471,490
4012,301
6207,175
1209,406
869,350
6736,377
3574,173
3037,320
4873,111
2880,166
3733,227
5035,65
4520,378
5201,155
6035,401
2898,144
5512,292
1714,124
3992,207
3081,406
5613,421
6548,372
4744,200
5880,474
711,153
5291,301
5503,88
1117,454
5956,124
4466,482
5346,314
5245,92
1950,332
4017,297
4913,118
4127,149
5863,321
4151,483
3057,369
1819,453
3624,145
3988,122
3988,306
2717,282
4400,191
2494,157
5413,480
1901,144
5004,413
4378,395
5796,234
6472,424
4023,232
2388,347
1142,451
4699,235
5675,187
1437,204
4290,444
2892,122
2798,450
2718,247
5907,99
654,211
5810,169
3554,358
3598,87
1367,97
3521,244
3880,439
5554,259
4990,252
2388,372
4419,276
4829,446
1856,200
6722,148
3513,186
5792,286
1053,322
2364,329
4914,148
4251,269
6780,50
4497,113
6102,296
2974,211
2776,498
1059,347
6305,467
6546,323
1083,438
5486,315
3780,135
6193,63
2541,92
3527,142
3556,133
3624,106
2068,323
1552,181
6804,114
2412,298
4775,247
5792,255
835,241
2254,317
4378,291
6689,148
4785,474
690,301
3160,63
2403,456
2621,488
4808,172
6597,394
2614,133
4686,249
2944,235
3470,139
3052,81
3960,493
525,255
3606,189
5631,85
1632,121
1234,67
3647,58
6778,148
3745,87
3403,233
3287,467
6590,271
3783,153
5366,423
4181,318
4955,341
2084,401
4372,56
6531,203
5024,172
5326,476
5115,334
1459,89
3504,336
2190,159
4726,106
2670,107
780,286
1311,196
6670,435
6480,308
6496,460
1716,394
2508,253
3821,338
773,140
4424,370
2337,61
1809,440
5636,362
6455,346
4589,67
4719,270
5619,409
1720,475
6982,481
1180,77
5829,253
6786,200
6936,202
5043,234
1442,76
2318,54
5733,290
1691,171
6273,220
6978,354
948,426
6487,457
4297,176
5127,391
5398,232
1170,338
5665,107
3471,161
3511,396
4695,301
1209,98
3787,435
3754,436
2576,493
2824,276
1249,309
886,118
1496,137
751,269
2705,230
3982,58
786,240
5816,367
1037,381
5985,155
5351,328
5569,147
5456,161
3138,350
6676,139
4193,495
6357,171
2522,51
6855,191
814,400
4007,111
6025,80
1674,129
1586,403
3586,429
6046,486
1899,489
1285,246
4708,76
6376,78
3186,390
3378,146
6759,334
5661,492
3256,71
6421,112
5132,417
3763,360
1687,453
1875,356
4203,350
5621,295
5445,75
2167,206
2438,355
6606,261
4851,145
5131,53
4438,387
5603,273
701,268
3578,65
1902,485
6275,455
6346,125
4799,248
3509,86
3261,398
4071,484
5051,265
5395,396
5467,455
6328,142
6416,333
4982,456
2857,371
2771,100
4938,322
5649,51
3143,63
2965,485
2013,225
3266,273
924,279
6970,356
6405,243
958,256
1539,451
2082,455
3241,461
723,250
5283,309
1921,408
1119,410
6264,343
4194,308
1971,427
6588,462
3866,59
5558,174
4267,53
5748,214
528,362
5664,345
1291,126
5487,490
4280,115
4945,117
6493,326
881,355
3027,303
6100,142
6472,152
1533,312
4628,188
4550,58
5581,412
1556,216
2985,52
4393,428
5711,486
1204,455
5961,336
3145,419
3193,313
4582,240
2565,198
3008,57
3250,438
1373,237
4294,228
882,202
625,437
3127,395
5338,74
1791,164
5921,231
6223,143
6402,81
3427,348
2998,209
4554,86
4712,69
3463,464
2233,249
4785,308
4847,202
5017,339
5903,242
5716,455
6204,155
518,445
5147,242
4623,234
3954,320
881,459
5331,403
6967,160
1072,125
1385,479
2298,116
1750,381
3012,177
3000,432
4446,488
6548,168
767,221
1434,261
3221,483
2092,462
1214,78
2785,459
3030,449
6275,221
4306,145
6775,485
3100,174
5062,91
2853,86
4275,368
1009,194
3834,273
1245,57
1236,277
6698,53
4666,83
3198,349
4439,112
4949,118
2894,259
1336,398
4860,361
2660,320
2819,329
6258,497
3137,80
1440,259
2091,484
3475,300
6923,453
5587,224
2034,343
694,121
1978,220
2794,79
2663,220
1318,424
2577,227
5875,154
5486,313
5808,378
4724,78
3116,401
2979,467
2492,488
5810,230
4236,355
5708,132
3019,158
1906,175
1905,272
5552,200
5464,182
1011,382
4114,162
4431,352
6636,489
2393,344
5001,165
4323,241
6585,488
5814,403
3094,188
1827,131
1933,325
3790,306
2168,62
3885,488
2718,470
2682,231
6640,363
4519,425
3782,275
5735,458
1992,58
579,394
692,142
3422,300
5642,64
6936,373
1140,94
2257,192
2593,345
3711,100
4896,114
4829,444
3828,194
5921,327
2991,451
5877,453
3464,171
1002,201
6845,176
5775,469
1644,281
4621,56
3394,189
6391,321
1989,189
2354,275
901,284
5243,154
3820,487
4655,375
656,221
1753,493
6592,195
2633,74
2052,480
3722,296
2789,376
603,59
4660,214
5939,342
6808,321
5670,353
507,380
6948,94
1026,96
1030,491
4783,462
2958,257
1679,224
2899,84
2272,59
6443,330
5707,109
4109,228
5824,60
1922,397
4290,171
781,483
3713,410
3412,101
4185,499
4240,467
5476,347
4171,105
523,489
6984,492
4902,216
5647,377
612,139
5344,158
6511,77
4726,258
2743,407
6780,141
3191,492
3681,455
1344,217
5917,175
4683,122
5327,478
4615,497
3153,456
5111,332
4040,417
2532,414
6449,281
2019,95
961,357
5582,497
1101,95
6496,440
3663,203
6645,450
3229,263
1520,371
5543,127
5703,328
6110,220
1598,269
1562,412
6533,387
4641,292
4417,218
1789,487
1660,258
5252,471
1093,211
3970,447
1823,330
3996,248
2956,53
1226,371
4149,258
6496,161
4067,225
5863,314
2742,173
5244,78
3102,299
6716,219
4405,314
6808,156
1012,161
1990,380
1845,202
2465,403
1082,482
3533,363
5966,482
2841,96
4052,257
2060,472
6182,163
1084,229
1599,85
6848,98
3644,330
4930,240
4070,168
1985,434
2946,163
2906,290
4178,481
3040,422
1413,92
4296,370
4569,230
4837,346
573,219
1505,263
3037,254
4376,214
5856,394
3287,225
3964,163
6592,53
1802,432
2958,63
6777,154
4656,424
4044,463
1440,296
720,358
5146,440
3993,239
4771,128
2868,401
6686,181
1689,395
2831,122
3417,325
6667,173
2987,495
4374,50
3678,452
5911,218
4514,385
5688,341
1798,478
1896,287
736,177
881,318
4822,407
2826,93
4865,138
1177,308
5861,404
1729,469
1985,189
3110,304
3914,304
1921,305
5029,426
4491,176
6877,456
1423,306
2831,359
2522,57
4766,97
1401,383
4262,125
5260,488
2632,355
2528,455
502,352
3898,402
4590,265
2277,310
5617,300
2314,497
5094,91
2278,240
2325,176
2362,488
2339,62
3073,110
4615,217
1067,449
1290,462
4792,420
2062,340
3079,462
4850,342
570,293
1204,145
3721,464
3928,70
2476,195
1363,354
1491,64
5373,312
5627,421
5687,91
5175,117
1786,301
2934,67
6107,205
776,102
2989,284
4898,130
6411,66
706,145
3752,312
2779,86
3468,93
5055,218
4953,398
818,306
6825,79
854,441
1633,59
1864,114
5976,439
671,85
5996,119
1336,263
3305,433
3777,349
2710,207
4823,397
1127,102
6329,195
1653,65
2192,210
4966,201
4574,494
1949,166
1549,445
4259,300
5434,450
4839,241
6423,467
1068,306
6345,192
5062,167
4010,97
4689,77
5678,196
1418,427
6517,185
517,200
4295,450
3002,491
3575,292
5876,315
5955,472
5438,341
1300,469
2997,61
4019,101
6014,245
6714,187
4802,88
1922,455
1055,418
857,181
5178,453
2631,221
3274,394
3547,316
1066,174
3811,232
3242,131
3478,376
4112,189
3712,398
5403,62
6080,289
5985,360
1993,387
1918,196
4924,123
5725,178
6974,245
3513,164
832,262
2935,64
3210,450
5544,132
2350,277
3169,403
2021,418
6048,254
4963,322
3808,304
4376,426
1944,433
2991,136
6832,349
2803,403
4855,115
5746,53
2858,438
4191,312
5249,437
2202,140
4492,317
2305,52
2233,355
3714,294
3602,245
501,236
4019,419
6449,356
5774,452
2146,312
5224,429
3993,136
1604,240
3902,461
4725,97
3099,221
5384,414
6878,271
3162,199
4528,166
3239,254
4600,88
903,239
6733,334
1232,485
4338,270
6900,109
991,492
5617,328
3133,496
2119,473
943,164
6345,79
3506,367
5572,283
4941,413
5390,449
1824,311
3319,272
4338,247
5976,489
5014,479
4160,464
5595,422
5894,326
6956,421
6987,336
1250,170
4328,261
752,101
6879,298
3979,54
6639,420
6214,312
3168,411
1152,312
4391,274
5919,240
6742,429
1793,104
6846,489
5211,132
2545,94
4598,86
1274,225
2887,241
5964,249
3756,234
1593,63
2798,263
3070,299
5160,422
6871,471
1285,108
4839,166
2086,169
1291,201
1084,348
1855,96
4766,95
1402,165
1238,266
929,178
1633,65
3438,113
6951,414
6620,86
5065,54
4542,192
4144,477
2079,364
978,331
1800,399
5832,314
6885,409
5338,162
5705,172
5038,220
5730,418
4099,385
5287,344
2510,79
4772,266
5689,307
6487,475
6944,199
2619,346
5675,322
5228,196
6640,246
1713,449
4521,322
3488,249
4550,150
5902,315
5666,82
3869,90
3452,294
3056,392
6441,491
1619,264
2530,376
3025,482
4540,225
5070,422
6802,192
5245,53
5942,456
2353,480
2367,438
6831,343
2473,159
5921,188
1315,450
5487,91
6296,376
4188,376
1743,258
6636,163
3364,147
5519,323
2221,270
5903,423
6694,242
4064,331
1380,209
2539,272
529,86
1927,356
2638,454
4145,138
5136,350
4172,443
4497,406
3560,150
5648,87
5125,298
6582,73
3729,412
4259,382
5663,428
6900,195
6158,399
4939,185
1091,107
1086,292
2296,300
5858,403
1965,194
3476,384
5272,466
6191,183
6180,307
2982,201
5097,312
2562,246
6085,219
6468,345
2344,240
1786,306
5167,317
1084,360
3839,76
5363,106
5316,497
4050,382
6985,371
1987,369
6693,143
5361,262
5344,471
3449,403
6601,274
1345,267
5646,439
3403,415
2058,236
4012,175
5238,297
3259,455
3705,476
6214,190
5603,373
4455,490
2196,409
6402,66
6300,96
6528,290
2703,182
4867,393
1377,309
4457,59
2417,187
2447,353
1755,362
1012,142
2427,293
5883,376
2564,90
2007,379
6076,258
4627,116
2974,338
3999,399
4685,419
2293,283
4510,51
3948,361
922,351
3928,339
5825,202
6202,51
5850,192
5175,448
1064,429
5833,296
6207,475
5242,134
3602,141
3655,245
6025,441
5064,212
2710,362
4623,137
1379,357
3711,478
3334,58
819,464
824,373
2670,450
3087,297
5070,207
4823,293
5818,104
6213,210
6721,282
2527,324
3056,84
6429,498
6783,345
2220,78
2704,474
759,123
6961,455
1596,440
5187,243
689,467
1255,388
837,385
3348,461
4939,383
4694,105
1626,171
6955,491
596,305
6910,424
3654,380
4417,361
3531,441
6370,278
3894,478
3854,51
4945,62
3653,404
2731,227
6952,413
2830,213
500,216
2104,95
6556,86
5761,309
2068,144
892,230
4690,179
949,351
3285,396
1017,323
4756,390
2821,387
1186,428
4479,133
1194,260
4581,288
641,109
5624,283
5271,277
2422,326
6122,278
6372,54
1126,265
2850,166
6196,467
2600,354
1546,116
1002,170
5467,302
1136,93
6617,386
4911,429
3448,67
3152,319
1704,67
1852,365
6749,304
1169,256
5713,124
1504,250
3017,333
2099,138
826,342
5457,300
2507,479
1617,53
4953,119
606,132
2930,315
506,269
5528,114
3262,108
6298,126
5516,296
4915,355
3311,332
2696,269
4048,80
190
195
248
252
268
286
291
302
303
305
318
319
320
323
340
342
359
369
371
384
387
394
396
404
425
426
432
434
438
438
439
440
448
450
451
459
462
464
466
471
472
472
477
479
480
480
482
486
488
494
495
500
501
502
503
506
508
509
515
518
520
520
523
525
527
532
533
533
534
538
547
548
549
551
561
564
565
567
567
568
571
571
572
572
578
578
578
580
582
588
591
592
597
598
598
600
600
601
601
602
605
612
612
613
617
618
620
623
624
625
625
626
628
629
629
631
632
632
632
636
637
638
639
641
642
644
644
647
648
649
650
651
653
654
654
656
657
658
662
664
665
665
665
667
673
678
681
682
687
690
692
695
695
700
701
702
704
704
705
706
707
707
708
708
710
711
715
716
717
718
732
736
737
737
738
739
739
744
744
746
747
748
748
748
749
751
753
754
755
755
755
757
757
762
765
765
766
766
766
768
769
771
771
772
772
773
774
778
778
778
783
783
783
783
786
788
790
793
795
795
795
796
799
801
801
801
804
805
807
807
811
811
812
814
815
817
819
820
823
825
826
827
831
832
834
834
834
834
835
835
837
838
838
839
841
842
842
845
845
845
845
847
847
849
849
849
849
852
852
852
854
854
855
856
856
860
864
865
869
869
870
870
872
874
874
877
878
878
884
884
887
887
890
891
896
898
900
901
901
905
907
908
909
912
912
913
913
914
915
917
917
917
920
921
922
923
923
924
926
927
928
931
931
933
933
933
933
938
938
939
939
940
941
941
942
943
945
946
946
947
948
948
949
950
952
952
953
953
955
958
959
960
960
960
962
962
964
964
968
969
972
973
975
977
978
978
979
979
979
981
983
983
984
984
986
987
987
988
990
990
991
991
993
993
994
995
997
998
999
999
1002
1005
1008
1009
1012
1017
1019
1022
1023
1023
1025
1029
1037
1039
1040
1040
1040
1040
1041
1043
1046
1048
1048
1050
1052
1052
1053
1055
1056
1056
1058
1058
1059
1059
1059
1060
1061
1061
1061
1063
1063
1066
1069
1070
1072
1073
1075
1075
1076
1077
1079
1080
1081
1083
1083
1083
1085
1087
1088
1090
1090
1093
1093
1094
1095
1096
1096
1097
1099
1100
1100
1101
1102
1102
1102
1103
1103
1103
1104
1104
1105
1105
1105
1107
1112
1114
1114
1115
1118
1119
1120
1120
1121
1122
1124
1125
1126
1126
1127
1128
1130
1132
1133
1134
1135
1135
1136
1139
1141
1142
1144
1144
1148
1151
1151
1155
1156
1157
1158
1160
1160
1161
1161
1162
1164
1165
1165
1165
1166
1167
1167
1169
1171
1172
1173
1173
1174
1175
1175
1181
1181
1183
1185
1187
1187
1189
1189
1190
1190
1194
1195
1195
1198
1203
1203
1205
1206
1206
1208
1209
1214
1214
1214
1214
1215
1217
1221
1223
1223
1224
1225
1225
1227
1228
1230
1233
1233
1238
1243
1243
1244
1244
1246
1246
1249
1249
1250
1251
1251
1251
1251
1252
1254
1254
1256
1257
1259
1267
1267
1268
1268
1268
1269
1272
1272
1274
1274
1276
1278
1280
1280
1281
1281
1281
1283
1285
1285
1287
1289
1291
1291
1291
1292
1295
1295
1295
1297
1298
1299
1302
1303
1303
1304
1306
1306
1306
1307
1310
1314
1314
1323
1324
1325
1327
1333
1335
1335
1336
1336
1342
1343
1344
1348
1349
1353
1355
1356
1360
1362
1362
1363
1365
1366
1366
1366
1367
1368
1372
1373
1373
1377
1377
1380
1385
1386
1387
1391
1394
1394
1397
1397
1398
1399
1399
1399
1400
1400
1401
1401
1403
1415
1415
1416
1416
1418
1419
1421
1423
1423
1424
1424
1425
1425
1426
1428
1429
1430
1431
1431
1431
1431
1433
1434
1436
1437
1438
1438
1444
1444
1445
1446
1447
1447
1449
1450
1450
1453
1454
1454
1455
1458
1459
1461
1463
1464
1464
1466
1467
1469
1469
1472
1475
1475
1476
1479
1479
1481
1481
1484
1486
1487
1487
1489
1491
1493
1494
1499
1503
1503
1505
1507
1508
1513
1513
1513
1515
1519
1523
1523
1528
1530
1531
1532
1532
1540
1540
1541
1544
1544
1545
1546
1547
1548
1548
1550
1551
1551
1553
1553
1554
1555
1557
1557
1558
1559
1559
1560
1562
1562
1563
1564
1565
1567
1568
1568
1568
1568
1570
1573
1573
1573
1575
1575
1576
1576
1579
1580
1583
1584
1585
1586
1589
1592
1593
1594
1597
1598
1601
1604
1610
1611
1611
1612
1613
1613
1613
1614
1614
1615
1617
1617
1617
1622
1622
1626
1628
1628
1628
1629
1631
1631
1632
1633
1634
1634
1635
1635
1637
1637
1638
1644
1645
1647
1649
1650
1651
1651
1653
1654
1654
1658
1658
1659
1659
1661
1661
1663
1663
1665
1666
1667
1667
1674
1674
1674
1676
1679
1681
1684
1686
1688
1689
1690
1693
1694
1695
1696
1697
1699
1699
1701
1702
1704
1706
1707
1708
1709
1716
1717
1718
1720
1720
1720
1724
1725
1728
1728
1729
1730
1731
1731
1732
1733
1734
1735
1737
1738
1738
1739
1739
1740
1740
1744
1746
1746
1746
1747
1750
1751
1751
1752
1754
1758
1760
1761
1764
1765
1766
1767
1768
1768
1768
1769
1774
1775
1776
1779
1780
1780
1782
1784
1786
1788
1788
1790
1791
1792
1793
1796
1798
1800
1802
1803
1803
1803
1806
1806
1808
1808
1808
1809
1810
1813
1814
1815
1817
1817
1821
1823
1823
1823
1823
1825
1832
1833
1833
1833
1834
1836
1837
1837
1839
1841
1845
1846
1846
1847
1848
1849
1849
1850
1852
1852
1853
1853
1855
1855
1857
1858
1860
1861
1865
1865
1873
1875
1877
1878
1878
1878
1880
1880
1880
1882
1883
1886
1888
1890
1890
1891
1892
1898
1899
1899
1900
1900
1905
1906
1907
1907
1907
1909
1910
1911
1915
1919
1919
1920
1920
1920
1920
1921
1921
1921
1922
1922
1922
1924
1925
1929
1930
1932
1942
1944
1945
1946
1948
1949
1950
1950
1953
1954
1956
1958
1959
1959
1959
1961
1964
1964
1965
1966
1968
1968
1969
1970
1971
1972
1972
1975
1975
1975
1975
1978
1978
1980
1981
1985
1986
1986
1987
1989
1990
1991
1991
1991
1993
1993
1994
1995
1996
1996
1998
1999
2001
2002
2005
2005
2005
2007
2012
2013
2014
2015
2015
2016
2018
2022
2022
2023
2026
2027
2028
2028
2028
2029
2029
2031
2032
2033
2039
2041
2042
2043
2043
2045
2048
2049
2049
2053
2058
2059
2061
2062
2064
2065
2067
2067
2067
2068
2073
2073
2075
2077
2077
2077
2077
2077
2079
2080
2080
2080
2082
2083
2083
2087
2088
2088
2089
2091
2091
2092
2092
2092
2094
2096
2097
2098
2098
2100
2100
2101
2104
2104
2104
2105
2109
2110
2111
2111
2113
2114
2117
2119
2119
2119
2119
2120
2122
2123
2124
2130
2131
2135
2135
2135
2137
2143
2144
2145
2145
2149
2149
2150
2150
2150
2151
2152
2152
2153
2156
2156
2156
2156
2157
2159
2160
2160
2163
2164
2164
2165
2167
2168
2169
2169
2170
2171
2173
2174
2174
2175
2175
2177
2178
2178
2182
2183
2184
2185
2188
2189
2189
2189
2190
2190
2190
2195
2196
2198
2198
2200
2202
2202
2202
2202
2203
2204
2205
2207
2209
2210
2212
2212
2213
2213
2216
2218
2219
2220
2220
2225
2225
2226
2227
2228
2228
2229
2232
2233
2235
2236
2238
2239
2240
2241
2241
2241
2242
2244
2244
2245
2247
2249
2250
2250
2250
2251
2252
2253
2255
2255
2256
2258
2260
2265
2266
2269
2273
2274
2274
2274
2274
2276
2277
2277
2279
2280
2280
2281
2283
2286
2287
2289
2290
2291
2292
2292
2292
2296
2296
2298
2299
2300
2300
2301
2302
2302
2303
2307
2308
2311
2311
2322
2323
2324
2324
2325
2327
2327
2329
2331
2336
2338
2339
2339
2339
2340
2340
2344
2345
2346
2346
2347
2347
2348
2349
2350
2350
2351
2351
2351
2352
2354
2354
2354
2354
2355
2356
2361
2364
2365
2366
2370
2370
2375
2379
2380
2384
2384
2384
2384
2385
2391
2394
2396
2398
2399
2399
2402
2402
2403
2403
2403
2404
2404
2404
2405
2407
2407
2408
2409
2412
2415
2418
2420
2423
2424
2426
2427
2428
2430
2434
2435
2436
2436
2437
2438
2439
2443
2445
2447
2448
2449
2450
2450
2454
2454
2456
2456
2458
2459
2459
2461
2461
2461
2461
2462
2464
2466
2468
2469
2469
2470
2471
2472
2474
2475
2476
2476
2476
2477
2482
2485
2486
2486
2487
2489
2489
2490
2492
2494
2495
2495
2496
2498
2498
2500
2501
2502
2503
2506
2508
2509
2510
2510
2515
2516
2517
2517
2521
2527
2528
2531
2532
2534
2536
2537
2537
2538
2540
2542
2544
2544
2545
2545
2547
2548
2549
2549
2553
2554
2555
2556
2558
2559
2563
2563
2564
2564
2564
2568
2569
2573
2573
2574
2576
2576
2578
2579
2579
2580
2580
2582
2582
2582
2583
2585
2586
2586
2588
2588
2589
2590
2592
2592
2594
2594
2595
2595
2595
2595
2596
2597
2598
2599
2601
2605
2605
2606
2606
2609
2611
2611
2613
2613
2613
2614
2616
2616
2618
2619
2620
2620
2622
2622
2622
2622
2624
2624
2625
2626
2627
2627
2628
2629
2629
2630
2631
2636
2636
2636
2637
2641
2643
2643
2645
2647
2651
2651
2652
2654
2654
2655
2655
2656
2656
2660
2660
2661
2664
2666
2666
2669
2673
2675
2675
2676
2678
2678
2679
2680
2682
2682
2682
2684
2684
2684
2685
2685
2688
2689
2691
2692
2694
2700
2701
2702
2704
2705
2705
2709
2718
2718
2722
2725
2725
2726
2726
2727
2729
2729
2730
2733
2734
2735
2735
2737
2739
2740
2742
2743
2744
2744
2744
2746
2747
2748
2748
2749
2750
2754
2754
2755
2755
2755
2759
2760
2760
2761
2762
2763
2768
2769
2770
2772
2772
2772
2777
2779
2779
2781
2782
2784
2784
2784
2785
2787
2788
2788
2789
2789
2789
2790
2790
2792
2793
2793
2794
2794
2795
2797
2799
2800
2800
2801
2804
2804
2805
2806
2807
2807
2809
2810
2812
2814
2816
2818
2818
2820
2821
2823
2823
2825
2825
2825
2826
2826
2827
2827
2828
2829
2831
2832
2832
2833
2833
2835
2835
2837
2838
2839
2841
2843
2845
2847
2849
2850
2855
2856
2856
2859
2859
2860
2862
2863
2865
2865
2867
2868
2869
2869
2869
2871
2871
2872
2874
2875
2879
2881
2881
2882
2882
2883
2884
2884
2887
2887
2889
2890
2890
2890
2891
2891
2891
2893
2899
2901
2903
2903
2904
2905
2905
2906
2907
2907
2907
2907
2908
2910
2911
2911
2912
2913
2914
2914
2915
2915
2915
2916
2917
2917
2922
2923
2923
2925
2925
2926
2928
2929
2931
2932
2932
2935
2941
2942
2942
2943
2943
2943
2947
2947
2948
2949
2951
2952
2952
2955
2956
2956
2959
2959
2959
2960
2963
2963
2967
2968
2969
2970
2972
2974
2976
2977
2978
2979
2980
2981
2981
2986
2986
2986
2987
2987
2988
2992
2993
2993
2994
2999
2999
2999
3001
3002
3003
3003
3005
3005
3005
3006
3008
3011
3011
3013
3014
3016
3018
3019
3019
3019
3021
3022
3022
3026
3026
3026
3026
3027
3028
3028
3029
3029
3030
3033
3033
3033
3034
3037
3037
3042
3042
3046
3047
3048
3049
3049
3051
3053
3059
3060
3061
3062
3062
3063
3063
3064
3066
3067
3068
3068
3070
3071
3074
3074
3076
3077
3077
3078
3078
3080
3080
3080
3084
3084
3084
3085
3086
3086
3091
3091
3093
3095
3096
3096
3097
3099
3101
3102
3104
3105
3114
3115
3118
3118
3118
3119
3120
3121
3121
3122
3122
3125
3125
3125
3127
3128
3129
3130
3130
3131
3135
3135
3136
3137
3139
3140
3141
3142
3143
3145
3146
3151
3152
3153
3154
3154
3156
3157
3157
3158
3158
3159
3159
3160
3161
3161
3161
3163
3163
3168
3168
3169
3170
3170
3171
3171
3173
3173
3174
3176
3177
3177
3177
3178
3179
3179
3179
3180
3181
3181
3181
3182
3183
3185
3185
3186
3187
3188
3188
3190
3191
3191
3191
3192
3194
3198
3202
3202
3202
3202
3206
3207
3207
3208
3208
3211
3212
3214
3214
3215
3215
3215
3219
3220
3222
3222
3222
3225
3226
3227
3229
3235
3235
3237
3238
3238
3239
3240
3241
3244
3246
3246
3247
3248
3248
3249
3250
3251
3255
3257
3259
3264
3266
3268
3272
3272
3273
3274
3274
3278
3279
3283
3286
3288
3289
3289
3289
3289
3290
3290
3293
3297
3299
3299
3299
3300
3302
3306
3307
3308
3311
3313
3313
3314
3315
3315
3315
3315
3316
3318
3319
3320
3321
3323
3324
3324
3325
3330
3330
3332
3333
3336
3336
3336
3337
3337
3337
3338
3339
3339
3340
3344
3345
3346
3349
3351
3354
3355
3358
3358
3360
3360
3360
3360
3362
3363
3363
3363
3365
3366
3370
3371
3373
3375
3379
3379
3380
3381
3382
3382
3382
3383
3383
3384
3385
3386
3387
3387
3387
3389
3389
3391
3391
3392
3393
3394
3397
3398
3399
3401
3401
3402
3404
3404
3404
3405
3409
3409
3409
3411
3411
3413
3415
3416
3416
3416
3419
3421
3421
3421
3425
3426
3427
3430
3431
3431
3432
3434
3435
3438
3440
3441
3444
3447
3448
3450
3450
3451
3454
3454
3456
3456
3456
3458
3458
3460
3461
3466
3469
3469
3471
3473
3474
3477
3478
3478
3480
3481
3482
3484
3485
3486
3491
3493
3493
3495
3495
3497
3498
3500
3502
3502
3505
3509
3512
3512
3512
3512
3514
3515
3515
3517
3518
3519
3521
3521
3521
3522
3522
3522
3525
3528
3528
3531
3531
3536
3536
3538
3538
3538
3539
3540
3542
3543
3544
3545
3546
3546
3546
3549
3551
3552
3552
3556
3556
3557
3558
3560
3561
3561
3561
3562
3563
3565
3576
3581
3581
3581
3583
3584
3584
3585
3589
3590
3594
3595
3596
3604
3609
3610
3610
3614
3614
3616
3617
3617
3617
3617
3620
3622
3622
3623
3624
3624
3625
3627
3628
3630
3631
3632
3632
3632
3634
3635
3637
3638
3638
3639
3639
3640
3640
3642
3643
3643
3644
3645
3647
3653
3654
3658
3663
3663
3666
3667
3667
3668
3669
3670
3671
3671
3673
3673
3674
3675
3675
3678
3678
3679
3680
3683
3684
3684
3684
3685
3685
3689
3690
3690
3694
3694
3695
3703
3705
3706
3706
3708
3709
3709
3710
3711
3712
3713
3716
3716
3716
3718
3719
3721
3721
3722
3722
3724
3725
3727
3728
3729
3731
3731
3732
3732
3733
3734
3735
3735
3735
3737
3737
3738
3740
3740
3742
3743
3743
3744
3744
3747
3747
3749
3750
3750
3752
3752
3752
3753
3753
3754
3754
3755
3758
3760
3762
3762
3762
3764
3764
3765
3768
3769
3769
3770
3772
3772
3776
3778
3778
3778
3779
3779
3780
3781
3783
3787
3789
3791
3792
3793
3795
3795
3796
3797
3798
3802
3802
3802
3804
3804
3805
3808
3808
3809
3811
3811
3811
3812
3813
3813
3814
3815
3815
3815
3817
3819
3819
3820
3820
3822
3824
3825
3826
3827
3829
3831
3831
3835
3835
3836
3836
3842
3843
3845
3845
3846
3847
3847
3852
3853
3855
3855
3855
3856
3856
3857
3857
3858
3859
3860
3861
3861
3863
3863
3865
3866
3866
3871
3872
3872
3875
3879
3880
3882
3882
3886
3886
3888
3888
3891
3893
3894
3904
3907
3910
3911
3911
3911
3912
3915
3915
3916
3917
3918
3918
3918
3919
3920
3921
3921
3922
3922
3924
3924
3925
3927
3928
3928
3929
3929
3930
3932
3938
3939
3940
3940
3941
3941
3942
3943
3944
3944
3945
3945
3946
3947
3949
3949
3950
3951
3951
3955
3955
3956
3957
3957
3958
3960
3961
3962
3963
3964
3964
3965
3966
3968
3973
3974
3975
3976
3979
3981
3981
3981
3985
3985
3986
3987
3989
3989
3990
3990
3990
3991
3991
3991
3993
3993
3993
3993
3995
3995
3996
3997
3997
3998
3999
4000
4001
4004
4004
4006
4009
4015
4016
4017
4018
4020
4020
4020
4023
4029
4029
4031
4033
4034
4034
4036
4037
4040
4043
4043
4045
4046
4049
4050
4052
4054
4054
4056
4056
4057
4057
4062
4062
4062
4063
4064
4065
4066
4068
4071
4076
4077
4077
4077
4078
4080
4080
4081
4082
4083
4083
4083
4086
4087
4088
4090
4091
4091
4092
4092
4092
4097
4098
4099
4099
4102
4103
4104
4106
4106
4110
4110
4113
4114
4115
4117
4117
4117
4118
4120
4120
4121
4123
4123
4127
4127
4128
4129
4130
4131
4135
4139
4140
4140
4142
4142
4143
4143
4144
4145
4147
4149
4149
4149
4150
4150
4150
4152
4156
4157
4157
4159
4159
4162
4164
4167
4169
4171
4171
4175
4177
4177
4180
4183
4183
4186
4186
4188
4188
4189
4190
4190
4192
4193
4194
4195
4195
4196
4197
4206
4206
4207
4209
4209
4211
4213
4214
4217
4217
4223
4225
4229
4229
4230
4232
4232
4234
4234
4235
4236
4236
4236
4238
4240
4243
4246
4248
4248
4248
4250
4252
4254
4255
4255
4257
4259
4260
4260
4261
4261
4262
4262
4265
4265
4266
4267
4268
4269
4270
4270
4273
4278
4278
4279
4283
4283
4284
4285
4285
4287
4287
4287
4288
4289
4291
4291
4293
4293
4293
4293
4294
4294
4294
4294
4294
4296
4297
4298
4300
4301
4303
4305
4305
4306
4307
4310
4313
4315
4316
4318
4322
4324
4324
4326
4328
4330
4330
4331
4332
4334
4335
4336
4339
4341
4343
4343
4344
4348
4348
4348
4350
4350
4351
4353
4354
4354
4359
4359
4360
4361
4363
4364
4365
4365
4367
4368
4369
4369
4373
4374
4375
4375
4376
4377
4378
4378
4379
4383
4384
4386
4387
4390
4391
4393
4394
4394
4394
4395
4395
4398
4398
4399
4403
4403
4403
4404
4405
4405
4405
4406
4407
4407
4411
4413
4417
4419
4419
4420
4422
4425
4425
4425
4426
4430
4433
4435
4436
4437
4438
4439
4439
4440
4441
4442
4449
4450
4452
4453
4454
4454
4454
4455
4456
4457
4457
4458
4466
4467
4468
4469
4469
4470
4471
4473
4474
4474
4477
4478
4480
4480
4484
4485
4485
4485
4486
4495
4495
4497
4500
4500
4500
4502
4502
4506
4506
4507
4508
4512
4512
4513
4515
4516
4522
4523
4525
4525
4527
4527
4529
4531
4531
4533
4534
4537
4537
4541
4543
4544
4544
4547
4547
4548
4549
4551
4551
4551
4552
4555
4555
4555
4556
4556
4556
4558
4561
4562
4562
4562
4563
4564
4565
4567
4573
4574
4574
4575
4577
4577
4578
4579
4580
4582
4583
4585
4585
4586
4586
4586
4587
4587
4587
4589
4589
4590
4590
4590
4590
4590
4591
4593
4593
4593
4595
4596
4596
4598
4601
4601
4602
4602
4602
4603
4607
4612
4612
4613
4616
4617
4618
4620
4620
4623
4623
4624
4624
4625
4625
4627
4627
4629
4629
4633
4633
4634
4634
4635
4635
4635
4637
4637
4637
4638
4639
4639
4641
4642
4642
4643
4645
4646
4647
4649
4649
4652
4652
4653
4654
4655
4655
4657
4659
4660
4662
4665
4667
4667
4669
4671
4671
4673
4675
4677
4677
4678
4678
4679
4680
4687
4688
4689
4690
4691
4692
4695
4697
4697
4697
4697
4700
4703
4704
4704
4706
4711
4715
4715
4716
4718
4719
4720
4720
4721
4722
4724
4724
4725
4726
4726
4726
4732
4735
4736
4736
4737
4737
4738
4740
4741
4742
4747
4747
4747
4748
4748
4750
4750
4752
4753
4755
4755
4756
4756
4758
4758
4760
4761
4762
4764
4764
4765
4765
4766
4768
4768
4771
4771
4773
4773
4774
4775
4776
4776
4776
4776
4777
4779
4780
4782
4782
4789
4789
4794
4795
4796
4797
4798
4799
4801
4801
4801
4802
4802
4803
4805
4805
4806
4806
4807
4809
4813
4814
4815
4816
4817
4820
4820
4821
4821
4822
4823
4824
4824
4825
4828
4829
4832
4834
4835
4837
4842
4842
4843
4845
4846
4848
4848
4850
4851
4852
4853
4854
4854
4861
4861
4862
4862
4863
4863
4864
4864
4864
4867
4867
4869
4869
4870
4873
4874
4874
4874
4876
4878
4879
4880
4880
4886
4897
4897
4898
4899
4900
4900
4901
4903
4907
4907
4909
4909
4911
4911
4913
4916
4919
4921
4925
4925
4927
4928
4929
4934
4934
4935
4937
4941
4941
4942
4942
4943
4943
4943
4944
4945
4946
4946
4947
4951
4954
4955
4956
4957
4958
4960
4964
4964
4965
4965
4965
4966
4967
4972
4974
4974
4975
4977
4978
4979
4979
4980
4983
4984
4984
4985
4985
4986
4987
4987
4989
4989
4990
4990
4995
4996
4997
4997
4998
4998
5000
5003
5004
5005
5005
5006
5006
5006
5007
5008
5010
5011
5012
5013
5014
5017
5018
5019
5019
5021
5022
5024
5024
5024
5025
5025
5025
5026
5026
5028
5028
5029
5032
5034
5035
5038
5038
5038
5041
5041
5042
5044
5044
5045
5046
5047
5048
5048
5049
5050
5051
5053
5056
5057
5059
5061
5062
5063
5063
5064
5066
5066
5067
5070
5073
5074
5076
5079
5081
5082
5084
5084
5084
5085
5085
5087
5087
5087
5089
5089
5093
5094
5095
5095
5096
5097
5100
5101
5102
5102
5103
5105
5105
5105
5106
5107
5107
5110
5110
5111
5112
5113
5115
5116
5118
5118
5118
5120
5123
5124
5127
5127
5128
5130
5131
5132
5132
5133
5136
5137
5141
5141
5148
5149
5152
5152
5152
5153
5155
5155
5157
5157
5160
5161
5162
5162
5163
5164
5165
5170
5170
5172
5173
5173
5176
5178
5180
5186
5188
5190
5193
5194
5195
5195
5195
5197
5198
5199
5199
5199
5199
5201
5201
5201
5202
5204
5208
5209
5216
5217
5218
5220
5222
5223
5223
5224
5226
5226
5227
5229
5234
5236
5236
5236
5239
5239
5239
5242
5245
5250
5253
5255
5256
5256
5257
5258
5258
5259
5261
5262
5264
5264
5264
5265
5267
5268
5271
5273
5273
5274
5278
5279
5282
5282
5282
5283
5284
5285
5286
5286
5287
5287
5288
5294
5297
5299
5300
5300
5301
5302
5302
5304
5304
5305
5305
5309
5311
5312
5314
5317
5317
5321
5321
5322
5322
5323
5324
5325
5326
5328
5329
5329
5329
5329
5331
5332
5333
5333
5333
5335
5336
5339
5341
5341
5344
5344
5345
5346
5348
5350
5351
5352
5354
5355
5355
5356
5360
5360
5360
5360
5362
5362
5364
5364
5365
5366
5368
5369
5372
5373
5374
5380
5381
5384
5384
5385
5387
5389
5392
5393
5394
5394
5396
5397
5398
5398
5399
5399
5400
5407
5410
5411
5411
5412
5413
5416
5417
5418
5422
5426
5427
5428
5430
5431
5431
5432
5433
5434
5436
5439
5443
5445
5446
5446
5446
5448
5451
5451
5454
5454
5455
5455
5455
5456
5457
5459
5460
5460
5460
5463
5466
5470
5471
5473
5473
5473
5477
5478
5479
5479
5480
5481
5482
5482
5483
5483
5485
5485
5485
5486
5488
5489
5490
5494
5497
5498
5499
5499
5500
5501
5501
5502
5503
5504
5505
5507
5507
5511
5513
5515
5516
5516
5518
5518
5522
5523
5524
5525
5527
5528
5529
5529
5530
5533
5534
5534
5536
5536
5536
5537
5538
5539
5539
5540
5541
5541
5543
5543
5544
5546
5547
5549
5549
5550
5552
5553
5554
5555
5555
5556
5559
5560
5560
5562
5565
5567
5568
5571
5572
5572
5573
5573
5574
5577
5577
5577
5579
5583
5583
5584
5586
5587
5588
5589
5589
5591
5591
5592
5593
5593
5594
5596
5596
5597
5599
5599
5600
5602
5603
5604
5608
5610
5611
5613
5613
5614
5615
5620
5621
5622
5622
5625
5627
5629
5630
5631
5632
5633
5634
5635
5635
5638
5638
5639
5639
5639
5641
5641
5642
5644
5644
5645
5645
5647
5647
5650
5650
5652
5654
5655
5658
5660
5661
5666
5668
5668
5669
5669
5670
5670
5675
5678
5678
5680
5680
5681
5681
5683
5684
5685
5685
5685
5686
5687
5687
5688
5689
5690
5691
5692
5693
5694
5694
5696
5697
5701
5702
5702
5704
5704
5705
5706
5706
5710
5711
5712
5714
5714
5714
5716
5718
5718
5719
5719
5723
5723
5724
5725
5727
5727
5728
5728
5730
5731
5738
5738
5739
5739
5741
5744
5746
5747
5750
5752
5753
5754
5755
5756
5758
5758
5759
5761
5763
5766
5768
5770
5771
5772
5772
5775
5776
5778
5778
5779
5779
5782
5782
5785
5785
5787
5787
5788
5793
5794
5794
5795
5796
5797
5800
5801
5802
5802
5803
5804
5805
5806
5806
5807
5809
5810
5811
5812
5813
5813
5816
5817
5817
5821
5822
5822
5824
5824
5825
5825
5826
5830
5832
5834
5834
5835
5836
5837
5838
5839
5841
5841
5842
5843
5848
5849
5850
5852
5853
5853
5854
5854
5856
5856
5863
5864
5865
5868
5869
5869
5870
5870
5871
5872
5875
5876
5876
5878
5879
5880
5881
5882
5886
5886
5886
5888
5888
5891
5891
5892
5893
5896
5896
5901
5903
5904
5904
5906
5906
5909
5910
5912
5912
5913
5913
5914
5914
5914
5915
5918
5921
5923
5926
5927
5929
5930
5932
5932
5936
5937
5940
5940
5940
5941
5942
5943
5945
5945
5947
5947
5948
5950
5950
5951
5952
5952
5952
5955
5956
5956
5956
5958
5959
5964
5965
5966
5967
5968
5968
5971
5972
5973
5976
5978
5980
5981
5982
5982
5983
5983
5984
5984
5984
5986
5986
5988
5988
5996
5997
5997
5999
5999
6000
6000
6002
6002
6003
6004
6005
6007
6007
6007
6009
6013
6015
6017
6018
6024
6025
6026
6027
6028
6029
6031
6031
6033
6035
6035
6036
6039
6039
6043
6043
6045
6046
6047
6047
6050
6052
6052
6053
6054
6055
6055
6057
6060
6063
6064
6065
6069
6072
6073
6074
6075
6076
6076
6077
6077
6078
6079
6083
6083
6083
6083
6087
6088
6089
6090
6090
6092
6093
6097
6097
6098
6098
6098
6099
6100
6101
6101
6101
6102
6105
6107
6110
6113
6113
6115
6115
6115
6116
6119
6120
6121
6121
6122
6129
6133
6133
6136
6136
6137
6139
6140
6140
6142
6143
6144
6144
6144
6147
6147
6147
6148
6152
6152
6153
6154
6154
6154
6155
6155
6158
6163
6164
6166
6168
6168
6169
6170
6171
6174
6176
6177
6178
6178
6179
6181
6184
6187
6187
6188
6188
6191
6192
6193
6193
6193
6194
6194
6195
6196
6196
6197
6197
6198
6201
6202
6203
6205
6206
6209
6209
6210
6211
6214
6216
6219
6219
6220
6220
6221
6223
6223
6226
6226
6226
6227
6228
6230
6232
6234
6237
6239
6239
6240
6241
6244
6245
6245
6245
6246
6252
6253
6254
6255
6255
6261
6261
6261
6262
6263
6264
6264
6266
6268
6269
6272
6272
6273
6276
6277
6278
6282
6283
6283
6285
6286
6286
6287
6288
6295
6297
6299
6300
6302
6307
6307
6307
6309
6309
6309
6313
6313
6315
6315
6317
6317
6322
6323
6324
6326
6326
6329
6334
6334
6335
6335
6336
6336
6336
6336
6338
6347
6349
6349
6351
6353
6354
6354
6356
6357
6357
6359
6360
6361
6362
6366
6367
6369
6370
6371
6371
6372
6378
6382
6382
6383
6383
6383
6384
6385
6386
6387
6387
6387
6388
6388
6390
6391
6394
6394
6395
6396
6399
6399
6400
6403
6405
6406
6409
6411
6413
6415
6415
6415
6416
6419
6421
6422
6427
6430
6432
6435
6436
6437
6437
6437
6438
6439
6439
6439
6440
6442
6446
6446
6447
6447
6447
6450
6452
6452
6453
6457
6457
6459
6460
6465
6467
6468
6469
6472
6477
6480
6481
6482
6482
6485
6488
6488
6488
6489
6491
6492
6497
6498
6498
6499
6500
6501
6501
6501
6502
6502
6506
6509
6510
6512
6512
6514
6516
6520
6521
6521
6522
6522
6523
6524
6525
6525
6527
6527
6528
6529
6530
6531
6532
6532
6533
6534
6536
6536
6536
6538
6540
6540
6541
6541
6541
6543
6543
6543
6545
6547
6548
6554
6554
6555
6557
6557
6557
6558
6560
6560
6561
6561
6563
6566
6568
6570
6571
6571
6573
6574
6575
6576
6577
6577
6579
6579
6580
6581
6582
6583
6584
6585
6587
6587
6587
6587
6588
6588
6590
6593
6594
6595
6599
6601
6601
6601
6602
6603
6608
6609
6613
6614
6615
6615
6617
6618
6620
6624
6625
6625
6627
6628
6628
6628
6635
6636
6636
6637
6638
6640
6644
6644
6645
6648
6648
6648
6649
6653
6654
6656
6658
6661
6662
6663
6663
6663
6667
6669
6671
6671
6672
6673
6674
6675
6680
6681
6683
6685
6685
6686
6688
6689
6690
6691
6691
6692
6692
6692
6693
6694
6695
6698
6698
6701
6704
6709
6709
6710
6712
6717
6718
6719
6719
6721
6722
6723
6724
6724
6724
6725
6729
6729
6730
6732
6732
6734
6735
6735
6737
6737
6739
6739
6739
6740
6741
6742
6747
6748
6748
6749
6750
6750
6752
6753
6753
6755
6759
6760
6761
6761
6763
6763
6763
6770
6773
6773
6774
6774
6775
6778
6784
6786
6787
6789
6790
6791
6792
6792
6792
6792
6793
6794
6796
6797
6797
6799
6804
6805
6806
6807
6810
6811
6815
6815
6816
6816
6817
6818
6820
6822
6823
6824
6824
6826
6827
6827
6827
6829
6829
6830
6830
6833
6836
6838
6840
6841
6842
6842
6843
6843
6848
6848
6848
6848
6848
6855
6856
6859
6860
6860
6862
6863
6864
6864
6866
6868
6870
6872
6875
6877
6878
6878
6879
6883
6885
6885
6886
6888
6888
6888
6891
6891
6891
6895
6895
6897
6904
6905
6906
6907
6907
6908
6910
6911
6913
6914
6919
6921
6922
6922
6923
6923
6925
6926
6926
6926
6929
6934
6936
6936
6936
6937
6938
6938
6940
6943
6947
6949
6951
6953
6955
6957
6958
6962
6968
6970
6971
6971
6974
6980
6981
6983
6986
6987
6995
6996
6996
7001
7004
7004
7005
7011
7014
7018
7018
7021
7027
7028
7030
7031
7037
7041
7049
7050
7051
7054
7059
7062
7064
7074
7076
7077
7085
7088
7089
7094
7117
7121
7122
7139
7159
7170
7172
7176
7177
7180
7189
7190
7193
7208
7226
7229
7231
7252
7258
7261
7289
7355
7357
