Primero viene la cantidad (n) de timestamps para ambos, luego n líneas que son un timestamp aproximado cada uno separado por una coma (',') del error, y luego n lineas de las transacciones del sospechoso
1505
5,4
24,10
39,1
45,1
56,5
73,8
93,7
113,8
131,6
151,9
173,9
196,9
215,5
225,1
241,10
263,8
279,4
295,8
311,4
323,4
338,7
357,7
377,8
391,1
398,2
409,4
419,1
429,5
444,5
460,6
476,6
495,9
518,10
534,1
545,6
558,3
576,10
591,1
605,8
618,0
630,8
650,8
666,4
684,10
708,9
724,3
741,10
764,8
784,8
801,5
812,1
827,9
841,1
856,10
873,3
885,5
901,7
921,9
938,3
954,8
977,10
994,3
1002,1
1008,1
1018,5
1029,1
1040,6
1058,7
1076,7
1096,9
1117,7
1129,1
1144,10
1159,1
1173,8
1191,5
1206,6
1223,6
1235,2
1242,1
1258,10
1277,5
1295,8
1308,0
1318,5
1332,5
1345,4
1361,7
1375,2
1382,0
1395,9
1416,7
1436,9
1458,9
1480,9
1500,7
1521,10
1543,7
1562,8
1579,4
1593,6
1607,4
1622,7
1643,9
1662,5
1680,9
1698,4
1710,4
1721,3
1732,3
1746,7
1758,0
1771,9
1795,10
1815,6
1834,8
1856,9
1877,7
1897,9
1921,10
1943,7
1959,4
1975,8
1993,6
2012,8
2033,8
2049,3
2062,6
2080,8
2096,4
2110,6
2125,5
2142,7
2164,10
2187,8
2202,2
2216,7
2234,6
2254,10
2273,4
2284,2
2294,3
2307,6
2318,1
2334,10
2359,10
2383,9
2402,5
2413,1
2423,4
2435,3
2444,1
2457,8
2473,4
2482,1
2491,3
2505,6
2518,3
2530,5
2546,6
2565,8
2587,10
2605,4
2621,7
2633,1
2643,4
2656,5
2673,7
2685,0
2695,5
2707,2
2719,5
2731,2
2740,2
2748,2
2757,2
2773,9
2790,4
2802,4
2819,9
2836,4
2850,5
2869,9
2883,0
2888,1
2903,9
2924,7
2943,8
2961,6
2982,10
3004,7
3025,9
3041,2
3055,8
3071,4
3086,7
3103,6
3119,5
3136,8
3158,10
3176,3
3193,9
3209,3
3223,6
3241,7
3257,5
3275,8
3297,10
3316,5
3330,4
3342,3
3358,8
3371,1
3380,3
3393,6
3407,3
3416,2
3431,8
3452,9
3469,4
3484,6
3500,5
3518,8
3533,3
3548,7
3565,6
3579,4
3592,5
3611,10
3629,4
3641,4
3650,0
3664,9
3678,0
3692,10
3716,9
3738,9
3762,10
3787,10
3811,10
3832,7
3848,4
3860,4
3873,5
3890,7
3903,2
3914,5
3928,4
3946,9
3969,9
3986,3
3994,1
4010,10
4030,5
4041,2
4052,5
4066,4
4076,2
4089,6
4108,9
4123,2
4131,2
4138,1
4150,6
4164,3
4172,0
4181,5
4199,9
4223,10
4246,9
4266,7
4279,1
4289,4
4306,8
4326,8
4347,8
4365,6
4376,0
4382,1
4396,8
4412,4
4423,3
4437,6
4456,8
4472,3
4489,10
4508,5
4527,10
4552,10
4569,2
4576,1
4588,7
4602,3
4614,5
4625,2
4632,1
4644,7
4664,8
4686,10
4705,5
4725,10
4743,3
4756,6
4768,1
4781,7
4802,9
4825,10
4844,4
4862,10
4884,8
4904,8
4926,9
4940,0
4951,6
4966,5
4984,9
5002,5
5016,4
5030,6
5043,2
5050,1
5059,4
5071,3
5088,10
5112,9
5129,4
5142,5
5155,4
5173,10
5191,3
5206,8
5223,5
5238,6
5252,3
5267,7
5280,1
5287,1
5297,4
5315,9
5336,8
5354,5
5366,2
5375,2
5386,5
5397,1
5409,6
5420,0
5434,10
5454,6
5473,8
5486,1
5499,8
5513,2
5527,7
5544,6
5561,6
5574,3
5590,8
5612,9
5629,4
5638,1
5652,8
5668,4
5677,0
5684,3
5695,4
5713,9
5732,5
5743,1
5758,9
5779,8
5792,1
5798,1
5805,2
5815,4
5831,8
5847,4
5861,5
5876,6
5895,8
5911,4
5928,9
5945,4
5960,6
5976,6
5990,3
6001,3
6009,1
6021,6
6032,1
6042,4
6053,3
6070,9
6085,1
6098,8
6111,1
6125,9
6149,10
6168,4
6177,0
6189,8
6207,5
6224,7
6243,8
6264,8
6281,4
6291,1
6302,6
6317,4
6330,5
6345,6
6362,6
6375,3
6389,6
6404,4
6415,3
6427,5
6437,0
6446,4
6460,6
6471,0
6476,0
6489,8
6512,10
6535,9
6558,10
6580,7
6594,2
6601,0
6611,6
6630,9
6649,6
6660,1
6670,5
6688,9
6710,8
6723,1
6736,8
6758,10
6773,1
6781,3
6793,5
6808,6
6820,2
6835,8
6850,3
6862,5
6875,4
6892,8
6915,10
6936,6
6950,4
6967,8
6988,9
7006,4
7024,10
7047,9
7070,10
7091,6
7112,10
7128,1
7135,1
7141,0
7153,8
7170,4
7189,10
7206,3
7217,3
7231,6
7247,5
7264,7
7285,10
7301,1
7317,10
7335,4
7353,9
7370,3
7386,9
7401,1
7412,6
7427,4
7436,1
7451,10
7471,6
7487,6
7503,5
7513,0
7525,7
7547,10
7562,0
7570,4
7587,8
7600,1
7608,2
7619,5
7634,5
7654,10
7671,2
7679,1
7695,10
7716,6
7735,8
7753,6
7771,8
7785,2
7792,0
7798,2
7811,7
7827,4
7838,2
7850,5
7865,5
7881,6
7895,4
7909,6
7920,1
7926,0
7932,2
7943,5
7960,7
7972,0
7982,5
7996,5
8013,7
8030,5
8048,9
8063,1
8069,0
8083,9
8104,8
8124,8
8138,1
8144,0
8155,6
8173,8
8193,7
8206,2
8213,0
8228,10
8251,9
8265,1
8275,5
8291,6
8305,3
8318,5
8328,1
8334,1
8342,2
8358,10
8380,7
8394,3
8412,10
8431,4
8440,1
8449,3
8463,6
8482,8
8505,10
8523,4
8536,5
8553,7
8573,9
8592,6
8612,9
8636,10
8657,7
8673,5
8690,7
8708,7
8728,9
8744,3
8759,7
8774,3
8782,0
8788,1
8801,7
8819,6
8830,0
8839,4
8853,5
8863,1
8871,3
8885,7
8901,5
8919,9
8937,5
8951,4
8964,5
8982,9
8996,1
9004,3
9017,6
9034,6
9046,1
9054,2
9062,2
9075,6
9089,3
9101,4
9112,2
9124,6
9136,2
9146,3
9155,1
9163,3
9180,10
9195,1
9206,5
9223,8
9240,5
9258,8
9275,5
9293,8
9309,3
9323,7
9337,3
9349,4
9359,2
9372,6
9393,10
9413,5
9431,8
9448,5
9467,9
9485,5
9499,4
9516,9
9536,6
9555,9
9571,2
9584,7
9606,10
9630,9
9646,2
9660,8
9676,4
9690,5
9702,2
9715,6
9728,2
9735,0
9744,4
9757,5
9776,9
9795,6
9811,5
9822,1
9836,8
9849,0
9859,6
9874,4
9891,9
9905,1
9917,6
9929,1
9935,1
9943,2
9957,7
9973,5
9991,9
10007,3
10015,1
10030,9
10044,1
10059,9
10076,4
10088,3
10103,7
10116,2
10130,8
10148,5
10167,10
10191,9
10207,3
10221,6
10239,8
10255,3
10273,10
10294,7
10307,2
10314,0
10324,5
10337,4
10346,0
10353,3
10363,3
10378,8
10400,9
10420,7
10442,10
10458,1
10474,10
10491,2
10498,0
10507,4
10518,2
10533,8
10554,8
10577,10
10592,0
10599,2
10606,1
10619,7
10631,0
10646,10
10661,1
10670,3
10682,4
10699,9
10723,10
10739,1
10750,6
10771,10
10796,10
10816,5
10829,4
10840,2
10852,6
10866,4
10877,2
10888,4
10897,1
10910,8
10923,0
10934,7
10953,7
10968,3
10980,4
10997,8
11015,5
11033,8
11051,6
11070,8
11086,4
11095,1
11104,4
11115,2
11128,7
11148,8
11165,4
11174,0
11189,10
11210,6
11229,9
11245,3
11259,7
11273,3
11286,6
11300,4
11311,2
11327,10
11349,7
11368,8
11385,4
11401,8
11418,5
11431,4
11444,4
11457,4
11468,3
11481,5
11497,6
11518,10
11540,8
11559,7
11578,7
11593,4
11602,1
11608,0
11619,7
11640,10
11662,8
11678,4
11688,2
11702,8
11724,10
11747,9
11764,4
11777,5
11793,6
11809,6
11829,9
11844,2
11856,6
11873,7
11886,2
11897,5
11909,2
11916,1
11922,0
11930,3
11938,1
11947,3
11963,9
11987,10
12002,1
12011,3
12025,7
12039,2
12046,1
12061,9
12077,2
12090,6
12108,7
12124,4
12136,3
12145,1
12154,4
12164,2
12175,5
12194,9
12215,8
12232,5
12249,7
12269,9
12285,3
12300,8
12320,8
12342,9
12364,8
12381,5
12395,4
12406,2
12421,9
12442,8
12457,3
12473,9
12488,2
12501,6
12517,6
12537,9
12554,3
12566,4
12584,9
12602,5
12612,1
12623,5
12643,10
12665,7
12684,8
12697,1
12706,4
12719,4
12734,7
12749,4
12763,6
12783,9
12801,4
12814,5
12826,2
12842,9
12861,5
12880,9
12901,7
12913,0
12918,0
12932,9
12955,9
12972,4
12984,4
13000,8
13020,7
13041,9
13065,10
13087,7
13108,9
13128,6
13141,2
13155,7
13168,2
13184,9
13202,4
13218,7
13231,2
13238,0
13251,8
13265,2
13274,2
13286,5
13301,6
13317,5
13333,7
13353,9
13375,8
13394,6
13414,10
13430,1
13438,3
13453,8
13471,5
13489,9
13503,0
13511,4
13525,5
13540,6
13554,4
13567,5
13579,2
13590,5
13603,3
13612,1
13626,8
13646,7
13666,8
13685,7
13706,10
13726,5
13743,8
13757,1
13764,1
13773,4
13791,10
13815,10
13836,7
13848,1
13858,4
13872,6
13891,8
13912,8
13925,1
13941,10
13957,2
13967,3
13980,6
13996,6
14015,9
14029,0
14043,9
14065,9
14085,7
14105,9
14127,9
14146,6
14157,0
14162,1
14173,6
14187,3
14201,7
14217,5
14236,9
14250,1
14264,8
14278,1
14291,7
14310,8
14329,6
14348,9
14366,5
14378,3
14391,6
14410,8
14427,5
14444,8
14459,3
14469,2
14482,7
14495,2
14508,7
14525,5
14541,7
14559,7
14575,5
14585,0
14599,9
14622,10
14642,6
14658,6
14674,6
14690,6
14706,5
14724,9
14744,6
14757,3
14771,6
14790,8
14811,8
14830,7
14848,7
14870,10
14889,4
14905,7
14925,9
14943,4
14952,1
14958,0
14969,6
14985,6
15005,9
15024,5
15035,2
15046,4
15062,7
15074,1
15083,4
15096,4
15110,5
15128,8
15147,6
15160,3
15176,8
15199,10
15223,9
15240,4
15254,5
15267,3
15275,0
15287,7
15300,1
15309,3
15325,8
15341,3
15349,1
15361,7
15380,8
15394,2
15410,10
15431,7
15451,9
15473,8
15487,1
15497,4
15513,7
15532,7
15545,1
15559,8
15582,10
15599,3
15612,6
15624,2
15632,2
15644,6
15660,5
15677,8
15695,5
15712,8
15732,7
15751,7
15764,2
15778,8
15791,1
15801,4
15810,1
15816,1
15829,8
15842,0
15847,1
15856,3
15864,0
15877,9
15893,2
15900,1
15907,1
15919,7
15933,2
15947,8
15966,6
15986,9
16001,2
16013,5
16025,3
16036,4
16053,8
16069,4
16084,7
16102,6
16121,9
16143,9
16157,1
16166,4
16181,7
16196,4
16215,10
16233,4
16243,1
16249,0
16260,6
16274,4
16283,0
16290,3
16300,3
16312,4
16321,0
16333,8
16356,10
16374,4
16392,9
16415,9
16436,7
16455,8
16468,0
16480,8
16499,7
16519,8
16538,7
16553,4
16567,5
16579,3
16591,4
16601,1
16609,3
16623,6
16641,7
16654,1
16668,8
16689,8
16707,6
16721,4
16732,3
16750,10
16766,1
16778,6
16793,5
16811,8
16827,3
16840,6
16852,2
16866,8
16879,1
16885,1
16891,1
16902,5
16912,1
16921,3
16929,0
16937,3
16952,7
16967,3
16982,8
17001,7
17019,7
17031,1
17039,3
17053,7
17074,10
17092,4
17103,3
17119,8
17138,7
17157,7
17176,8
17194,5
17210,6
17225,5
17238,4
17247,0
17255,3
17273,10
17290,3
17305,8
17326,8
17347,9
17371,10
17393,7
17408,3
17421,6
17436,4
17453,8
17466,0
17476,6
17488,1
17498,5
17509,2
17523,7
17538,4
17551,5
17568,7
17583,4
17599,7
17618,8
17632,2
17642,4
17661,10
17685,10
17710,10
17729,4
17747,9
17768,7
17788,9
17811,10
17833,7
17855,10
17870,1
17881,5
17900,10
17924,10
17946,7
17966,8
17987,9
18005,5
18024,9
18045,7
18062,5
18075,4
18090,6
18103,2
18117,7
18132,4
18149,8
18162,0
18169,2
18176,1
18184,2
18199,8
18212,0
18222,6
18234,2
18248,7
18264,4
18283,10
18305,8
18326,9
18342,3
18356,7
18376,9
18394,5
18405,2
18421,10
18436,1
18447,5
18466,9
18482,2
18490,2
18499,2
18507,1
18516,4
18526,1
18537,6
18554,7
18569,3
18585,8
18602,5
18619,8
18633,1
18645,6
18658,3
18674,9
18692,5
18711,10
18727,1
18742,9
18761,5
18774,4
18793,10
18812,5
18828,6
18844,6
18862,7
18880,6
18896,6
18916,10
18933,3
18950,9
18966,3
18983,9
19006,9
19023,3
19035,5
19050,5
19062,3
19079,9
19093,1
19107,9
19123,2
19134,5
19146,3
19155,1
19161,0
19172,7
19185,2
19194,3
19203,1
19215,7
19237,10
19254,2
19263,2
19275,5
19285,1
19297,6
19316,8
19338,10
19358,6
19371,3
19380,2
19391,4
19402,3
19410,1
19418,3
19431,6
19445,3
19458,6
19472,4
19483,2
19497,7
19511,2
19519,1
19527,3
19537,3
19555,10
19570,1
19584,8
19606,10
19621,0
19629,4
19641,3
19659,10
19678,5
19693,6
19711,8
19734,10
19758,10
19783,10
19803,6
19816,3
19831,8
19852,8
19870,5
19880,0
19891,7
19906,3
19923,9
19939,3
19948,2
19955,0
19962,3
19978,9
19995,4
20009,6
20026,7
20047,9
20063,3
20072,1
20082,5
20099,8
20114,2
20128,8
20143,2
20156,6
20175,9
20198,9
20222,10
20242,5
20257,6
20276,8
20298,10
20317,4
20329,4
20346,8
20362,3
20370,0
20382,8
20405,10
20429,10
20451,8
20465,1
20477,7
20492,3
20501,2
20511,3
20522,4
20539,8
20552,0
20567,10
20586,4
20603,9
20624,8
20646,9
20661,2
20678,10
20694,2
20710,9
20726,2
20735,3
20745,3
20761,8
20782,9
20798,2
20812,7
20826,3
20839,6
20855,5
20871,7
20890,7
20910,9
20929,6
20944,4
20957,4
20972,6
20989,7
21007,6
21026,8
21048,10
21066,3
21076,2
21092,9
21107,2
21114,0
21125,6
21142,6
21160,8
21178,6
21198,9
21219,7
21234,3
21244,2
21254,4
21263,1
21275,6
21292,7
21308,4
21326,10
21344,3
21359,7
21372,1
21384,7
21400,5
21417,7
21433,5
21448,5
21460,2
21476,9
21492,2
21501,3
21513,4
21528,7
21544,4
21559,6
21570,0
21580,5
21593,4
21609,7
21629,9
21650,8
21670,7
21687,6
21704,7
21719,4
21735,8
21757,10
21781,9
21796,2
21804,1
21818,8
21841,10
21861,6
21877,5
21893,7
21907,2
21916,3
21932,9
21948,3
21963,7
21978,4
21995,8
22010,2
22018,1
22031,8
22046,2
22060,8
22081,8
22103,10
22124,6
22145,10
22161,1
22174,7
22186,0
22195,5
22212,8
22233,9
22257,10
22272,0
22277,1
22287,4
22296,1
22305,3
22318,6
22332,3
22342,3
22350,1
22358,3
22370,4
22383,4
22394,2
22409,9
22427,5
22445,8
22464,7
22478,3
22487,1
22499,7
22515,4
22526,3
22544,10
22567,9
22586,6
22604,7
22622,7
22643,9
22663,6
22683,10
22700,2
22715,9
22732,3
22747,7
22766,8
22781,2
9
26
39
45
55
77
87
106
129
144
177
195
220
226
238
266
282
296
309
326
339
355
369
391
397
413
420
427
445
463
477
504
515
535
544
560
585
592
611
618
624
654
665
680
701
727
736
764
782
801
812
833
842
856
874
882
897
923
939
949
984
992
1002
1009
1022
1028
1040
1060
1082
1094
1111
1129
1139
1160
1178
1189
1207
1221
1237
1242
1263
1275
1289
1308
1320
1333
1347
1356
1374
1382
1387
1420
1436
1457
1476
1494
1515
1539
1556
1576
1599
1611
1625
1638
1660
1689
1700
1713
1722
1735
1743
1758
1767
1805
1816
1836
1851
1882
1895
1924
1944
1958
1980
1989
2010
2036
2051
2061
2088
2095
2114
2126
2142
2157
2188
2202
2219
2233
2264
2274
2282
2297
2311
2319
2339
2369
2384
2406
2413
2423
2433
2443
2453
2475
2482
2492
2509
2516
2533
2545
2573
2593
2604
2626
2634
2646
2656
2677
2685
2690
2705
2721
2729
2742
2748
2756
2771
2794
2805
2819
2834
2849
2868
2883
2888
2903
2927
2937
2966
2972
3010
3034
3043
3050
3070
3080
3108
3117
3136
3151
3179
3193
3212
3228
3240
3259
3270
3306
3312
3329
3344
3358
3371
3378
3393
3410
3416
3430
3445
3468
3480
3504
3512
3531
3545
3566
3579
3589
3620
3627
3644
3650
3661
3678
3693
3707
3743
3769
3789
3804
3833
3851
3857
3870
3887
3905
3915
3930
3943
3966
3983
3995
4011
4030
4042
4056
4063
4078
4089
4115
4122
4130
4139
4147
4166
4172
4178
4191
4229
4248
4268
4280
4287
4311
4320
4344
4369
4376
4381
4394
4410
4426
4438
4458
4472
4480
4510
4520
4543
4567
4576
4589
4605
4618
4626
4632
4651
4660
4696
4710
4716
4741
4755
4769
4781
4801
4819
4841
4856
4879
4911
4917
4940
4956
4962
4984
5004
5018
5029
5041
5050
5059
5072
5090
5112
5130
5143
5152
5182
5193
5213
5224
5233
5249
5262
5281
5287
5298
5310
5336
5351
5365
5375
5383
5396
5404
5420
5427
5449
5465
5487
5504
5514
5532
5546
5561
5576
5583
5615
5628
5638
5652
5668
5677
5683
5693
5709
5736
5744
5749
5775
5793
5798
5805
5812
5834
5845
5860
5879
5903
5909
5931
5949
5966
5971
5993
6001
6010
6024
6033
6046
6052
6070
6085
6094
6111
6128
6150
6172
6177
6194
6205
6223
6245
6259
6283
6291
6298
6314
6329
6345
6360
6373
6391
6408
6417
6428
6437
6449
6462
6471
6476
6483
6506
6530
6550
6573
6593
6601
6608
6623
6644
6661
6671
6685
6708
6724
6742
6768
6774
6781
6798
6804
6822
6837
6848
6867
6874
6894
6924
6932
6951
6973
6983
7010
7031
7053
7066
7086
7104
7127
7135
7141
7150
7169
7181
7207
7216
7225
7245
7268
7284
7300
7324
7334
7353
7369
7394
7402
7417
7429
7436
7452
7475
7491
7504
7513
7525
7538
7562
7570
7584
7601
7610
7615
7638
7646
7670
7678
7685
7714
7735
7751
7771
7787
7792
7797
7811
7828
7839
7849
7863
7879
7895
7904
7921
7926
7934
7943
7955
7972
7982
7993
8017
8029
8047
8064
8069
8076
8104
8126
8138
8144
8153
8169
8187
8208
8213
8220
8254
8265
8274
8287
8308
8319
8329
8335
8344
8352
8380
8395
8408
8429
8440
8449
8465
8485
8507
8520
8540
8557
8575
8587
8620
8628
8656
8677
8684
8714
8728
8744
8752
8774
8782
8788
8802
8820
8830
8839
8852
8863
8870
8882
8901
8926
8941
8950
8966
8986
8996
9002
9020
9040
9046
9054
9062
9069
9087
9098
9111
9119
9136
9145
9154
9166
9178
9196
9207
9227
9244
9257
9276
9297
9309
9327
9337
9350
9358
9372
9396
9415
9436
9451
9473
9489
9499
9518
9534
9554
9569
9590
9611
9624
9645
9655
9673
9694
9703
9713
9728
9735
9747
9756
9772
9801
9815
9823
9842
9849
9865
9873
9896
9905
9923
9928
9936
9944
9959
9976
9997
10009
10016
10032
10044
10068
10074
10090
10108
10116
10134
10145
10166
10187
10208
10215
10242
10257
10281
10289
10309
10314
10321
10341
10346
10353
10364
10381
10400
10425
10435
10457
10480
10489
10498
10505
10519
10527
10546
10573
10592
10597
10607
10614
10631
10637
10662
10671
10681
10693
10732
10740
10749
10771
10801
10819
10832
10842
10848
10864
10879
10891
10898
10911
10923
10930
10949
10965
10978
10995
11017
11030
11049
11078
11088
11095
11104
11117
11127
11145
11167
11174
11186
11213
11236
11248
11253
11276
11289
11298
11311
11331
11354
11368
11386
11403
11422
11433
11446
11457
11467
11482
11492
11508
11535
11566
11585
11591
11602
11608
11621
11634
11659
11677
11689
11702
11731
11746
11761
11780
11796
11812
11829
11846
11851
11877
11887
11897
11909
11917
11922
11928
11938
11948
11955
11995
12003
12011
12030
12038
12046
12067
12076
12088
12101
12126
12135
12145
12154
12166
12171
12187
12218
12230
12255
12277
12285
12296
12321
12334
12366
12377
12393
12404
12421
12439
12456
12472
12490
12506
12512
12531
12555
12567
12575
12607
12612
12623
12642
12666
12691
12697
12704
12716
12728
12753
12766
12782
12799
12816
12824
12845
12856
12875
12902
12913
12918
12938
12954
12972
12988
12995
13016
13048
13063
13088
13116
13132
13139
13148
13167
13187
13201
13225
13230
13238
13249
13265
13272
13284
13298
13312
13337
13347
13379
13395
13413
13431
13438
13448
13473
13498
13503
13513
13526
13540
13558
13572
13581
13590
13601
13613
13623
13650
13662
13688
13701
13730
13737
13757
13763
13773
13799
13821
13830
13848
13857
13867
13898
13911
13926
13936
13959
13969
13983
13994
14018
14029
14036
14067
14086
14100
14125
14146
14157
14162
14179
14188
14201
14213
14228
14251
14263
14278
14290
14312
14333
14350
14370
14381
14391
14412
14428
14450
14459
14471
14478
14496
14503
14521
14535
14556
14577
14585
14593
14618
14640
14656
14677
14686
14709
14728
14747
14759
14772
14783
14810
14830
14846
14877
14893
14909
14932
14945
14952
14958
14972
14980
15007
15029
15035
15049
15061
15074
15086
15099
15106
15133
15149
15161
15169
15209
15217
15244
15252
15268
15275
15280
15299
15307
15333
15342
15350
15364
15374
15393
15416
15431
15457
15471
15487
15494
15517
15526
15544
15553
15581
15602
15610
15624
15632
15649
15655
15674
15694
15707
15738
15744
15763
15779
15791
15801
15811
15817
15828
15842
15848
15853
15864
15877
15894
15901
15907
15914
15933
15954
15966
15979
16002
16012
16025
16035
16046
16070
16083
16101
16119
16144
16158
16168
16178
16198
16219
16236
16242
16249
16257
16272
16283
16290
16298
16313
16321
16336
16347
16376
16391
16408
16437
16448
16468
16488
16499
16517
16538
16557
16565
16578
16587
16602
16610
16625
16648
16654
16664
16696
16706
16723
16732
16750
16766
16780
16791
16812
16826
16845
16852
16861
16879
16885
16891
16901
16913
16920
16929
16940
16948
16966
16976
17008
17013
17032
17037
17052
17077
17089
17106
17111
17140
17151
17175
17192
17211
17225
17235
17247
17257
17270
17293
17307
17329
17348
17381
17387
17408
17418
17435
17457
17466
17481
17488
17502
17509
17530
17536
17555
17573
17584
17599
17615
17632
17645
17662
17679
17707
17727
17751
17773
17781
17805
17840
17865
17871
17880
17898
17922
17953
17961
17979
18001
18015
18043
18062
18076
18094
18102
18113
18131
18145
18162
18170
18176
18186
18206
18212
18227
18233
18250
18266
18273
18302
18324
18344
18359
18369
18397
18407
18415
18437
18447
18462
18481
18492
18500
18507
18514
18527
18540
18558
18571
18582
18599
18623
18634
18646
18660
18674
18690
18703
18726
18744
18761
18771
18795
18810
18823
18840
18862
18875
18901
18908
18934
18948
18964
18976
19008
19023
19032
19051
19061
19076
19093
19104
19122
19130
19149
19154
19161
19169
19184
19193
19204
19211
19231
19256
19263
19280
19285
19299
19312
19331
19358
19371
19380
19391
19403
19410
19420
19431
19445
19455
19472
19481
19495
19513
19519
19528
19539
19551
19571
19576
19611
19621
19632
19644
19659
19675
19695
19716
19731
19750
19779
19806
19817
19833
19851
19868
19880
19893
19904
19925
19939
19949
19955
19963
19986
19994
20004
20023
20056
20066
20073
20083
20098
20114
20123
20141
20156
20170
20191
20220
20244
20255
20269
20295
20317
20327
20352
20361
20370
20380
20406
20438
20445
20466
20478
20489
20502
20514
20519
20540
20552
20568
20584
20608
20630
20653
20661
20680
20695
20701
20728
20735
20746
20767
20788
20800
20814
20825
20837
20851
20868
20891
20912
20927
20941
20959
20968
20991
21002
21021
21051
21065
21076
21086
21106
21114
21126
21143
21157
21183
21205
21214
21237
21245
21254
21263
21278
21295
21307
21325
21346
21365
21373
21386
21404
21419
21437
21446
21460
21469
21494
21501
21510
21531
21543
21564
21570
21584
21596
21609
21626
21653
21674
21691
21699
21717
21736
21757
21789
21796
21805
21814
21843
21867
21879
21888
21905
21919
21931
21947
21965
21976
21995
22012
22018
22027
22047
22068
22080
22102
22122
22144
22162
22176
22186
22198
22211
22229
22266
22272
22277
22283
22297
22302
22318
22330
22345
22351
22356
22373
22383
22396
22406
22425
22438
22461
22479
22487
22501
22514
22527
22537
22562
22582
22609
22623
22646
22664
22675
22700
22710
22731
22753
22769
22780
