Primero viene la cantidad (n) de timestamps para ambos, luego n líneas que son un timestamp aproximado cada uno separado por una coma (',') del error, y luego n lineas de las transacciones del sospechoso
2005
2,1
9,1
25,10
40,0
47,3
59,4
76,8
89,0
94,1
102,2
116,7
128,0
140,7
157,5
177,10
195,3
205,3
220,8
243,10
263,5
279,6
298,8
311,1
322,6
335,3
347,4
357,2
368,4
383,6
397,3
413,8
428,3
439,4
448,1
461,7
476,4
491,7
512,9
535,10
557,8
575,5
590,6
607,6
621,3
629,1
635,0
643,3
661,10
678,3
687,2
701,8
717,4
727,1
742,10
762,5
779,7
793,3
809,8
830,9
848,5
864,6
884,10
905,7
918,2
926,1
936,4
950,6
969,8
991,10
1006,0
1016,6
1037,10
1060,9
1081,7
1100,7
1121,10
1137,1
1151,8
1166,2
1178,5
1196,9
1210,1
1216,0
1231,10
1248,2
1257,3
1265,1
1275,5
1289,4
1298,1
1309,5
1324,6
1344,9
1365,8
1381,3
1395,7
1412,5
1427,6
1440,2
1448,2
1457,2
1464,0
1474,6
1495,10
1516,6
1536,10
1552,1
1567,9
1582,2
1591,2
1598,1
1614,10
1634,5
1653,10
1671,4
1685,6
1705,10
1729,9
1750,7
1764,2
1779,9
1795,3
1803,0
1812,4
1828,7
1848,8
1865,5
1876,2
1889,6
1910,10
1926,1
1939,7
1954,4
1970,7
1984,3
1995,3
2004,1
2011,1
2023,7
2037,2
2050,6
2066,6
2085,9
2108,10
2131,9
2151,6
2171,9
2192,7
2205,1
2217,7
2234,6
2251,7
2272,9
2288,2
2297,3
2310,5
2330,10
2345,1
2361,10
2380,5
2395,6
2414,8
2437,10
2456,4
2468,4
2478,1
2491,8
2509,5
2523,4
2540,8
2559,7
2576,6
2596,10
2618,8
2634,3
2642,1
2657,10
2673,2
2685,5
2702,8
2722,7
2742,8
2760,6
2781,10
2805,10
2826,7
2848,10
2863,1
2870,2
2884,8
2901,5
2912,2
2922,3
2930,1
2938,3
2951,5
2961,0
2975,9
2998,9
3022,10
3044,7
3058,3
3073,7
3091,6
3105,4
3121,8
3140,6
3152,1
3159,2
3175,9
3194,5
3214,10
3230,2
3242,5
3260,9
3281,8
3295,2
3309,8
3322,1
3329,1
3342,7
3358,5
3372,5
3390,8
3404,1
3419,10
3443,10
3467,9
3488,7
3504,5
3518,4
3529,2
3543,7
3563,9
3578,2
3592,8
3606,1
3620,8
3638,5
3654,6
3670,5
3689,9
3705,2
3715,3
3732,10
3753,6
3766,3
3781,7
3796,3
3810,6
3821,1
3827,0
3841,10
3862,7
3874,0
3881,3
3889,1
3903,8
3926,10
3948,8
3970,9
3988,5
3999,2
4015,10
4036,7
4058,10
4079,6
4099,9
4121,8
4142,8
4159,5
4177,9
4196,5
4211,6
4227,5
4244,8
4257,0
4269,8
4285,3
4293,1
4301,3
4314,6
4332,7
4352,8
4369,4
4379,2
4389,3
4399,3
4412,5
4423,1
4432,4
4442,2
4455,7
4474,8
4495,8
4510,3
4522,5
4536,5
4554,8
4572,5
4583,2
4595,6
4609,3
4627,10
4645,4
4654,1
4669,9
4692,9
4710,5
4727,7
4747,8
4765,6
4780,4
4790,2
4802,5
4816,5
4833,7
4850,5
4870,10
4894,10
4909,0
4920,7
4941,10
4965,10
4986,7
4998,0
5007,5
5019,2
5028,2
5043,8
5063,7
5076,1
5085,4
5099,5
5113,5
5123,1
5130,2
5141,4
5153,3
5166,5
5180,5
5194,5
5210,6
5226,6
5243,7
5260,6
5280,10
5302,7
5316,3
5326,3
5339,5
5352,4
5362,1
5376,8
5393,4
5404,2
5415,5
5428,3
5438,3
5452,6
5468,5
5486,8
5504,6
5519,4
5537,10
5559,7
5571,0
5582,6
5601,8
5614,0
5622,3
5634,5
5653,10
5673,5
5693,10
5712,5
5724,2
5736,5
5752,6
5771,9
5789,4
5799,1
5813,9
5837,10
5859,8
5882,10
5907,10
5926,4
5938,4
5951,4
5965,5
5980,6
6000,10
6019,5
6035,6
6047,2
6064,10
6083,4
6092,0
6104,7
6119,4
6130,3
6140,3
6151,4
6168,8
6191,10
6213,7
6226,2
6235,2
6245,4
6256,2
6270,7
6283,2
6293,3
6301,1
6309,2
6316,1
6326,4
6344,10
6365,7
6381,5
6391,0
6402,7
6423,9
6446,9
6460,0
6467,3
6477,3
6487,3
6495,0
6504,4
6514,1
6522,2
6534,5
6546,2
6561,8
6583,9
6603,7
6616,2
6631,9
6649,5
6664,6
6675,1
6687,6
6704,7
6724,9
6740,3
6748,0
6759,7
6774,4
6784,1
6793,3
6804,4
6818,5
6836,8
6854,5
6871,7
6889,7
6902,1
6911,4
6925,5
6936,1
6942,1
6957,9
6979,8
6993,2
7001,2
7017,9
7036,5
7051,5
7062,1
7071,3
7081,3
7089,0
7100,7
7115,3
7133,10
7158,10
7179,6
7190,0
7201,7
7213,1
7225,6
7245,10
7267,8
7290,10
7309,4
7324,7
7346,10
7366,5
7379,3
7387,1
7399,7
7412,1
7422,5
7437,6
7456,8
7471,2
7486,9
7503,3
7514,4
7530,8
7546,4
7563,9
7587,10
7611,10
7635,10
7660,10
7681,7
7696,3
7712,9
7731,6
7743,1
7755,7
7775,9
7798,10
7816,3
7828,4
7846,10
7866,6
7880,3
7892,4
7903,2
7914,4
7923,0
7929,1
7938,3
7955,9
7977,9
7998,7
8019,9
8042,9
8065,9
8081,3
8092,4
8104,3
8114,2
8129,9
8149,6
8169,9
8189,7
8204,3
8217,5
8232,6
8252,9
8274,8
8288,1
8296,3
8314,10
8329,1
8335,0
8342,2
8357,9
8376,5
8387,1
8401,8
8416,3
8425,1
8433,3
8449,9
8464,1
8472,2
8489,10
8504,0
8512,4
8531,10
8548,3
8565,9
8580,1
8592,6
8613,10
8636,8
8657,9
8677,6
8696,9
8714,5
8729,6
8745,5
8758,4
8774,8
8795,9
8809,0
8823,9
8838,2
8846,2
8858,5
8873,5
8886,4
8901,6
8920,9
8943,10
8963,5
8979,7
8994,3
9009,7
9030,10
9052,8
9070,5
9086,7
9099,1
9108,4
9127,10
9147,5
9160,4
9170,2
9178,1
9188,4
9198,1
9211,7
9224,2
9237,6
9256,8
9274,5
9284,1
9299,10
9316,3
9329,6
9345,6
9361,6
9377,5
9389,2
9402,7
9418,4
9435,8
9451,3
9469,10
9484,0
9496,8
9516,7
9530,2
9541,4
9551,1
9563,6
9574,1
9581,1
9597,10
9618,7
9630,1
9638,3
9647,1
9657,4
9669,4
9686,8
9704,6
9721,7
9741,8
9755,2
9764,3
9780,8
9801,9
9816,1
9827,6
9843,6
9857,3
9873,9
9889,2
9903,7
9923,8
9940,5
9950,0
9955,1
9971,10
9995,10
10012,3
10029,10
10047,4
10065,9
10083,5
10097,4
10108,2
10124,10
10145,6
10158,2
10165,1
10176,5
10186,0
10196,6
10212,5
10224,2
10234,3
10242,0
10249,2
10262,6
10275,3
10285,2
10297,6
10313,6
10324,0
10336,7
10348,0
10360,8
10381,9
10395,1
10406,6
10420,4
10431,2
10444,6
10460,5
10477,8
10492,3
10509,10
10531,8
10546,3
10554,1
10566,6
10577,0
10591,10
10614,9
10631,3
10648,9
10663,2
10673,3
10682,2
10695,7
10710,4
10720,2
10733,6
10748,5
10764,6
10776,2
10792,9
10809,4
10820,2
10836,9
10860,10
10883,8
10904,9
10927,9
10949,8
10970,8
10991,9
11009,5
11024,6
11035,1
11046,5
11057,1
11065,2
11074,3
11089,7
11108,7
11125,6
11138,2
11148,4
11164,8
11179,3
11196,9
11218,9
11238,7
11258,9
11278,6
11297,8
11315,5
11325,0
11338,9
11354,3
11365,4
11380,6
11400,9
11416,2
11429,6
11445,5
11461,7
11477,4
11486,0
11494,3
11511,9
11529,5
11542,3
11552,3
11565,5
11584,10
11599,0
11605,2
11619,8
11638,7
11652,3
11666,6
11686,9
11702,3
11719,9
11735,3
11745,3
11757,5
11767,0
11775,3
11793,10
11809,2
11816,1
11832,10
11854,7
11875,9
11889,1
11901,6
11919,8
11939,8
11957,5
11969,3
11977,0
11991,10
12006,1
12012,0
12023,7
12044,10
12066,8
12083,5
12098,6
12118,10
12133,1
12140,2
12156,10
12173,3
12188,8
12205,5
12216,1
12225,4
12234,0
12242,3
12254,4
12271,9
12285,1
12299,9
12315,2
12331,9
12348,4
12358,2
12370,5
12385,5
12405,10
12424,4
12436,3
12447,4
12457,2
12471,8
12485,2
12492,1
12502,5
12512,0
12525,9
12548,9
12565,3
12578,5
12594,6
12607,3
12617,3
12625,1
12639,9
12661,8
12678,4
12694,7
12713,8
12736,10
12756,5
12767,2
12775,2
12789,7
12811,10
12833,8
12850,4
12866,8
12884,5
12903,9
12927,10
12946,4
12956,2
12970,7
12985,4
12994,1
13007,7
13028,9
13048,7
13062,2
13072,3
13084,5
13100,7
13121,10
13138,2
13150,5
13162,3
13174,4
13190,7
13209,7
13225,5
13243,8
13266,10
13285,4
13300,7
13320,9
13340,7
13356,4
13367,2
13378,4
13392,6
13406,4
13421,7
13434,2
13447,7
13461,2
13473,6
13489,6
13503,3
13520,9
13537,3
13548,4
13557,1
13566,4
13575,1
13589,8
13611,9
13628,4
13641,4
13653,4
13670,9
13693,9
13711,4
13728,9
13748,7
13764,4
13779,6
13795,5
13815,10
13834,5
13854,10
13879,10
13896,3
13912,9
13933,7
13955,10
13977,8
13996,7
14011,4
14023,4
14033,1
14047,9
14069,9
14092,9
14108,3
14121,6
14141,9
14155,0
14163,4
14178,7
14195,5
14209,5
14227,9
14250,9
14273,9
14289,2
14297,1
14306,4
14325,10
14342,3
14358,8
14376,5
14392,7
14409,6
14423,4
14434,3
14445,3
14453,0
14460,2
14472,6
14492,9
14509,4
14522,4
14536,6
14547,1
14560,7
14574,3
14582,0
14594,8
14617,10
14635,4
14649,6
14669,10
14689,6
14701,1
14713,6
14733,10
14754,6
14767,3
14776,2
14790,7
14805,4
14814,0
14822,4
14840,10
14858,3
14869,3
14877,1
14887,5
14903,6
14923,10
14940,3
14952,4
14964,3
14977,6
14992,4
15011,10
15033,7
15053,8
15068,3
15080,4
15091,3
15100,1
15115,10
15138,8
15157,7
15171,3
15185,6
15203,8
15222,7
15238,4
15255,8
15273,6
15290,6
15306,6
15326,9
15343,4
15354,2
15367,7
15380,2
15393,7
15409,5
15420,1
15435,9
15455,6
15466,1
15480,9
15502,9
15517,1
15531,8
15547,3
15558,4
15573,7
15587,2
15599,6
15616,6
15636,9
15654,5
15666,2
15680,8
15700,8
15720,8
15738,6
15757,9
15774,3
15791,9
15811,7
15826,3
15837,3
15845,1
15857,7
15872,4
15884,4
15898,5
15911,4
15920,1
15930,4
15939,1
15953,9
15976,9
15990,0
16003,9
16017,0
16027,5
16039,3
16048,1
16059,5
16073,4
16089,7
16104,3
16112,1
16124,6
16135,1
16144,3
16158,7
16179,10
16201,8
16216,2
16223,1
16237,9
16257,7
16274,5
16291,7
16311,8
16330,6
16348,8
16366,5
16385,10
16410,10
16425,0
16433,4
16447,6
16467,9
16488,7
16505,5
16523,8
16537,1
16551,8
16567,4
16585,9
16603,4
16618,7
16632,3
16643,3
16655,5
16675,10
16700,10
16716,1
16728,7
16742,2
16755,6
16776,10
16800,9
16816,3
16832,9
16847,1
16854,2
16863,2
16875,6
16894,9
16915,7
16937,10
16962,10
16981,5
16998,8
17018,7
17039,9
17055,3
17072,9
17086,0
17091,1
17107,10
17129,7
17149,8
17165,4
17174,0
17187,8
17200,1
17215,9
17232,3
17246,6
17261,5
17278,7
17300,10
17325,10
17342,2
17349,1
17358,3
17367,1
17378,6
17398,9
17413,1
17421,3
17435,6
17451,5
17468,8
17486,5
17500,4
17510,1
17519,4
17534,6
17545,0
17551,2
17561,3
17574,5
17589,6
17608,8
17631,10
17649,4
17659,2
17667,1
17679,7
17697,6
17712,5
17732,10
17755,8
17775,7
17789,3
17807,10
17825,3
17836,4
17851,6
17867,6
17883,6
17903,9
17923,6
17938,4
17955,9
17970,1
17986,10
18003,3
18011,1
18021,4
18032,2
18047,9
18061,1
18071,4
18089,9
18111,8
18132,9
18149,3
18166,9
18183,3
18200,9
18221,7
18235,3
18243,0
18249,1
18255,1
18266,5
18283,8
18300,4
18309,1
18322,7
18336,2
18343,1
18350,2
18364,7
18377,2
18387,3
18401,7
18422,9
18445,9
18463,4
18472,0
18485,9
18505,7
18518,1
18531,7
18552,9
18569,4
18580,3
18592,5
18604,2
18614,4
18624,1
18637,7
18651,3
18664,6
18677,3
18694,9
18717,9
18740,9
18757,3
18774,9
18791,3
18805,7
18825,9
18842,4
18855,4
18872,8
18887,2
18897,3
18912,8
18925,0
18937,7
18956,7
18975,8
18989,2
19003,8
19019,4
19030,3
19039,2
19047,2
19062,8
19081,6
19096,4
19113,9
19133,7
19154,9
19174,7
19186,1
19192,0
19198,1
19211,8
19228,4
19242,5
19261,9
19284,9
19306,8
19322,3
19330,1
19345,10
19366,7
19379,2
19389,3
19407,10
19424,3
19441,10
19461,5
19471,1
19480,3
19493,6
19504,0
19514,6
19534,9
19549,2
19557,2
19568,4
19585,9
19609,10
19634,10
19650,1
19665,9
19681,3
19694,5
19712,8
19733,9
19755,9
19771,2
19781,4
19794,4
19810,7
19830,9
19851,7
19866,3
19879,6
19898,9
19920,9
19939,6
19951,2
19960,2
19972,5
19987,6
20005,7
20018,2
20028,4
20043,7
20059,5
20076,7
20097,9
20118,7
20132,3
20144,4
20154,2
20162,2
20179,10
20201,7
20214,1
20227,7
20239,0
20247,3
20260,5
20279,9
20294,1
20301,2
20313,5
20326,3
20343,10
20358,0
20371,9
20392,8
20414,9
20428,1
20441,7
20455,3
20464,1
20477,8
20491,1
20503,7
20516,2
20531,9
20555,10
20575,6
20589,3
20598,2
20609,5
20626,8
20643,4
20655,3
20664,1
20678,9
20692,1
20708,10
20730,8
20752,9
20774,8
20795,9
20809,0
20817,3
20825,1
20839,8
20856,5
20870,4
20889,10
20912,8
20932,8
20948,3
20960,5
20970,1
20983,8
20998,2
21013,9
21028,1
21034,1
21042,2
21057,9
21074,3
21084,2
21095,4
21106,2
21116,3
21133,9
21151,4
21169,10
21192,8
21214,10
21234,5
21244,0
21257,9
21275,5
21292,8
21305,0
21318,8
21332,1
21346,9
21367,7
21388,10
21412,9
21427,1
21438,6
21450,1
21462,6
21479,6
21494,4
21509,7
21529,8
21549,8
21562,1
21568,0
21579,7
21596,6
21613,6
21631,7
21648,6
21668,10
21690,7
21705,4
21721,7
21740,8
21756,3
21770,7
21790,8
21810,8
21833,10
21850,3
21866,8
21886,7
21905,8
21924,7
21940,5
21952,2
21965,7
21979,3
21990,3
22000,3
22017,10
22037,5
22051,5
22070,10
22089,4
22098,0
22105,2
22117,6
22136,8
22153,5
22163,0
22175,7
22193,7
22208,3
22221,5
22238,7
22259,10
22283,9
22305,9
22326,8
22344,5
22361,7
22381,9
22396,2
22413,10
22435,7
22449,2
22463,7
22485,10
22509,9
22528,5
22542,5
22553,2
22564,5
22583,9
22601,4
22615,6
22632,6
22646,4
22661,7
22676,4
22692,7
22713,9
22732,5
22747,5
22764,7
22781,6
22793,1
22805,6
22816,0
22826,6
22845,9
22864,6
22881,7
22894,1
22901,2
22910,2
22925,8
22946,8
22964,5
22974,0
22984,5
22994,1
23009,10
23025,1
23037,7
23056,8
23079,10
23100,6
23121,10
23139,4
23157,9
23173,3
23186,6
23199,2
23213,8
23236,10
23257,6
23269,1
23276,2
23291,9
23310,5
23328,8
23341,1
23348,1
23355,1
23362,2
23374,6
23392,8
23408,4
23425,8
23444,7
23465,10
23488,8
23502,1
23517,9
23537,6
23557,10
23574,3
23590,9
23614,10
23635,6
23650,5
23665,5
23675,0
23688,9
23710,9
23725,2
23738,7
23755,6
23767,1
23779,7
23797,6
23817,9
23833,2
23847,8
23862,3
23879,9
23903,10
23927,9
23943,2
23951,2
23960,3
23975,7
23990,4
24001,3
24010,1
24022,7
24035,1
24051,10
24069,3
24077,1
24083,1
24092,3
24106,7
24121,3
24134,5
24144,1
24152,3
24164,5
24181,7
24195,3
24204,2
24220,10
24240,5
24252,2
24265,6
24283,7
24297,2
24312,8
24333,9
24350,4
24368,9
24382,1
24392,5
24411,9
24426,2
24439,6
24455,5
24473,9
24495,9
24514,5
24533,10
24555,7
24570,3
24582,4
24598,7
24619,9
24634,1
24643,4
24657,5
24669,3
24681,5
24693,2
24706,7
24726,9
24747,7
24762,4
24776,5
24791,5
24802,2
24809,1
24825,10
24841,1
24851,4
24867,7
24889,10
24912,9
24930,5
24949,10
24966,2
24980,7
24992,1
25005,8
25022,4
25036,6
25048,2
25063,8
25082,7
25096,2
25108,6
25121,2
25136,8
25157,8
25177,8
25196,6
25209,2
25220,5
25239,9
25254,1
25260,0
25265,0
25277,7
25294,6
25306,2
25320,7
25338,7
25360,10
25379,4
25388,0
25397,5
25407,0
25420,8
25434,1
25444,5
25460,7
25476,5
25495,10
25511,2
25528,10
25551,8
25565,1
25572,2
25581,2
25593,5
25607,4
25625,10
25645,5
25661,6
25678,6
25693,5
25708,6
25719,1
25727,3
25736,2
25748,6
25763,5
25774,1
25787,7
25803,4
25817,6
25830,3
25843,5
25855,2
25863,1
25871,2
25880,3
25892,4
25902,1
25911,3
25921,3
25936,7
25954,7
25969,3
25982,5
26002,10
26020,3
26036,8
26054,5
26067,3
26083,9
26105,8
26122,5
26132,1
26140,3
26152,5
26172,10
26194,7
26207,2
26215,2
26225,3
26241,8
26256,2
26267,5
26283,7
26302,8
26324,10
26345,6
26362,7
26376,2
26387,5
26400,3
26412,5
26431,10
26450,5
26466,6
26477,0
26486,4
26501,7
26521,9
26537,3
26550,6
26571,10
26589,3
26598,2
26608,4
26622,5
26639,8
26656,4
26670,6
26682,2
26697,9
26715,4
26732,9
26750,4
26768,9
26784,2
26796,6
26816,9
26837,8
26860,10
26878,3
26890,4
26899,0
26904,1
26912,3
26922,2
26934,5
26953,9
26969,2
26978,3
26994,9
27014,6
27026,1
27033,1
27043,5
27055,3
27072,9
27089,4
27102,4
27120,9
27135,1
27143,3
27152,2
27167,8
27182,3
27195,6
27214,8
27230,3
27240,2
27255,9
27277,9
27299,8
27320,9
27340,6
27352,2
27359,1
27374,9
27393,5
27403,0
27412,4
27421,1
27436,9
27459,9
27479,6
27496,7
27509,2
27520,4
27531,3
27545,7
27559,3
27575,8
27590,2
27598,2
27611,7
27633,10
27655,8
27673,6
27687,4
27705,10
27727,7
27745,7
27757,0
27765,4
27774,0
27785,6
27799,3
27813,7
27830,5
27843,3
27856,5
27870,5
27889,9
27913,10
27934,7
27950,5
27968,8
27988,8
28003,3
28019,8
28040,8
28056,4
28067,3
28085,10
28100,1
28107,1
28118,6
28131,3
28149,10
28167,4
28176,0
28185,4
28199,5
28216,7
28234,7
28252,7
28274,10
28292,4
28307,6
28318,1
28325,1
28332,2
28339,0
28344,1
28358,9
28378,6
28394,5
28412,9
28431,5
28445,4
28458,4
28473,7
28487,3
28495,0
28507,8
28526,7
28547,9
28567,6
28584,6
28596,2
28610,7
28626,4
28640,5
28653,4
28668,7
28686,6
28699,3
28715,9
28735,6
28748,3
28759,3
28769,2
28781,5
28800,10
28824,10
28846,8
28859,0
28870,6
28882,1
28896,9
28919,10
28942,8
28959,5
28970,1
28984,9
29003,6
29019,5
29037,9
29057,6
29074,6
29093,9
29111,4
29124,5
29136,2
29151,9
29167,3
29176,2
29184,2
29192,1
29198,1
29207,4
29221,6
29241,10
29266,10
29291,10
29311,6
29325,3
29342,10
29360,4
29371,2
29384,6
29401,7
29422,10
29441,5
29455,4
29466,2
29482,9
29498,3
29514,8
29536,10
29557,6
29572,4
29582,1
29596,9
29612,3
29629,10
29645,2
29656,4
29674,10
29699,10
29721,7
29737,4
29750,4
29766,7
29778,0
29786,4
29803,8
29818,3
29826,0
29831,0
29843,7
29855,0
29865,6
29878,2
29891,6
29908,7
29920,1
29931,6
29951,9
29966,2
29980,8
29994,2
30005,4
30020,6
30032,1
30038,1
30046,2
30062,10
30079,2
30090,4
30107,8
30120,0
30128,4
30141,4
30154,4
30166,4
30175,0
30184,4
2
9
15
40
49
62
83
89
95
102
111
128
136
153
171
192
206
228
249
268
281
303
311
323
337
349
356
366
389
394
420
430
441
448
467
477
489
510
526
562
575
594
605
624
629
635
642
669
680
689
705
720
728
747
766
783
791
804
828
852
858
892
903
917
926
935
952
971
990
1006
1012
1039
1053
1083
1100
1126
1136
1159
1165
1176
1189
1210
1216
1234
1250
1255
1265
1275
1292
1298
1304
1323
1342
1359
1380
1392
1410
1428
1440
1448
1457
1464
1473
1504
1520
1542
1552
1572
1584
1593
1598
1609
1638
1659
1674
1687
1700
1730
1745
1765
1781
1798
1803
1816
1827
1847
1869
1875
1891
1911
1926
1944
1956
1969
1982
1998
2005
2011
2029
2037
2045
2062
2085
2111
2140
2154
2162
2189
2205
2213
2231
2250
2273
2286
2296
2312
2337
2345
2352
2376
2398
2418
2445
2457
2469
2477
2489
2511
2520
2539
2556
2581
2595
2623
2635
2643
2659
2674
2688
2699
2724
2741
2764
2785
2800
2831
2858
2864
2869
2878
2898
2913
2921
2931
2939
2955
2961
2972
3003
3015
3042
3058
3079
3097
3103
3120
3137
3152
3159
3172
3195
3213
3229
3239
3266
3278
3295
3310
3322
3328
3344
3362
3371
3383
3403
3425
3436
3459
3488
3502
3514
3531
3545
3555
3579
3593
3605
3617
3636
3648
3674
3689
3705
3714
3729
3759
3765
3774
3797
3807
3822
3827
3851
3867
3874
3880
3890
3896
3927
3944
3977
3984
3999
4024
4040
4067
4074
4107
4115
4137
4161
4178
4191
4212
4226
4237
4257
4277
4285
4293
4300
4310
4336
4353
4366
4379
4386
4400
4413
4424
4431
4444
4460
4476
4500
4511
4522
4538
4549
4567
4583
4597
4610
4629
4644
4655
4661
4691
4707
4730
4755
4762
4776
4789
4807
4815
4836
4846
4868
4889
4909
4927
4943
4970
4981
4998
5005
5020
5026
5039
5069
5075
5085
5099
5109
5123
5132
5143
5154
5167
5185
5197
5214
5225
5240
5262
5272
5295
5316
5328
5334
5356
5363
5378
5394
5402
5413
5426
5438
5448
5471
5487
5508
5515
5538
5562
5571
5578
5599
5614
5624
5638
5659
5674
5691
5711
5726
5731
5755
5773
5791
5798
5807
5830
5859
5890
5898
5923
5938
5955
5965
5980
5991
6019
6037
6048
6060
6080
6092
6097
6117
6130
6140
6150
6168
6181
6215
6225
6234
6247
6256
6276
6285
6295
6302
6308
6317
6325
6353
6362
6377
6391
6399
6426
6447
6460
6467
6478
6487
6495
6502
6515
6520
6530
6547
6569
6576
6598
6615
6639
6649
6665
6676
6690
6708
6732
6738
6748
6758
6776
6784
6790
6807
6823
6840
6853
6878
6888
6903
6912
6921
6936
6942
6955
6978
6994
7002
7013
7034
7056
7062
7070
7080
7089
7099
7115
7142
7148
7178
7190
7201
7213
7220
7246
7274
7284
7308
7322
7346
7366
7377
7388
7406
7412
7422
7440
7454
7470
7484
7500
7518
7525
7545
7559
7580
7619
7645
7665
7683
7698
7720
7727
7744
7757
7781
7802
7818
7827
7842
7862
7883
7892
7903
7918
7923
7928
7939
7957
7986
8004
8024
8046
8062
8084
8096
8105
8113
8138
8151
8169
8190
8202
8216
8230
8254
8270
8288
8297
8324
8329
8335
8344
8350
8378
8386
8405
8418
8424
8436
8452
8463
8471
8489
8504
8509
8533
8546
8562
8580
8593
8620
8630
8649
8672
8694
8710
8730
8746
8760
8779
8790
8809
8832
8837
8845
8853
8877
8887
8900
8916
8946
8960
8984
8996
9012
9028
9059
9068
9092
9099
9106
9117
9147
9162
9171
9177
9189
9198
9204
9225
9238
9257
9271
9284
9294
9318
9331
9348
9367
9379
9388
9401
9417
9438
9449
9473
9484
9493
9516
9529
9545
9551
9562
9574
9580
9595
9615
9631
9636
9648
9661
9670
9694
9706
9727
9735
9756
9766
9781
9802
9816
9825
9840
9854
9874
9887
9904
9915
9942
9950
9955
9970
9988
10011
10029
10050
10064
10085
10099
10109
10118
10139
10156
10165
10175
10186
10198
10209
10226
10236
10242
10250
10265
10275
10285
10292
10314
10324
10333
10348
10360
10387
10396
10403
10417
10432
10446
10457
10476
10493
10511
10526
10549
10554
10563
10577
10592
10619
10631
10645
10664
10674
10683
10699
10710
10721
10736
10752
10762
10778
10796
10807
10820
10832
10865
10878
10911
10932
10952
10968
10988
11008
11025
11036
11051
11057
11064
11075
11094
11111
11124
11139
11146
11164
11179
11198
11225
11244
11263
11272
11302
11315
11325
11332
11356
11363
11386
11394
11416
11430
11444
11466
11480
11486
11491
11517
11534
11540
11550
11562
11579
11599
11605
11615
11639
11652
11665
11690
11700
11711
11734
11746
11756
11767
11776
11798
11810
11817
11836
11859
11878
11890
11906
11921
11947
11959
11968
11977
12000
12006
12012
12028
12035
12062
12084
12096
12115
12133
12140
12152
12172
12188
12202
12217
12228
12234
12243
12258
12273
12285
12307
12315
12330
12349
12357
12371
12384
12412
12420
12439
12446
12456
12466
12486
12493
12502
12512
12525
12540
12563
12575
12596
12607
12619
12626
12645
12659
12681
12698
12713
12736
12752
12769
12777
12795
12817
12837
12852
12870
12887
12895
12925
12947
12957
12970
12989
12994
13001
13019
13042
13062
13069
13089
13101
13113
13139
13149
13161
13171
13187
13202
13224
13243
13265
13281
13307
13324
13334
13357
13365
13381
13396
13405
13423
13434
13449
13460
13475
13488
13504
13522
13540
13552
13557
13570
13575
13581
13615
13630
13643
13650
13677
13700
13708
13724
13755
13760
13782
13791
13816
13830
13850
13886
13895
13918
13939
13960
13974
14000
14014
14025
14032
14044
14065
14100
14107
14119
14147
14155
14163
14181
14194
14209
14224
14243
14279
14288
14296
14303
14328
14343
14366
14373
14398
14405
14423
14434
14444
14453
14459
14474
14490
14510
14525
14542
14547
14558
14577
14582
14599
14618
14639
14648
14663
14693
14701
14713
14728
14754
14766
14778
14797
14805
14814
14820
14848
14857
14869
14877
14887
14902
14920
14942
14949
14966
14975
14988
15020
15033
15056
15066
15084
15092
15100
15122
15143
15162
15174
15187
15204
15221
15238
15253
15276
15288
15306
15322
15344
15353
15369
15382
15389
15413
15421
15434
15451
15467
15473
15496
15516
15531
15544
15560
15575
15585
15602
15617
15633
15656
15664
15686
15705
15714
15736
15751
15771
15792
15809
15826
15838
15845
15855
15872
15883
15899
15910
15920
15928
15939
15951
15968
15990
15997
16017
16027
16042
16048
16063
16069
16083
16102
16112
16119
16135
16142
16160
16186
16196
16216
16224
16229
16253
16276
16298
16314
16334
16356
16366
16388
16417
16425
16437
16451
16461
16488
16501
16528
16537
16558
16567
16587
16603
16619
16634
16644
16655
16678
16701
16715
16735
16743
16759
16771
16795
16815
16839
16848
16853
16861
16871
16886
16919
16939
16966
16981
17000
17013
17034
17058
17080
17086
17092
17110
17133
17152
17166
17174
17179
17200
17215
17234
17246
17265
17273
17302
17321
17341
17349
17360
17366
17378
17390
17414
17421
17433
17453
17476
17486
17499
17509
17522
17536
17545
17551
17561
17570
17586
17615
17623
17648
17660
17668
17673
17696
17714
17733
17757
17775
17791
17815
17824
17838
17846
17873
17882
17900
17927
17936
17964
17969
17982
18001
18011
18025
18033
18047
18062
18070
18092
18116
18139
18146
18170
18185
18204
18218
18236
18243
18248
18255
18262
18277
18300
18309
18317
18334
18344
18352
18359
18377
18389
18398
18420
18447
18459
18472
18488
18501
18517
18538
18547
18573
18582
18594
18602
18611
18625
18642
18653
18661
18675
18685
18714
18731
18758
18782
18789
18806
18821
18846
18856
18879
18887
18897
18908
18925
18933
18961
18976
18988
18996
19022
19033
19040
19046
19054
19076
19095
19120
19140
19150
19179
19186
19192
19197
19209
19229
19238
19264
19281
19313
19325
19330
19336
19372
19378
19387
19400
19425
19450
19464
19471
19478
19490
19504
19510
19535
19550
19559
19570
19585
19613
19624
19650
19671
19681
19693
19708
19735
19754
19773
19783
19798
19817
19822
19844
19866
19879
19900
19926
19942
19951
19962
19974
19984
20002
20017
20025
20050
20055
20075
20106
20122
20133
20141
20153
20163
20186
20205
20213
20226
20239
20249
20256
20276
20294
20301
20311
20324
20341
20358
20367
20400
20410
20429
20445
20456
20464
20480
20490
20502
20515
20538
20556
20578
20590
20600
20611
20619
20644
20654
20664
20678
20692
20698
20726
20753
20774
20799
20809
20816
20825
20842
20852
20867
20883
20908
20925
20945
20963
20971
20982
20997
21011
21028
21034
21042
21063
21072
21084
21095
21106
21119
21127
21153
21179
21188
21208
21230
21244
21249
21272
21295
21305
21318
21331
21349
21367
21386
21409
21428
21443
21451
21461
21479
21498
21506
21529
21552
21562
21568
21586
21597
21618
21636
21651
21665
21694
21704
21725
21736
21758
21777
21790
21807
21825
21849
21870
21883
21908
21927
21943
21950
21969
21979
21988
21998
22025
22033
22051
22064
22088
22098
22104
22118
22141
22153
22163
22174
22189
22210
22225
22233
22259
22289
22301
22325
22348
22360
22387
22395
22421
22431
22449
22457
22476
22503
22526
22542
22555
22568
22578
22604
22621
22633
22647
22656
22679
22697
22706
22728
22750
22764
22787
22794
22804
22816
22822
22843
22864
22879
22894
22901
22909
22923
22951
22960
22974
22986
22995
23001
23025
23040
23063
23073
23102
23113
23137
23162
23172
23188
23198
23217
23245
23254
23268
23278
23294
23309
23335
23342
23348
23355
23361
23370
23398
23406
23433
23441
23464
23489
23503
23511
23539
23562
23577
23594
23621
23631
23651
23660
23675
23692
23705
23724
23738
23753
23767
23781
23802
23813
23835
23840
23864
23881
23906
23932
23943
23951
23958
23976
23994
24002
24011
24027
24036
24048
24066
24078
24083
24091
24100
24123
24139
24144
24152
24164
24183
24193
24204
24214
24243
24254
24267
24283
24297
24319
24329
24352
24369
24383
24388
24419
24427
24442
24455
24477
24499
24513
24524
24548
24567
24586
24599
24625
24635
24643
24660
24667
24677
24695
24707
24718
24749
24759
24776
24790
24802
24810
24816
24842
24853
24863
24886
24904
24929
24953
24964
24977
24992
25005
25023
25040
25047
25063
25079
25098
25106
25123
25133
25149
25174
25202
25209
25222
25231
25254
25260
25265
25277
25297
25305
25322
25337
25358
25379
25388
25398
25407
25415
25435
25440
25462
25472
25504
25511
25530
25558
25565
25574
25579
25590
25609
25621
25645
25666
25676
25689
25706
25719
25725
25735
25747
25762
25774
25791
25805
25821
25828
25841
25856
25863
25872
25879
25889
25901
25914
25924
25933
25958
25971
25981
25994
26018
26030
26058
26064
26091
26098
26123
26133
26142
26151
26177
26195
26207
26216
26224
26249
26254
26271
26279
26298
26331
26340
26357
26376
26383
26403
26416
26428
26454
26466
26477
26488
26497
26530
26537
26552
26567
26592
26599
26611
26617
26646
26654
26667
26682
26706
26718
26732
26754
26768
26785
26801
26823
26836
26869
26875
26888
26899
26905
26915
26923
26930
26951
26970
26979
26996
27020
27027
27032
27047
27056
27077
27089
27103
27129
27135
27145
27154
27162
27183
27200
27217
27228
27242
27264
27279
27303
27324
27337
27351
27359
27381
27395
27403
27411
27422
27431
27451
27483
27491
27509
27521
27530
27547
27562
27573
27588
27598
27613
27639
27662
27673
27691
27703
27734
27751
27757
27763
27774
27783
27797
27811
27833
27846
27854
27875
27898
27920
27938
27948
27964
27996
28006
28024
28032
28059
28065
28089
28100
28108
28123
28132
28159
28171
28176
28183
28200
28223
28228
28250
28276
28289
28305
28318
28325
28331
28339
28344
28357
28382
28395
28420
28435
28445
28454
28471
28486
28495
28515
28526
28556
28561
28583
28597
28611
28628
28643
28656
28675
28690
28700
28711
28732
28751
28760
28770
28780
28799
28832
28850
28859
28871
28882
28898
28927
28948
28955
28969
28980
29005
29015
29042
29056
29077
29090
29111
29123
29134
29151
29167
29178
29186
29193
29198
29208
29225
29243
29267
29285
29309
29323
29339
29362
29370
29390
29408
29429
29442
29454
29468
29480
29500
29513
29532
29560
29574
29583
29592
29612
29637
29645
29655
29676
29708
29716
29738
29749
29768
29778
29790
29796
29816
29826
29831
29849
29855
29867
29877
29885
29915
29920
29934
29946
29968
29973
29995
30004
30025
30031
30039
30048
30061
30077
30086
30100
30120
30128
30142
30154
30166
30175
30182
