Primero viene la cantidad (n) de timestamps para ambos, luego n líneas que son un timestamp aproximado cada uno separado por una coma (',') del error, y luego n lineas de las transacciones del sospechoso
3005
1,1
7,1
16,4
25,1
33,3
47,6
58,1
71,8
87,4
99,3
108,2
125,10
146,6
165,8
181,4
197,8
219,10
236,3
247,4
265,9
285,6
298,2
314,10
336,8
349,0
354,1
366,7
381,4
399,10
418,4
431,4
444,5
462,9
482,6
496,4
506,1
514,2
526,6
543,7
562,7
579,6
592,3
602,3
619,10
635,1
650,10
670,5
689,9
710,8
723,1
733,4
742,1
748,1
758,4
771,5
783,3
796,5
812,6
823,1
837,9
854,3
862,0
875,8
890,3
907,10
924,3
934,2
946,6
959,3
970,3
984,7
1004,9
1026,9
1050,10
1070,6
1088,7
1105,5
1119,4
1133,5
1150,8
1172,9
1190,4
1201,2
1215,7
1232,6
1244,1
1259,10
1276,3
1284,0
1294,5
1309,5
1327,8
1349,9
1363,1
1379,10
1396,3
1405,2
1413,2
1427,7
1442,3
1457,7
1469,0
1477,3
1490,5
1503,3
1511,1
1521,4
1538,8
1559,9
1582,9
1602,7
1616,2
1630,8
1650,8
1664,2
1681,10
1701,5
1714,4
1729,6
1744,5
1756,3
1765,2
1773,1
1788,10
1803,1
1812,4
1821,1
1834,7
1850,4
1869,10
1890,7
1903,2
1919,9
1935,3
1951,8
1968,5
1981,4
2000,10
2021,6
2033,1
2040,1
2055,9
2073,4
2091,10
2107,2
2119,6
2138,8
2159,9
2182,9
2205,9
2228,10
2250,8
2269,6
2289,10
2313,9
2329,3
2341,5
2351,0
2357,1
2364,1
2377,7
2390,1
2396,0
2405,5
2417,3
2426,2
2435,2
2450,8
2469,7
2485,4
2504,10
2520,2
2529,3
2543,7
2560,5
2575,6
2593,7
2609,4
2628,10
2652,9
2673,8
2693,7
2714,10
2731,3
2746,7
2766,8
2788,10
2808,6
2826,8
2840,2
2847,1
2860,7
2878,6
2892,4
2903,2
2915,5
2927,2
2939,6
2958,8
2981,10
2999,4
3013,6
3025,2
3038,7
3058,8
3076,6
3087,0
3093,1
3108,10
3133,10
3157,10
3178,6
3194,6
3211,7
3225,3
3235,2
3251,9
3268,4
3280,4
3296,8
3316,8
3332,3
3341,1
3357,10
3375,4
3387,3
3403,9
3423,7
3443,9
3460,4
3470,2
3478,2
3494,10
3514,5
3531,7
3552,9
3572,6
3588,6
3605,7
3621,5
3638,8
3651,0
3659,3
3668,2
3682,8
3696,2
3709,6
3725,6
3740,4
3749,0
3761,7
3773,1
3786,8
3802,3
3810,0
3823,8
3842,6
3861,8
3881,8
3902,8
3918,4
3933,7
3947,3
3961,6
3973,1
3979,1
3986,2
3997,4
4012,7
4025,1
4040,10
4057,2
4066,3
4075,1
4088,7
4100,1
4114,8
4133,6
4151,7
4165,2
4181,9
4204,9
4226,9
4246,6
4260,4
4279,10
4294,1
4305,5
4319,5
4336,7
4348,0
4360,7
4372,0
4383,6
4403,9
4420,4
4437,8
4451,2
4459,1
4470,5
4489,10
4512,8
4533,9
4549,3
4561,5
4574,3
4586,4
4596,1
4607,5
4623,6
4638,4
4653,7
4673,9
4696,10
4716,5
4732,6
4747,5
4758,2
4771,7
4787,4
4798,2
4810,6
4827,7
4847,9
4861,1
4872,6
4884,2
4898,8
4920,10
4939,5
4952,3
4963,4
4979,7
4995,4
5009,6
5020,0
5028,4
5040,4
5052,3
5062,2
5072,3
5089,9
5112,10
5132,5
5146,4
5160,5
5175,6
5193,8
5216,10
5235,5
5254,9
5274,7
5287,1
5301,9
5319,4
5332,4
5346,6
5358,2
5372,8
5388,3
5404,8
5417,0
5427,5
5437,0
5447,5
5459,2
5470,4
5489,10
5512,9
5526,1
5536,4
5555,10
5574,5
5586,2
5603,10
5623,6
5634,0
5646,8
5664,5
5675,1
5682,1
5695,7
5715,8
5729,1
5744,9
5763,5
5775,2
5790,8
5812,10
5829,2
5837,2
5847,3
5861,7
5874,1
5888,9
5905,4
5915,1
5929,9
5947,5
5958,2
5967,3
5985,10
6005,5
6023,9
6039,3
6047,0
6059,7
6079,9
6093,1
6108,10
6124,1
6139,10
6161,7
6173,1
6187,9
6204,4
6222,9
6242,6
6256,4
6273,8
6289,3
6301,4
6316,6
6330,3
6343,6
6363,9
6381,4
6397,8
6415,5
6431,7
6445,2
6458,6
6475,6
6486,1
6494,3
6503,1
6515,7
6535,9
6557,8
6578,8
6596,6
6611,4
6629,9
6651,9
6672,7
6690,6
6703,3
6717,7
6738,9
6756,4
6772,8
6790,5
6806,7
6828,10
6845,2
6852,1
6859,1
6869,5
6888,10
6905,2
6917,6
6935,7
6955,9
6971,2
6980,2
6993,6
7005,1
7020,9
7035,2
7042,0
7057,10
7078,7
7092,2
7105,7
7121,4
7137,8
7156,6
7167,1
7182,10
7198,1
7212,8
7225,1
7238,8
7253,3
7270,9
7292,8
7314,9
7330,2
7345,9
7368,10
7385,3
7401,9
7425,10
7442,2
7450,2
7465,9
7481,2
7497,10
7520,8
7540,8
7558,5
7573,5
7583,0
7596,8
7618,9
7640,9
7660,7
7674,3
7688,6
7708,10
7728,6
7741,2
7757,9
7774,3
7790,8
7803,1
7809,1
7819,4
7831,3
7844,5
7864,10
7886,8
7902,3
7914,5
7932,8
7947,3
7957,2
7964,1
7972,3
7984,5
8002,8
8015,0
8026,7
8045,7
8061,5
8077,7
8089,0
8101,8
8122,9
8137,2
8151,8
8170,6
8187,7
8199,1
8215,10
8231,1
8246,10
8271,10
8290,5
8306,6
8326,10
8349,9
8363,0
8375,8
8388,0
8401,9
8417,3
8428,3
8441,5
8456,6
8467,0
8479,8
8501,9
8519,4
8531,4
8545,5
8555,0
8569,9
8592,10
8607,1
8622,10
8638,1
8651,7
8664,2
8677,6
8696,9
8713,3
8727,6
8739,1
8750,5
8766,7
8780,3
8796,8
8819,10
8840,7
8859,8
8877,6
8892,4
8904,3
8912,0
8918,2
8933,9
8956,10
8973,3
8989,9
9005,3
9015,3
9027,4
9043,7
9064,9
9083,5
9099,7
9116,5
9135,10
9158,8
9173,2
9183,4
9199,8
9214,2
9224,3
9233,2
9243,4
9258,6
9270,2
9284,8
9297,0
9307,6
9321,4
9334,4
9344,1
9350,0
9364,9
9387,9
9410,10
9425,0
9437,8
9457,7
9479,10
9494,0
9500,1
9515,10
9531,1
9537,0
9543,2
9552,2
9560,2
9576,9
9590,0
9600,5
9620,10
9643,9
9660,4
9678,10
9694,1
9705,6
9720,5
9735,5
9752,7
9764,0
9775,7
9792,6
9811,8
9825,2
9837,5
9855,8
9869,2
9884,9
9898,1
9909,5
9927,8
9947,7
9959,0
9967,4
9980,4
9991,3
10002,4
10012,2
10027,9
10049,9
10067,4
10086,10
10104,4
10118,6
10133,5
10151,9
10165,1
10175,5
10188,3
10201,6
10212,0
10219,3
10229,2
10242,7
10264,10
10286,8
10301,2
10314,7
10334,9
10356,9
10377,8
10395,6
10410,5
10420,0
10430,5
10445,5
10463,9
10486,10
10510,10
10528,3
10539,4
10550,2
10560,4
10577,8
10599,10
10623,9
10642,6
10653,0
10665,7
10682,6
10699,6
10711,1
10722,6
10736,3
10749,5
10761,2
10776,8
10789,0
10800,7
10815,4
10832,9
10855,10
10879,9
10894,1
10908,9
10928,7
10949,9
10970,8
10983,1
10998,10
11018,6
11037,8
11056,7
11075,8
11090,2
11103,6
11118,5
11133,6
11145,2
11158,7
11178,9
11195,3
11209,6
11224,4
11241,9
11264,9
11286,9
11308,9
11330,8
11350,7
11369,8
11392,10
11416,10
11434,3
11448,7
11463,3
11479,8
11492,0
11497,0
11505,3
11518,6
11530,1
11546,10
11570,10
11587,2
11595,1
11603,3
11617,6
11629,1
11642,8
11656,1
11668,6
11681,3
11697,8
11719,10
11738,5
11755,7
11768,1
11774,0
11783,4
11794,3
11804,3
11817,6
11829,2
11842,6
11861,9
11881,6
11900,9
11916,2
11928,6
11948,9
11968,7
11984,4
12000,8
12019,6
12033,4
12052,10
12071,4
12088,9
12109,8
12125,3
12138,5
12152,4
12162,1
12170,3
12185,8
12204,7
12220,4
12236,7
12252,4
12261,1
12270,4
12284,5
12300,7
12315,4
12326,2
12336,4
12350,5
12361,1
12367,1
12376,4
12394,9
12418,10
12440,7
12460,9
12484,10
12504,5
12519,5
12538,9
12554,2
12565,4
12579,6
12592,2
12607,9
12629,9
12649,7
12666,5
12681,5
12696,6
12710,4
12727,8
12744,4
12757,4
12774,9
12797,10
12812,1
12827,10
12842,1
12857,9
12877,6
12895,7
12913,6
12924,0
12937,8
12954,4
12967,5
12977,0
12984,3
12996,5
13012,7
13027,4
13037,2
13054,10
13073,4
13084,3
13101,10
13122,6
13140,8
13159,7
13179,8
13201,10
13218,3
13234,8
13247,1
13257,5
13277,10
13292,0
13303,6
13324,10
13339,1
13345,0
13355,5
13374,10
13399,10
13421,7
13433,1
13439,1
13455,10
13474,4
13487,4
13506,10
13522,1
13537,10
13560,9
13574,0
13587,8
13601,1
13607,0
13616,5
13627,1
13636,4
13645,1
13660,9
13682,8
13702,7
13723,10
13738,0
13746,3
13754,0
13764,6
13783,8
13799,3
13813,6
13830,7
13848,6
13862,4
13879,8
13901,10
13921,6
13940,9
13961,7
13982,9
14005,10
14020,0
14033,9
14055,8
14069,2
14079,3
14095,8
14108,1
14119,5
14131,3
14139,0
14150,6
14161,0
14169,4
14188,10
14205,3
14220,7
14232,1
14242,4
14259,8
14278,7
14294,4
14305,3
14313,0
14320,3
14328,0
14338,6
14351,3
14368,9
14390,9
14409,6
14424,5
14435,1
14446,6
14459,3
14475,8
14495,7
14511,5
14524,3
14534,2
14543,3
14554,4
14564,2
14579,8
14598,7
14619,9
14643,10
14658,1
14666,3
14674,1
14684,4
14694,2
14704,4
14722,10
14746,10
14764,4
14778,5
14795,7
14810,3
14825,7
14843,7
14855,0
14860,1
14870,5
14885,5
14898,3
14908,3
14918,3
14927,1
14941,8
14963,10
14988,10
15010,7
15031,9
15055,10
15075,5
15091,6
15109,7
15125,4
15141,7
15162,10
15186,10
15208,7
15220,1
15234,8
15256,9
15270,1
15279,3
15294,8
15314,7
15327,2
15337,4
15350,4
15360,1
15372,6
15392,10
15415,8
15435,7
15457,10
15479,8
15496,5
15512,7
15533,9
15555,8
15573,5
15586,3
15594,1
15610,10
15625,0
15636,6
15648,1
15658,5
15672,4
15684,3
15697,5
15716,9
15735,6
15749,3
15765,9
15780,2
15796,10
15813,2
15824,5
15837,4
15852,6
15864,2
15872,2
15879,0
15889,6
15902,2
15911,3
15925,6
15946,10
15967,6
15981,3
15993,5
16007,4
16018,3
16027,1
16040,8
16063,10
16078,1
16089,6
16102,2
16109,0
16121,7
16134,1
16144,4
16156,3
16171,7
16189,7
16205,5
16218,3
16229,3
16240,3
16249,1
16262,7
16283,9
16306,10
16329,8
16348,6
16365,7
16380,3
16392,5
16405,3
16419,7
16432,2
16448,10
16471,9
16488,3
16499,4
16514,6
16534,10
16550,1
16566,10
16584,4
16593,1
16602,4
16614,3
16623,2
16636,6
16649,2
16656,0
16661,1
16672,5
16684,3
16694,3
16706,4
16721,6
16735,3
16752,10
16774,7
16789,3
16804,7
16822,7
16838,4
16849,3
16865,8
16883,6
16897,4
16908,2
16918,3
16929,4
16944,7
16965,9
16980,1
16990,5
17004,4
17013,1
17020,1
17032,7
17050,7
17067,5
17077,0
17083,2
17097,8
17118,8
17136,6
17151,5
17167,6
17186,8
17202,4
17218,8
17234,4
17243,1
17257,8
17271,2
17281,4
17299,10
17316,3
17325,1
17333,2
17347,8
17360,0
17372,8
17392,8
17409,4
17426,9
17449,9
17470,8
17491,9
17509,4
17525,7
17542,6
17560,7
17578,7
17595,5
17612,7
17628,4
17638,1
17649,5
17660,2
17672,5
17687,6
17699,1
17706,2
17722,10
17737,0
17749,8
17771,9
17785,1
17797,7
17815,6
17830,4
17845,7
17858,2
17869,4
17887,10
17902,0
17915,9
17939,10
17958,5
17968,0
17976,4
17986,2
17996,3
18004,0
18013,5
18029,6
18043,3
18056,5
18073,7
18094,9
18109,1
18119,5
18138,9
18153,2
18165,5
18175,0
18182,2
18193,5
18206,3
18218,5
18230,3
18242,4
18258,8
18273,3
18284,4
18293,1
18300,1
18314,9
18338,10
18357,4
18370,4
18384,5
18397,4
18409,3
18425,9
18448,9
18465,3
18483,10
18499,1
18512,8
18529,4
18547,9
18568,7
18584,5
18602,8
18620,6
18636,5
18655,9
18672,3
18682,2
18692,3
18705,5
18717,2
18726,2
18734,2
18743,3
18755,5
18775,10
18790,1
18803,8
18820,4
18837,9
18858,8
18878,8
18897,6
18910,3
18923,5
18935,3
18953,10
18970,2
18987,10
19008,6
19019,1
19033,9
19054,8
19071,5
19082,2
19093,5
19105,2
19112,1
19124,7
19142,6
19162,10
19180,4
19189,1
19202,8
19223,9
19242,5
19253,1
19264,5
19284,10
19302,3
19313,3
19330,9
19348,4
19361,4
19373,4
19388,6
19403,4
19413,2
19428,9
19446,4
19461,7
19481,8
19498,4
19511,5
19525,4
19537,4
19550,4
19566,8
19587,9
19603,3
19616,5
19628,2
19637,3
19646,1
19653,1
19667,8
19680,1
19687,2
19694,0
19701,2
19708,0
19722,9
19739,4
19749,2
19764,9
19785,8
19806,9
19820,1
19830,5
19844,5
19857,4
19868,2
19880,5
19893,4
19907,6
19918,0
19930,8
19944,1
19956,6
19972,5
19987,5
20003,6
20019,5
20036,7
20050,3
20066,9
20083,3
20098,8
20119,8
20133,1
20145,6
20158,2
20172,8
20193,9
20209,2
20218,3
20226,1
20242,10
20262,5
20281,10
20301,6
20313,1
20326,8
20343,4
20352,0
20360,4
20378,9
20397,6
20413,5
20426,3
20440,7
20461,9
20477,3
20491,6
20512,10
20535,9
20551,3
20559,0
20574,10
20596,8
20613,4
20630,8
20650,7
20666,5
20676,0
20688,8
20701,1
20717,10
20738,7
20750,1
20763,8
20780,5
20800,10
20822,7
20835,2
20842,0
20854,8
20868,2
20877,2
20891,7
20905,2
20916,4
20933,9
20947,0
20961,10
20979,3
20993,6
21013,10
21028,0
21041,9
21059,4
21069,2
21077,2
21088,4
21104,8
21126,9
21148,8
21165,4
21176,3
21193,9
21215,9
21231,3
21243,5
21261,9
21276,2
21286,3
21304,10
21325,7
21344,7
21362,7
21384,10
21400,2
21408,1
21416,2
21426,3
21440,6
21453,2
21460,0
21467,2
21479,5
21498,9
21521,10
21543,7
21556,2
21567,5
21582,5
21593,1
21599,1
21610,5
21620,1
21630,4
21648,9
21671,10
21693,7
21713,8
21728,2
21741,6
21756,4
21768,4
21784,8
21802,5
21815,3
21831,8
21851,7
21868,6
21881,2
21898,10
21916,4
21928,3
21940,4
21959,10
21983,10
22007,9
22030,9
22053,10
22078,10
22094,1
22107,7
22124,6
22135,0
22147,7
22162,4
22181,10
22204,8
22224,7
22237,2
22245,2
22261,9
22276,2
22285,2
22299,7
22316,6
22327,1
22340,7
22352,0
22361,5
22378,7
22399,9
22423,10
22440,3
22450,3
22463,6
22479,5
22497,8
22511,2
22520,3
22536,9
22553,4
22564,3
22576,4
22594,9
22609,1
22622,8
22640,5
22653,3
22669,9
22687,5
22704,7
22724,9
22748,10
22766,4
22783,8
22804,9
22822,4
22841,10
22860,5
22877,8
22898,8
22914,4
22930,7
22942,0
22953,6
22970,6
22984,3
22993,2
23002,3
23010,0
23023,8
23038,3
23054,8
23073,7
23090,5
23108,8
23129,9
23152,10
23172,5
23187,5
23199,3
23208,1
23221,7
23240,7
23256,4
23269,4
23278,0
23293,10
23316,9
23336,6
23347,1
23354,1
23363,4
23378,7
23391,2
23398,1
23407,3
23421,6
23432,0
23439,3
23450,3
23458,1
23466,3
23483,10
23505,7
23518,1
23525,2
23539,7
23560,9
23579,6
23599,10
23621,7
23633,1
23642,3
23659,10
23682,8
23700,5
23714,4
23725,3
23743,10
23767,9
23785,5
23796,2
23811,9
23832,8
23852,7
23873,9
23896,9
23910,0
23924,10
23942,4
23955,5
23969,4
23982,5
24001,9
24015,1
24025,5
24043,9
24062,6
24074,2
24088,7
24101,2
24109,2
24122,6
24142,10
24161,4
24176,7
24194,6
24213,8
24230,4
24241,2
24253,6
24269,5
24287,8
24304,4
24319,6
24333,3
24349,9
24366,3
24382,8
24397,3
24414,10
24437,9
24458,7
24476,7
24496,9
24513,4
24526,5
24539,4
24552,5
24567,5
24585,9
24602,4
24617,7
24636,8
24649,1
24655,0
24669,10
24684,0
24689,0
24700,7
24714,2
24721,1
24736,9
24755,6
24768,3
24780,4
24797,9
24820,9
24834,1
24844,5
24862,8
24876,1
24884,3
24899,7
24917,7
24930,2
24942,5
24961,9
24982,8
25000,5
25010,1
25023,7
25037,2
25051,7
25067,4
25080,4
25094,5
25106,2
25122,10
25137,1
25146,3
25161,7
25177,4
25186,1
25201,9
25223,9
25240,3
25253,6
25265,2
25279,8
25294,3
25311,10
25333,7
25347,2
25356,2
25369,6
25386,7
25402,5
25417,5
25434,7
25455,9
25475,7
25497,10
25522,10
25541,4
25555,5
25568,3
25578,2
25586,1
25595,4
25607,3
25616,1
25628,7
25647,7
25662,3
25679,10
25694,1
25703,3
25718,8
25732,1
25744,7
25759,4
25776,9
25793,4
25805,3
25813,1
25825,7
25845,8
25863,5
25882,10
25898,2
25915,10
25938,8
25961,10
25976,1
25985,3
25995,2
26009,7
26023,2
26033,3
26048,7
26060,1
26068,2
26081,6
26099,7
26117,6
26138,10
26157,4
26172,7
26184,0
26195,7
26216,9
26230,1
26243,7
26255,1
26267,7
26285,6
26299,3
26315,8
26335,8
26348,0
26361,9
26379,4
26398,10
26420,8
26441,9
26460,5
26471,1
26479,2
26495,9
26518,9
26533,1
26547,8
26568,8
26584,3
26594,3
26610,9
26624,0
26632,4
26646,6
26664,8
26677,1
26691,8
26704,1
26712,2
26727,8
26747,8
26764,5
26777,3
26785,1
26800,10
26816,2
26826,4
26840,6
26858,7
26872,3
26884,4
26896,3
26904,1
26916,6
26933,7
26946,1
26955,4
26972,8
26994,10
27011,2
27025,8
27044,6
27061,6
27078,6
27097,9
27120,10
27140,6
27159,8
27174,3
27186,4
27204,10
27222,4
27240,10
27264,9
27281,3
27289,0
27296,3
27307,4
27317,2
27330,6
27345,4
27361,7
27379,6
27393,4
27408,6
27419,0
27431,8
27444,0
27449,1
27461,6
27478,7
27495,5
27511,7
27523,1
27533,4
27550,8
27563,0
27569,1
27580,6
27599,8
27613,2
27626,6
27646,10
27670,10
27688,4
27705,8
27720,3
27733,5
27743,1
27749,1
27761,7
27777,5
27795,8
27809,1
27823,9
27841,4
27857,7
27873,4
27884,3
27893,1
27907,9
27931,10
27948,2
27962,7
27978,5
27995,8
28012,4
28021,0
28030,4
28048,9
28070,8
28083,0
28096,8
28109,1
28123,9
28140,3
28153,5
28166,3
28175,2
28191,10
28213,8
28235,10
28259,9
28277,5
28287,1
28299,7
28311,0
28318,2
28330,6
28345,4
28357,3
28365,1
28378,7
28391,1
28407,10
28431,10
28448,2
28455,1
28464,4
28476,3
28493,10
28517,9
28535,5
28553,9
28568,1
28574,1
28586,7
28601,4
28617,7
28630,2
28639,3
28648,1
28657,4
28667,2
28683,9
28698,2
28706,2
28714,2
28727,6
28741,3
28758,10
28779,6
28798,9
28819,7
28832,1
28847,10
28866,4
28884,9
28903,5
28915,2
28923,1
28933,5
28951,8
28964,1
28972,3
28981,1
28988,2
29003,8
29021,5
29036,5
29050,4
29064,5
29082,9
29097,1
29112,9
29135,10
29153,4
29171,9
29185,1
29200,10
29223,8
29240,5
29258,9
29280,9
29300,7
29317,5
29335,8
29355,7
29371,5
29384,3
29392,0
29398,1
29410,7
29423,1
29436,7
29452,4
29467,7
29485,6
29497,1
29512,10
29530,4
29547,8
29566,6
29578,2
29591,6
29605,3
29619,6
29636,7
29648,1
29656,3
29672,9
29694,8
29708,2
29721,7
29742,10
29762,5
29773,2
29782,2
29790,2
29806,9
29829,9
29851,9
29868,4
29883,6
29903,10
29926,9
29940,1
29956,10
29976,6
29991,5
30009,8
30030,8
30048,5
30062,4
30080,10
30103,8
30122,6
30136,4
30151,7
30165,2
30181,10
30201,5
30211,1
30218,2
30232,8
30249,4
30261,3
30275,7
30289,3
30297,0
30312,10
30328,2
30343,9
30361,5
30377,7
30397,8
30410,0
30422,8
30436,1
30450,9
30466,3
30480,6
30498,7
30520,10
30543,9
30557,1
30564,1
30578,8
30594,4
30611,9
30626,2
30637,5
30651,5
30662,2
30678,9
30693,2
30700,1
30708,3
30716,0
30729,8
30742,1
30749,1
30756,2
30763,1
30775,7
30795,9
30812,3
30829,10
30846,2
30855,2
30863,2
30872,2
30880,2
30895,8
30912,5
30925,4
30936,3
30944,1
30950,0
30964,9
30979,1
30992,8
31015,10
31033,4
31048,6
31065,7
31081,4
31099,10
31115,1
31122,1
31131,3
31146,8
31166,7
31184,7
31205,9
31223,4
31236,5
31248,2
31260,5
31276,7
31290,3
31306,9
31327,8
31341,1
31353,6
31367,4
31380,5
31399,10
31414,1
31427,8
31441,1
31452,6
31464,1
31475,6
31491,6
31511,10
31533,8
31556,10
31579,8
31601,9
31624,10
31640,2
31648,2
31660,5
31671,1
31687,10
31708,7
31722,3
31733,4
31747,6
31759,1
31773,9
31791,4
31801,2
31814,6
31828,4
31843,7
31861,6
31879,8
31896,5
31913,8
31933,8
31948,3
31956,0
31966,6
31986,9
32005,5
32020,5
32034,5
32045,2
32059,7
32071,1
32085,8
32106,8
32124,5
32134,0
32145,6
32164,9
32181,4
32196,6
32209,3
32224,8
32238,1
32246,2
32260,7
32277,6
32292,4
32306,6
32327,10
32348,6
32360,1
32368,3
32378,2
32390,5
32400,1
32411,6
32425,3
32436,3
32451,8
32471,7
32486,3
32501,7
32523,10
32541,3
32556,8
32577,9
32600,10
32620,5
32635,5
32648,3
32656,0
32667,6
32679,2
32691,6
32709,8
32731,10
32755,10
32773,3
32783,2
32792,2
32803,4
32812,0
32827,10
32843,2
32856,6
32876,9
32891,1
32899,3
32907,1
32920,7
32935,4
32944,0
32949,0
32957,4
32968,3
32980,4
32993,4
33002,0
33014,7
33031,5
33051,10
33074,9
33088,1
33100,6
33116,6
33134,8
33155,8
33168,1
33175,2
33186,5
33197,2
33212,8
33226,2
33234,2
33244,4
33256,3
33267,3
33285,10
33302,3
33310,1
33325,10
33348,8
33369,9
33390,8
33407,5
33417,1
33428,5
33444,7
33462,6
33480,8
33502,10
33526,9
33548,9
33571,9
33587,2
33602,8
33620,5
33636,6
33649,2
33663,7
33677,2
33684,0
33694,6
33714,10
33734,6
33748,3
33761,5
33772,1
33778,0
33784,2
33796,6
33811,4
33829,9
33845,2
33856,4
33872,7
33884,0
33898,9
33913,2
33927,8
33945,6
33958,3
33972,6
33993,10
34013,6
34028,5
34038,1
34049,6
34062,3
34080,10
34102,7
34121,7
34140,7
34153,1
34163,5
34182,10
34199,2
34213,8
34226,0
34234,3
34250,8
34271,8
34285,1
34296,5
34306,1
34317,6
34330,2
34338,2
34354,9
34374,7
34388,2
34404,9
34421,4
34438,8
34459,8
34481,9
34502,7
34516,2
34524,2
34533,2
34548,8
34565,4
34579,6
34590,0
34597,2
34606,3
34619,6
34631,2
34648,10
34667,4
34683,7
34698,3
34712,6
34732,9
34747,2
34761,7
34775,2
34788,7
34802,2
34812,4
34828,7
34847,7
34864,5
34877,4
34894,9
34911,4
34921,1
34933,6
34948,4
34961,4
34975,6
34991,5
35009,8
35025,3
35042,10
35060,3
35074,6
35088,4
35107,10
35129,8
35148,6
35165,6
35183,7
35202,7
35220,6
35235,4
35250,6
35267,7
35279,1
35291,7
35312,9
35329,3
35344,7
35362,7
35379,5
35397,9
35417,7
35431,2
35448,10
35469,7
35489,8
35509,7
35526,5
35537,2
35548,4
35558,1
35564,1
35573,3
35581,1
35594,8
35616,10
35638,7
35654,4
35668,6
35686,8
35701,3
35716,8
35732,3
35741,2
35752,4
35767,7
35783,5
35798,6
35811,3
35824,5
35844,10
35861,2
35875,8
35897,9
35919,9
35934,2
35946,6
35959,3
35973,7
35985,0
35994,4
36005,2
36016,4
36028,4
36044,8
36058,1
36069,6
36088,9
36105,3
36117,5
36137,10
36154,3
36163,1
36175,6
36192,7
36205,1
36214,3
36228,7
36245,6
36263,7
36284,10
36306,8
36321,3
36331,2
36339,1
36345,1
36355,5
36373,8
36396,10
36415,5
36427,3
36437,2
36446,2
36455,2
36470,8
36483,1
36498,9
36517,6
36530,3
36541,3
36549,0
36557,4
36573,7
36593,8
36607,1
36620,7
36636,5
36648,2
36664,9
36684,7
36701,5
36711,0
36724,9
36740,2
36756,9
36771,1
36786,9
36809,9
36832,9
36848,2
36865,10
36880,1
36887,1
36902,9
36917,1
36926,3
36943,10
36967,10
36982,0
36997,10
37013,1
37019,1
37035,10
37053,3
37069,8
37086,5
37098,2
37111,6
37125,4
37140,7
37158,7
37170,1
37180,4
37199,10
37217,3
37232,7
37248,5
37261,4
37274,4
37287,5
37297,1
37309,7
37328,8
37347,6
37362,4
37378,7
37392,2
37405,6
37423,7
37444,9
37460,2
37468,1
37480,6
37500,10
37515,0
37521,1
37532,6
37551,8
37566,3
37583,10
37598,1
37604,1
37616,7
37631,4
37644,5
37662,8
37684,10
37702,4
37715,4
37725,2
37739,7
37756,5
37770,4
37780,1
37794,8
37817,10
37832,1
37844,7
37856,1
37870,8
37890,8
37909,6
37924,5
37936,2
37953,10
37977,9
37997,7
38012,4
38026,6
38042,6
38058,6
38074,5
38092,8
38112,7
38124,1
38132,3
38143,4
38155,3
38172,10
38196,9
38211,2
38223,6
38235,1
38243,3
38254,3
38264,3
38280,8
38293,0
38298,0
38307,5
38322,6
38337,5
38355,8
38370,2
38379,2
38395,10
38411,2
38427,10
38444,2
38453,3
38468,8
38485,5
38501,7
38519,7
38533,2
38540,1
38554,9
38577,10
38596,4
38608,4
38619,3
38634,8
38649,2
38662,6
38675,3
38690,7
38705,3
38721,9
38736,2
38743,1
38758,9
38774,3
38785,3
38799,6
38815,6
38830,5
38840,0
38845,1
38854,4
38864,1
38874,5
38886,3
38899,6
38912,2
38922,3
38932,3
38940,1
38955,9
38972,3
38986,7
39006,9
39022,2
39029,0
39044,10
39068,10
39090,8
39111,9
39135,10
39158,9
39181,9
39201,7
39214,2
39221,1
39230,3
39241,3
39251,3
39267,9
39284,4
39302,10
39318,1
39332,8
39351,7
39373,10
39391,3
39400,2
39416,9
39437,8
39459,9
39483,10
39502,5
39521,10
39538,2
39552,7
39573,10
39598,10
39618,5
39628,0
39634,2
39647,7
39668,9
39685,4
39698,4
39707,0
39721,9
39741,6
39761,9
39775,0
39784,4
39795,3
39804,2
39817,6
39831,4
39845,6
39856,0
39868,8
39884,3
39896,5
39909,4
39927,9
39943,3
39951,0
39959,3
39973,6
39985,1
40001,10
40019,3
40036,9
40057,8
40073,3
40088,8
40109,8
40130,9
40148,4
40163,7
40184,9
40202,4
40220,9
40243,9
40265,9
40288,9
40309,7
40325,4
40340,7
40362,10
40383,6
40401,8
40420,6
40433,2
40447,7
40466,8
40487,8
40503,4
40520,9
40535,1
40541,0
40556,10
40578,7
40599,10
40617,4
40633,7
40648,4
40662,5
40677,6
40691,3
40709,10
40732,8
40752,7
40771,7
40790,8
40805,3
40821,8
40842,9
40865,10
40890,10
40914,10
40934,6
40952,7
40971,7
40990,7
41004,3
41012,0
41017,1
41029,6
41047,8
41060,1
41073,8
41095,10
41113,3
41122,2
41136,8
41151,2
41167,10
41188,7
41209,10
41227,4
41245,9
41265,7
41278,1
41286,2
41300,8
41315,3
41326,4
41344,10
41366,7
41386,8
41401,2
41408,1
41414,1
41425,6
41446,10
41462,1
41473,6
41492,8
41512,7
41532,8
41552,7
41566,3
41578,4
41587,1
41593,0
41601,4
41618,9
41637,6
41655,7
41676,10
41695,5
41715,10
41730,1
41739,4
41752,4
41762,1
41769,1
41776,2
41788,5
41802,4
41819,8
41841,10
41857,2
41868,4
41879,2
41894,8
41909,3
41926,9
41945,6
41963,7
41976,2
41984,2
41993,3
42006,5
42021,5
42032,1
42042,5
42052,0
42058,1
42068,4
42081,5
42099,9
42115,2
42123,1
42133,5
42143,0
42156,9
42177,7
42189,0
42201,8
42222,9
42236,0
42244,3
42262,10
42285,9
42303,4
42319,8
42333,2
42342,2
42357,8
42371,2
42380,3
42396,8
42417,8
42435,6
42455,10
42473,3
42487,6
42498,0
42503,1
42509,0
42516,3
42533,10
42557,10
42578,7
42592,2
42600,2
42607,1
42616,4
42625,1
42634,4
42644,2
42658,8
42674,3
42686,4
42702,8
42720,6
42740,10
42764,9
42783,5
42798,5
42812,4
42828,7
42850,10
42870,6
42882,2
42892,4
42909,9
42923,0
42934,7
42948,3
42962,6
42976,4
42994,9
43009,1
43023,9
43047,10
43069,8
43091,9
43112,8
43132,8
43150,6
43170,9
43194,10
43209,0
43220,7
43237,6
43251,3
43268,9
43292,10
43313,7
43332,7
43352,9
43369,4
43387,10
43410,8
43427,5
43441,5
43459,8
43473,2
43480,0
43491,7
43504,2
43512,1
43521,4
43535,6
43552,6
43563,0
43572,5
43585,4
43595,2
43607,6
43623,6
43643,10
43666,9
43685,6
43699,4
43712,5
43727,6
43747,10
43768,6
43784,6
43801,6
43817,6
43831,4
43846,6
43857,0
43867,6
43883,5
43895,3
43908,5
43925,7
43940,4
43958,10
43978,6
43991,2
44002,5
44016,5
44032,7
44047,3
44057,2
44068,5
44087,10
44110,8
44132,9
44148,2
44161,6
44179,7
44191,0
44205,9
44224,5
44237,3
44254,9
44271,3
44288,9
44309,8
44323,1
44339,10
44360,7
44381,9
44403,9
44418,1
44428,4
44439,3
44456,9
44479,10
44497,4
44511,5
44521,1
44533,6
44549,5
44562,3
44574,4
44584,2
44592,2
44604,6
44620,5
44639,9
44656,4
44671,7
44689,7
44707,6
44723,5
44741,8
44763,9
44780,4
44798,10
44820,7
44832,0
44847,10
44866,4
44881,6
44894,3
44905,4
44922,8
44945,10
44962,2
44969,1
44980,5
44995,5
45015,10
45036,6
45054,8
45073,7
45088,4
1
8
15
25
36
42
59
64
91
102
110
128
149
173
179
192
214
238
251
262
291
299
318
337
349
355
362
379
404
415
431
446
459
479
499
507
516
524
540
564
574
595
602
624
635
643
674
692
716
723
737
742
749
757
769
782
801
810
824
845
855
862
881
893
913
927
936
944
959
969
989
1001
1023
1059
1072
1094
1104
1116
1129
1150
1169
1193
1199
1216
1227
1243
1259
1274
1284
1299
1314
1333
1343
1364
1389
1394
1407
1413
1432
1439
1452
1469
1480
1492
1503
1511
1522
1540
1551
1587
1599
1617
1630
1653
1664
1685
1703
1711
1728
1741
1756
1767
1774
1797
1803
1811
1822
1834
1854
1861
1885
1905
1913
1938
1957
1965
1981
1999
2027
2033
2040
2048
2076
2101
2109
2123
2139
2159
2185
2203
2234
2247
2271
2299
2311
2328
2344
2351
2357
2363
2380
2391
2396
2404
2420
2428
2436
2456
2472
2481
2512
2519
2532
2547
2559
2575
2586
2610
2634
2657
2668
2695
2716
2729
2746
2763
2797
2814
2825
2841
2848
2861
2882
2892
2901
2919
2928
2940
2965
2987
2999
3019
3025
3043
3059
3081
3087
3094
3113
3124
3150
3172
3190
3216
3228
3234
3259
3265
3278
3290
3309
3334
3341
3348
3374
3387
3406
3419
3436
3461
3469
3479
3502
3510
3527
3559
3573
3585
3612
3620
3644
3651
3656
3667
3683
3697
3707
3726
3739
3749
3759
3774
3779
3805
3810
3815
3837
3857
3877
3899
3917
3929
3949
3965
3972
3980
3985
3999
4006
4026
4046
4055
4064
4076
4092
4101
4122
4127
4152
4167
4173
4208
4233
4245
4257
4282
4294
4304
4316
4337
4348
4354
4372
4377
4394
4421
4442
4451
4459
4465
4499
4518
4527
4551
4557
4576
4586
4595
4607
4629
4637
4655
4667
4701
4719
4731
4744
4759
4769
4788
4796
4808
4829
4839
4861
4867
4885
4899
4917
4939
4953
4963
4976
4995
5013
5020
5028
5037
5055
5062
5075
5093
5118
5127
5148
5160
5172
5187
5224
5239
5262
5272
5286
5305
5321
5333
5345
5360
5375
5388
5407
5417
5422
5437
5445
5460
5468
5495
5519
5527
5539
5547
5572
5584
5607
5626
5634
5639
5669
5675
5681
5691
5720
5728
5748
5758
5775
5784
5809
5830
5838
5845
5860
5875
5889
5909
5914
5928
5948
5960
5969
5975
6002
6026
6037
6047
6057
6071
6094
6107
6125
6133
6155
6173
6183
6201
6231
6236
6258
6269
6291
6301
6311
6329
6349
6359
6385
6400
6415
6426
6445
6455
6480
6486
6497
6503
6522
6536
6555
6575
6597
6609
6626
6652
6669
6687
6705
6713
6736
6753
6772
6795
6803
6832
6847
6853
6859
6872
6888
6906
6914
6929
6950
6970
6980
6991
7006
7011
7037
7042
7058
7073
7094
7100
7121
7131
7152
7168
7191
7197
7204
7225
7243
7252
7269
7295
7305
7330
7342
7368
7383
7398
7432
7443
7451
7474
7480
7494
7518
7548
7560
7575
7583
7602
7609
7633
7666
7673
7690
7708
7733
7740
7766
7774
7788
7803
7810
7823
7832
7848
7855
7882
7901
7915
7940
7950
7957
7964
7973
7981
8003
8015
8022
8049
8065
8075
8089
8101
8123
8139
8151
8171
8188
8199
8222
8230
8252
8261
8287
8300
8336
8351
8363
8375
8388
8393
8419
8427
8437
8452
8467
8487
8501
8522
8529
8543
8555
8573
8586
8607
8616
8639
8644
8664
8678
8702
8710
8723
8739
8746
8767
8778
8799
8829
8834
8861
8883
8888
8904
8912
8917
8937
8962
8975
8998
9005
9015
9031
9039
9059
9087
9103
9118
9131
9164
9174
9181
9198
9214
9224
9235
9244
9259
9272
9292
9297
9304
9319
9333
9345
9350
9360
9381
9403
9425
9441
9460
9482
9494
9500
9507
9531
9537
9542
9550
9561
9584
9590
9599
9610
9636
9661
9673
9695
9701
9716
9730
9757
9764
9772
9798
9812
9825
9834
9855
9871
9879
9899
9913
9923
9942
9959
9966
9982
9992
10003
10013
10032
10052
10067
10091
10104
10115
10137
10154
10165
10175
10185
10198
10212
10218
10227
10241
10274
10293
10303
10317
10341
10350
10375
10397
10410
10420
10430
10448
10470
10479
10520
10527
10541
10548
10564
10584
10604
10614
10648
10653
10669
10684
10700
10710
10720
10735
10754
10761
10772
10789
10802
10814
10835
10858
10886
10895
10900
10933
10957
10978
10984
10990
11023
11031
11059
11079
11092
11104
11118
11134
11144
11162
11176
11198
11212
11222
11234
11262
11289
11316
11334
11352
11369
11399
11408
11433
11445
11460
11479
11492
11497
11502
11522
11529
11553
11578
11585
11594
11604
11614
11630
11636
11655
11666
11682
11703
11725
11740
11754
11769
11774
11780
11797
11806
11813
11828
11836
11867
11880
11894
11918
11926
11947
11975
11987
12005
12024
12031
12055
12068
12095
12105
12125
12135
12155
12162
12173
12178
12198
12223
12237
12249
12262
12269
12286
12299
12314
12328
12336
12353
12362
12367
12373
12399
12409
12440
12458
12481
12501
12522
12541
12556
12562
12581
12591
12604
12624
12652
12666
12682
12694
12709
12732
12742
12756
12771
12788
12813
12831
12843
12848
12879
12892
12912
12924
12941
12956
12972
12977
12982
12995
13017
13030
13038
13060
13074
13086
13097
13119
13136
13154
13176
13197
13217
13230
13248
13254
13270
13292
13297
13315
13339
13345
13359
13376
13394
13416
13434
13440
13451
13473
13484
13507
13521
13539
13558
13574
13584
13600
13607
13616
13627
13633
13645
13665
13679
13708
13723
13738
13745
13754
13763
13778
13798
13812
13829
13847
13866
13886
13906
13917
13938
13964
13977
14011
14020
14027
14062
14068
14081
14101
14109
14115
14132
14139
14145
14161
14166
14194
14203
14225
14232
14241
14264
14277
14296
14307
14313
14319
14328
14337
14352
14375
14394
14404
14427
14436
14447
14460
14472
14492
14513
14524
14536
14545
14558
14565
14574
14592
14618
14653
14659
14664
14674
14687
14693
14707
14719
14755
14765
14779
14792
14812
14824
14839
14855
14860
14873
14890
14897
14909
14918
14928
14934
14954
14982
15012
15034
15053
15070
15096
15108
15124
15140
15159
15183
15203
15220
15230
15257
15271
15277
15292
15312
15326
15335
15350
15361
15366
15388
15411
15431
15447
15477
15494
15514
15537
15553
15573
15586
15594
15608
15625
15632
15649
15660
15668
15683
15695
15721
15736
15750
15764
15780
15806
15813
15821
15840
15853
15864
15873
15879
15885
15903
15911
15931
15948
15966
15980
15989
16007
16019
16026
16042
16065
16079
16090
16103
16109
16125
16134
16142
16157
16168
16193
16202
16220
16231
16241
16250
16259
16279
16310
16337
16344
16371
16380
16394
16406
16418
16434
16442
16475
16489
16498
16511
16530
16550
16564
16582
16594
16603
16615
16625
16630
16648
16656
16661
16676
16682
16693
16706
16715
16738
16758
16780
16792
16802
16828
16839
16848
16866
16878
16899
16907
16921
16933
16939
16957
16981
16991
17002
17014
17019
17035
17045
17070
17077
17085
17091
17112
17140
17149
17166
17187
17201
17212
17238
17243
17254
17273
17281
17299
17316
17326
17331
17342
17360
17379
17399
17411
17418
17444
17477
17500
17506
17530
17545
17554
17579
17590
17618
17626
17639
17649
17662
17667
17682
17700
17705
17717
17737
17754
17762
17786
17792
17816
17828
17851
17860
17866
17884
17902
17921
17939
17958
17968
17974
17988
17993
18004
18012
18025
18041
18061
18067
18088
18110
18116
18134
18153
18170
18175
18182
18194
18208
18221
18229
18244
18262
18271
18281
18293
18301
18317
18335
18358
18366
18387
18399
18411
18430
18446
18467
18480
18499
18518
18531
18551
18573
18588
18609
18615
18640
18655
18672
18682
18690
18709
18717
18726
18733
18745
18760
18769
18791
18799
18823
18832
18865
18876
18901
18908
18921
18934
18944
18968
18991
19009
19020
19039
19061
19073
19081
19089
19103
19113
19125
19139
19162
19184
19190
19206
19218
19244
19254
19268
19284
19299
19316
19333
19344
19364
19377
19394
19400
19412
19422
19449
19468
19485
19496
19509
19528
19535
19550
19573
19593
19603
19611
19626
19640
19645
19652
19660
19680
19687
19694
19699
19708
19731
19737
19750
19763
19779
19810
19821
19832
19841
19856
19866
19878
19890
19911
19918
19926
19945
19955
19967
19985
20000
20021
20043
20048
20072
20080
20097
20112
20134
20146
20156
20167
20196
20211
20220
20227
20235
20257
20282
20299
20314
20332
20339
20352
20361
20385
20395
20410
20424
20438
20469
20475
20495
20522
20541
20553
20559
20574
20595
20610
20630
20644
20671
20676
20686
20701
20716
20740
20750
20761
20779
20794
20818
20836
20842
20853
20870
20876
20891
20905
20912
20925
20947
20963
20979
20990
21007
21028
21044
21057
21071
21079
21087
21108
21132
21156
21163
21179
21201
21217
21234
21247
21266
21277
21285
21307
21319
21341
21364
21392
21402
21407
21414
21424
21440
21453
21460
21466
21483
21506
21523
21536
21556
21569
21585
21593
21600
21611
21621
21627
21646
21671
21699
21717
21727
21738
21753
21770
21783
21799
21815
21837
21850
21868
21880
21891
21917
21928
21940
21964
21992
22014
22037
22047
22073
22094
22101
22121
22135
22147
22159
22191
22201
22228
22239
22246
22268
22276
22285
22301
22316
22328
22344
22352
22366
22376
22404
22414
22438
22450
22461
22475
22505
22511
22520
22543
22555
22567
22580
22590
22610
22623
22643
22654
22676
22683
22705
22722
22754
22767
22781
22810
22821
22834
22859
22873
22897
22913
22937
22942
22955
22973
22986
22993
23000
23010
23025
23039
23057
23078
23086
23102
23138
23156
23167
23187
23200
23208
23221
23238
23255
23270
23278
23287
23315
23340
23348
23353
23365
23376
23392
23399
23404
23424
23432
23440
23450
23458
23468
23489
23505
23517
23527
23544
23554
23583
23592
23621
23634
23640
23655
23674
23701
23710
23727
23734
23764
23786
23795
23817
23833
23849
23866
23892
23910
23928
23939
23954
23968
23981
23999
24016
24030
24045
24067
24076
24085
24101
24111
24121
24133
24160
24171
24198
24215
24233
24242
24250
24271
24288
24307
24316
24332
24358
24368
24376
24397
24407
24446
24459
24481
24499
24512
24529
24541
24551
24566
24582
24601
24622
24636
24649
24655
24672
24684
24689
24697
24713
24721
24729
24752
24770
24782
24789
24814
24835
24844
24858
24876
24884
24893
24915
24932
24941
24964
24986
24997
25011
25023
25037
25047
25068
25080
25096
25107
25115
25137
25145
25160
25173
25186
25193
25221
25239
25259
25267
25280
25295
25316
25336
25345
25357
25363
25392
25405
25416
25435
25459
25473
25493
25531
25540
25555
25571
25579
25585
25597
25605
25615
25624
25649
25664
25679
25695
25703
25725
25731
25751
25759
25768
25795
25808
25814
25824
25839
25863
25892
25897
25910
25936
25964
25977
25982
25994
26010
26022
26032
26047
26060
26069
26085
26095
26111
26147
26154
26172
26184
26191
26219
26230
26243
26255
26267
26283
26298
26316
26334
26348
26357
26383
26401
26425
26433
26459
26470
26479
26488
26526
26533
26551
26564
26582
26597
26613
26624
26636
26649
26658
26678
26687
26704
26710
26732
26742
26760
26774
26785
26805
26816
26825
26839
26863
26872
26881
26894
26904
26915
26930
26947
26959
26966
26990
27013
27018
27041
27055
27073
27094
27123
27144
27163
27177
27186
27198
27220
27246
27257
27280
27289
27295
27306
27319
27335
27347
27363
27380
27390
27404
27419
27431
27444
27449
27466
27481
27500
27506
27523
27532
27548
27563
27569
27580
27598
27613
27626
27638
27669
27689
27713
27722
27738
27743
27750
27760
27776
27801
27810
27826
27837
27857
27869
27886
27893
27911
27927
27948
27968
27976
27997
28009
28021
28031
28046
28065
28083
28098
28109
28130
28141
28151
28165
28176
28194
28209
28228
28250
28278
28287
28302
28311
28320
28332
28344
28360
28365
28380
28390
28417
28433
28448
28456
28465
28479
28490
28516
28535
28546
28567
28575
28593
28600
28623
28631
28642
28647
28658
28667
28674
28697
28705
28714
28722
28740
28754
28775
28793
28821
28832
28844
28863
28887
28906
28917
28923
28938
28947
28964
28975
28981
28990
29002
29020
29037
29049
29059
29080
29098
29112
29140
29153
29173
29185
29209
29223
29244
29257
29286
29302
29317
29332
29355
29374
29383
29392
29398
29415
29423
29442
29451
29465
29488
29498
29505
29529
29539
29572
29578
29593
29603
29618
29640
29649
29656
29676
29697
29710
29719
29735
29766
29772
29782
29791
29797
29825
29854
29868
29888
29898
29924
29940
29946
29978
29995
30003
30022
30048
30064
30086
30102
30116
30134
30149
30166
30189
30202
30212
30220
30233
30249
30262
30278
30292
30297
30308
30327
30352
30357
30374
30400
30410
30419
30436
30448
30467
30476
30491
30514
30537
30558
30564
30585
30598
30613
30625
30634
30651
30663
30684
30694
30701
30708
30716
30732
30742
30748
30757
30764
30776
30790
30811
30831
30845
30856
30863
30874
30881
30897
30908
30925
30934
30944
30950
30964
30979
30996
31023
31032
31045
31067
31084
31103
31115
31122
31129
31154
31168
31187
31207
31220
31241
31249
31259
31272
31289
31308
31332
31340
31347
31364
31385
31406
31415
31420
31441
31451
31465
31481
31496
31516
31535
31546
31578
31594
31616
31639
31647
31663
31670
31679
31706
31723
31737
31745
31758
31765
31787
31802
31808
31829
31841
31864
31880
31895
31916
31937
31950
31956
31963
31980
32010
32024
32033
32044
32059
32071
32081
32101
32127
32134
32143
32170
32182
32200
32211
32228
32239
32245
32258
32274
32296
32308
32329
32345
32361
32370
32376
32391
32401
32406
32426
32438
32444
32473
32483
32494
32520
32542
32557
32579
32610
32623
32640
32649
32656
32671
32679
32691
32713
32735
32760
32773
32781
32792
32804
32812
32817
32845
32852
32883
32892
32899
32908
32915
32939
32944
32949
32961
32968
32978
32990
33002
33016
33032
33047
33071
33088
33095
33120
33142
33158
33168
33177
33186
33196
33213
33227
33236
33245
33253
33270
33287
33303
33310
33322
33346
33375
33389
33408
33417
33431
33439
33463
33483
33502
33530
33554
33563
33586
33595
33621
33637
33651
33660
33677
33684
33693
33720
33738
33750
33764
33772
33778
33785
33793
33814
33836
33846
33860
33867
33884
33898
33912
33930
33941
33960
33976
33984
34017
34026
34038
34048
34065
34089
34105
34115
34140
34153
34163
34174
34201
34220
34226
34232
34244
34274
34285
34301
34306
34318
34328
34339
34363
34368
34386
34401
34424
34436
34456
34478
34499
34518
34524
34534
34550
34565
34576
34590
34595
34608
34624
34633
34652
34664
34690
34701
34709
34723
34749
34756
34773
34785
34804
34810
34832
34849
34859
34875
34886
34914
34922
34930
34946
34960
34973
34990
35002
35022
35033
35062
35076
35089
35101
35129
35148
35163
35183
35206
35224
35235
35245
35273
35280
35286
35305
35328
35346
35363
35375
35394
35412
35429
35457
35466
35485
35514
35530
35539
35552
35558
35564
35570
35581
35598
35615
35635
35651
35666
35680
35699
35719
35732
35740
35751
35764
35785
35802
35814
35823
35836
35860
35868
35896
35918
35933
35942
35962
35979
35985
35998
36003
36016
36030
36049
36057
36073
36094
36107
36116
36129
36152
36162
36169
36199
36206
36214
36224
36250
36269
36275
36311
36321
36330
36339
36345
36355
36372
36405
36414
36427
36436
36446
36453
36469
36484
36491
36522
36530
36543
36549
36554
36566
36589
36607
36626
36637
36646
36671
36681
36703
36711
36718
36739
36750
36772
36795
36809
36830
36850
36867
36881
36886
36897
36916
36928
36953
36972
36982
36991
37012
37019
37027
37055
37065
37091
37099
37107
37123
37139
37152
37170
37181
37200
37214
37236
37245
37262
37271
37292
37297
37316
37335
37346
37365
37377
37391
37404
37418
37453
37461
37469
37476
37501
37515
37522
37538
37551
37568
37575
37598
37604
37622
37633
37649
37656
37687
37704
37717
37725
37739
37757
37767
37779
37796
37820
37833
37848
37856
37867
37888
37904
37920
37934
37960
37982
37992
38016
38026
38041
38059
38072
38093
38111
38124
38132
38147
38154
38174
38197
38210
38219
38235
38245
38252
38267
38276
38293
38298
38305
38323
38333
38363
38372
38378
38399
38412
38429
38443
38454
38461
38487
38499
38514
38533
38541
38563
38576
38592
38607
38619
38630
38651
38656
38678
38697
38704
38713
38735
38744
38754
38773
38784
38793
38821
38826
38840
38845
38853
38865
38870
38885
38902
38910
38924
38933
38941
38954
38971
38984
39004
39022
39029
39046
39063
39091
39109
39136
39151
39180
39205
39215
39221
39232
39244
39251
39268
39282
39293
39317
39338
39350
39383
39392
39402
39408
39430
39462
39477
39504
39528
39537
39557
39573
39588
39616
39628
39636
39644
39668
39687
39702
39707
39712
39740
39752
39775
39780
39798
39804
39812
39829
39841
39856
39875
39882
39898
39909
39931
39946
39951
39962
39970
39986
39998
40017
40040
40052
40070
40094
40109
40133
40144
40166
40180
40198
40222
40243
40272
40296
40305
40323
40337
40364
40389
40398
40418
40433
40440
40467
40488
40505
40520
40536
40541
40546
40571
40608
40617
40627
40647
40667
40672
40688
40717
40726
40752
40775
40794
40806
40819
40836
40857
40897
40918
40935
40952
40977
40995
41003
41012
41017
41029
41045
41060
41070
41091
41111
41124
41129
41152
41165
41189
41214
41226
41244
41260
41278
41288
41306
41317
41327
41351
41361
41393
41401
41408
41415
41427
41443
41463
41474
41492
41513
41537
41553
41567
41575
41588
41593
41603
41619
41634
41655
41676
41699
41716
41731
41739
41755
41763
41769
41777
41793
41801
41821
41846
41858
41867
41881
41894
41909
41933
41948
41958
41975
41985
41994
42001
42016
42033
42044
42052
42057
42071
42083
42100
42117
42123
42135
42143
42159
42181
42189
42194
42219
42236
42246
42264
42294
42306
42322
42333
42342
42356
42371
42382
42396
42422
42441
42449
42476
42483
42498
42504
42509
42518
42531
42557
42584
42593
42602
42607
42614
42625
42638
42644
42656
42672
42688
42698
42718
42749
42771
42781
42799
42813
42822
42854
42873
42882
42889
42918
42923
42928
42947
42963
42973
43000
43008
43027
43053
43066
43087
43110
43131
43149
43164
43194
43209
43227
43242
43248
43265
43302
43315
43328
43346
43370
43385
43405
43429
43442
43460
43473
43480
43491
43506
43511
43521
43530
43558
43563
43572
43587
43595
43610
43626
43652
43675
43687
43699
43710
43724
43757
43766
43788
43796
43821
43835
43843
43857
43863
43888
43897
43906
43923
43941
43949
43980
43991
44004
44014
44036
44046
44058
44071
44084
44116
44132
44146
44158
44175
44191
44213
44224
44237
44254
44270
44282
44306
44322
44341
44362
44380
44399
44419
44430
44442
44458
44482
44496
44509
44521
44532
44544
44562
44575
44584
44593
44609
44622
44647
44654
44673
44692
44709
44718
44747
44761
44781
44794
44827
44832
44850
44862
44878
44892
44909
44918
44939
44964
44970
44978
44992
45018
45037
45061
45077
45085
