Primero viene la cantidad (n) de timestamps para ambos, luego n líneas que son un timestamp aproximado cada uno separado por una coma (',') del error, y luego n lineas de las transacciones del sospechoso
3505
6,6
18,2
28,3
46,10
61,1
76,10
96,5
112,7
128,4
144,7
160,4
171,2
187,9
205,5
220,6
232,1
240,3
257,10
280,9
302,9
317,1
330,7
347,6
360,3
368,0
378,5
397,9
420,10
444,9
462,4
473,3
484,4
493,1
502,3
516,7
534,7
547,1
558,6
570,2
585,8
600,3
616,8
632,3
650,10
673,9
690,3
698,1
708,4
725,9
746,8
769,10
786,2
799,7
818,7
839,9
853,1
865,6
881,6
899,7
912,2
926,8
946,7
960,3
975,8
989,1
996,2
1012,9
1033,7
1045,0
1053,3
1064,3
1081,10
1096,0
1107,7
1122,3
1131,2
1140,2
1150,3
1168,10
1190,7
1202,1
1214,7
1235,10
1254,5
1269,5
1285,6
1298,3
1313,8
1335,9
1358,9
1378,6
1391,2
1400,2
1407,0
1418,6
1438,9
1462,10
1478,1
1494,10
1513,4
1522,0
1530,3
1539,2
1550,4
1560,1
1567,2
1575,1
1585,4
1602,9
1622,7
1638,5
1649,1
1662,7
1680,6
1694,4
1709,6
1723,4
1733,1
1741,3
1749,1
1759,4
1770,3
1779,2
1793,7
1815,10
1840,10
1857,3
1872,7
1884,0
1896,7
1912,5
1930,8
1945,2
1952,0
1957,0
1963,1
1973,4
1987,6
1999,2
2006,1
2015,3
2026,4
2036,2
2046,4
2063,8
2083,8
2102,6
2120,7
2141,10
2162,7
2183,9
2199,2
2214,8
2234,7
2252,6
2264,1
2279,9
2298,6
2309,0
2322,9
2339,4
2351,4
2363,4
2381,10
2397,1
2407,5
2424,8
2440,3
2455,7
2468,1
2476,2
2489,7
2505,5
2524,9
2538,1
2553,9
2569,3
2587,10
2608,7
2621,1
2634,7
2648,2
2660,6
2671,1
2681,4
2698,8
2717,7
2736,8
2759,10
2775,2
2789,8
2802,1
2818,10
2841,9
2861,6
2873,1
2882,4
2892,1
2898,0
2904,1
2916,6
2934,7
2956,10
2974,3
2985,3
2994,2
3009,9
3023,1
3034,5
3051,8
3065,2
3078,6
3098,10
3122,10
3141,5
3157,7
3179,10
3202,8
3216,2
3233,10
3253,6
3266,2
3281,9
3304,10
3322,3
3339,9
3356,3
3365,1
3371,0
3382,6
3394,2
3402,1
3417,10
3436,4
3454,10
3474,6
3494,10
3519,10
3541,7
3562,10
3579,2
3587,1
3595,3
3612,10
3630,3
3638,1
3652,8
3672,7
3684,1
3692,2
3709,10
3725,1
3734,3
3747,5
3762,5
3779,8
3802,10
3823,6
3837,3
3855,10
3870,0
3878,4
3896,10
3911,1
3926,10
3949,9
3963,1
3970,1
3980,4
3994,6
4012,7
4025,1
4039,8
4059,7
4081,10
4105,10
4126,7
4139,2
4151,6
4168,7
4189,10
4204,1
4210,0
4219,4
4232,4
4246,6
4258,2
4273,8
4295,9
4318,9
4337,6
4350,3
4368,10
4389,7
4402,2
4418,9
4441,10
4465,9
4488,10
4509,6
4524,4
4536,4
4552,8
4573,9
4593,7
4614,10
4639,10
4654,0
4664,5
4679,5
4693,4
4711,10
4736,10
4751,1
4764,7
4782,6
4801,9
4820,5
4832,2
4840,2
4850,3
4867,10
4882,0
4888,1
4901,7
4920,8
4938,6
4950,1
4957,1
4969,6
4989,9
5008,5
5023,6
5040,7
5053,2
5070,10
5088,4
5102,5
5120,9
5142,9
5160,5
5172,2
5188,10
5208,5
5220,3
5229,2
5240,5
5254,5
5264,1
5275,6
5296,10
5312,2
5327,8
5344,4
5356,3
5365,1
5380,9
5399,6
5419,9
5433,1
5440,2
5447,1
5461,8
5476,3
5486,2
5503,10
5525,7
5545,8
5559,1
5567,3
5584,9
5604,6
5624,9
5643,6
5656,3
5666,2
5681,9
5702,8
5717,3
5733,8
5756,10
5780,10
5799,4
5810,2
5822,6
5842,10
5867,10
5888,7
5909,9
5925,3
5934,1
5947,8
5969,10
5991,7
6006,4
6018,3
6027,1
6042,9
6064,9
6080,3
6093,6
6111,7
6123,0
6137,10
6155,4
6164,1
6177,7
6191,2
6201,4
6214,5
6226,2
6238,5
6258,10
6278,5
6289,1
6299,4
6311,3
6323,4
6337,5
6356,9
6379,10
6404,10
6425,6
6440,5
6458,9
6479,8
6497,5
6511,5
6522,1
6528,1
6537,4
6546,0
6560,9
6578,5
6597,10
6618,7
6639,10
6654,1
6669,9
6685,2
6692,0
6697,1
6708,6
6723,4
6736,5
6752,7
6766,3
6779,6
6791,1
6799,3
6817,10
6832,0
6840,3
6855,8
6873,5
6889,6
6900,0
6908,3
6924,9
6946,9
6961,1
6973,7
6991,7
7004,1
7019,9
7040,8
7056,3
7067,3
7077,2
7088,5
7099,2
7115,10
7137,7
7153,4
7169,7
7183,2
7191,1
7202,6
7214,1
7228,9
7249,8
7271,9
7291,6
7307,6
7323,5
7337,5
7355,8
7371,4
7381,1
7391,4
7408,8
7427,7
7442,4
7456,6
7474,8
7490,4
7503,4
7512,0
7524,7
7540,4
7558,10
7574,2
7587,7
7607,9
7630,10
7650,6
7667,7
7684,6
7695,1
7707,6
7722,5
7739,8
7761,9
7775,1
7783,2
7793,4
7805,4
7818,4
7834,8
7851,5
7865,4
7876,3
7890,7
7902,0
7917,10
7934,3
7947,5
7967,10
7982,0
7989,2
8005,10
8029,10
8051,7
8072,10
8095,8
8108,0
8117,5
8133,6
8150,7
8172,10
8195,8
8210,2
8226,9
8240,1
8249,4
8261,4
8280,10
8296,2
8305,3
8317,5
8336,10
8356,5
8376,10
8401,10
8425,10
8446,6
8461,4
8477,8
8494,4
8506,4
8515,0
8522,2
8535,6
8546,0
8551,1
8565,9
8587,9
8605,4
8623,10
8639,1
8648,4
8664,8
8680,3
8694,6
8708,4
8727,10
8747,6
8766,8
8786,7
8806,9
8830,10
8852,7
8874,10
8896,7
8908,1
8923,10
8938,1
8947,4
8959,3
8972,5
8983,2
8994,4
9010,8
9032,10
9054,8
9067,0
9078,6
9092,4
9107,7
9123,5
9136,4
9149,4
9160,3
9170,3
9187,9
9201,0
9211,5
9230,9
9251,8
9270,7
9288,7
9303,3
9321,10
9340,5
9354,5
9369,5
9386,8
9406,7
9426,9
9447,8
9464,4
9475,2
9491,9
9507,3
9523,8
9541,5
9560,9
9578,4
9587,0
9598,7
9613,4
9622,0
9632,6
9650,7
9664,2
9671,1
9681,4
9690,1
9698,3
9716,10
9736,6
9748,2
9758,4
9768,1
9780,6
9796,5
9806,1
9814,3
9827,6
9838,1
9845,1
9858,8
9873,2
9889,9
9903,1
9910,1
9922,6
9935,2
9951,9
9968,3
9983,7
10001,6
10015,3
10029,6
10042,2
10055,6
10072,7
10094,10
10115,6
10134,8
10149,3
10159,2
10173,8
10186,0
10200,10
10222,8
10236,2
10245,3
10253,1
10263,5
10275,3
10289,7
10307,7
10323,4
10342,10
10357,0
10371,10
10395,10
10413,4
10425,3
10434,1
10441,1
10451,4
10466,6
10485,8
10498,1
10504,1
10514,5
10525,2
10534,3
10544,2
10557,7
10577,8
10590,0
10600,6
10612,1
10622,4
10639,9
10661,8
10681,7
10700,8
10713,0
10726,9
10744,4
10756,4
10774,10
10792,4
10811,10
10830,4
10845,7
10865,9
10883,4
10897,6
10914,6
10935,10
10950,0
10958,4
10970,3
10981,3
10989,0
10997,3
11007,2
11024,10
11045,6
11057,2
11064,0
11076,7
11089,2
11102,7
11117,4
11131,6
11148,6
11165,7
11182,6
11203,10
11218,0
11225,3
11241,9
11264,10
11282,3
11291,2
11298,1
11309,6
11321,2
11328,0
11339,6
11357,8
11375,5
11393,9
11408,2
11419,5
11437,8
11450,0
11457,2
11464,0
11477,9
11498,8
11514,4
11523,0
11533,6
11547,4
11561,6
11580,9
11595,2
11603,1
11618,10
11636,3
11645,1
11658,7
11671,1
11686,10
11707,7
11720,1
11726,0
11733,2
11745,5
11755,1
11761,1
11775,8
11793,6
11805,1
11812,2
11819,0
11830,7
11850,9
11873,10
11895,8
11917,9
11931,0
11945,9
11968,10
11986,4
12002,8
12019,5
12034,5
12054,10
12077,8
12093,3
12110,10
12126,1
12137,6
12154,7
12170,5
12181,2
12198,10
12214,1
12220,1
12230,4
12248,9
12270,9
12289,6
12310,10
12325,0
12338,9
12352,0
12366,9
12389,9
12406,3
12420,6
12435,5
12449,5
12463,4
12479,7
12498,7
12514,5
12533,9
12553,6
12565,2
12577,5
12591,4
12606,6
12627,10
12652,10
12676,9
12693,4
12712,10
12733,7
12752,7
12764,1
12773,3
12788,8
12810,9
12830,6
12848,8
12861,0
12871,5
12890,10
12910,5
12924,4
12940,7
12952,1
12960,2
12969,2
12981,5
12995,5
13009,4
13020,3
13031,4
13042,2
13053,5
13070,7
13087,5
13104,8
13118,2
13131,7
13144,2
13158,7
13179,10
13196,2
13210,8
13229,6
13243,4
13253,1
13261,3
13278,9
13302,10
13324,7
13340,4
13352,3
13360,0
13371,7
13384,2
13398,8
13417,6
13429,2
13438,2
13448,4
13460,3
13477,10
13494,3
13504,3
13520,9
13540,7
13562,10
13585,9
13608,10
13629,7
13642,2
13652,3
13661,2
13675,7
13692,6
13711,8
13725,2
13732,0
13738,2
13750,5
13765,5
13775,0
13786,7
13808,10
13828,5
13840,3
13855,7
13872,5
13886,4
13904,10
13928,10
13943,0
13950,3
13959,2
13966,0
13972,2
13982,4
13992,2
14005,7
14026,10
14051,10
14074,8
14089,2
14105,10
14130,10
14149,5
14161,2
14170,3
14179,2
14186,0
14191,0
14205,10
14228,8
14247,6
14266,8
14285,6
14302,6
14315,2
14326,5
14343,8
14358,2
14367,2
14375,1
14385,4
14397,4
14409,4
14420,3
14438,10
14456,4
14471,7
14486,4
14504,10
14525,6
14537,2
14552,9
14573,7
14585,1
14598,7
14619,10
14634,1
14643,4
14656,4
14667,3
14679,4
14691,4
14701,1
14710,3
14724,7
14736,0
14741,1
14747,0
14758,6
14778,9
14794,2
14806,5
14820,4
14837,9
14857,7
14877,8
14893,4
14904,2
14912,2
14920,2
14930,3
14946,8
14964,5
14975,2
14988,6
15008,9
15029,7
15048,7
15065,5
15076,2
15090,7
15112,10
15131,4
15143,4
15152,0
15163,6
15175,2
15185,4
15199,6
15219,9
15238,5
15250,2
15258,1
15266,3
15274,1
15285,6
15305,9
15325,7
15342,5
15352,0
15366,9
15388,9
15411,10
15432,6
15449,7
15465,4
15475,2
15491,10
15511,6
15528,6
15541,3
15554,5
15566,3
15577,3
15588,4
15598,2
15609,4
15626,8
15641,3
15658,9
15672,0
15684,7
15703,8
15722,7
15740,6
15754,4
15765,3
15783,10
15800,2
15809,3
15826,10
15847,6
15867,9
15889,9
15910,8
15927,5
15944,7
15956,1
15971,10
15993,8
16015,10
16033,3
16041,0
16046,1
16060,8
16077,4
16088,2
16103,9
16117,0
16129,8
16148,7
16166,6
16183,6
16197,4
16214,9
16232,4
16242,1
16249,2
16260,5
16273,4
16287,5
16299,2
16316,10
16337,6
16358,10
16374,2
16382,2
16395,6
16406,0
16415,4
16428,5
16442,4
16451,1
16458,1
16468,4
16486,9
16500,1
16514,9
16536,9
16555,5
16573,8
16592,6
16604,2
16611,0
16618,3
16626,1
16640,9
16655,1
16669,9
16692,10
16715,8
16729,2
16742,7
16761,8
16779,5
16794,6
16814,9
16830,3
16840,3
16849,1
16858,4
16868,1
16882,8
16896,2
16904,1
16918,9
16934,3
16949,7
16968,7
16988,8
17004,4
17014,1
17029,9
17044,2
17056,5
17074,9
17089,1
17104,9
17123,5
17134,1
17147,8
17167,7
17184,6
17197,3
17211,7
17227,5
17240,3
17254,7
17274,8
17294,7
17316,10
17334,3
17348,7
17369,9
17386,4
17401,7
17419,6
17439,10
17461,8
17474,1
17487,7
17501,2
17510,2
17522,5
17537,6
17549,1
17563,9
17577,1
17586,3
17603,10
17626,8
17644,5
17657,4
17667,2
17682,9
17698,3
17714,9
17729,2
17740,4
17750,1
17765,10
17787,7
17803,4
17822,10
17838,2
17846,1
17852,0
17857,1
17870,8
17889,7
17902,2
17909,1
17917,3
17931,7
17948,6
17966,7
17979,2
17989,3
18003,7
18020,6
18031,0
18046,10
18063,3
18071,1
18077,0
18085,3
18093,0
18105,7
18119,2
18133,8
18148,2
18161,7
18177,4
18189,4
18201,4
18218,8
18238,7
18250,0
18262,8
18284,9
18299,2
18314,8
18337,10
18357,5
18373,6
18391,8
18404,0
18417,9
18431,0
18441,5
18454,3
18462,0
18475,9
18497,8
18511,2
18521,3
18535,7
18547,0
18561,9
18578,3
18589,3
18605,8
18618,1
18625,2
18639,7
18651,0
18661,6
18676,5
18693,7
18710,6
18729,9
18751,8
18769,5
18787,9
18803,3
18814,3
18825,4
18843,10
18862,5
18880,8
18895,3
18903,1
18919,10
18941,7
18962,10
18979,2
18996,10
19020,10
19035,1
19044,3
19055,4
19064,1
19071,2
19078,0
19084,1
19097,8
19116,7
19135,7
19150,4
19161,2
19173,6
19192,8
19205,0
19217,8
19235,6
19254,9
19268,0
19283,10
19305,7
19323,7
19335,1
19341,1
19348,1
19360,7
19378,7
19394,5
19409,6
19426,6
19446,9
19465,6
19476,1
19491,9
19510,6
19521,0
19533,7
19555,10
19574,4
19586,4
19596,2
19608,5
19624,7
19644,8
19663,7
19675,0
19680,1
19691,5
19709,9
19727,4
19738,2
19754,10
19772,3
19781,1
19789,2
19800,5
19814,4
19832,9
19846,1
19861,9
19881,7
19896,4
19909,4
19920,3
19933,5
19951,8
19969,6
19989,10
20011,8
20025,1
20032,2
20043,5
20060,8
20082,10
20104,8
20124,7
20140,5
20155,5
20169,5
20187,9
20204,4
20213,1
20224,6
20244,10
20263,4
20274,2
20288,8
20305,5
20315,1
20327,6
20347,10
20363,2
20379,9
20396,4
20405,0
20420,10
20443,8
20456,1
20471,9
20485,0
20494,5
20510,7
20530,9
20547,4
20564,8
20578,1
20591,8
20609,6
20630,10
20654,9
20677,9
20695,5
20711,7
20726,3
20736,2
20745,2
20760,8
20781,9
20797,3
20812,7
20830,7
20842,1
20852,4
20870,10
20888,4
20906,10
20924,4
20939,7
20955,5
20965,1
20977,7
20989,0
20997,3
21006,2
21016,3
21028,5
21039,1
21046,2
21063,10
21078,0
21085,3
21102,9
21125,10
21140,0
21149,4
21160,3
21172,4
21190,9
21213,9
21234,7
21253,8
21267,2
21278,5
21298,10
21314,1
21328,8
21347,6
21364,6
21380,5
21398,9
21418,6
21434,5
21449,5
21462,4
21478,8
21497,6
21515,8
21528,0
21541,9
21561,7
21583,10
21600,2
21615,8
21630,3
21640,2
21649,2
21659,4
21673,5
21690,7
21711,10
21733,8
21749,3
21766,10
21783,2
21791,2
21802,4
21813,2
21825,5
21844,9
21858,1
21866,2
21882,10
21898,1
21905,2
21917,5
21934,7
21952,7
21965,1
21981,10
21999,4
22016,8
22031,2
22038,0
22050,7
22070,9
22088,5
22102,4
22113,2
22125,5
22135,1
22148,7
22164,5
22179,6
22190,0
22204,10
22227,9
22242,1
22256,8
22276,8
22295,6
22311,6
22328,7
22350,10
22369,4
22381,4
22395,5
22405,0
22411,2
22423,5
22435,3
22448,6
22464,5
22483,10
22507,10
22527,6
22545,8
22561,4
22574,5
22587,3
22600,5
22615,6
22627,2
22635,2
22645,4
22663,10
22679,2
22692,6
22703,1
22715,6
22733,7
22755,10
22772,2
22780,1
22791,5
22809,8
22830,8
22850,8
22868,5
22878,0
22883,1
22897,9
22913,2
22923,4
22942,10
22965,9
22979,0
22990,7
23004,3
23021,9
23042,8
23065,10
23086,6
23099,3
23112,5
23129,8
23150,9
23169,5
23185,6
23203,7
23217,2
23234,10
23252,3
23260,0
23271,7
23287,5
23306,10
23329,9
23344,1
23354,5
23367,4
23378,2
23385,0
23399,9
23420,8
23436,4
23450,5
23464,4
23483,10
23507,10
23524,2
23533,2
23546,7
23564,6
23582,7
23597,4
23613,8
23627,2
23636,2
23648,6
23667,9
23686,5
23700,4
23714,6
23730,6
23747,6
23761,4
23778,8
23794,4
23805,2
23816,4
23832,8
23851,7
23872,9
23889,3
23900,3
23911,3
23929,10
23953,10
23972,4
23985,4
24002,8
24019,5
24033,5
24046,3
24060,6
24079,8
24099,7
24119,8
24139,8
24157,6
24174,7
24191,5
24203,2
24220,10
24241,7
24253,0
24263,5
24280,7
24295,3
24306,3
24316,2
24325,2
24334,3
24345,3
24353,0
24362,5
24372,0
24385,9
24401,3
24411,3
24420,1
24431,6
24442,1
24454,6
24467,2
24475,2
24482,1
24489,2
24498,2
24512,7
24530,6
24543,2
24557,7
24569,0
24575,2
24583,2
24595,6
24607,2
24617,3
24625,0
24636,6
24655,8
24671,3
24681,2
24698,10
24719,7
24737,6
24751,3
24762,3
24771,1
24784,8
24805,9
24820,2
24827,1
24834,1
24848,9
24872,10
24890,3
24901,4
24910,0
24917,3
24928,3
24944,8
24961,5
24980,10
24996,1
25009,7
25025,5
25036,2
25052,10
25073,6
25089,5
25101,2
25111,4
25127,8
25142,2
25157,8
25174,5
25186,3
25199,6
25213,4
25227,6
25242,5
25257,6
25273,5
25292,9
25315,9
25333,5
25350,7
25362,0
25373,7
25387,2
25397,4
25415,9
25431,2
25438,0
25443,1
25458,9
25474,2
25484,3
25498,6
25514,6
25528,3
25544,9
25561,3
25570,1
25584,9
25599,1
25611,7
25623,1
25632,4
25649,9
25672,10
25689,2
25701,6
25717,5
25732,5
25751,9
25775,10
25794,5
25814,10
25833,5
25852,9
25866,0
25877,6
25894,7
25908,2
25922,7
25940,7
25961,9
25982,7
25999,6
26019,9
26042,9
26064,8
26079,3
26090,4
26102,4
26118,8
26132,2
26141,2
26154,6
26167,3
26181,7
26200,7
26221,9
26239,5
26253,4
26265,3
26282,10
26300,3
26318,10
26342,9
26359,4
26377,10
26392,0
26399,2
26416,10
26438,7
26458,9
26475,4
26485,1
26497,7
26512,3
26521,1
26535,9
26555,7
26575,8
26595,8
26608,1
26617,3
26634,10
26654,6
26665,1
26672,2
26686,7
26704,6
26715,1
26725,5
26745,10
26767,8
26786,7
26805,7
26822,5
26832,0
26837,1
26852,10
26871,5
26881,1
26889,2
26900,5
26918,9
26942,10
26958,1
26964,1
26974,5
26989,5
27007,8
27028,9
27043,2
27050,0
27061,6
27081,9
27103,9
27122,6
27138,6
27149,0
27161,7
27178,5
27192,4
27210,9
27232,8
27247,3
27261,7
27277,5
27287,1
27303,10
27325,8
27340,2
27350,4
27360,2
27373,6
27387,3
27403,8
27420,4
27435,7
27451,5
27471,10
27488,2
27502,8
27520,5
27539,9
27562,9
27577,1
27583,1
27591,2
27599,1
27613,9
27635,8
27649,2
27656,1
27668,7
27682,3
27691,2
27707,10
27729,7
27743,2
27756,7
27776,9
27793,4
27803,1
27809,0
27821,8
27839,6
27850,1
27864,9
27887,10
27910,8
27925,3
27937,4
27955,9
27972,3
27988,8
28003,2
28012,2
28025,7
28046,10
28062,1
28072,5
28089,7
28103,2
28110,1
28116,1
28129,8
28144,2
28153,3
28168,8
28181,0
28186,1
28198,7
28211,1
28222,5
28240,8
28263,10
28280,2
28293,7
28310,5
28323,4
28339,7
28353,3
28366,6
28380,4
28390,1
28398,3
28407,2
28414,1
28421,2
28430,3
28442,4
28457,6
28478,10
28497,5
28508,1
28516,3
28528,5
28543,6
28562,9
28583,8
28597,2
28605,2
28616,5
28628,3
28640,4
28654,5
28668,4
28683,6
28704,10
28722,4
28735,5
28748,4
28766,10
28782,1
28790,3
28799,1
28812,8
28834,10
28858,9
28874,2
28883,3
28896,5
28914,8
28929,3
28942,5
28955,3
28967,5
28982,5
29002,10
29019,2
29030,4
29044,5
29058,4
29067,0
29077,6
29093,6
29113,10
29136,9
29160,10
29175,1
29188,8
29208,8
29225,4
29234,0
29239,0
29250,6
29269,8
29289,8
29309,7
29322,1
29330,3
29339,1
29349,5
29362,3
29378,9
29394,2
29409,9
29432,9
29449,3
29462,6
29480,7
29497,5
29509,2
29516,0
29522,1
29528,1
29543,10
29561,4
29573,4
29583,1
29592,4
29602,2
29618,10
29637,4
29654,9
29668,0
29677,5
29692,5
29703,2
29718,8
29736,5
29753,7
29768,4
29782,6
29794,2
29805,5
29818,4
29835,9
29852,4
29866,6
29877,1
29883,0
29889,1
29902,7
29917,3
29930,6
29944,3
29954,2
29962,2
29977,9
29994,3
30010,8
30032,9
30047,1
30063,10
30087,10
30104,2
30117,6
30130,2
30143,6
30162,9
30184,8
30197,0
30206,5
30222,7
30235,2
30246,4
30259,4
30277,10
30295,4
30312,8
30328,4
30344,7
30358,2
30371,7
30385,2
30398,6
30418,10
30433,1
30439,0
30451,8
30464,1
30473,3
30481,1
30490,4
30499,0
30506,2
30516,4
30533,9
30551,5
30570,10
30585,1
30597,7
30616,7
30632,4
30644,4
30661,8
30683,10
30706,9
30721,2
30732,5
30751,10
30770,4
30788,9
30804,2
30815,4
30829,6
30848,8
30867,7
30883,4
30900,8
30915,3
30932,9
30951,6
30968,6
30979,0
30987,3
30996,1
31010,8
31025,2
31038,7
31056,6
31072,5
31086,5
31106,10
31122,2
31135,6
31150,4
31164,6
31181,7
31196,3
31213,10
31235,7
31252,6
31266,4
31281,6
31302,10
31320,4
31338,9
31360,9
31376,3
31388,5
31406,9
31424,4
31435,3
31444,1
31458,9
31479,8
31494,2
31503,3
31521,10
31537,1
31552,9
31569,3
31585,8
31604,6
31623,8
31642,6
31659,6
31673,4
31685,4
31697,4
31707,2
31714,0
31722,3
31735,5
31753,8
31768,3
31777,2
31792,9
31810,4
31824,6
31836,2
31852,9
31868,2
31883,8
31899,4
31915,8
31935,7
31954,7
31975,10
31992,3
32003,3
32013,2
32029,9
32050,8
32063,1
32070,1
32080,5
32097,7
32110,2
32121,5
32136,5
32153,8
32168,2
32182,7
32198,5
32213,5
32223,1
32235,7
32255,8
32273,6
32293,9
32316,9
32330,1
32344,8
32360,4
32378,10
32398,5
32409,1
32422,8
32444,10
32468,10
32489,6
32507,7
32529,10
32545,1
32554,4
32567,5
32579,3
32591,5
32603,2
32619,10
32643,10
32659,2
32670,4
32679,0
32689,5
32699,0
32710,6
32730,10
32750,6
32764,4
32782,9
32797,2
32805,1
32814,3
32829,8
32850,8
32864,1
32878,8
32899,8
32913,1
32922,3
32935,6
32947,1
32955,2
32972,10
32997,10
33016,5
33033,7
33049,4
33065,8
33081,4
33099,10
33117,4
33130,4
33147,9
33169,8
33185,3
33198,5
33217,9
33232,2
33246,7
33264,7
33285,10
33302,3
33311,1
33322,5
33335,4
33353,9
33367,1
33383,10
33406,8
33422,3
33433,3
33444,4
33455,2
33472,10
33492,5
33507,5
33521,5
33531,1
33546,9
33563,3
33575,5
33588,3
33604,9
33618,1
33624,1
33638,8
33652,2
33662,3
33676,6
33691,4
33702,2
33710,2
33724,7
33742,6
33754,2
33764,4
33782,10
33799,3
33807,1
33821,8
33841,7
33859,6
33874,5
33892,8
33911,6
33929,7
33946,6
33962,6
33973,1
33982,4
33993,2
34008,8
34030,9
34044,0
34058,9
34079,8
34101,9
34115,0
34120,0
34126,2
34134,2
34144,4
34160,8
34178,5
34190,3
34201,3
34209,0
34214,0
34224,5
34236,2
34250,8
34264,1
34274,4
34289,7
34310,10
34326,2
34338,6
34350,2
34360,3
34371,3
34386,7
34404,6
34424,10
34446,8
34460,2
34470,4
34482,3
34494,5
34511,8
34529,5
34543,4
34554,3
34570,9
34591,7
34606,3
34615,2
34622,1
34628,1
34642,8
34655,1
34667,6
34681,3
34697,9
34718,8
34741,10
34756,1
34767,5
34785,9
34808,9
34824,3
34835,4
34845,1
34858,8
34874,4
34888,5
34907,9
34925,4
34944,10
34962,3
34971,1
34979,2
34993,8
35013,7
35029,4
35044,7
35057,2
35068,4
35078,1
35090,6
35104,4
35121,9
35140,5
35154,4
35168,6
35184,5
35199,6
35213,4
35230,9
35250,6
35266,5
35278,3
35289,3
35306,10
35325,4
35339,5
35355,7
35374,8
35394,8
35417,10
35435,3
35449,6
35460,1
35474,9
35491,4
35506,7
35523,6
35538,4
35556,9
35574,5
35587,4
35605,10
35627,7
35646,7
35667,9
35684,3
35698,6
35711,3
35720,2
35736,9
35753,3
35766,5
35785,10
35805,6
35826,10
35842,1
35856,9
35870,0
35880,5
35898,8
35919,8
35941,9
35955,1
35961,0
35973,8
35992,7
36005,1
36011,1
36024,7
36037,1
36052,9
36066,1
36077,6
36089,1
36105,10
36125,6
36142,6
36153,1
36159,1
36169,4
36178,1
36184,1
36192,3
36202,2
36214,5
36230,6
36248,8
36271,10
36288,3
36302,7
36324,10
36345,6
36357,2
36365,2
36377,6
36397,9
36412,2
36422,3
36432,3
36450,10
36473,8
36496,10
36521,10
36536,1
36551,9
36571,7
36589,6
36608,8
36624,3
36636,4
36653,8
36667,1
36674,1
36682,2
36696,8
36715,7
36733,6
36754,10
36773,5
36788,6
36804,5
36815,1
36829,8
36844,3
36856,4
36867,3
36884,9
36899,1
36907,3
36923,9
36941,4
36952,3
36970,10
36991,6
37003,2
37011,1
37017,1
37027,5
37039,3
37050,4
37060,2
37076,9
37099,10
37123,10
37142,5
37160,9
37184,10
37202,3
37210,1
37220,5
37240,10
37262,8
37279,5
37289,1
37299,5
37314,5
37326,3
37344,10
37364,5
37382,8
37396,1
37410,9
37432,9
37447,1
37453,0
37459,2
37468,3
37481,5
37491,1
37506,10
37522,1
37529,2
37537,2
37548,4
37558,2
37569,4
37579,1
37592,8
37609,4
37620,3
37631,4
37643,4
37654,3
37667,6
37682,4
37693,2
37700,0
37705,0
37717,8
37731,1
37737,0
37744,3
37761,10
37778,2
37794,10
37810,1
37820,5
37835,6
37847,2
37858,5
37878,10
37897,4
37909,4
37918,0
37926,3
37944,10
37968,9
37986,5
37997,1
38006,3
38015,2
38022,1
38035,7
38051,4
38068,8
38089,8
38105,3
38123,10
38143,5
38162,10
38177,0
38183,1
38193,5
38211,9
38233,8
38254,9
38269,1
38280,5
38290,0
38304,9
38325,7
38343,6
38355,1
38369,8
38391,9
38407,3
38417,2
38426,3
38440,6
38456,5
38475,10
38494,4
38505,2
38516,4
38526,1
38541,10
38560,5
38573,3
38584,4
38603,10
38621,4
38639,10
38657,4
38673,7
38687,2
38694,1
38709,9
38724,1
38734,4
38749,7
38770,10
38788,3
38805,9
38824,6
38844,10
38868,10
38886,4
38901,6
38918,6
38933,4
38950,9
38969,5
38989,10
39004,1
39015,6
39034,8
39056,9
39080,10
39104,10
39123,4
39140,9
39159,6
39174,4
39187,5
39198,2
39214,10
39237,8
39258,8
39273,2
39284,4
39295,3
39305,2
39316,4
39327,3
39336,2
39352,9
39368,2
39378,3
39390,4
39409,10
39432,9
39450,5
39461,2
39473,6
39494,10
39510,2
39519,3
39528,2
39538,3
39553,8
39575,9
39597,9
39613,2
39630,10
39645,0
39651,1
39666,9
39684,5
39699,6
39719,10
39740,6
39759,8
39775,4
39792,8
39813,9
39831,4
39843,3
39852,1
39865,8
39881,3
39897,8
39913,4
39927,5
39937,0
39942,1
39957,9
39977,6
39993,6
40010,7
40023,1
40030,1
40042,7
40054,1
40067,7
40082,4
40097,6
40115,7
40128,2
40135,0
40149,10
40174,10
40195,6
40211,6
40225,4
40239,6
40256,7
40270,2
40285,8
40298,1
40307,4
40321,5
40333,3
40342,1
40350,2
40359,3
40373,6
40386,3
40399,6
40410,0
40419,5
40435,6
40448,3
40458,3
40469,3
40487,10
40506,5
40516,1
40528,6
40546,8
40560,2
40575,8
40597,9
40616,6
40627,1
40633,1
40641,3
40650,1
40659,4
40674,6
40686,1
40693,2
40708,8
40721,1
40732,6
40751,9
40771,7
40792,9
40806,1
40817,6
40837,10
40853,2
40862,2
40870,1
40884,9
40905,8
40921,4
40933,4
40942,0
40948,1
40956,2
40966,4
40980,6
41000,9
41022,9
41044,9
41060,2
41075,9
41094,6
41110,5
41120,0
41128,4
41140,4
41152,4
41171,10
41195,10
41211,1
41219,3
41227,0
41233,1
41244,6
41261,7
41275,3
41288,6
41304,6
41315,0
41322,2
41329,0
41337,4
41349,3
41363,6
41376,2
41386,4
41400,6
41414,3
41424,3
41435,3
41449,7
41466,6
41487,10
41505,3
41520,7
41533,2
41545,6
41558,2
41571,6
41585,3
41595,2
41611,9
41629,4
41638,0
41643,1
41658,10
41680,8
41693,1
41708,9
41724,2
41733,2
41740,1
41749,3
41759,3
41769,3
41780,4
41794,6
41806,2
41821,9
41840,6
41860,9
41882,9
41902,7
41924,10
41940,2
41952,5
41967,6
41979,2
41987,1
42000,7
42013,2
42027,8
42043,4
42060,8
42082,10
42102,6
42119,6
42130,0
42138,3
42149,3
42163,6
42179,5
42190,1
42196,1
42210,8
42224,2
42241,10
42257,2
42271,8
42294,10
42318,10
42336,4
42350,5
42360,1
42368,3
42379,4
42397,10
42419,7
42439,8
42452,1
42466,8
42487,8
42508,8
42529,9
42543,0
42556,9
42571,2
42582,4
42601,10
42622,7
42634,1
42644,4
42657,4
42671,6
42692,10
42709,2
42717,1
42726,3
42742,8
42764,10
42783,4
42799,8
42820,9
42839,5
42851,2
42859,2
42870,4
42881,2
42896,9
42912,2
42923,4
42940,8
42960,8
42978,5
42996,8
43010,2
43021,5
43036,6
43049,2
43066,10
43088,7
43100,0
43107,3
43116,1
43124,3
43132,1
43147,9
43166,6
43178,2
43191,7
43210,7
43225,4
43242,9
43256,0
43265,4
43277,3
43286,1
43292,1
43300,3
43308,1
43322,9
43340,5
43350,0
43357,3
43372,7
43390,7
43402,0
43410,3
43427,9
43441,1
43454,7
43469,4
43478,0
43491,8
43512,8
43534,9
43553,5
43566,4
43575,0
43584,5
43596,2
43612,9
43631,5
43650,10
43665,0
43673,3
43690,9
43704,0
43717,9
43734,4
43743,1
43755,6
43769,4
43780,3
43791,3
43807,8
43825,6
43845,10
43864,5
43883,9
43898,2
43910,6
43931,10
43950,5
43961,2
43976,8
43996,7
44015,7
44034,8
44047,1
44056,3
44074,10
44092,4
44102,2
44111,2
44120,2
44133,7
44155,10
44180,10
44204,10
44221,2
44234,6
44249,4
44264,6
44281,6
44301,10
44319,3
44332,5
44350,8
44370,7
44389,8
44406,4
44418,4
44429,3
44445,9
44464,6
44479,5
44492,4
44506,6
44525,9
44540,1
44555,10
44572,2
44585,6
44598,3
44616,10
44632,2
44647,9
44664,4
44680,7
44695,3
44710,7
44722,0
44729,2
44742,7
44764,10
44780,1
44786,0
44791,1
44806,9
44828,8
44846,5
44861,5
44877,6
44895,7
44908,2
44923,9
44945,9
44969,10
44993,10
45017,10
45032,0
45040,4
45058,9
45081,9
45098,4
45112,5
45126,5
45142,6
45154,2
45165,5
45183,9
45198,1
45204,1
45216,7
45232,4
45245,5
45260,5
45280,10
45301,6
45320,9
45337,3
45345,0
45360,10
45377,3
45385,1
45391,1
45403,6
45421,8
45443,9
45457,1
45465,3
45475,3
45493,10
45513,5
45524,1
45530,1
45540,5
45555,5
45574,10
45589,1
45603,9
45617,0
45631,9
45650,5
45660,1
45673,8
45695,9
45711,2
45721,4
45730,0
45743,9
45764,8
45786,10
45805,5
45816,1
45823,2
45834,5
45845,2
45859,8
45882,10
45905,8
45928,10
45950,7
45969,8
45986,5
46001,5
46017,6
46034,7
46053,8
46073,8
46091,5
46102,1
46115,7
46127,0
46140,8
46155,2
46163,1
46169,0
46180,6
46197,7
46215,7
46236,9
46255,5
46272,7
46288,5
46306,8
46321,3
46331,3
46348,10
46371,8
46391,7
46404,2
46413,3
46425,5
46445,10
46465,5
46481,6
46494,2
46510,10
46529,4
46545,8
46563,6
46578,5
46588,0
46601,9
46624,9
46642,4
46653,2
46667,7
46681,2
46695,7
46708,2
46716,2
46727,4
46736,1
46745,3
46756,4
46773,8
46786,1
46801,9
46821,7
46836,3
46848,5
46864,6
46876,2
46884,2
46900,9
46921,8
46941,8
46959,5
46978,10
46998,6
47018,9
47037,5
47048,2
47065,10
47089,10
47104,0
47115,6
47132,6
47147,4
47164,9
47187,9
47202,2
47209,1
47220,6
47239,9
47258,6
47272,3
47287,7
47308,10
47328,6
47344,5
47356,3
47374,10
47396,8
47418,10
47442,9
47466,10
47490,10
47511,7
47528,6
47547,9
47567,6
47583,6
47598,5
47609,1
47617,2
47625,2
47641,9
47664,9
47684,6
47702,7
47719,6
47740,10
47760,5
47773,4
47791,9
47814,9
47832,4
47844,4
47860,8
47873,1
47886,7
47907,9
47921,1
47932,6
47949,6
47962,2
47973,4
47989,7
48006,6
48021,5
48033,3
48047,7
48067,9
48083,3
48093,2
48105,5
48117,2
48128,4
48142,6
48160,8
48178,5
48195,8
48208,1
48221,7
48237,4
48252,6
48270,8
48285,2
48299,7
48317,7
48336,7
48354,6
48367,3
48381,7
48395,2
48411,10
48429,4
48444,7
48462,6
48480,8
48499,6
48514,5
48524,0
48536,8
48551,2
48564,6
48580,5
48596,6
48607,1
48620,8
48637,4
48650,4
48667,9
48690,10
48707,3
48720,6
48734,4
48747,5
48765,8
48786,9
48802,3
48816,6
48835,9
48856,8
48878,9
48899,8
48918,6
48931,2
48946,8
48961,2
48968,0
48976,4
48991,6
49009,8
49029,8
49042,1
49052,4
49064,4
49076,3
49084,0
49092,3
49109,9
49133,10
49150,3
49159,1
49169,5
49185,7
49204,7
49224,8
49241,5
49256,6
49271,5
49290,9
49311,8
49333,10
49350,3
49358,1
49366,2
49378,6
49389,0
49402,9
49423,7
49438,4
49453,7
49465,0
49479,9
49500,7
49521,9
49537,2
49547,4
49557,1
49568,6
49585,7
49600,4
49616,8
49632,4
49642,2
49651,3
49666,7
49682,5
49692,1
49707,10
49731,10
49749,3
49765,8
49785,8
49807,9
49825,4
49835,1
49841,1
49853,6
49870,6
49883,2
49897,8
49916,7
49938,10
49962,9
49985,10
50005,6
50019,4
50029,2
50037,2
50050,7
50062,1
50074,7
50093,8
50110,5
50128,8
50145,5
50158,4
50168,1
50181,8
50198,4
50208,2
50220,6
50231,0
50246,10
50261,1
50269,2
50281,5
50291,1
50298,1
50304,0
50316,7
50329,2
50340,5
50352,2
50362,3
50373,3
50387,7
50400,2
50416,9
50431,2
50445,8
50461,4
50476,7
50490,3
50501,3
50518,9
50533,1
50539,0
50548,5
50565,8
50583,6
50597,3
50614,9
50636,9
50653,4
50672,10
50692,5
50705,4
50719,6
50730,0
50738,3
50756,10
50777,7
50791,3
50803,5
50817,4
50828,3
50842,7
50856,2
50872,9
50887,2
50904,10
50924,6
50941,6
50955,3
50972,10
50989,2
50997,2
51007,3
51020,6
51035,5
51046,1
51058,6
51072,4
51089,9
51111,9
51127,2
51139,6
51160,10
51177,2
51191,8
51211,7
51229,6
51243,4
51258,6
51277,8
51295,5
51308,4
51326,9
51343,4
51354,3
51370,9
51389,6
51406,7
51421,4
51433,3
51450,9
51473,9
51490,4
51501,3
51512,3
51523,3
51538,8
51555,5
51571,6
51590,9
51612,9
51634,9
51652,5
51664,2
51676,6
51688,2
51696,1
51703,2
51712,3
51727,8
51749,10
51765,2
51778,7
51791,2
51808,10
51828,6
51841,2
51852,5
51867,5
51877,1
51892,9
51906,0
51919,8
51934,2
51945,5
51965,10
1
19
30
38
62
86
101
111
132
139
161
170
189
210
226
233
238
264
287
302
316
332
351
363
368
376
391
411
448
461
471
485
493
503
522
537
547
559
571
584
603
622
631
658
672
692
698
710
732
745
760
785
803
824
835
853
859
884
898
911
923
942
960
978
988
996
1006
1030
1045
1054
1062
1090
1096
1101
1122
1133
1142
1151
1170
1192
1202
1212
1238
1257
1270
1288
1300
1319
1330
1363
1373
1392
1402
1407
1424
1432
1466
1477
1502
1514
1522
1527
1538
1550
1561
1568
1574
1584
1607
1622
1640
1649
1661
1675
1697
1704
1724
1734
1744
1750
1760
1769
1780
1789
1817
1843
1859
1866
1884
1893
1915
1926
1943
1952
1957
1964
1971
1982
1999
2007
2015
2028
2038
2048
2061
2082
2099
2118
2137
2160
2191
2201
2220
2229
2258
2263
2276
2295
2309
2322
2336
2355
2365
2378
2397
2410
2432
2438
2455
2467
2478
2483
2505
2519
2539
2559
2567
2596
2607
2622
2631
2650
2660
2671
2685
2695
2721
2741
2757
2776
2797
2803
2809
2846
2858
2873
2880
2891
2898
2905
2910
2938
2959
2977
2983
2994
3007
3024
3033
3049
3065
3075
3092
3115
3145
3158
3188
3194
3217
3232
3251
3266
3287
3307
3319
3344
3354
3366
3371
3379
3394
3402
3416
3434
3447
3473
3499
3516
3534
3554
3578
3587
3595
3612
3633
3638
3644
3675
3684
3690
3717
3725
3735
3747
3767
3772
3794
3827
3839
3852
3870
3877
3900
3912
3918
3950
3964
3969
3979
3995
4009
4025
4033
4053
4089
4106
4131
4138
4154
4172
4190
4204
4210
4215
4235
4245
4259
4280
4304
4315
4336
4353
4358
4389
4401
4421
4444
4463
4480
4504
4521
4533
4549
4574
4588
4606
4635
4654
4665
4678
4692
4702
4741
4751
4758
4781
4808
4815
4831
4840
4849
4869
4882
4888
4898
4914
4940
4950
4958
4963
4982
5009
5027
5045
5053
5074
5092
5104
5114
5150
5159
5173
5189
5211
5222
5229
5243
5254
5264
5281
5300
5314
5326
5348
5357
5365
5380
5402
5421
5433
5440
5447
5458
5474
5486
5502
5529
5543
5560
5566
5579
5610
5622
5647
5657
5668
5682
5703
5716
5733
5748
5790
5800
5808
5820
5834
5867
5887
5902
5927
5935
5952
5976
5989
6009
6016
6028
6039
6068
6083
6093
6110
6123
6144
6154
6165
6180
6190
6203
6211
6228
6243
6264
6277
6290
6295
6309
6326
6335
6349
6377
6414
6419
6441
6462
6480
6497
6512
6521
6528
6538
6546
6564
6581
6604
6625
6633
6654
6664
6686
6692
6697
6712
6722
6737
6746
6767
6776
6791
6798
6809
6832
6839
6852
6872
6887
6900
6907
6928
6939
6962
6975
6986
7003
7021
7040
7057
7066
7076
7087
7098
7117
7135
7153
7166
7185
7191
7204
7215
7231
7242
7265
7285
7303
7328
7339
7360
7371
7381
7388
7402
7432
7444
7460
7469
7488
7502
7512
7523
7540
7550
7575
7584
7611
7638
7656
7663
7689
7695
7711
7727
7732
7752
7775
7783
7791
7804
7817
7835
7854
7864
7879
7895
7902
7907
7934
7947
7975
7982
7991
8009
8037
8051
8075
8089
8108
8113
8127
8153
8167
8188
8208
8220
8241
8251
8261
8284
8295
8303
8315
8337
8354
8374
8398
8434
8443
8461
8471
8490
8510
8515
8524
8541
8546
8551
8560
8586
8609
8619
8638
8645
8671
8677
8698
8706
8725
8750
8769
8780
8810
8823
8848
8864
8898
8909
8929
8939
8947
8958
8974
8983
8997
9016
9042
9060
9067
9080
9092
9114
9120
9139
9151
9158
9172
9193
9201
9208
9233
9256
9274
9282
9302
9314
9345
9351
9366
9389
9404
9430
9445
9462
9477
9484
9507
9522
9538
9569
9576
9587
9601
9614
9622
9628
9646
9663
9671
9683
9691
9698
9724
9734
9747
9760
9767
9780
9794
9807
9813
9825
9839
9845
9851
9873
9884
9903
9910
9928
9936
9951
9965
9980
9997
10018
10027
10042
10051
10079
10088
10110
10126
10148
10160
10166
10186
10203
10218
10236
10245
10254
10259
10274
10285
10313
10322
10342
10357
10369
10398
10416
10423
10434
10441
10452
10468
10491
10498
10505
10511
10526
10537
10545
10561
10572
10590
10600
10611
10619
10632
10669
10678
10704
10713
10722
10748
10757
10773
10793
10807
10832
10850
10864
10885
10896
10909
10941
10950
10959
10967
10978
10989
10996
11009
11021
11045
11056
11064
11071
11090
11102
11116
11133
11153
11160
11186
11194
11218
11225
11241
11263
11283
11290
11298
11304
11320
11328
11341
11362
11378
11394
11407
11419
11444
11450
11458
11464
11482
11504
11518
11523
11533
11547
11564
11584
11594
11604
11610
11636
11644
11653
11671
11688
11702
11721
11726
11732
11741
11756
11762
11771
11794
11804
11813
11819
11833
11851
11875
11892
11916
11931
11951
11967
11987
11996
12016
12036
12059
12069
12096
12106
12126
12139
12155
12171
12180
12194
12213
12221
12232
12253
12266
12294
12304
12325
12331
12352
12364
12396
12408
12417
12437
12453
12466
12485
12497
12514
12536
12555
12567
12578
12590
12610
12624
12650
12671
12691
12707
12727
12754
12764
12771
12796
12813
12824
12844
12861
12869
12887
12909
12927
12946
12952
12960
12971
12977
12998
13008
13020
13028
13041
13057
13064
13082
13107
13119
13126
13145
13157
13179
13194
13203
13229
13245
13252
13260
13271
13308
13326
13343
13354
13360
13369
13383
13394
13414
13428
13438
13449
13463
13471
13493
13502
13520
13541
13563
13587
13610
13632
13641
13654
13661
13679
13688
13719
13727
13732
13739
13752
13765
13775
13783
13809
13824
13839
13853
13871
13887
13910
13932
13943
13953
13960
13966
13971
13979
13994
14009
14028
14055
14076
14091
14105
14136
14146
14160
14173
14178
14186
14191
14212
14226
14248
14262
14287
14305
14315
14331
14339
14359
14369
14375
14384
14399
14409
14420
14445
14455
14474
14485
14503
14522
14537
14547
14570
14586
14595
14627
14634
14646
14659
14665
14683
14689
14701
14710
14727
14736
14742
14747
14756
14771
14794
14808
14817
14837
14852
14878
14896
14905
14911
14921
14933
14953
14964
14976
14984
15007
15031
15052
15066
15075
15097
15116
15129
15141
15152
15169
15176
15183
15204
15212
15234
15248
15258
15264
15275
15287
15300
15324
15347
15352
15363
15385
15410
15427
15450
15468
15475
15484
15513
15531
15540
15557
15565
15579
15587
15600
15605
15618
15644
15666
15672
15689
15711
15720
15739
15758
15764
15792
15800
15809
15830
15848
15860
15884
15912
15925
15950
15957
15973
15991
16011
16032
16041
16046
16058
16074
16090
16103
16117
16127
16152
16166
16187
16197
16221
16231
16243
16250
16263
16273
16288
16297
16322
16336
16358
16375
16384
16397
16406
16419
16430
16446
16452
16457
16464
16494
16501
16511
16531
16550
16573
16589
16603
16611
16621
16626
16648
16655
16668
16694
16712
16730
16746
16766
16774
16792
16805
16828
16840
16850
16862
16869
16883
16898
16904
16926
16937
16943
16963
16992
17008
17013
17035
17044
17053
17080
17088
17110
17122
17135
17143
17170
17183
17197
17213
17232
17237
17260
17277
17293
17311
17332
17344
17376
17383
17408
17420
17435
17456
17475
17493
17502
17510
17526
17541
17550
17565
17577
17586
17604
17619
17646
17658
17666
17685
17698
17715
17728
17738
17749
17768
17794
17799
17815
17839
17847
17852
17858
17864
17891
17903
17909
17915
17926
17944
17965
17979
17990
17999
18020
18031
18047
18064
18072
18077
18084
18093
18103
18119
18126
18147
18167
18173
18186
18203
18215
18234
18250
18269
18288
18298
18308
18345
18353
18373
18385
18404
18412
18431
18445
18453
18462
18480
18489
18513
18524
18538
18547
18566
18579
18588
18600
18619
18627
18638
18651
18659
18681
18688
18715
18734
18751
18770
18791
18804
18812
18822
18846
18866
18884
18898
18903
18914
18937
18960
18977
18991
19021
19035
19041
19054
19064
19070
19078
19085
19090
19121
19133
19147
19162
19172
19186
19205
19218
19237
19248
19268
19291
19301
19317
19336
19342
19347
19356
19374
19392
19404
19428
19452
19465
19476
19499
19513
19521
19532
19564
19572
19585
19595
19607
19630
19652
19663
19675
19680
19693
19703
19725
19736
19757
19769
19782
19788
19798
19814
19832
19847
19860
19881
19900
19910
19920
19933
19944
19972
19982
20004
20025
20033
20042
20060
20075
20110
20128
20139
20157
20165
20193
20203
20214
20221
20243
20266
20276
20295
20301
20315
20324
20338
20363
20372
20399
20405
20415
20445
20456
20467
20485
20490
20516
20532
20551
20566
20577
20595
20613
20633
20650
20685
20696
20715
20727
20737
20745
20754
20779
20800
20808
20837
20843
20851
20864
20890
20903
20922
20944
20960
20965
20975
20989
20996
21005
21016
21033
21038
21045
21064
21078
21084
21097
21123
21140
21152
21163
21169
21184
21221
21237
21253
21268
21279
21307
21313
21322
21344
21360
21384
21399
21423
21435
21452
21465
21478
21495
21511
21528
21547
21559
21574
21598
21619
21631
21639
21647
21660
21674
21684
21712
21734
21748
21757
21784
21791
21800
21815
21825
21836
21859
21865
21891
21899
21907
21915
21933
21955
21964
21975
21996
22010
22029
22038
22046
22066
22090
22098
22114
22127
22136
22155
22169
22185
22190
22213
22231
22241
22250
22274
22298
22315
22327
22341
22366
22385
22393
22405
22410
22420
22436
22443
22469
22477
22505
22528
22544
22561
22574
22587
22603
22615
22629
22637
22648
22662
22679
22693
22703
22710
22735
22749
22771
22780
22789
22815
22823
22850
22868
22878
22883
22894
22911
22926
22947
22966
22979
22996
23006
23017
23039
23061
23090
23097
23117
23127
23157
23169
23188
23205
23215
23235
23254
23260
23273
23288
23314
23322
23344
23356
23367
23376
23385
23405
23424
23435
23453
23462
23491
23503
23523
23535
23547
23568
23589
23601
23612
23629
23636
23644
23665
23685
23700
23713
23728
23753
23763
23779
23795
23806
23814
23840
23851
23864
23892
23898
23911
23937
23958
23969
23982
24000
24020
24031
24044
24054
24071
24102
24123
24134
24157
24178
24188
24203
24225
24237
24253
24262
24283
24297
24309
24316
24327
24332
24344
24353
24367
24372
24377
24400
24414
24420
24434
24443
24457
24466
24477
24482
24489
24500
24518
24525
24545
24555
24569
24576
24583
24600
24608
24619
24625
24641
24647
24669
24680
24705
24717
24737
24748
24759
24772
24792
24811
24819
24828
24835
24857
24870
24887
24899
24910
24916
24931
24940
24958
24979
24997
25004
25024
25037
25044
25071
25092
25101
25110
25133
25144
25156
25177
25184
25194
25215
25225
25239
25255
25273
25299
25316
25338
25343
25362
25372
25385
25397
25413
25433
25438
25444
25452
25472
25486
25493
25519
25531
25537
25563
25571
25586
25600
25617
25623
25635
25651
25678
25690
25698
25721
25732
25746
25778
25791
25816
25830
25848
25866
25878
25896
25908
25915
25938
25964
25988
25999
26027
26045
26071
26081
26093
26099
26121
26131
26140
26157
26166
26187
26204
26227
26240
26251
26265
26281
26297
26316
26342
26357
26368
26392
26397
26423
26433
26466
26476
26484
26496
26509
26522
26534
26552
26571
26595
26608
26620
26636
26656
26666
26673
26686
26710
26715
26725
26741
26762
26787
26802
26821
26832
26837
26848
26867
26881
26889
26898
26916
26944
26957
26965
26972
26984
27000
27023
27044
27050
27057
27074
27112
27122
27140
27149
27168
27182
27192
27201
27224
27249
27268
27277
27287
27300
27318
27338
27353
27362
27377
27386
27395
27424
27430
27455
27467
27490
27502
27524
27530
27566
27576
27584
27593
27599
27611
27630
27650
27656
27668
27681
27691
27698
27734
27745
27759
27783
27793
27802
27809
27819
27835
27850
27869
27886
27909
27924
27935
27946
27972
27990
28004
28013
28026
28040
28061
28070
28083
28101
28110
28117
28137
28145
28152
28163
28181
28187
28193
28210
28223
28244
28258
28280
28292
28308
28323
28340
28354
28371
28382
28390
28398
28408
28415
28421
28431
28438
28456
28471
28501
28509
28516
28531
28544
28569
28576
28597
28605
28621
28628
28642
28658
28666
28687
28710
28719
28738
28749
28759
28783
28789
28799
28809
28841
28854
28873
28882
28894
28922
28929
28947
28956
28972
28977
28993
29017
29033
29046
29059
29067
29074
29091
29117
29141
29155
29176
29194
29214
29223
29234
29239
29250
29271
29290
29310
29322
29333
29339
29349
29364
29370
29392
29413
29424
29450
29459
29481
29492
29508
29516
29522
29529
29535
29565
29573
29582
29593
29603
29620
29639
29654
29668
29676
29690
29702
29714
29739
29748
29766
29787
29794
29803
29817
29838
29856
29865
29878
29883
29890
29899
29918
29934
29945
29956
29964
29975
29991
30008
30035
30047
30057
30081
30102
30123
30128
30148
30159
30182
30197
30208
30221
30235
30248
30263
30282
30293
30311
30332
30348
30358
30378
30383
30403
30415
30434
30439
30455
30465
30476
30481
30490
30499
30507
30514
30539
30555
30575
30586
30598
30620
30634
30641
30668
30677
30703
30720
30735
30742
30768
30789
30806
30812
30832
30855
30873
30885
30903
30916
30936
30954
30963
30979
30986
30997
31017
31025
31042
31053
31070
31088
31100
31123
31138
31153
31166
31187
31198
31220
31229
31253
31266
31275
31310
31319
31346
31361
31379
31387
31402
31428
31433
31444
31453
31472
31495
31503
31518
31536
31551
31572
31590
31605
31628
31642
31654
31677
31684
31695
31708
31714
31722
31736
31750
31769
31777
31795
31810
31820
31836
31861
31867
31887
31903
31915
31940
31956
31967
31990
32001
32012
32030
32044
32063
32070
32077
32090
32112
32119
32136
32152
32168
32181
32196
32210
32223
32238
32262
32270
32289
32316
32330
32338
32364
32377
32402
32408
32419
32448
32464
32483
32501
32528
32544
32557
32572
32582
32595
32601
32625
32650
32660
32668
32679
32688
32699
32709
32739
32746
32766
32786
32798
32806
32816
32834
32853
32863
32881
32899
32913
32919
32930
32947
32956
32963
32987
33017
33030
33052
33065
33079
33090
33115
33128
33140
33169
33184
33200
33212
33232
33248
33266
33288
33303
33310
33322
33335
33348
33367
33380
33398
33425
33435
33441
33456
33466
33490
33512
33525
33532
33547
33562
33579
33588
33608
33619
33624
33640
33651
33662
33672
33692
33702
33711
33730
33746
33755
33766
33790
33797
33808
33828
33838
33865
33873
33891
33907
33936
33944
33968
33974
33981
33993
34001
34021
34044
34058
34080
34092
34115
34120
34128
34134
34147
34163
34179
34192
34199
34209
34214
34226
34234
34258
34263
34271
34286
34312
34327
34340
34351
34363
34371
34381
34404
34428
34450
34461
34469
34480
34497
34519
34529
34540
34554
34573
34595
34603
34616
34622
34629
34640
34655
34672
34683
34696
34726
34751
34757
34768
34794
34810
34826
34832
34846
34863
34875
34883
34904
34922
34945
34959
34972
34979
34992
35020
35026
35047
35058
35068
35077
35090
35105
35124
35141
35156
35169
35186
35200
35213
35223
35246
35261
35276
35292
35308
35326
35335
35350
35373
35396
35410
35436
35443
35460
35482
35488
35505
35524
35542
35559
35571
35587
35611
35620
35641
35675
35685
35699
35711
35721
35735
35751
35769
35781
35808
35822
35841
35860
35870
35877
35903
35922
35948
35955
35961
35977
35988
36004
36011
36022
36036
36055
36066
36075
36090
36106
36131
36145
36154
36160
36171
36179
36185
36192
36200
36216
36235
36255
36271
36286
36305
36334
36346
36358
36365
36376
36405
36414
36421
36435
36446
36466
36493
36524
36536
36559
36578
36583
36613
36624
36639
36645
36668
36675
36680
36704
36718
36729
36757
36775
36790
36799
36816
36831
36843
36857
36868
36880
36900
36910
36932
36944
36955
36978
36985
37005
37011
37017
37031
37039
37054
37060
37072
37098
37119
37141
37165
37188
37203
37210
37223
37246
37266
37280
37289
37304
37312
37329
37344
37365
37375
37395
37403
37439
37447
37453
37461
37469
37483
37491
37505
37523
37530
37537
37550
37560
37572
37579
37595
37607
37619
37630
37647
37657
37673
37679
37695
37700
37705
37718
37731
37737
37745
37752
37780
37803
37810
37819
37840
37847
37858
37877
37896
37907
37918
37925
37934
37976
37985
37996
38003
38016
38023
38031
38054
38061
38084
38103
38123
38143
38156
38177
38183
38189
38207
38240
38249
38269
38284
38290
38312
38329
38341
38355
38364
38390
38408
38417
38428
38435
38453
38471
38494
38506
38512
38525
38538
38565
38573
38588
38608
38618
38632
38658
38670
38689
38695
38706
38723
38732
38743
38763
38789
38809
38830
38842
38874
38884
38907
38919
38935
38956
38972
38989
39004
39010
39041
39065
39079
39108
39125
39142
39154
39171
39186
39198
39206
39230
39258
39271
39287
39294
39305
39317
39326
39335
39360
39366
39378
39387
39411
39426
39449
39462
39468
39493
39509
39518
39529
39539
39555
39572
39606
39614
39639
39645
39652
39667
39686
39702
39729
39743
39767
39775
39791
39806
39830
39845
39851
39871
39881
39897
39912
39932
39937
39942
39965
39975
39997
40013
40023
40030
40049
40055
40060
40086
40095
40116
40128
40135
40146
40175
40192
40207
40227
40234
40262
40270
40282
40298
40308
40318
40336
40341
40348
40357
40375
40384
40401
40410
40415
40429
40446
40461
40469
40490
40509
40517
40532
40549
40559
40570
40603
40614
40628
40634
40641
40649
40660
40680
40685
40693
40702
40721
40732
40757
40772
40791
40806
40820
40836
40853
40861
40871
40877
40902
40918
40932
40942
40949
40957
40964
40978
40994
41018
41051
41062
41077
41100
41112
41120
41130
41138
41153
41173
41195
41211
41219
41227
41233
41239
41257
41273
41283
41303
41315
41324
41329
41337
41352
41359
41374
41388
41396
41412
41422
41434
41452
41469
41480
41504
41513
41533
41544
41559
41574
41585
41597
41611
41626
41638
41644
41658
41685
41693
41713
41723
41731
41741
41751
41759
41768
41779
41800
41806
41822
41844
41863
41882
41907
41933
41939
41949
41972
41980
41988
42003
42012
42021
42044
42053
42078
42100
42124
42130
42138
42152
42158
42183
42191
42197
42211
42223
42251
42256
42270
42286
42319
42338
42347
42360
42367
42377
42394
42424
42443
42452
42466
42495
42508
42527
42543
42559
42572
42579
42594
42618
42634
42645
42661
42669
42690
42707
42717
42725
42750
42757
42783
42807
42813
42836
42853
42858
42873
42880
42892
42913
42927
42935
42959
42983
42991
43010
43019
43032
43048
43064
43085
43100
43105
43117
43126
43133
43155
43169
43179
43191
43211
43229
43237
43256
43261
43275
43286
43293
43301
43308
43326
43338
43350
43357
43379
43384
43402
43407
43418
43442
43453
43468
43478
43485
43509
43530
43554
43566
43575
43585
43597
43614
43630
43660
43665
43673
43699
43704
43714
43738
43744
43758
43772
43783
43788
43810
43830
43852
43864
43886
43899
43910
43932
43954
43962
43969
44001
44017
44033
44048
44059
44082
44094
44104
44111
44121
44137
44148
44179
44214
44220
44234
44250
44260
44281
44297
44322
44329
44345
44376
44387
44405
44421
44431
44440
44464
44478
44491
44512
44534
44540
44549
44572
44585
44598
44622
44633
44641
44662
44687
44697
44711
44722
44727
44749
44755
44780
44786
44791
44809
44831
44849
44858
44876
44901
44907
44923
44950
44960
44991
45014
45032
45038
45062
45073
45100
45116
45128
45144
45153
45163
45187
45197
45205
45217
45236
45246
45265
45288
45295
45323
45337
45345
45362
45378
45385
45392
45403
45422
45451
45458
45467
45477
45501
45518
45523
45531
45544
45550
45580
45590
45608
45617
45624
45645
45661
45679
45686
45710
45723
45730
45740
45759
45793
45808
45817
45824
45832
45846
45866
45890
45907
45919
45955
45971
45987
45998
46017
46030
46048
46070
46096
46102
46114
46127
46144
46157
46162
46169
46175
46199
46214
46242
46252
46273
46286
46298
46324
46332
46340
46378
46385
46403
46412
46422
46452
46469
46482
46496
46516
46525
46538
46569
46582
46588
46601
46628
46644
46654
46668
46679
46697
46708
46717
46725
46737
46743
46759
46779
46786
46808
46820
46838
46846
46858
46876
46886
46891
46926
46945
46962
46976
47003
47023
47034
47047
47061
47086
47104
47112
47126
47145
47168
47190
47201
47209
47222
47243
47260
47270
47290
47302
47332
47346
47357
47377
47391
47413
47437
47470
47486
47514
47532
47542
47573
47583
47594
47609
47618
47627
47632
47671
47686
47700
47719
47733
47760
47770
47789
47814
47832
47841
47854
47873
47885
47909
47922
47935
47952
47964
47977
47985
48003
48018
48032
48049
48065
48082
48092
48105
48119
48129
48138
48164
48174
48191
48208
48226
48234
48249
48274
48285
48304
48315
48331
48358
48368
48381
48394
48421
48433
48446
48465
48476
48497
48516
48524
48542
48549
48567
48583
48593
48608
48617
48640
48646
48660
48691
48706
48720
48734
48744
48767
48793
48802
48815
48829
48853
48882
48906
48919
48932
48944
48963
48968
48975
48992
49006
49037
49042
49048
49068
49076
49084
49090
49101
49134
49148
49158
49168
49191
49211
49231
49239
49257
49267
49286
49304
49335
49353
49359
49364
49384
49389
49395
49416
49435
49450
49465
49481
49503
49526
49539
49545
49558
49573
49590
49602
49624
49631
49644
49652
49673
49680
49692
49701
49729
49746
49765
49785
49810
49823
49835
49842
49853
49867
49883
49900
49919
49944
49965
49985
50003
50017
50028
50036
50051
50062
50076
50094
50108
50129
50145
50156
50168
50180
50199
50207
50225
50231
50236
50262
50271
50283
50292
50297
50304
50309
50328
50341
50351
50364
50375
50392
50399
50423
50431
50446
50465
50477
50489
50501
50526
50534
50539
50545
50561
50582
50594
50616
50639
50654
50672
50688
50705
50715
50730
50741
50750
50784
50789
50804
50821
50827
50843
50855
50878
50886
50902
50923
50941
50952
50974
50989
50996
51005
51026
51039
51045
51062
51075
51095
51110
51128
51137
51157
51179
51196
51216
51232
51246
51258
51279
51295
51309
51326
51340
51357
51367
51386
51410
51422
51431
51459
51480
51494
51499
51509
51526
51533
51559
51566
51587
51612
51632
51652
51665
51677
51689
51697
51703
51713
51735
51758
51765
51772
51793
51815
51825
51843
51854
51862
51878
51892
51906
51913
51932
51941
51964
