Primero viene la cantidad (n) de timestamps para ambos, luego n líneas que son un timestamp aproximado cada uno separado por una coma (',') del error, y luego n lineas de las transacciones del sospechoso
4005
7,6
18,1
29,6
40,0
47,2
63,9
77,0
86,5
101,5
117,7
133,4
149,8
170,9
184,1
191,1
201,4
218,9
237,5
257,10
274,2
285,4
299,5
319,10
341,7
360,8
379,6
396,6
413,7
432,7
444,0
456,8
475,6
493,7
509,4
525,7
541,4
559,9
574,1
588,8
605,4
619,5
630,2
641,4
656,6
674,7
693,8
707,1
718,6
731,3
748,10
763,1
774,6
787,2
794,0
803,4
815,3
825,2
837,5
849,2
863,8
882,6
893,0
906,8
924,6
941,6
956,5
975,9
992,4
1002,2
1013,5
1031,8
1048,5
1065,7
1077,0
1083,1
1091,2
1105,7
1124,7
1142,6
1160,8
1175,2
1187,5
1202,5
1215,3
1223,1
1234,6
1253,8
1273,7
1285,1
1295,4
1310,7
1330,8
1344,1
1358,8
1374,4
1391,9
1408,4
1417,0
1423,2
1430,1
1439,3
1448,1
1462,9
1484,8
1498,2
1510,5
1520,0
1532,8
1554,9
1570,3
1586,8
1609,10
1631,8
1645,1
1660,10
1681,6
1697,5
1708,1
1719,5
1730,1
1741,6
1752,1
1759,1
1770,6
1782,2
1792,3
1801,1
1810,3
1825,7
1845,9
1862,3
1875,6
1886,1
1896,4
1910,6
1928,8
1943,2
1960,10
1980,5
1996,7
2015,8
2029,1
2038,4
2056,10
2074,4
2092,10
2112,5
2130,9
2151,8
2171,8
2191,8
2212,9
2234,8
2251,5
2271,10
2290,4
2307,9
2329,9
2352,9
2367,2
2374,1
2381,2
2389,2
2398,2
2409,5
2428,10
2448,5
2465,8
2479,2
2492,7
2510,7
2532,10
2551,5
2565,4
2580,7
2602,10
2626,9
2649,10
2665,1
2674,3
2687,5
2706,9
2729,9
2750,8
2769,7
2783,3
2800,9
2818,5
2837,9
2856,5
2866,1
2881,9
2904,9
2919,1
2925,0
2936,7
2950,2
2962,6
2981,8
2996,2
3005,2
3019,8
3040,8
3058,6
3078,10
3093,1
3100,2
3112,6
3126,4
3141,6
3154,3
3171,9
3193,9
3211,4
3228,8
3250,10
3274,9
3288,1
3295,1
3308,7
3330,10
3346,2
3357,4
3375,9
3394,5
3411,8
3434,10
3454,6
3472,8
3491,6
3512,10
3531,4
3545,6
3557,2
3567,3
3580,5
3592,2
3606,7
3624,7
3638,2
3652,8
3668,3
3684,8
3702,6
3721,8
3743,10
3761,3
3770,1
3785,10
3807,8
3826,6
3840,4
3853,4
3868,7
3881,2
3889,2
3904,8
3918,1
3924,0
3934,5
3944,0
3950,1
3962,7
3978,5
3994,7
4015,10
4034,5
4048,5
4061,3
4075,6
4089,3
4098,2
4113,9
4131,4
4141,2
4152,5
4172,10
4187,1
4202,10
4222,5
4241,10
4257,1
4265,2
4278,7
4297,8
4319,9
4336,3
4344,1
4353,4
4367,6
4386,8
4399,0
4410,6
4429,9
4446,3
4458,4
4475,9
4499,10
4516,3
4524,0
4536,8
4558,10
4580,8
4596,4
4615,10
4638,9
4657,6
4678,10
4693,1
4707,8
4723,4
4740,8
4763,10
4786,9
4803,3
4818,8
4835,5
4848,4
4862,6
4881,8
4900,7
4921,9
4945,10
4962,2
4970,1
4981,5
4999,8
5018,7
5033,4
5047,5
5060,3
5078,10
5098,6
5113,5
5129,7
5147,6
5166,8
5184,5
5202,9
5223,7
5242,7
5254,0
5264,5
5280,7
5298,6
5319,10
5343,10
5366,9
5383,4
5396,4
5410,5
5426,7
5444,7
5464,9
5482,4
5499,8
5518,6
5539,10
5558,5
5569,2
5577,2
5591,7
5605,3
5622,10
5645,9
5667,9
5687,7
5704,6
5715,1
5727,7
5749,10
5769,6
5782,3
5793,4
5808,7
5823,4
5837,6
5853,6
5865,1
5880,10
5904,9
5921,3
5937,8
5957,8
5975,5
5987,2
5998,5
6016,8
6036,8
6052,3
6069,10
6091,7
6112,9
6133,8
6152,6
6171,9
6189,5
6207,9
6221,1
6237,10
6253,1
6259,0
6270,6
6288,8
6304,4
6316,4
6332,7
6350,6
6367,6
6383,5
6397,5
6414,7
6428,2
6435,1
6450,10
6473,8
6494,9
6508,1
6516,2
6532,9
6546,1
6558,6
6576,7
6589,2
6599,3
6616,10
6636,5
6652,7
6670,7
6689,7
6706,6
6726,10
6748,8
6770,10
6788,4
6806,10
6830,9
6845,1
6855,4
6864,1
6879,9
6895,3
6910,8
6929,7
6941,0
6950,4
6961,3
6975,7
6987,0
6999,8
7013,2
7030,10
7053,9
7069,3
7085,8
7102,5
7119,7
7140,9
7158,4
7167,1
7179,6
7193,3
7210,10
7228,4
7244,8
7266,10
7282,1
7294,7
7306,0
7321,10
7339,3
7347,0
7356,5
7366,0
7376,6
7391,5
7401,1
7409,2
7416,0
7426,6
7443,7
7464,9
7482,5
7501,10
7518,2
7534,10
7557,8
7572,3
7584,5
7600,7
7620,8
7639,7
7656,6
7669,2
7686,10
7709,8
7726,4
7742,7
7754,0
7766,7
7783,5
7798,6
7809,1
7817,2
7824,0
7832,4
7848,7
7867,7
7884,6
7899,4
7908,1
7915,2
7923,2
7939,10
7960,7
7973,1
7984,5
8003,9
8022,6
8034,2
8043,3
8059,8
8078,7
8091,1
8102,6
8115,3
8124,1
8136,7
8153,5
8169,6
8182,3
8196,7
8215,7
8228,1
8239,6
8250,1
8257,2
8274,10
8293,4
8310,8
8328,5
8342,4
8358,7
8379,9
8403,10
8421,3
8435,7
8455,8
8471,4
8485,6
8502,7
8523,10
8543,5
8554,1
8564,5
8579,6
8592,2
8599,1
8608,3
8626,10
8651,10
8672,6
8692,10
8713,6
8732,8
8751,6
8768,6
8781,2
8788,1
8800,7
8815,3
8830,7
8846,5
8862,6
8873,0
8883,6
8899,5
8918,9
8932,0
8938,2
8950,5
8960,0
8967,3
8975,1
8983,2
8990,1
8998,3
9014,9
9037,10
9061,9
9080,6
9096,5
9116,10
9131,0
9139,4
9150,3
9163,6
9179,5
9199,10
9219,5
9236,7
9255,8
9269,1
9277,3
9285,1
9292,1
9303,6
9321,8
9343,10
9362,5
9380,8
9393,1
9406,7
9424,7
9442,6
9454,2
9470,10
9490,6
9501,0
9515,10
9540,10
9560,5
9572,2
9582,4
9597,7
9617,8
9631,1
9647,10
9664,2
9671,0
9677,1
9691,8
9706,3
9719,6
9736,7
9748,1
9762,9
9781,6
9794,3
9804,2
9817,7
9836,8
9851,2
9859,2
9874,9
9895,8
9916,9
9932,2
9949,10
9971,8
9984,1
9994,4
10003,1
10014,5
10028,5
10046,8
10068,9
10091,9
10111,7
10130,8
10145,3
10161,9
10182,7
10196,3
10211,7
10223,1
10238,9
10260,8
10282,9
10304,8
10324,8
10344,8
10359,3
10368,2
10385,10
10402,2
10416,8
10436,7
10448,1
10462,9
10479,3
10495,9
10510,2
10524,7
10539,4
10551,4
10564,4
10582,9
10604,8
10622,6
10636,3
10645,1
10659,8
10681,9
10702,7
10715,2
10729,7
10748,7
10770,10
10790,6
10803,3
10814,3
10830,8
10851,9
10873,9
10895,8
10918,10
10940,7
10958,6
10976,7
10992,4
11010,9
11028,4
11039,3
11047,1
11053,1
11060,1
11073,8
11087,2
11099,6
11111,2
11126,9
11140,0
11155,10
11176,6
11187,1
11195,3
11207,5
11218,2
11231,6
11251,9
11267,2
11274,0
11287,9
11308,7
11328,9
11346,4
11359,4
11372,4
11389,9
11409,7
11431,10
11450,5
11467,7
11481,3
11492,3
11503,3
11520,10
11539,4
11550,2
11558,2
11574,10
11589,1
11596,2
11606,3
11615,1
11627,6
11643,5
11654,2
11662,1
11675,8
11694,7
11711,6
11723,1
11735,7
11753,6
11768,5
11781,3
11792,3
11806,7
11825,8
11841,4
11858,8
11880,9
11896,3
11905,1
11917,6
11928,1
11937,3
11954,9
11975,7
11994,8
12009,2
12017,2
12030,7
12043,2
12057,8
12075,6
12095,9
12114,6
12129,4
12147,9
12163,3
12173,2
12184,5
12197,3
12215,10
12230,0
12236,1
12249,8
12269,8
12287,6
12301,4
12312,3
12324,5
12338,4
12352,6
12363,1
12377,8
12395,6
12410,4
12427,8
12448,9
12471,9
12486,1
12494,2
12509,8
12522,1
12533,6
12550,7
12572,10
12597,10
12616,5
12632,6
12653,10
12677,10
12699,8
12713,1
12724,5
12737,4
12747,1
12757,5
12767,1
12779,7
12793,3
12806,6
12822,5
12836,4
12851,7
12867,5
12879,3
12892,5
12910,9
12924,0
12933,4
12942,0
12952,6
12967,4
12978,3
12996,10
13016,5
13035,10
13055,6
13072,7
13094,10
13110,2
13125,8
13144,6
13157,2
13170,6
13184,3
13192,1
13206,9
13227,8
13249,9
13265,3
13280,7
13295,3
13311,8
13328,4
13340,3
13349,1
13362,7
13384,10
13406,8
13426,8
13441,3
13459,10
13477,3
13491,7
13507,5
13517,0
13528,7
13544,5
13558,5
13569,1
13577,3
13593,9
13613,6
13633,10
13650,3
13659,2
13670,4
13686,7
13701,3
13709,1
13722,8
13741,6
13754,3
13771,10
13795,9
13809,1
13815,1
13828,7
13841,1
13849,3
13864,8
13883,7
13899,4
13911,4
13928,8
13947,7
13963,4
13974,2
13987,7
14007,9
14022,2
14036,8
14055,6
14068,3
14084,9
14103,5
14123,10
14139,1
14152,7
14165,2
14179,8
14202,10
14224,8
14245,8
14262,5
14273,2
14290,10
14305,1
14313,3
14326,5
14339,3
14356,9
14375,6
14393,8
14410,5
14426,7
14445,8
14463,6
14479,6
14495,6
14510,4
14525,6
14537,2
14551,7
14563,0
14572,4
14586,6
14602,6
14620,8
14640,8
14655,3
14663,0
14668,1
14678,5
14693,5
14707,5
14718,1
14730,7
14751,9
14773,8
14789,4
14808,10
14828,6
14843,5
14856,3
14868,5
14883,6
14900,6
14921,10
14944,9
14966,9
14985,5
15000,6
15020,10
15040,6
15056,6
15071,4
15087,7
15103,5
15117,5
15129,2
15140,4
15159,10
15176,3
15189,5
15203,5
15214,1
15222,2
15231,3
15245,7
15259,3
15276,10
15294,4
15303,0
15315,8
15335,8
15355,8
15372,5
15386,5
15402,6
15414,2
15426,5
15440,5
15454,5
15471,8
15485,1
15493,3
15503,3
15520,10
15535,1
15551,10
15575,10
15591,1
15603,6
15614,0
15624,6
15640,5
15655,6
15669,3
15679,3
15691,5
15702,1
15716,9
15735,5
15748,3
15766,10
15782,2
15795,7
15815,9
15835,7
15847,1
15862,10
15881,5
15898,7
15920,10
15935,0
15940,1
15952,6
15966,4
15980,5
15999,10
16019,5
16030,2
16037,1
16049,6
16067,8
16089,10
16109,6
16127,8
16147,7
16161,2
16175,8
16192,5
16208,6
16219,0
16225,1
16237,6
16255,8
16276,9
16294,4
16310,7
16326,5
16340,5
16359,10
16379,6
16400,10
16421,7
16434,2
16451,10
16470,4
16484,5
16498,5
16511,3
16524,6
16535,1
16547,6
16567,10
16588,7
16603,3
16612,2
16620,2
16629,2
16646,10
16663,2
16671,1
16686,10
16702,2
16716,8
16729,1
16736,2
16746,4
16757,2
16764,0
16774,6
16794,10
16816,7
16835,7
16850,4
16859,1
16873,9
16892,5
16910,9
16924,1
16931,2
16944,6
16965,10
16984,4
16999,6
17017,7
17030,1
17039,3
17056,9
17072,2
17088,9
17103,1
17109,0
17124,10
17140,1
17152,6
17172,10
17191,4
17204,5
17217,4
17227,2
17239,5
17253,5
17266,4
17280,6
17293,3
17309,8
17329,7
17343,2
17355,6
17368,2
17376,2
17385,2
17396,5
17406,0
17420,9
17443,10
17461,3
17469,1
17478,3
17490,4
17506,7
17518,0
17531,9
17549,5
17559,0
17571,7
17584,1
17597,8
17620,10
17639,4
17656,8
17679,10
17703,9
17725,8
17738,0
17744,1
17751,2
17759,2
17770,4
17786,8
17799,1
17807,2
17815,2
17829,7
17846,5
17858,3
17866,0
17873,3
17890,9
17905,2
17916,5
17933,7
17949,4
17967,9
17990,9
18008,4
18025,9
18044,6
18057,3
18071,7
18090,8
18107,4
18124,9
18145,7
18164,7
18178,3
18188,3
18196,0
18203,3
18220,10
18241,7
18257,4
18276,10
18295,4
18310,7
18328,6
18347,9
18365,5
18380,6
18393,3
18406,5
18426,10
18446,5
18466,10
18488,7
18503,4
18520,9
18535,2
18549,8
18566,4
18583,9
18606,9
18623,3
18638,8
18660,9
18674,1
18681,2
18696,8
18715,6
18728,3
18743,8
18764,8
18779,3
18791,4
18809,9
18832,10
18852,5
18868,6
18881,3
18898,9
18914,3
18926,5
18944,9
18967,10
18988,7
19009,9
19031,9
19053,8
19066,0
19081,10
19101,6
19117,5
19130,3
19143,6
19159,5
19172,3
19187,7
19207,9
19230,10
19250,5
19260,0
19267,3
19282,7
19301,7
19316,4
19328,4
19342,5
19360,8
19381,8
19400,6
19415,5
19430,5
19443,4
19452,1
19462,4
19476,6
19488,2
19499,5
19512,3
19524,5
19536,3
19547,4
19557,1
19564,1
19578,8
19593,2
19607,7
19627,9
19647,6
19665,7
19682,5
19699,8
19719,8
19733,1
19743,4
19760,8
19781,8
19799,5
19809,1
19824,9
19839,1
19848,3
19857,2
19865,2
19875,3
19892,9
19915,10
19932,2
19942,4
19952,1
19968,10
19991,8
20009,5
20020,2
20035,9
20051,2
20062,4
20071,0
20079,4
20097,9
20118,8
20135,5
20155,10
20179,10
20200,6
20219,8
20232,0
20237,0
20249,7
20266,6
20283,6
20296,3
20309,5
20327,9
20343,2
20358,9
20375,4
20386,2
20398,5
20411,4
20424,4
20433,0
20447,10
20471,9
20488,3
20498,3
20512,6
20524,1
20533,4
20551,9
20572,8
20585,1
20599,8
20612,0
20621,4
20638,9
20654,3
20666,4
20684,9
20705,8
20721,4
20738,9
20754,2
20766,6
20786,10
20801,0
20813,8
20826,1
20840,9
20856,2
20873,10
20890,2
20898,2
20905,0
20911,1
20922,6
20938,5
20953,6
20967,3
20975,1
20986,5
21005,10
21028,9
21049,7
21061,0
21068,3
21078,3
21086,0
21098,7
21120,10
21145,10
21169,9
21193,10
21215,7
21234,7
21246,1
21257,5
21276,10
21297,6
21314,6
21329,4
21345,8
21358,0
21365,2
21372,0
21385,8
21408,10
21425,3
21436,3
21453,10
21475,8
21493,5
21503,0
21511,3
21521,2
21528,0
21541,9
21564,10
21587,8
21608,8
21631,10
21651,6
21668,7
21687,8
21707,7
21728,10
21746,3
21755,1
21761,0
21767,1
21773,1
21783,5
21794,1
21809,10
21828,4
21838,1
21844,1
21859,9
21875,3
21884,2
21899,9
21917,4
21927,1
21936,4
21954,9
21977,9
21998,7
22012,2
22020,2
22028,1
22043,10
22059,2
22073,7
22088,3
22103,7
22123,9
22142,6
22160,8
22173,1
22187,8
22201,1
22211,5
22227,6
22239,1
22247,3
22263,8
22278,3
22289,4
22299,1
22305,0
22311,1
22325,8
22346,9
22366,7
22380,3
22395,8
22414,7
22433,7
22445,0
22452,3
22465,5
22478,3
22496,10
22515,4
22533,10
22557,9
22575,4
22585,1
22595,4
22604,0
22611,2
22626,9
22641,2
22656,8
22676,7
22691,4
22701,2
22712,5
22731,10
22755,9
22769,1
22784,10
22800,1
22807,1
22815,3
22825,2
22836,5
22855,10
22870,0
22878,4
22895,8
22917,10
22938,7
22952,3
22964,5
22980,7
22998,7
23015,5
23034,10
23058,9
23072,1
23079,1
23087,2
23102,8
23117,3
23134,10
23152,3
23169,10
23192,9
23207,1
23220,8
23242,10
23264,8
23287,10
23305,4
23319,5
23330,2
23340,3
23358,10
23378,5
23392,5
23406,4
23417,3
23430,5
23441,1
23452,6
23464,1
23478,8
23497,6
23518,10
23534,1
23542,2
23550,2
23563,7
23580,5
23600,10
23616,2
23629,6
23643,4
23661,9
23681,7
23697,5
23710,3
23722,5
23732,0
23740,3
23752,5
23764,3
23773,1
23787,8
23808,8
23823,2
23832,2
23848,9
23867,6
23885,7
23898,1
23913,9
23928,2
23938,3
23948,3
23966,10
23985,5
23998,3
24014,8
24031,5
24044,4
24054,2
24062,1
24072,4
24081,1
24095,9
24110,1
24119,3
24136,9
24150,1
24160,4
24171,2
24178,0
24184,2
24191,0
24203,7
24216,1
24231,9
24246,2
24255,3
24265,2
24281,10
24296,0
24310,9
24333,10
24349,1
24365,10
24389,9
24412,9
24432,6
24443,1
24454,6
24466,1
24476,4
24485,1
24496,6
24507,1
24518,5
24535,8
24548,1
24557,3
24570,5
24583,4
24596,5
24614,9
24636,8
24651,2
24660,2
24672,6
24684,2
24694,3
24707,6
24720,2
24731,5
24742,1
24753,5
24767,5
24779,2
24788,3
24797,2
24813,9
24834,7
24852,7
24872,8
24894,9
24909,1
24923,9
24946,10
24964,4
24974,1
24986,6
24999,2
25007,1
25021,8
25034,0
25042,3
25056,7
25073,6
25089,6
25103,4
25117,5
25136,10
25158,8
25173,2
25187,8
25205,5
25218,3
25228,2
25242,7
25258,4
25271,4
25284,5
25297,4
25311,6
25324,3
25336,5
25351,5
25370,10
25386,1
25395,3
25405,3
25418,5
25432,4
25448,8
25467,7
25481,3
25498,9
25521,10
25543,7
25561,7
25577,4
25594,8
25609,3
25626,9
25647,7
25662,3
25680,10
25701,7
25719,7
25732,2
25744,6
25755,0
25769,9
25784,2
25798,8
25816,5
25829,4
25839,2
25852,7
25866,3
25878,4
25895,8
25918,10
25936,4
25949,4
25960,2
25971,5
25985,5
26003,9
26027,10
26048,7
26061,2
26070,3
26086,8
26100,1
26107,1
26117,4
26128,3
26136,0
26148,7
26160,1
26169,4
26181,4
26200,10
26217,3
26232,8
26246,2
26255,3
26272,10
26291,4
26308,9
26327,5
26343,7
26361,6
26373,2
26384,4
26400,8
26415,3
26428,5
26446,9
26467,7
26485,6
26505,9
26528,9
26548,6
26563,4
26577,5
26589,2
26597,1
26610,8
26627,5
26642,5
26654,3
26666,4
26683,9
26705,8
26727,10
26751,9
26772,7
26790,6
26806,5
26819,4
26828,0
26835,3
26843,1
26857,9
26873,2
26887,8
26905,5
26916,2
26932,10
26953,7
26969,5
26982,4
26999,8
27018,7
27032,3
27048,9
27065,3
27080,7
27096,5
27112,6
27124,1
27130,1
27136,0
27151,10
27170,5
27183,3
27199,9
27214,1
27225,5
27240,5
27254,4
27265,3
27279,7
27297,7
27316,7
27337,9
27360,9
27382,8
27396,1
27403,1
27414,6
27434,10
27456,8
27471,3
27486,8
27507,9
27531,10
27556,10
27578,8
27591,0
27598,3
27609,3
27626,10
27646,6
27661,5
27680,9
27699,6
27711,1
27720,4
27737,8
27751,1
27760,4
27778,9
27795,4
27812,8
27834,9
27857,9
27879,9
27896,4
27912,7
27933,9
27956,10
27975,5
27985,0
27996,7
28008,1
28014,0
28026,7
28047,10
28063,1
28071,2
28079,2
28093,7
28105,0
28115,6
28129,4
28142,5
28161,9
28175,1
28187,6
28198,0
28205,3
28222,10
28239,3
28251,5
28266,5
28279,3
28287,0
28302,10
28317,0
28327,5
28337,0
28343,2
28351,1
28365,9
28382,3
28394,5
28411,7
28424,1
28434,4
28451,8
28468,5
28487,9
28504,4
28520,8
28542,10
28565,9
28583,5
28595,2
28604,3
28617,5
28635,8
28655,7
28675,8
28693,6
28711,7
28728,5
28748,10
28767,4
28778,3
28789,3
28799,3
28807,1
28818,5
28835,7
28855,8
28872,4
28889,9
28906,4
28917,3
28925,1
28931,0
28936,0
28948,7
28966,6
28986,10
29004,4
29022,9
29042,7
29063,10
29083,5
29102,10
29125,8
29142,4
29160,10
29178,4
29195,8
29209,1
29224,10
29248,9
29267,6
29279,2
29296,10
29314,3
29330,9
29353,9
29367,0
29377,5
29396,10
29412,1
29419,2
29434,8
29451,5
29470,9
29490,7
29504,2
29512,2
29527,9
29551,10
29575,9
29593,5
29611,8
29632,8
29651,6
29669,8
29690,9
29713,10
29735,8
29755,8
29776,9
29795,5
29811,7
29830,7
29842,1
29853,5
29864,1
29873,4
29887,5
29902,6
29914,2
29927,7
29942,3
29953,3
29961,1
29974,7
29987,2
30004,10
30027,8
30046,6
30065,8
30079,1
30091,7
30112,10
30129,2
30146,10
30166,5
30178,3
30191,6
30211,10
30229,4
30239,1
30245,1
30254,3
30266,5
30281,6
30300,9
30322,8
30336,2
30353,10
30375,8
30391,3
30399,1
30405,1
30420,10
30443,8
30459,4
30469,2
30476,1
30484,2
30491,0
30499,4
30515,7
30535,8
30552,5
30569,7
30581,1
30591,4
30601,2
30612,4
30624,4
30637,4
30649,4
30668,10
30692,10
30708,1
30718,5
30737,9
30754,3
30767,5
30786,9
30809,10
30825,1
30840,10
30858,3
30872,7
30884,0
30898,10
30920,7
30941,9
30956,2
30967,4
30978,3
30995,9
31013,4
31028,7
31045,5
31058,4
31073,7
31094,10
31114,5
31129,5
31139,0
31149,6
31167,8
31184,4
31202,9
31216,1
31222,0
31235,9
31259,10
31276,2
31285,3
31300,8
31321,9
31342,8
31355,0
31360,0
31365,1
31380,9
31401,8
31422,9
31442,7
31460,6
31476,5
31495,10
31511,1
31517,1
31530,8
31552,10
31575,8
31589,1
31603,8
31617,2
31627,3
31638,4
31656,9
31675,5
31688,4
31706,9
31728,8
31748,8
31761,0
31769,4
31785,8
31799,2
31810,5
31829,9
31845,2
31861,9
31882,7
31900,7
31915,4
31932,8
31945,1
31958,8
31978,8
32000,10
32023,9
32040,3
32052,4
32068,7
32080,0
32092,8
32113,9
32131,5
32143,2
32156,6
32174,7
32189,3
32204,7
32222,6
32238,6
32251,3
32264,6
32279,5
32294,6
32312,8
32331,6
32342,1
32355,7
32373,7
32394,9
32410,3
32420,3
32434,6
32452,8
32467,3
32482,7
32499,5
32513,5
32524,2
32535,4
32550,7
32568,7
32580,0
32587,3
32601,6
32621,9
32638,3
32646,0
32653,3
32663,2
32672,3
32687,8
32700,1
32715,9
32738,10
32756,3
32769,6
32788,8
32808,7
32827,8
32849,10
32868,5
32881,4
32899,10
32923,10
32939,1
32954,9
32971,3
32987,8
33009,9
33032,10
33049,3
33057,1
33067,4
33085,10
33109,9
33126,3
33140,6
33153,2
33170,10
33192,7
33211,7
33233,10
33249,1
33260,6
33279,9
33295,3
33307,4
33317,1
33330,7
33350,8
33370,7
33386,5
33398,3
33414,8
33436,9
33453,3
33465,5
33484,9
33503,5
33519,6
33539,9
33560,7
33572,1
33587,10
33610,8
33627,4
33639,4
33657,9
33677,6
33696,9
33718,9
33740,9
33757,3
33765,1
33778,7
33790,0
33799,5
33819,10
33843,9
33864,7
33881,6
33900,8
33914,2
33926,6
33938,1
33948,4
33966,10
33989,9
34004,2
34014,4
34031,9
34051,7
34065,2
34078,6
34099,10
34122,8
34135,1
34148,8
34163,3
34176,6
34196,10
34215,5
34230,6
34242,1
34255,7
34276,10
34296,5
34313,7
34326,1
34339,8
34355,4
34373,10
34392,5
34409,8
34428,6
34444,6
34457,2
34464,1
34472,2
34484,6
34504,9
34519,1
34532,7
34553,10
34577,9
34600,9
34621,7
34633,0
34642,5
34653,1
34660,2
34670,4
34687,9
34705,4
34715,2
34727,5
34743,6
34756,3
34768,5
34784,7
34803,8
34825,9
34844,5
34858,5
34873,6
34891,7
34910,7
34923,2
34937,7
34954,5
34964,1
34974,4
34987,4
34999,3
35010,4
35024,6
35037,2
35044,1
35051,1
35064,7
35078,3
35089,3
35104,7
35119,3
35131,4
35145,6
35157,1
35164,2
35177,7
35192,3
35205,5
35219,5
35234,6
35246,1
35258,6
35276,8
35289,1
35297,3
35306,1
35312,0
35318,1
35324,1
35333,4
35351,9
35368,4
35385,9
35402,4
35411,1
35418,1
35428,5
35438,1
35444,0
35449,1
35455,1
35466,6
35486,9
35500,0
35508,3
35523,8
35540,5
35557,7
35574,6
35591,7
35603,1
35614,5
35631,8
35646,2
35657,4
35667,1
35682,10
35697,1
35703,1
35716,7
35734,6
35746,2
35755,2
35766,5
35783,7
35803,8
35817,2
35833,10
35848,0
35860,7
35876,5
35895,10
35920,10
35944,9
35966,8
35985,7
36004,8
36021,4
36030,0
36038,3
36051,6
36068,6
36081,3
36096,8
36117,9
36135,4
36147,3
36165,10
36182,3
36197,7
36217,8
36231,2
36247,10
36271,10
36296,10
36318,7
36330,0
36337,2
36345,1
36360,10
36381,6
36397,5
36411,5
36429,9
36447,5
36462,5
36482,10
36505,9
36519,0
36525,2
36536,5
36551,5
36570,9
36584,0
36597,8
36613,3
36623,3
36640,9
36658,4
36670,3
36678,0
36685,3
36697,5
36711,4
36730,10
36752,7
36773,9
36787,0
36799,7
36820,9
36839,5
36855,6
36871,6
36890,8
36906,4
36919,5
36931,2
36946,8
36964,5
36974,0
36984,6
37002,7
37019,6
37035,6
37052,6
37063,1
37069,0
37077,3
37089,4
37101,4
37113,3
37130,10
37151,6
37163,1
37176,7
37195,7
37214,7
37229,3
37238,1
37247,3
37263,9
37281,4
37299,10
37317,3
37335,10
37352,3
37363,4
37378,7
37395,5
37411,6
37422,0
37429,2
37442,6
37455,2
37466,5
37485,9
37504,6
37524,10
37546,7
37567,10
37586,5
37598,3
37615,10
37636,7
37651,3
37667,8
37689,9
37713,10
37736,8
37749,1
37756,2
37766,3
37776,2
37783,0
37790,2
37799,3
37808,2
37818,4
37830,3
37838,0
37849,7
37866,5
37877,1
37884,1
37891,1
37906,10
37927,7
37945,7
37964,7
37982,6
37997,5
38008,2
38024,10
38047,8
38063,4
38074,2
38091,10
38107,1
38120,7
38132,1
38142,4
38160,10
38180,6
38196,6
38215,8
38235,8
38255,8
38269,2
38277,2
38288,5
38307,9
38331,10
38355,9
38374,5
38389,6
38400,1
38408,3
38419,4
38434,7
38450,5
38467,7
38481,2
38489,1
38501,7
38513,1
38527,9
38550,9
38570,7
38589,7
38607,6
38623,5
38642,10
38657,0
38665,4
38677,3
38687,2
38697,3
38705,1
38712,2
38726,7
38745,8
38762,4
38776,6
38794,7
38808,3
38822,7
38834,0
38841,2
38854,6
38874,10
38889,0
38902,8
38924,10
38942,4
38960,10
38979,4
38991,4
39003,3
39013,3
39024,4
39042,9
39056,1
39065,3
39073,0
39078,0
39092,9
39110,5
39122,3
39134,4
39143,1
39149,0
39158,5
39173,6
39190,7
39208,6
39224,6
39241,7
39261,9
39283,8
39296,1
39304,2
39311,1
39321,5
39333,2
39343,4
39361,10
39383,8
39398,2
39407,3
39425,10
39449,10
39465,2
39477,6
39496,9
39520,10
39541,6
39559,7
39574,4
39588,5
39598,1
39604,0
39618,10
39642,9
39665,9
39689,10
39707,3
39715,0
39723,4
39733,2
39747,8
39765,5
39776,1
39792,10
39811,4
39826,6
39840,3
39848,1
39863,9
39884,7
39903,7
39918,4
39927,1
39937,5
39954,7
39970,4
39980,2
39989,2
40005,10
40028,9
40049,8
40070,8
40093,10
40114,6
40128,4
40138,1
40146,3
40157,4
40169,3
40177,1
40189,7
40203,2
40218,8
40235,4
40246,2
40255,2
40264,2
40273,2
40288,8
40309,9
40326,3
40334,0
40345,6
40357,1
40371,8
40392,8
40412,8
40434,9
40456,9
40478,9
40499,7
40519,9
40538,6
40551,2
40564,6
40576,1
40584,3
40594,3
40609,8
40630,8
40649,6
40666,7
40686,8
40703,5
40717,4
40730,5
40742,3
40751,2
40763,6
40779,5
40789,1
40801,6
40821,9
40837,3
40855,10
40872,2
40883,5
40894,1
40910,10
40934,10
40958,9
40976,5
40991,6
41007,5
41018,2
41033,8
41048,3
41056,1
41062,0
41070,4
41087,9
41105,5
41124,10
41149,10
41166,2
41182,10
41200,3
41217,10
41240,8
41262,9
41282,6
41295,2
41307,5
41320,3
41335,8
41349,2
41361,6
41378,7
41392,3
41407,7
41426,8
41447,9
41463,3
41471,0
41477,1
41490,7
41504,3
41522,10
41547,10
41566,5
41585,9
41602,4
41620,10
41635,1
41644,3
41656,5
41670,4
41687,9
41705,5
41715,0
41728,9
41747,6
41765,7
41784,7
41805,10
41821,1
41828,1
41838,4
41853,6
41867,3
41877,2
41893,9
41908,1
41916,3
41924,0
41933,4
41951,9
41967,2
41975,2
41984,3
41995,4
42008,4
42020,4
42032,4
42042,2
42052,3
42063,3
42080,10
42098,4
42113,6
42124,0
42130,1
42140,4
42149,0
42158,4
42174,8
42194,8
42212,6
42231,8
42253,9
42277,10
42294,3
42311,10
42336,10
42354,4
42368,5
42381,4
42390,1
42401,6
42420,8
42440,7
42461,9
42484,10
42502,3
42511,2
42524,6
42540,5
42554,5
42571,7
42587,4
42599,4
42610,3
42619,2
42626,1
42639,7
42653,2
42660,1
42671,6
42690,8
42703,0
42710,3
42726,9
42742,3
42751,1
42762,5
42773,2
42784,4
42801,8
42818,5
42831,3
42839,1
42850,5
42869,10
42885,2
42893,1
42900,1
42911,6
42926,5
42937,1
42943,1
42952,3
42960,1
42975,9
42998,10
43021,9
43039,4
43048,0
43058,6
43069,0
43078,5
43089,2
43097,2
43112,8
43131,7
43143,0
43153,6
43171,8
43193,10
43215,8
43233,5
43252,9
43266,1
43277,6
43296,8
43318,9
43335,3
43343,1
43353,4
43371,9
43386,1
43396,5
43415,9
43434,5
43451,7
43463,0
43476,9
43490,1
43506,10
43524,4
43534,1
43541,2
43550,3
43566,8
43584,6
43595,1
43601,0
43610,5
43620,1
43633,8
43647,1
43653,1
43667,8
43682,2
43690,2
43703,7
43722,7
43742,8
43755,0
43768,9
43784,2
43799,8
43819,8
43839,8
43855,4
43869,6
43888,9
43909,8
43924,2
43932,1
43948,10
43971,8
43984,0
43990,2
44007,10
44022,0
44031,5
44046,6
44067,10
44084,2
44097,6
44118,10
44137,5
44155,8
44169,1
44182,8
44204,10
44223,4
44239,8
44260,8
44280,7
44294,3
44309,8
44328,6
44344,6
44364,10
44381,2
44390,2
44402,5
44415,4
44425,1
44439,9
44455,2
44471,10
44491,5
44504,3
44513,2
44528,8
44542,1
44556,9
44572,3
44582,2
44594,6
44610,6
44627,6
44646,9
44667,8
44688,8
44702,2
44711,3
44722,4
44731,0
44740,4
44749,1
44760,6
44773,2
44781,2
44796,9
44814,4
44825,2
44839,7
44853,2
44860,0
44873,9
44887,1
44893,0
44899,1
44910,6
44928,8
44946,6
44957,1
44966,4
44985,10
45001,1
45014,7
45034,8
45053,6
45069,5
45085,7
45100,4
45111,2
45121,3
45135,6
45150,5
45166,7
45184,6
45200,5
45215,5
45228,4
45239,2
45255,9
45269,1
45278,3
45295,9
45315,7
45327,1
45340,8
45355,3
45364,2
45372,2
45379,1
45391,7
45404,2
45419,8
45437,5
45449,2
45460,5
45480,10
45495,1
45511,10
45534,8
45556,10
45580,9
45596,3
45610,6
45622,2
45634,6
45654,9
45674,7
45690,5
45701,1
45709,2
45724,9
45745,7
45763,7
45781,7
45799,6
45815,6
45830,4
45844,6
45859,4
45874,7
45888,2
45902,8
45919,5
45938,9
45958,7
45980,10
45996,2
46004,2
46014,3
46026,4
46036,2
46048,6
46059,0
46069,5
46082,4
46100,10
46124,10
46149,10
46166,3
46183,10
46203,6
46218,4
46234,8
46250,3
46268,10
46283,1
46297,9
46317,6
46328,0
46334,2
46342,2
46359,10
46383,9
46397,1
46405,2
46417,5
46431,5
46445,4
46458,5
46469,1
46477,2
46492,9
46511,6
46524,3
46535,3
46545,2
46561,9
46578,3
46588,2
46602,7
46617,4
46630,4
46643,5
46655,3
46672,9
46693,8
46710,5
46720,1
46735,10
46759,9
46773,0
46782,4
46799,8
46814,3
46826,5
46839,3
46855,9
46873,5
46888,5
46898,0
46903,0
46910,3
46921,4
46934,5
46953,10
46971,3
46984,5
47002,8
47015,0
47022,3
47038,8
47059,9
47077,5
47088,1
47101,8
47119,6
47132,2
47140,2
47154,7
47169,3
47181,4
47198,8
47221,10
47243,7
47260,5
47272,3
47282,3
47297,8
47313,3
47327,7
47341,2
47351,4
47365,6
47386,10
47408,7
47422,3
47436,7
47458,10
47473,0
47478,1
47491,8
47509,5
47528,10
47549,7
47561,0
47566,1
47572,0
47584,7
47597,1
47610,7
47631,10
47654,9
47672,5
47683,1
47690,2
47702,6
47719,7
47732,1
47740,2
47748,1
47755,2
47771,10
47791,6
47804,3
47817,5
47832,5
47846,4
47864,9
47880,3
47897,10
47921,9
47942,7
47960,7
47978,7
47999,9
48020,7
48037,6
48055,8
48068,0
48077,5
48088,1
48097,3
48105,1
48113,3
48122,2
48135,6
48146,1
48154,2
48161,0
48166,0
48178,8
48198,8
48216,6
48236,10
48251,1
48262,6
48278,6
48296,8
48318,10
48340,8
48363,10
48384,7
48397,1
48406,4
48416,2
48425,3
48437,5
48453,6
48472,9
48490,5
48502,3
48517,8
48537,8
48550,0
48562,8
48583,9
48606,9
48627,8
48650,10
48671,6
48684,2
48695,5
48711,6
48730,8
48748,5
48765,8
48782,5
48798,7
48814,4
48831,8
48848,4
48858,1
48873,10
48890,3
48898,1
48906,3
48916,2
48923,0
48929,2
48940,4
48949,1
48962,7
48981,7
49002,10
49017,1
49027,5
49037,0
49046,4
49058,4
49068,2
49080,6
49092,2
49108,9
49130,8
49148,6
49161,2
49175,7
49188,1
49204,10
49219,0
49225,1
49239,8
49261,9
49282,7
49299,6
49310,0
49322,7
49338,5
49351,4
49367,8
49383,3
49397,7
49410,2
49417,1
49424,1
49437,7
49454,5
49464,1
49480,10
49501,7
49521,8
49538,4
49550,4
49566,7
49580,2
49595,9
49615,6
49628,2
49641,7
49656,4
49672,8
49686,2
49699,6
49712,2
49725,6
49740,4
49751,3
49766,8
49785,7
49803,6
49816,3
49832,8
49854,9
49876,9
49900,10
49924,10
49943,5
49961,8
49979,5
49994,5
50004,1
50017,8
50037,8
50055,6
50071,5
50083,2
50098,9
50121,9
50138,3
50154,8
50168,2
50175,0
50189,9
50208,6
50228,9
50249,7
50267,7
50286,7
50302,5
50319,7
50334,4
50350,8
50364,1
50371,2
50378,0
50389,7
50401,1
50416,10
50439,9
50462,10
50479,2
50492,7
50505,1
50515,5
50535,10
50553,4
50569,8
50582,0
50588,2
50603,9
50622,5
50641,10
50665,9
50688,9
50703,1
50709,1
50724,10
50745,6
50757,2
50772,8
50785,0
50790,0
50797,3
50814,9
50830,2
50844,8
50867,10
50886,4
50900,6
50911,1
50923,7
50939,4
50951,4
50963,3
50971,1
50980,3
50994,6
51011,7
51024,2
51031,0
51041,6
51058,7
51075,6
51086,0
51092,2
51103,5
51119,7
51141,10
51158,3
51169,4
51187,10
51210,8
51228,6
51239,1
51250,5
51267,7
51282,3
51297,7
51311,3
51319,0
51329,5
51345,6
51364,9
51382,5
51397,5
51417,10
51435,4
51451,7
51468,5
51483,6
51503,10
51520,3
51529,2
51540,5
51556,7
51568,0
51580,8
51603,10
51626,9
51645,5
51656,2
51672,9
51695,10
51719,9
51740,8
51762,9
51783,8
51799,4
51808,1
51818,4
51831,5
51845,5
51856,1
51867,5
51886,10
51907,6
51926,9
51941,1
51951,4
51962,3
51974,5
51985,2
52001,9
52021,7
52036,4
52054,10
52074,6
52090,6
52107,6
52124,7
52143,8
52166,10
52186,6
52201,4
52220,10
52243,9
52259,2
52272,6
52291,9
52309,4
52328,10
52350,7
52368,6
52388,9
52408,7
52420,1
52429,4
52448,10
52472,10
52487,0
52495,3
52511,8
52533,10
52550,2
52561,4
52579,9
52599,6
52613,4
52628,7
52649,9
52673,10
52690,3
52702,4
52713,2
52726,7
52741,3
52754,5
52764,1
52773,3
52791,10
52812,6
52827,4
52838,3
52847,2
52859,5
52876,7
52889,1
52898,3
52912,7
52931,7
52943,1
52955,7
52968,1
52980,6
52994,3
53011,10
53031,6
53042,1
53056,8
53079,10
53099,6
53112,3
53121,2
53133,6
53150,6
53162,1
53171,4
53186,6
53199,2
53208,3
53219,3
53236,9
53259,9
53277,4
53290,4
53305,6
53325,10
53347,7
53364,5
53379,5
53399,10
53418,4
53433,6
53450,7
53465,3
53480,8
53497,5
53507,0
53512,0
53526,10
53548,7
53560,0
53568,4
53585,8
53600,2
53609,2
53620,5
53631,1
53643,7
53662,7
53684,10
53702,3
53716,6
53732,5
53751,10
53773,7
53788,4
53805,8
53824,6
53836,2
53845,3
53859,6
53879,9
53899,6
53914,5
53932,8
53950,6
53964,3
53977,6
53996,8
54014,6
54027,3
54038,3
54050,4
54064,5
54077,4
54087,2
54102,9
54125,10
54141,1
54152,6
54167,5
54181,5
54197,6
54212,4
54229,8
54249,8
54264,3
54277,6
54294,6
54308,4
54319,3
54331,5
54345,5
54362,8
54382,7
54401,8
54423,9
54445,9
54464,6
54481,7
54502,9
54516,0
54522,2
54536,8
54558,9
54572,1
54586,9
54601,2
54615,7
54633,7
54649,4
54661,3
54669,1
54676,1
54684,2
54692,2
54699,1
54709,5
54727,9
54746,5
54761,6
54777,6
54788,1
54799,6
54815,6
54828,3
54840,4
54859,10
54880,7
54899,7
54914,4
54928,6
54946,8
54960,1
54967,2
54977,4
54987,2
54998,5
55013,6
55026,2
55034,1
55043,3
55057,6
55068,0
55083,10
55106,9
55120,1
55134,8
55148,1
55159,5
55170,2
55180,3
55193,6
55205,2
55216,5
55235,10
55254,4
55269,6
55288,9
55310,8
55332,9
55354,9
55370,3
55381,3
55389,0
55403,9
55418,1
55428,5
55439,2
55453,7
55471,6
55490,9
55510,6
55529,8
55543,2
55555,5
55572,7
55590,6
55605,4
55616,2
55628,6
55647,8
55662,2
55673,5
55685,3
55694,2
55708,8
55721,0
55727,2
55737,4
55746,1
55757,6
55768,0
55780,7
55801,9
55819,4
55835,7
55847,0
55861,10
55877,2
55884,1
55891,1
55903,7
55919,5
55931,3
55943,4
55959,8
55975,4
55992,8
56007,2
56021,7
56036,4
56051,7
56072,10
56092,6
56112,10
56127,1
56136,4
56154,10
56177,9
56199,9
56216,4
56231,6
56247,5
56262,6
56275,3
56287,5
56302,6
56321,9
56340,6
56360,9
56375,1
56389,8
56411,10
56432,7
56453,9
56467,1
56482,9
56497,1
56513,10
56530,3
56542,5
56552,0
56558,1
56567,3
56575,0
56580,0
56595,10
56616,6
56628,2
56641,6
56658,6
56677,8
56695,5
56708,4
56726,9
56748,8
56768,7
56786,7
56803,5
56818,5
56830,2
56839,2
56852,7
56870,6
56883,2
56893,4
56902,1
56917,9
56940,10
56963,8
56985,9
57005,6
57023,8
57038,3
57053,8
57068,2
57080,6
57092,1
57099,1
57105,1
57118,8
57141,10
57164,9
57183,5
57193,0
57202,4
57214,3
57231,9
57251,6
57265,3
57274,1
57289,9
57312,9
57327,2
57342,9
57357,1
57370,8
57392,10
57413,7
57430,6
57448,7
57461,1
57472,5
57490,9
57506,3
57518,4
57535,8
57548,1
57563,10
57586,8
57599,0
57614,10
57632,3
57645,5
57663,9
57680,3
57697,9
57713,3
57725,5
57737,3
57749,5
57762,3
57776,7
57790,2
57799,3
57813,6
57832,9
57851,5
57862,1
57876,8
57892,3
57901,2
57913,6
57929,5
57946,7
57963,5
57978,5
57990,2
57999,3
58010,3
58027,9
58047,7
58068,9
58084,3
58093,1
58103,5
58118,5
58130,2
58146,9
58161,1
58170,4
58184,6
58205,10
58224,5
58241,7
58261,8
58280,7
58300,9
58320,7
58334,2
58341,0
58355,9
58374,6
58393,9
58414,7
58429,3
58444,7
58465,10
58488,9
58502,1
58514,6
58527,2
58543,9
58562,5
58580,8
58595,3
58610,7
58626,5
58642,6
58662,9
58676,0
58685,5
58697,2
58710,7
58724,2
58733,2
58743,3
58751,0
58765,10
58781,2
58797,10
58812,0
58818,1
58827,4
58842,6
58855,2
58866,5
58884,8
58897,0
58907,6
58918,0
58931,8
58946,2
58955,2
58966,5
58982,6
59000,8
59023,10
59042,4
59053,3
59070,9
59084,0
59091,3
59099,1
59114,10
59130,2
59141,4
59157,8
59170,0
59179,5
59192,3
59202,3
59215,6
59234,9
59255,7
59276,9
59298,8
59315,5
59330,6
59345,4
59363,10
59382,5
59396,4
59415,10
59437,8
59455,6
59474,9
59492,5
59502,0
59510,3
59522,5
59534,3
59544,3
59559,7
59580,10
59595,1
59610,10
59630,5
59650,10
59666,1
59674,2
59689,9
59704,1
59710,1
59725,10
59742,3
59755,5
59767,3
59783,9
59800,3
59812,5
59829,7
59841,0
59855,10
59876,7
59889,2
59902,7
59922,8
59939,5
59951,3
59963,5
59980,7
59994,3
60003,2
60014,5
60033,9
60048,1
60059,5
60072,4
13
18
27
40
46
54
77
91
97
121
135
145
179
185
192
201
225
237
259
275
286
294
316
338
357
378
397
414
428
444
449
474
494
512
520
544
556
573
584
601
616
631
641
658
675
693
707
720
729
747
764
771
785
794
800
813
823
833
850
867
888
893
904
925
941
960
980
992
1004
1013
1025
1048
1058
1077
1082
1092
1100
1117
1141
1155
1177
1183
1200
1212
1224
1235
1249
1273
1285
1294
1308
1328
1344
1354
1376
1398
1412
1417
1425
1430
1436
1448
1455
1485
1499
1511
1520
1525
1558
1570
1591
1619
1626
1645
1670
1683
1697
1707
1717
1730
1742
1753
1758
1773
1784
1791
1801
1807
1828
1854
1862
1873
1887
1896
1905
1936
1943
1965
1980
1993
2021
2030
2038
2063
2075
2095
2108
2133
2153
2173
2191
2209
2239
2247
2275
2292
2305
2336
2354
2369
2375
2383
2388
2398
2414
2421
2450
2470
2481
2492
2513
2523
2551
2565
2578
2607
2618
2654
2664
2672
2684
2698
2736
2744
2763
2786
2804
2818
2837
2857
2867
2872
2913
2918
2925
2936
2948
2967
2984
2994
3007
3012
3047
3060
3079
3093
3102
3115
3126
3146
3156
3162
3185
3209
3231
3257
3274
3289
3295
3306
3328
3346
3361
3366
3393
3419
3440
3450
3480
3491
3503
3532
3548
3556
3568
3582
3591
3599
3630
3640
3653
3669
3679
3705
3722
3749
3758
3769
3784
3811
3828
3843
3857
3869
3880
3890
3899
3917
3924
3934
3944
3950
3957
3982
3990
4020
4034
4049
4060
4077
4091
4097
4113
4133
4143
4155
4175
4187
4194
4222
4234
4256
4265
4282
4294
4328
4334
4344
4353
4368
4384
4399
4411
4433
4444
4454
4482
4495
4516
4524
4543
4561
4578
4593
4617
4633
4656
4676
4693
4712
4724
4740
4762
4794
4805
4816
4832
4848
4862
4889
4899
4924
4946
4961
4971
4985
4995
5025
5034
5042
5060
5069
5097
5111
5123
5143
5162
5179
5203
5216
5248
5254
5267
5283
5304
5317
5335
5359
5380
5400
5412
5421
5449
5467
5480
5501
5515
5541
5559
5569
5579
5598
5608
5628
5648
5674
5682
5706
5716
5731
5745
5773
5785
5795
5805
5826
5839
5851
5864
5878
5913
5924
5939
5958
5979
5989
5996
6011
6043
6050
6073
6090
6106
6135
6147
6166
6187
6209
6221
6243
6252
6259
6268
6292
6302
6318
6330
6354
6367
6382
6396
6411
6428
6436
6453
6467
6488
6508
6517
6536
6547
6555
6571
6589
6597
6616
6639
6649
6675
6690
6708
6731
6752
6771
6788
6806
6833
6846
6852
6865
6880
6897
6917
6929
6941
6946
6962
6977
6987
7002
7012
7038
7056
7069
7093
7105
7119
7145
7159
7168
7184
7193
7215
7226
7238
7272
7282
7293
7306
7312
7338
7347
7360
7366
7381
7393
7401
7409
7416
7429
7450
7458
7481
7506
7520
7529
7550
7575
7585
7605
7616
7641
7662
7670
7677
7714
7722
7747
7754
7770
7780
7795
7810
7819
7824
7835
7842
7861
7885
7902
7908
7916
7923
7933
7957
7974
7982
8012
8028
8036
8044
8063
8081
8091
8100
8114
8125
8134
8154
8168
8185
8203
8221
8228
8242
8250
8257
8282
8295
8308
8332
8340
8353
8375
8393
8419
8436
8449
8469
8482
8508
8518
8548
8554
8561
8579
8591
8599
8611
8620
8654
8669
8684
8717
8734
8746
8770
8779
8789
8797
8815
8837
8848
8856
8873
8879
8898
8913
8932
8939
8945
8960
8970
8976
8985
8990
8997
9018
9042
9070
9082
9101
9121
9131
9142
9150
9166
9184
9209
9223
9235
9255
9270
9276
9286
9293
9303
9321
9347
9364
9384
9394
9405
9418
9445
9453
9474
9493
9501
9520
9544
9564
9573
9583
9595
9621
9630
9647
9662
9671
9676
9697
9707
9718
9743
9748
9771
9781
9793
9805
9816
9843
9853
9858
9879
9892
9925
9931
9944
9964
9985
9998
10004
10014
10028
10043
10065
10085
10118
10132
10143
10155
10185
10195
10216
10224
10235
10262
10277
10312
10327
10343
10357
10370
10389
10400
10410
10441
10449
10456
10482
10496
10509
10517
10539
10551
10565
10581
10599
10626
10635
10644
10662
10688
10702
10714
10734
10746
10779
10787
10803
10812
10836
10849
10867
10895
10910
10936
10958
10978
10991
11014
11029
11042
11048
11053
11061
11077
11089
11105
11110
11122
11140
11158
11173
11188
11197
11203
11220
11234
11260
11267
11274
11280
11306
11330
11350
11355
11376
11386
11410
11436
11449
11468
11482
11490
11504
11522
11540
11552
11558
11570
11590
11595
11606
11616
11625
11644
11655
11663
11683
11690
11711
11722
11737
11749
11767
11784
11791
11804
11821
11845
11856
11882
11897
11904
11922
11928
11934
11954
11977
11997
12008
12018
12037
12043
12065
12074
12091
12111
12125
12146
12162
12173
12181
12194
12211
12230
12236
12257
12267
12286
12298
12313
12323
12338
12356
12364
12378
12395
12407
12421
12440
12463
12485
12494
12505
12522
12530
12552
12577
12595
12621
12637
12650
12679
12703
12714
12722
12740
12747
12753
12768
12780
12796
12806
12825
12835
12855
12872
12880
12890
12916
12924
12937
12942
12956
12969
12979
12997
13017
13027
13059
13076
13093
13112
13125
13147
13158
13174
13184
13192
13199
13227
13243
13266
13282
13298
13308
13328
13340
13349
13366
13385
13405
13423
13441
13449
13477
13487
13510
13517
13533
13547
13562
13569
13577
13585
13612
13642
13648
13659
13670
13683
13700
13709
13721
13744
13755
13769
13788
13809
13815
13833
13841
13851
13858
13882
13897
13908
13924
13946
13964
13973
13984
14015
14021
14040
14054
14068
14091
14104
14123
14139
14155
14166
14177
14203
14230
14241
14264
14272
14281
14306
14316
14323
14341
14352
14373
14390
14408
14425
14447
14463
14485
14493
14510
14530
14538
14555
14563
14569
14581
14602
14618
14638
14653
14663
14669
14683
14698
14710
14718
14733
14744
14781
14786
14811
14828
14844
14855
14865
14888
14902
14913
14947
14974
14986
14999
15023
15044
15059
15070
15084
15108
15114
15127
15144
15167
15179
15193
15207
15213
15221
15234
15249
15259
15270
15296
15303
15319
15333
15349
15371
15388
15403
15413
15425
15440
15454
15465
15486
15496
15504
15515
15535
15543
15566
15592
15609
15614
15627
15645
15654
15672
15679
15693
15703
15713
15732
15749
15774
15782
15793
15820
15835
15848
15861
15878
15891
15912
15935
15940
15958
15968
15978
16007
16017
16032
16038
16048
16069
16080
16111
16126
16147
16160
16172
16194
16210
16219
16226
16243
16252
16270
16291
16317
16330
16341
16358
16375
16399
16418
16434
16457
16468
16481
16496
16508
16530
16535
16541
16577
16585
16604
16613
16621
16631
16636
16662
16670
16681
16701
16714
16730
16737
16749
16757
16764
16771
16802
16815
16836
16854
16860
16870
16887
16910
16925
16930
16945
16972
16983
16993
17016
17031
17041
17054
17071
17089
17102
17109
17125
17141
17151
17168
17190
17202
17214
17229
17239
17255
17264
17284
17292
17307
17332
17341
17358
17369
17377
17384
17392
17406
17421
17450
17461
17469
17476
17488
17513
17518
17535
17545
17559
17568
17585
17592
17630
17643
17664
17686
17698
17725
17738
17744
17753
17760
17769
17780
17799
17807
17815
17825
17845
17860
17866
17876
17886
17905
17916
17939
17946
17976
17992
18008
18033
18043
18058
18066
18093
18106
18132
18145
18160
18181
18188
18196
18205
18227
18247
18259
18272
18299
18313
18330
18350
18363
18380
18392
18409
18420
18448
18470
18487
18507
18514
18535
18547
18567
18587
18606
18625
18633
18653
18675
18683
18688
18710
18728
18737
18757
18779
18793
18811
18838
18850
18866
18879
18890
18917
18925
18943
18966
18993
19010
19038
19052
19066
19080
19102
19113
19133
19149
19158
19174
19186
19216
19228
19254
19260
19270
19288
19300
19315
19328
19337
19365
19381
19404
19411
19432
19440
19453
19466
19476
19488
19502
19509
19520
19534
19546
19557
19563
19579
19592
19600
19634
19651
19670
19677
19703
19714
19732
19747
19765
19784
19795
19810
19818
19838
19848
19857
19864
19875
19896
19925
19932
19945
19951
19959
19998
20012
20020
20043
20049
20058
20071
20083
20101
20113
20131
20163
20182
20204
20218
20232
20237
20247
20272
20278
20298
20312
20335
20344
20361
20374
20385
20398
20408
20428
20433
20455
20473
20487
20499
20510
20523
20533
20542
20575
20585
20607
20612
20623
20639
20652
20666
20679
20704
20723
20739
20756
20768
20783
20801
20817
20826
20837
20855
20878
20889
20897
20905
20910
20928
20937
20949
20967
20975
20986
21003
21034
21054
21061
21071
21077
21086
21094
21120
21154
21173
21184
21222
21240
21247
21262
21285
21299
21320
21333
21345
21358
21366
21372
21388
21403
21425
21439
21451
21473
21498
21503
21510
21523
21528
21550
21566
21581
21603
21631
21656
21672
21684
21708
21734
21744
21755
21761
21768
21773
21783
21793
21808
21827
21839
21845
21861
21873
21883
21899
21917
21927
21933
21961
21979
21991
22011
22022
22027
22038
22061
22071
22087
22096
22125
22140
22155
22174
22193
22202
22216
22227
22240
22249
22262
22278
22286
22298
22305
22312
22330
22339
22366
22380
22403
22419
22429
22445
22455
22462
22476
22502
22514
22529
22563
22575
22585
22592
22604
22610
22625
22641
22662
22681
22691
22700
22712
22735
22756
22770
22779
22799
22806
22818
22824
22838
22854
22870
22878
22891
22912
22932
22950
22965
22978
22992
23010
23035
23052
23072
23078
23088
23107
23118
23139
23155
23174
23195
23207
23216
23249
23258
23290
23309
23315
23330
23337
23358
23381
23389
23402
23420
23425
23442
23456
23464
23472
23494
23510
23533
23542
23549
23558
23585
23604
23616
23630
23647
23664
23684
23702
23711
23724
23732
23737
23752
23766
23772
23785
23813
23825
23830
23849
23863
23881
23899
23920
23928
23941
23949
23975
23987
23997
24006
24036
24043
24053
24063
24069
24082
24092
24109
24122
24127
24151
24163
24170
24178
24185
24191
24200
24216
24222
24246
24254
24265
24278
24296
24315
24325
24349
24370
24381
24413
24426
24444
24455
24465
24472
24486
24499
24508
24516
24539
24549
24558
24572
24587
24599
24616
24631
24650
24661
24670
24685
24697
24702
24722
24734
24741
24758
24768
24780
24791
24798
24809
24837
24848
24875
24892
24910
24925
24945
24961
24974
24984
25001
25008
25024
25034
25043
25050
25077
25088
25102
25118
25141
25162
25174
25184
25205
25218
25228
25242
25259
25274
25287
25296
25308
25326
25334
25354
25376
25385
25395
25407
25413
25435
25449
25474
25481
25497
25524
25540
25561
25577
25588
25609
25624
25654
25662
25690
25698
25715
25734
25743
25755
25768
25786
25799
25817
25829
25841
25853
25864
25875
25903
25925
25938
25951
25962
25976
25982
26008
26030
26044
26060
26073
26087
26101
26108
26114
26128
26136
26155
26160
26169
26178
26200
26215
26235
26248
26253
26265
26290
26304
26332
26343
26364
26374
26384
26408
26416
26430
26441
26467
26483
26501
26526
26549
26566
26578
26589
26596
26604
26624
26647
26655
26665
26675
26701
26726
26753
26776
26793
26808
26820
26828
26838
26843
26850
26874
26893
26902
26918
26926
26953
26974
26981
27006
27023
27032
27043
27065
27075
27094
27107
27124
27130
27136
27146
27170
27185
27191
27214
27226
27241
27258
27265
27275
27297
27319
27338
27363
27389
27397
27402
27417
27434
27451
27473
27492
27501
27528
27557
27578
27591
27601
27607
27618
27647
27662
27679
27705
27712
27720
27740
27750
27762
27780
27799
27818
27835
27850
27884
27900
27913
27928
27965
27977
27985
27999
28008
28014
28026
28048
28064
28070
28078
28100
28105
28120
28129
28146
28156
28176
28193
28198
28204
28217
28242
28250
28269
28280
28287
28293
28317
28330
28337
28344
28350
28357
28382
28396
28418
28423
28438
28446
28469
28487
28502
28520
28538
28574
28586
28593
28603
28620
28634
28662
28676
28697
28705
28730
28750
28766
28778
28790
28798
28808
28819
28831
28853
28871
28890
28906
28916
28925
28931
28936
28951
28961
28979
29002
29016
29048
29062
29084
29108
29128
29140
29152
29182
29190
29209
29219
29250
29266
29279
29288
29316
29336
29361
29367
29376
29394
29412
29418
29433
29451
29473
29487
29502
29513
29534
29546
29570
29597
29606
29631
29656
29663
29688
29718
29734
29754
29785
29800
29805
29828
29842
29851
29863
29870
29888
29901
29916
29934
29942
29956
29962
29972
29987
30011
30034
30052
30073
30079
30092
30111
30127
30153
30168
30177
30193
30208
30229
30239
30245
30256
30264
30277
30306
30322
30336
30359
30377
30391
30400
30406
30417
30448
30463
30468
30476
30486
30491
30496
30513
30539
30550
30565
30581
30591
30602
30615
30624
30636
30650
30659
30690
30708
30722
30736
30752
30772
30791
30806
30825
30836
30858
30877
30884
30900
30917
30934
30957
30971
30977
30994
31015
31031
31049
31058
31078
31092
31109
31131
31139
31150
31168
31187
31206
31217
31222
31238
31251
31274
31283
31302
31314
31343
31355
31360
31365
31376
31403
31416
31440
31463
31479
31496
31512
31518
31534
31552
31580
31588
31598
31619
31628
31639
31654
31673
31686
31703
31730
31745
31761
31766
31789
31798
31812
31824
31844
31862
31889
31897
31918
31934
31946
31965
31981
31998
32030
32043
32054
32074
32080
32098
32115
32127
32142
32152
32178
32191
32202
32218
32242
32253
32262
32281
32291
32312
32327
32342
32349
32367
32388
32409
32423
32437
32460
32468
32488
32498
32514
32523
32538
32550
32569
32580
32587
32599
32616
32635
32646
32654
32663
32671
32682
32700
32712
32745
32756
32768
32794
32807
32825
32845
32867
32885
32907
32928
32939
32952
32968
32986
33006
33029
33051
33057
33066
33088
33113
33125
33142
33152
33173
33191
33204
33226
33249
33262
33273
33295
33305
33318
33337
33343
33363
33384
33396
33408
33431
33455
33468
33491
33506
33520
33533
33560
33572
33585
33609
33630
33640
33657
33672
33688
33710
33743
33756
33766
33781
33790
33804
33812
33836
33869
33877
33905
33913
33925
33939
33950
33969
33990
34005
34017
34023
34053
34066
34073
34103
34115
34135
34155
34166
34180
34192
34212
34231
34241
34253
34270
34301
34316
34325
34343
34353
34372
34396
34402
34430
34450
34456
34465
34473
34481
34500
34518
34525
34547
34575
34598
34618
34633
34646
34653
34661
34670
34687
34706
34715
34727
34741
34759
34772
34789
34809
34830
34843
34856
34868
34893
34903
34924
34944
34953
34965
34975
34990
35000
35012
35022
35039
35044
35051
35058
35076
35088
35103
35116
35128
35149
35158
35166
35175
35192
35204
35223
35238
35245
35260
35284
35289
35296
35305
35312
35319
35325
35336
35344
35368
35393
35403
35411
35419
35424
35438
35444
35450
35455
35463
35481
35500
35508
35521
35544
35561
35576
35587
35603
35616
35632
35645
35657
35667
35689
35698
35703
35712
35737
35748
35756
35766
35790
35804
35819
35825
35848
35858
35878
35897
35929
35936
35974
35982
36008
36021
36030
36036
36050
36070
36079
36095
36118
36133
36150
36171
36182
36201
36210
36230
36247
36274
36286
36325
36330
36338
36345
36367
36386
36394
36407
36432
36446
36458
36489
36503
36519
36524
36532
36554
36565
36584
36593
36610
36626
36634
36657
36667
36678
36685
36700
36708
36740
36758
36776
36787
36798
36823
36838
36849
36871
36883
36903
36924
36930
36952
36962
36974
36990
37003
37025
37031
37054
37064
37069
37079
37085
37105
37112
37131
37151
37163
37181
37202
37208
37231
37238
37247
37262
37279
37307
37317
37325
37355
37365
37383
37395
37412
37422
37430
37445
37454
37470
37484
37507
37523
37550
37566
37583
37597
37615
37643
37653
37667
37682
37706
37735
37749
37755
37767
37778
37783
37790
37802
37808
37815
37830
37838
37852
37869
37878
37884
37891
37904
37927
37946
37962
37979
37999
38010
38034
38048
38062
38076
38100
38107
38113
38133
38142
38165
38177
38200
38221
38243
38252
38270
38278
38284
38315
38341
38358
38375
38384
38400
38409
38422
38433
38453
38463
38483
38490
38501
38514
38521
38546
38567
38590
38611
38628
38635
38657
38667
38675
38686
38694
38706
38714
38724
38749
38762
38774
38799
38809
38827
38834
38843
38858
38876
38889
38895
38923
38939
38962
38980
38990
39004
39012
39023
39037
39057
39063
39073
39078
39087
39108
39125
39134
39143
39149
39159
39179
39195
39210
39229
39245
39268
39276
39297
39305
39312
39321
39335
39343
39370
39382
39400
39409
39423
39459
39465
39479
39500
39525
39541
39565
39574
39590
39598
39604
39623
39649
39671
39699
39704
39715
39722
39735
39743
39762
39776
39789
39815
39827
39843
39849
39862
39881
39896
39920
39927
39942
39958
39972
39980
39991
40012
40033
40047
40077
40093
40115
40127
40138
40145
40160
40166
40178
40183
40201
40217
40232
40244
40255
40263
40274
40282
40310
40329
40334
40348
40357
40369
40390
40417
40426
40453
40482
40492
40527
40540
40552
40566
40575
40587
40594
40617
40636
40645
40666
40681
40707
40719
40727
40742
40752
40760
40777
40790
40796
40816
40840
40854
40871
40881
40895
40917
40934
40955
40979
40994
41004
41019
41030
41051
41056
41062
41074
41090
41105
41125
41144
41165
41192
41198
41223
41233
41260
41277
41293
41307
41317
41343
41351
41367
41385
41393
41409
41426
41456
41461
41471
41477
41489
41503
41524
41541
41565
41594
41604
41615
41635
41643
41658
41674
41689
41705
41715
41734
41750
41761
41778
41804
41821
41828
41837
41849
41868
41875
41886
41908
41917
41924
41937
41957
41968
41975
41985
41996
42005
42018
42030
42042
42053
42060
42082
42102
42107
42124
42129
42141
42149
42158
42181
42187
42209
42232
42244
42284
42293
42318
42336
42354
42366
42382
42391
42404
42415
42445
42466
42475
42502
42512
42524
42542
42558
42569
42587
42603
42608
42619
42627
42644
42652
42661
42674
42694
42703
42710
42723
42740
42750
42763
42774
42781
42798
42818
42829
42840
42850
42867
42885
42894
42899
42910
42927
42938
42944
42953
42961
42968
42999
43028
43043
43048
43056
43069
43078
43091
43097
43111
43137
43143
43150
43177
43191
43212
43233
43250
43267
43272
43304
43314
43336
43343
43351
43369
43385
43393
43415
43433
43452
43463
43480
43490
43499
43528
43534
43541
43551
43565
43589
43596
43601
43611
43620
43631
43648
43654
43665
43684
43690
43710
43729
43736
43755
43775
43784
43791
43827
43835
43858
43865
43888
43915
43922
43933
43940
43967
43984
43989
44004
44022
44027
44051
44069
44085
44095
44119
44134
44155
44169
44175
44209
44222
44233
44260
44275
44295
44307
44324
44347
44366
44379
44390
44402
44415
44426
44440
44454
44471
44496
44507
44515
44527
44543
44560
44571
44582
44599
44609
44621
44641
44665
44686
44701
44713
44721
44731
44742
44750
44760
44772
44783
44790
44810
44826
44835
44852
44860
44880
44887
44893
44899
44907
44924
44943
44958
44969
44994
45001
45014
45034
45058
45074
45082
45099
45111
45120
45132
45151
45168
45187
45197
45210
45231
45237
45251
45270
45279
45302
45309
45327
45348
45355
45363
45374
45379
45386
45403
45419
45436
45451
45459
45490
45495
45514
45542
45559
45583
45594
45612
45622
45629
45657
45672
45690
45701
45711
45716
45738
45760
45785
45795
45812
45831
45844
45860
45870
45888
45908
45923
45929
45965
45980
45998
46006
46014
46025
46037
46046
46059
46071
46079
46094
46129
46155
46168
46187
46204
46219
46231
46249
46258
46284
46293
46316
46328
46336
46344
46351
46390
46397
46404
46421
46433
46445
46463
46469
46479
46492
46509
46524
46532
46547
46566
46577
46586
46606
46616
46633
46648
46656
46671
46699
46715
46720
46738
46766
46773
46778
46796
46812
46823
46842
46847
46872
46883
46898
46903
46909
46921
46933
46950
46971
46980
46997
47015
47025
47043
47054
47077
47089
47095
47124
47134
47142
47151
47166
47183
47199
47211
47245
47257
47270
47284
47304
47312
47333
47342
47350
47364
47378
47402
47422
47432
47462
47473
47478
47492
47513
47537
47556
47561
47567
47572
47579
47597
47614
47641
47663
47673
47682
47692
47702
47723
47733
47739
47748
47757
47773
47797
47805
47819
47837
47849
47863
47880
47894
47919
47941
47959
47972
48006
48020
48042
48058
48068
48078
48089
48097
48105
48112
48123
48134
48146
48155
48161
48166
48178
48199
48213
48243
48252
48263
48280
48299
48309
48340
48372
48384
48397
48410
48416
48423
48435
48450
48480
48491
48505
48525
48540
48550
48559
48578
48606
48628
48651
48668
48685
48692
48705
48725
48753
48769
48784
48793
48817
48839
48845
48858
48876
48888
48899
48905
48914
48923
48928
48942
48949
48957
48974
49010
49017
49032
49037
49048
49058
49067
49084
49094
49105
49135
49144
49163
49172
49189
49209
49219
49226
49238
49263
49287
49303
49310
49321
49340
49355
49367
49382
49402
49410
49418
49423
49435
49457
49465
49487
49503
49526
49537
49552
49573
49580
49587
49609
49629
49642
49653
49677
49685
49701
49710
49725
49739
49751
49760
49788
49806
49819
49839
49861
49880
49906
49916
49939
49955
49983
49995
50005
50016
50044
50055
50072
50085
50090
50119
50139
50151
50167
50175
50198
50211
50225
50251
50266
50279
50305
50321
50332
50350
50365
50373
50378
50390
50401
50423
50442
50456
50477
50493
50506
50516
50531
50552
50563
50582
50589
50604
50619
50638
50664
50693
50704
50709
50720
50749
50758
50773
50785
50790
50798
50813
50829
50848
50875
50883
50904
50912
50919
50943
50955
50961
50971
50979
50995
51011
51024
51031
51044
51063
51077
51086
51092
51104
51118
51146
51161
51168
51187
51212
51228
51240
51247
51260
51280
51301
51309
51319
51324
51340
51368
51385
51394
51427
51435
51447
51465
51481
51511
51523
51530
51539
51559
51568
51574
51610
51622
51643
51657
51679
51694
51724
51744
51761
51783
51802
51809
51814
51835
51845
51855
51868
51896
51912
51929
51941
51949
51965
51976
51987
51995
52019
52039
52058
52072
52094
52102
52127
52136
52171
52184
52201
52218
52243
52261
52273
52297
52313
52325
52349
52367
52385
52405
52420
52428
52442
52467
52487
52497
52518
52527
52552
52558
52588
52602
52616
52623
52652
52671
52688
52699
52712
52728
52738
52757
52765
52776
52789
52809
52824
52838
52846
52856
52873
52889
52898
52913
52937
52944
52949
52968
52979
52996
53003
53030
53042
53054
53086
53095
53115
53121
53139
53149
53163
53175
53184
53197
53208
53220
53231
53250
53273
53286
53300
53321
53349
53362
53384
53391
53415
53436
53445
53463
53486
53499
53507
53512
53532
53547
53560
53572
53578
53598
53609
53622
53630
53646
53663
53693
53702
53718
53735
53748
53777
53785
53802
53822
53836
53846
53860
53887
53894
53916
53924
53955
53962
53973
53991
54014
54027
54039
54047
54067
54074
54088
54103
54125
54141
54148
54172
54183
54198
54212
54223
54242
54265
54275
54292
54307
54319
54327
54346
54357
54386
54395
54429
54446
54466
54476
54511
54516
54521
54535
54553
54573
54592
54600
54609
54629
54648
54660
54669
54675
54684
54691
54700
54714
54734
54751
54756
54772
54788
54801
54812
54829
54842
54866
54883
54903
54917
54932
54940
54961
54968
54978
54988
54999
55009
55025
55035
55041
55051
55068
55093
55099
55121
55127
55148
55162
55170
55179
55189
55207
55221
55239
55255
55269
55290
55310
55330
55351
55368
55379
55389
55410
55418
55430
55438
55446
55473
55492
55507
55527
55544
55551
55570
55587
55602
55617
55633
55642
55661
55674
55683
55695
55714
55721
55727
55736
55747
55757
55768
55785
55796
55816
55835
55847
55861
55876
55885
55890
55903
55919
55933
55947
55965
55977
55991
56005
56025
56040
56046
56064
56097
56115
56127
56136
56161
56172
56206
56220
56226
56248
56266
56275
56291
56302
56316
56336
56364
56376
56397
56418
56439
56452
56467
56479
56497
56517
56531
56539
56552
56557
56569
56575
56580
56594
56622
56629
56645
56652
56669
56700
56710
56734
56753
56774
56783
56801
56819
56829
56838
56854
56875
56883
56893
56903
56913
56939
56966
56989
57005
57024
57041
57048
57067
57081
57091
57099
57105
57115
57146
57156
57183
57193
57200
57211
57237
57248
57264
57273
57298
57316
57328
57349
57356
57367
57386
57413
57430
57453
57461
57472
57495
57509
57515
57527
57549
57560
57590
57599
57606
57632
57642
57666
57678
57704
57714
57726
57739
57753
57759
57770
57788
57798
57818
57828
57850
57861
57881
57894
57903
57914
57924
57948
57967
57973
57991
58000
58008
58021
58051
58073
58085
58093
58104
58114
58129
58140
58160
58172
58183
58212
58226
58246
58253
58275
58303
58320
58336
58341
58358
58372
58395
58413
58430
58439
58471
58488
58503
58519
58527
58543
58558
58580
58595
58613
58627
58637
58670
58676
58688
58695
58713
58724
58731
58740
58751
58774
58780
58793
58812
58819
58824
58841
58855
58863
58889
58897
58907
58918
58932
58946
58957
58967
58988
58995
59015
59043
59055
59070
59084
59091
59100
59115
59132
59142
59157
59170
59176
59192
59205
59214
59229
59261
59281
59297
59314
59331
59346
59369
59381
59400
59406
59445
59460
59471
59489
59502
59511
59520
59537
59544
59552
59590
59596
59604
59630
59647
59667
59673
59683
59704
59711
59734
59740
59753
59767
59792
59803
59808
59827
59841
59855
59880
59890
59902
59929
59938
59951
59968
59978
59992
60004
60019
60037
60047
60058
60069
