Primero viene la cantidad (n) de timestamps para ambos, luego n líneas que son un timestamp aproximado cada uno separado por una coma (',') del error, y luego n lineas de las transacciones del sospechoso
4505
1,0
10,4
26,7
39,2
48,3
64,9
85,8
105,8
124,6
140,5
150,1
163,7
181,7
201,8
219,5
234,6
249,4
260,2
273,6
292,9
309,4
321,3
331,2
347,9
369,8
385,3
394,1
400,1
408,3
418,3
435,10
459,10
474,1
480,1
495,9
515,6
530,4
545,7
564,8
585,8
601,4
611,1
618,2
633,8
649,3
659,2
666,0
679,8
697,5
713,7
725,0
738,9
761,10
776,0
783,3
801,10
819,3
829,2
844,9
866,9
880,0
886,1
901,9
915,1
925,5
936,2
948,5
960,3
971,3
982,3
999,9
1018,5
1035,7
1048,2
1062,7
1082,9
1103,7
1124,10
1139,0
1148,4
1162,6
1180,8
1195,3
1206,4
1225,10
1246,7
1259,2
1274,9
1291,3
1309,10
1329,6
1342,2
1353,5
1366,4
1375,1
1381,0
1394,8
1410,4
1427,8
1441,1
1450,3
1466,9
1487,7
1506,7
1520,2
1535,8
1551,3
1565,7
1578,1
1585,1
1593,3
1606,5
1618,2
1635,10
1650,1
1665,10
1680,1
1695,10
1716,6
1733,7
1750,6
1765,4
1782,8
1798,4
1809,2
1817,2
1824,1
1833,4
1844,3
1857,6
1876,9
1894,5
1909,6
1928,9
1945,4
1962,9
1976,0
1989,8
2003,2
2012,3
2023,3
2032,2
2042,3
2055,6
2074,8
2097,10
2120,9
2140,7
2155,4
2174,10
2191,3
2200,2
2217,10
2239,8
2258,7
2276,6
2295,8
2313,6
2331,7
2348,6
2368,10
2385,3
2393,1
2405,6
2426,10
2448,8
2461,0
2469,3
2486,9
2500,0
2512,7
2525,1
2538,7
2558,9
2575,4
2585,2
2598,6
2617,9
2636,6
2655,9
2671,2
2683,6
2697,4
2716,10
2739,9
2763,10
2787,10
2802,1
2813,5
2829,6
2841,2
2851,3
2864,6
2884,9
2904,7
2920,4
2938,9
2959,8
2972,0
2979,3
2996,9
3013,3
3026,6
3041,4
3052,3
3060,0
3075,10
3097,7
3112,4
3126,5
3142,7
3159,6
3178,8
3193,3
3202,1
3214,6
3225,1
3235,4
3248,5
3265,7
3279,3
3291,5
3303,3
3317,7
3336,7
3355,7
3374,8
3389,3
3403,7
3423,8
3444,9
3465,8
3479,1
3491,6
3508,7
3528,9
3542,1
3552,4
3564,4
3582,10
3601,4
3619,10
3635,1
3650,10
3665,1
3676,5
3689,4
3704,6
3724,9
3747,9
3761,0
3771,5
3784,4
3793,0
3798,1
3812,9
3829,4
3843,5
3853,0
3860,2
3870,3
3888,10
3905,3
3922,10
3944,7
3959,3
3971,5
3983,3
3991,0
4003,8
4016,0
4027,6
4038,1
4053,10
4072,5
4084,2
4093,2
4104,5
4118,4
4136,9
4158,8
4177,6
4197,9
4216,5
4226,1
4240,9
4255,1
4266,5
4279,4
4296,9
4312,2
4327,9
4348,8
4363,2
4376,7
4398,10
4416,4
4431,6
4445,3
4458,6
4469,1
4482,7
4499,6
4517,7
4538,9
4558,7
4578,9
4600,9
4614,1
4620,1
4635,10
4657,7
4671,2
4685,8
4704,7
4719,3
4729,3
4741,5
4754,3
4769,7
4781,1
4791,4
4807,7
4827,8
4848,9
4868,6
4880,1
4890,5
4908,8
4924,3
4940,9
4959,5
4970,1
4984,9
5004,6
5015,1
5025,4
5039,5
5057,8
5074,5
5084,0
5091,3
5099,0
5113,10
5135,7
5152,6
5167,4
5185,10
5200,0
5213,8
5232,7
5247,4
5263,7
5275,0
5288,9
5309,7
5330,10
5346,2
5359,7
5381,10
5402,7
5424,10
5446,7
5463,5
5475,3
5488,5
5505,7
5523,7
5537,2
5550,7
5570,9
5591,7
5607,5
5618,2
5634,9
5655,8
5670,2
5683,7
5701,7
5718,6
5736,7
5753,5
5771,9
5791,6
5806,4
5817,3
5829,5
5840,1
5848,3
5859,3
5874,8
5888,1
5898,4
5912,6
5931,8
5954,10
5969,1
5984,9
6005,7
6021,5
6033,2
6048,8
6066,6
6078,1
6085,1
6096,5
6111,5
6125,4
6142,8
6158,3
6166,1
6179,7
6198,8
6215,4
6233,10
6252,5
6269,8
6290,9
6310,7
6331,9
6347,3
6356,2
6364,1
6380,10
6404,10
6425,7
6446,10
6469,9
6490,7
6503,2
6512,2
6525,6
6537,2
6546,3
6559,6
6576,6
6592,6
6603,0
6610,2
6623,7
6637,2
6644,1
6658,8
6671,1
6685,8
6707,10
6730,9
6754,10
6770,1
6781,5
6801,10
6824,8
6837,0
6844,2
6856,6
6872,5
6884,2
6895,4
6909,5
6923,4
6934,3
6943,1
6955,6
6966,1
6976,5
6990,5
7009,9
7028,5
7046,9
7068,8
7082,2
7096,8
7114,5
7131,7
7146,3
7161,8
7183,10
7206,8
7227,9
7250,10
7267,2
7284,10
7308,9
7323,2
7339,9
7361,8
7376,3
7391,8
7407,3
7424,10
7447,9
7466,6
7480,3
7495,8
7512,4
7525,4
7540,6
7558,7
7574,5
7592,9
7615,10
7635,6
7654,8
7675,8
7689,2
7704,8
7722,5
7734,3
7750,9
7769,6
7782,3
7791,2
7807,10
7822,0
7835,9
7851,3
7869,10
7884,0
7894,6
7906,2
7921,8
7938,5
7957,10
7979,7
7994,4
8008,5
8024,6
8040,5
8054,4
8064,1
8071,1
8087,10
8105,4
8115,2
8126,5
8138,3
8147,2
8163,9
8184,8
8200,4
8213,5
8231,9
8246,1
8258,7
8280,10
8299,4
8311,3
8319,0
8331,8
8345,2
8361,9
8377,3
8394,9
8416,8
8433,5
8443,1
8455,7
8474,8
8492,5
8503,2
8520,10
8537,2
8547,3
8564,9
8582,5
8593,2
8606,7
8628,10
8648,5
8663,5
8674,1
8686,7
8698,0
8710,8
8724,2
8739,8
8759,8
8781,10
8801,5
8816,5
8833,8
8848,3
8861,5
8871,1
8878,1
8888,5
8906,8
8926,7
8944,6
8956,2
8965,3
8975,2
8985,4
8997,4
9006,0
9018,8
9036,6
9049,2
9065,10
9082,2
9095,7
9107,0
9120,8
9137,5
9153,7
9168,3
9186,10
9205,4
9214,0
9221,3
9237,9
9254,3
9265,3
9278,6
9292,3
9304,4
9321,8
9336,3
9349,6
9363,3
9376,6
9388,1
9394,1
9408,8
9428,8
9444,3
9458,6
9473,5
9483,1
9491,3
9500,1
9511,6
9525,3
9539,6
9550,1
9561,5
9572,1
9583,5
9594,2
9608,8
9622,2
9630,2
9637,1
9646,3
9662,9
9676,1
9683,1
9696,8
9717,8
9734,5
9751,8
9770,6
9789,8
9811,9
9828,3
9839,3
9852,5
9862,1
9876,8
9896,7
9909,1
9924,9
9941,3
9956,7
9973,6
9985,1
9995,4
10007,3
10024,10
10040,2
10055,9
10072,3
10081,1
10090,3
10100,3
10111,3
10119,0
10128,5
10148,10
10167,5
10185,9
10204,6
10216,1
10230,9
10245,2
10262,10
10286,9
10303,3
10319,9
10341,9
10356,2
10369,6
10389,9
10413,10
10436,8
10450,2
10460,4
10478,9
10500,8
10521,8
10535,1
10545,5
10560,6
10574,4
10587,5
10600,4
10612,3
10630,10
10647,3
10662,8
10680,6
10699,8
10715,3
10726,4
10741,6
10759,8
10780,9
10801,7
10813,1
10826,8
10842,3
10857,7
10876,8
10891,3
10901,3
10912,3
10921,1
10936,9
10957,8
10978,8
10992,1
11004,7
11020,4
11032,4
11051,10
11074,9
11095,8
11114,6
11131,6
11146,5
11162,7
11182,8
11204,10
11223,5
11243,10
11262,4
11272,1
11279,1
11288,3
11299,3
11311,4
11320,0
11326,1
11333,2
11347,7
11359,1
11365,1
11379,9
11395,2
11410,8
11423,1
11432,3
11445,5
11457,2
11465,1
11477,6
11498,10
11517,4
11529,4
11547,9
11562,1
11577,10
11600,9
11621,8
11637,4
11654,8
11675,8
11689,2
11696,0
11706,5
11718,2
11734,9
11757,10
11782,10
11807,10
11825,4
11834,0
11847,8
11860,1
11869,4
11885,8
11901,4
11920,10
11942,8
11959,4
11977,10
11995,4
12006,2
12013,1
12023,5
12042,10
12057,1
12071,9
12091,7
12112,10
12130,3
12144,7
12161,5
12181,10
12203,8
12222,6
12235,2
12248,7
12265,5
12283,9
12299,3
12316,10
12339,8
12354,2
12370,9
12384,0
12398,9
12417,5
12431,5
12445,5
12461,6
12478,7
12496,7
12514,6
12528,4
12543,7
12561,6
12573,1
12586,7
12602,4
12612,2
12627,9
12641,1
12647,0
12656,5
12670,5
12689,9
12704,2
12713,3
12731,10
12747,2
12756,2
12763,0
12773,6
12790,7
12808,7
12825,5
12836,2
12846,4
12855,0
12865,6
12882,6
12896,4
12914,10
12933,5
12951,9
12967,3
12975,1
12987,6
12999,2
13012,7
13025,1
13040,10
13061,6
13072,0
13079,3
13091,5
13110,9
13131,8
13153,10
13170,3
13183,5
13201,8
13218,5
13228,0
13237,5
13253,7
13265,0
13278,8
13300,9
13320,6
13331,1
13339,2
13354,8
13369,2
13378,3
13386,0
13399,9
13423,10
13448,10
13464,2
13474,4
13492,9
13510,4
13527,9
13550,9
13569,5
13588,9
13607,6
13626,8
13641,3
13649,0
13659,5
13678,9
13694,2
13709,9
13724,1
13733,4
13745,3
13762,9
13784,9
13805,7
13826,10
13842,1
13849,2
13864,8
13881,5
13893,3
13901,1
13912,5
13923,1
13930,1
13940,4
13950,2
13963,7
13980,6
13994,3
14005,3
14023,10
14038,0
14047,5
14066,9
14084,5
14100,7
14116,5
14133,8
14150,4
14166,8
14183,4
14195,4
14208,4
14222,5
14233,2
14246,7
14265,8
14279,2
14290,5
14300,1
14314,8
14335,8
14350,3
14368,10
14385,2
14399,8
14420,8
14436,4
14449,4
14459,2
14470,4
14481,3
14492,3
14506,6
14517,0
14527,6
14544,7
14557,2
14567,3
14576,1
14591,10
14613,8
14630,4
14641,2
14652,5
14666,4
14681,6
14699,7
14720,9
14737,4
14747,2
14760,7
14775,3
14789,7
14804,4
14821,8
14840,6
14857,7
14876,7
14894,7
14913,8
14930,4
14948,10
14966,3
14974,0
14980,1
14992,7
15011,7
15027,4
15044,8
15064,8
15077,1
15093,10
15113,5
15130,7
15150,8
15170,7
15189,8
15208,7
15227,7
15245,6
15256,1
15262,1
15277,10
15296,5
15306,0
15317,7
15335,7
15354,7
15372,6
15389,7
15410,10
15435,10
15454,5
15473,9
15496,10
15511,0
15521,6
15535,4
15550,6
15565,4
15580,6
15597,7
15615,7
15631,5
15641,0
15651,6
15662,1
15677,10
15697,6
15716,9
15736,7
15748,1
15757,3
15770,5
15788,8
15809,9
15830,8
15848,5
15864,6
15879,4
15891,3
15901,3
15910,2
15924,7
15938,3
15954,9
15971,4
15984,5
16001,8
16019,6
16039,10
16062,8
16075,0
16087,8
16104,4
16117,4
16127,1
16135,2
16148,7
16161,1
16174,7
16187,1
16195,2
16206,4
16221,6
16240,8
16261,9
16285,10
16300,1
16308,2
16321,7
16334,2
16348,7
16367,7
16384,5
16399,6
16420,10
16435,1
16445,5
16461,6
16476,5
16490,4
16501,3
16510,2
16517,0
16526,5
16541,6
16556,4
16567,2
16574,1
16586,7
16606,9
16622,2
16632,4
16641,0
16654,9
16675,7
16694,8
16710,3
16718,1
16730,7
16745,3
16762,10
16782,5
16796,4
16805,0
16815,5
16826,2
16840,8
16861,9
16881,7
16897,5
16910,3
16919,1
16934,10
16950,1
16956,1
16971,10
16987,2
17002,8
17019,4
17029,2
17038,2
17053,8
17070,5
17085,6
17104,9
17123,5
17135,3
17145,3
17153,0
17165,7
17180,4
17198,9
17212,0
17217,1
17233,10
17258,10
17277,5
17297,10
17321,9
17337,3
17349,5
17366,8
17387,9
17407,7
17423,4
17434,3
17451,9
17473,8
17492,6
17512,10
17529,2
17536,0
17545,4
17562,9
17582,6
17596,4
17614,10
17638,10
17662,10
17677,0
17682,0
17690,3
17700,2
17710,3
17726,8
17742,4
17760,9
17777,4
17787,1
17795,3
17811,8
17831,8
17853,10
17878,10
17895,2
17909,8
17929,8
17949,8
17970,9
17985,2
17997,6
18011,3
18024,5
18037,3
18054,10
18075,7
18096,10
18117,7
18138,9
18152,1
18165,7
18177,1
18185,3
18200,8
18223,10
18248,10
18264,2
18279,8
18294,3
18304,2
18321,10
18337,1
18347,4
18364,8
18383,6
18394,0
18409,10
18431,8
18447,3
18465,10
18485,6
18499,3
18515,9
18531,3
18542,3
18551,1
18563,6
18584,10
18609,10
18625,1
18633,2
18646,6
18658,1
18672,8
18693,9
18716,10
18733,3
18741,0
18749,4
18761,4
18773,4
18792,10
18814,8
18828,1
18841,8
18858,4
18877,10
18895,3
18907,4
18918,2
18926,2
18934,2
18944,3
18955,3
18971,9
18985,1
18998,8
19021,10
19041,5
19058,7
19079,9
19096,4
19107,2
19121,7
19133,0
19146,9
19162,2
19172,4
19182,1
19190,3
19198,0
19209,7
19227,7
19247,8
19260,1
19270,5
19280,0
19287,2
19298,4
19313,7
19334,10
19357,8
19371,1
19384,7
19404,9
19418,1
19429,5
19443,4
19460,9
19482,9
19501,5
19511,0
19518,2
19525,1
19538,7
19552,3
19561,2
19572,4
19587,6
19605,7
19617,0
19627,5
19646,9
19667,8
19681,2
19692,5
19710,8
19726,3
19739,5
19752,3
19768,8
19782,2
19790,2
19797,0
19805,3
19820,8
19836,4
19848,3
19860,5
19871,1
19883,7
19898,3
19909,4
19918,0
19927,4
19937,1
19953,10
19969,2
19980,5
19990,0
19997,3
20014,10
20032,3
20048,8
20062,1
20068,0
20073,0
20081,3
20093,4
20103,1
20114,6
20125,0
20131,2
20146,9
20166,7
20186,8
20206,7
20227,10
20242,1
20255,8
20274,6
20291,6
20303,2
20318,8
20339,9
20357,5
20368,2
20377,3
20386,2
20401,8
20423,10
20445,8
20460,3
20474,7
20491,5
20508,8
20531,10
20553,7
20566,1
20579,7
20599,8
20618,6
20635,7
20650,4
20661,3
20675,6
20694,8
20710,3
20719,1
20730,6
20749,8
20769,7
20781,0
20796,10
20820,10
20836,1
20851,9
20865,0
20874,4
20888,6
20905,6
20926,10
20947,7
20966,8
20985,7
20999,3
21009,3
21026,9
21048,8
21067,6
21081,3
21094,5
21113,10
21135,8
21152,4
21161,0
21169,4
21184,6
21201,6
21219,8
21239,7
21259,9
21273,0
21288,10
21307,5
21322,6
21335,3
21346,3
21360,6
21372,1
21381,4
21395,6
21410,4
21420,2
21436,10
21451,0
21462,7
21481,8
21495,1
21502,1
21508,1
21517,4
21534,8
21554,8
21573,7
21591,7
21606,4
21616,1
21629,7
21642,2
21653,5
21664,2
21680,9
21694,1
21706,7
21723,6
21737,3
21752,8
21768,3
21778,3
21793,8
21812,7
21833,9
21850,3
21859,2
21874,8
21891,4
21900,1
21915,9
21930,1
21945,9
21965,7
21984,7
22003,7
22022,7
22036,2
22051,9
22074,9
22088,0
22102,10
22124,7
22137,1
22148,5
22161,4
22171,1
22186,9
22202,2
22213,4
22224,2
22239,9
22254,1
22261,2
22275,7
22288,2
22297,3
22310,5
22330,10
22349,4
22364,7
22377,1
22390,7
22411,9
22430,6
22444,4
22455,2
22462,1
22470,2
22486,10
22501,0
22508,2
22521,6
22535,3
22547,4
22557,1
22568,5
22586,8
22600,1
22608,3
22617,1
22626,4
22642,8
22655,1
22669,8
22689,7
22710,10
22729,5
22742,4
22754,3
22764,2
22772,1
22778,0
22783,0
22791,3
22808,10
22831,8
22853,10
22875,8
22896,9
22914,4
22930,8
22944,2
22960,10
22982,8
23002,7
23016,2
23023,0
23035,7
23057,10
23077,5
23093,6
23112,8
23132,7
23148,5
23167,9
23186,5
23200,4
23217,8
23232,3
23244,4
23259,6
23276,7
23290,2
23305,9
23319,0
23333,9
23351,4
23360,0
23366,1
23372,0
23383,6
23394,1
23402,2
23416,8
23431,2
23444,7
23456,0
23463,2
23479,10
23499,6
23517,7
23535,7
23552,6
23567,4
23585,9
23602,4
23619,8
23639,7
23651,1
23657,1
23663,1
23671,3
23682,3
23693,3
23709,8
23726,5
23736,1
23745,4
23762,8
23776,1
23788,6
23806,8
23827,9
23841,0
23855,10
23879,10
23901,8
23916,3
23924,0
23935,6
23953,7
23971,6
23983,2
23991,1
24004,8
24018,2
24025,0
24033,4
24050,9
24070,6
24085,4
24101,8
24118,5
24129,2
24136,1
24147,6
24165,8
24183,5
24198,5
24215,8
24233,6
24254,10
24274,5
24293,10
24316,8
24331,2
24338,0
24345,2
24354,3
24370,8
24389,6
24403,3
24414,3
24429,8
24446,5
24465,10
24482,3
24495,5
24505,1
24514,3
24523,2
24531,1
24541,5
24560,10
24577,2
24591,8
24613,9
24632,6
24652,9
24667,2
24676,3
24686,3
24695,1
24703,2
24710,1
24724,8
24742,5
24761,9
24778,3
24792,7
24812,8
24831,6
24850,9
24866,2
24874,1
24888,8
24908,7
24921,2
24937,10
24957,5
24971,4
24987,8
25009,9
25031,9
25053,8
25070,4
25082,3
25094,5
25111,7
25127,4
25137,1
25145,3
25162,10
25185,9
25202,3
25216,7
25235,8
25250,2
25265,8
25283,6
25300,7
25318,6
25336,7
25351,4
25360,0
25372,8
25387,2
25396,2
25404,1
25414,5
25430,6
25443,3
25457,7
25470,2
25482,6
25496,4
25507,3
25523,8
25540,4
25558,9
25578,6
25591,3
25606,8
25627,9
25641,0
25647,2
25663,9
25679,2
25687,1
25694,1
25703,4
25714,2
25721,0
25733,8
25753,8
25774,9
25794,7
25810,4
25825,7
25846,10
25870,9
25885,1
25900,10
25919,5
25932,3
25940,0
25954,9
25977,9
25999,9
26013,1
26025,6
26043,7
26060,6
26071,0
26076,1
26088,7
26100,0
26110,5
26123,3
26132,1
26144,7
26162,6
26177,4
26196,10
26212,2
26223,4
26236,5
26250,5
26265,5
26282,7
26298,5
26312,5
26327,5
26344,7
26361,5
26371,1
26378,1
26389,6
26403,3
26420,9
26435,2
26447,6
26460,2
26468,2
26476,1
26484,3
26494,2
26504,4
26517,5
26534,8
26550,3
26560,2
26567,0
26578,7
26600,10
26619,4
26630,2
26639,3
26654,8
26675,9
26693,4
26706,4
26715,0
26726,7
26742,5
26754,3
26766,5
26786,10
26809,8
26829,8
26846,5
26859,3
26870,3
26881,4
26891,2
26903,6
26919,5
26939,10
26959,5
26977,8
26996,6
27015,9
27038,10
27057,5
27077,10
27098,6
27113,5
27133,10
27157,9
27178,7
27194,4
27205,3
27218,5
27231,4
27245,6
27259,3
27275,8
27298,10
27313,0
27322,5
27334,3
27345,3
27358,5
27368,0
27379,6
27391,1
27401,5
27417,7
27430,1
27438,2
27452,8
27469,4
27479,2
27491,6
27504,2
27514,4
27532,10
27549,3
27557,0
27565,3
27580,7
27597,5
27613,7
27628,4
27644,7
27659,3
27676,9
27698,8
27715,4
27725,1
27741,10
27765,10
27787,7
27802,3
27810,0
27822,8
27839,4
27855,7
27875,9
27889,0
27903,10
27928,10
27943,0
27948,1
27954,0
27967,8
27987,7
28006,7
28022,5
28032,1
28043,6
28055,2
28063,2
28073,3
28087,6
28098,1
28106,3
28119,5
28130,2
28147,10
28167,5
28178,1
28191,7
28210,8
28226,4
28242,7
28255,2
28270,8
28288,5
28306,8
28327,9
28348,8
28369,8
28389,7
28404,3
28412,1
28426,8
28448,10
28469,6
28481,2
28495,7
28512,6
28530,8
28543,1
28552,4
28568,7
28590,10
28607,3
28620,6
28637,6
28656,8
28676,8
28690,1
28705,9
28727,8
28742,2
28755,7
28768,2
28780,5
28793,4
28808,6
28824,5
28839,5
28853,5
28863,1
28873,5
28887,4
28898,2
28909,5
28928,9
28946,4
28959,5
28973,4
28986,5
29004,8
29024,7
29038,3
29048,2
29058,4
29071,4
29085,6
29101,6
29118,7
29134,5
29148,4
29166,9
29182,2
29190,1
29203,7
29221,6
29232,0
29242,5
29253,2
29270,10
29285,1
29295,5
29310,5
29326,6
29347,10
29365,4
29374,1
29380,0
29387,3
29395,0
29401,2
29411,3
29427,8
29445,6
29466,10
29488,8
29508,7
29524,4
29541,9
29559,5
29577,8
29595,6
29610,4
29624,6
29640,6
29657,6
29672,5
29690,8
29710,8
29728,6
29748,10
29767,4
29783,8
29796,0
29802,1
29813,6
29829,5
29849,10
29874,10
29892,4
29910,10
29926,1
29938,7
29955,6
29970,4
29982,3
29998,9
30019,7
30033,2
30041,2
30048,0
30060,8
30081,8
30099,6
30110,1
30123,7
30141,6
30154,3
30164,3
30181,9
30203,9
30225,9
30240,2
30250,4
30262,3
30277,7
30297,9
30311,0
30323,7
30342,7
30362,9
30380,5
30397,8
30418,9
30434,3
30447,6
30459,2
30476,10
30496,5
30510,4
30524,6
30541,6
30552,1
30560,3
30576,8
30592,3
30607,8
30627,8
30640,0
30653,8
30667,1
30676,3
30691,8
30711,7
30729,6
30745,6
30765,10
30790,10
30807,2
30820,7
30832,1
30848,10
30864,1
30874,5
30894,10
30911,3
30928,10
30951,9
30968,4
30978,1
30994,10
31017,8
31036,6
31055,8
31074,6
31087,3
31100,5
31112,2
31124,6
31135,1
31142,2
31151,2
31167,10
31186,5
31198,2
31205,1
31220,10
31236,2
31244,1
31256,6
31273,7
31285,0
31297,7
31309,1
31322,8
31344,10
31368,9
31390,9
31411,8
31426,3
31441,7
31453,0
31459,2
31476,10
31496,5
31507,1
31516,3
31525,2
31536,5
31553,7
31573,9
31591,4
31606,6
31621,4
31630,1
31640,5
31655,6
31670,5
31681,1
31692,6
31704,1
31717,7
31734,5
31748,5
31768,10
31783,0
31793,6
31804,1
31813,3
31826,5
31837,1
31846,4
31856,2
31871,9
31892,8
31905,1
31913,3
31929,8
31951,9
31970,5
31981,1
31987,1
32002,9
32021,6
32033,2
32047,7
32060,1
32067,1
32074,1
32089,10
32112,9
32131,5
32142,1
32154,7
32171,5
32184,4
32202,10
32222,5
32232,0
32243,6
32264,10
32289,10
32313,9
32333,6
32348,4
32362,6
32381,9
32404,9
32419,2
32435,10
32455,6
32470,5
32486,6
32497,1
32505,2
32519,7
32538,8
32560,10
32579,5
32591,2
32602,5
32620,9
32641,7
32662,10
32682,5
32696,4
32707,2
32716,3
32730,7
32746,5
32765,9
32779,0
32792,8
32805,1
32811,0
32818,3
32829,4
32838,1
32847,3
32856,1
32869,7
32882,1
32893,5
32912,10
32928,1
32942,9
32956,0
32963,2
32977,7
32996,7
33012,5
33032,10
33051,5
33062,2
33071,2
33083,6
33098,4
33111,5
33127,6
33147,9
33166,6
33180,3
33190,2
33203,7
33215,1
33222,1
33235,8
33254,6
33272,7
33294,10
33318,10
33342,9
33360,5
33370,0
33381,6
33394,3
33403,2
33410,1
33424,9
33441,4
33450,0
33464,10
33489,10
33508,5
33524,6
33537,2
33550,6
33569,8
33584,2
33598,8
33619,8
33641,9
33656,1
33670,9
33688,5
33704,7
33720,4
33737,8
33752,2
33769,10
33786,2
33793,0
33802,4
33813,2
33822,2
33832,4
33845,4
33857,3
33875,10
33890,1
33900,5
33913,3
33931,10
33954,8
33976,10
34001,10
34017,1
34026,4
34038,4
34054,7
34075,9
34090,1
34103,7
34118,3
34132,6
34143,0
34151,3
34169,10
34187,4
34204,9
34221,4
34240,10
34265,10
34280,0
34291,6
34306,5
34325,10
34341,2
34355,8
34377,10
34395,4
34407,4
34425,10
34449,9
34469,6
34484,4
34493,1
34505,7
34518,2
34527,2
34542,8
34565,10
34583,3
34594,3
34612,10
34633,6
34652,9
34676,10
34694,4
34713,10
34733,5
34744,1
34754,4
34763,1
34776,8
34791,3
34799,0
34804,0
34818,10
34839,7
34861,10
34883,7
34899,5
34913,5
34925,2
34942,10
34965,9
34985,6
35001,6
35019,7
35036,5
35047,1
35053,0
35065,8
35079,2
35093,7
35106,1
35113,2
35124,4
35140,7
35152,0
35157,1
35168,6
35182,3
35193,4
35208,7
35228,8
35250,10
35265,0
35274,4
35292,10
35307,1
35314,1
35320,1
35328,2
35339,5
35356,7
35369,2
35379,4
35391,3
35399,0
35404,1
35416,7
35430,2
35441,4
35452,3
35462,2
35474,5
35484,1
35492,3
35506,6
35526,9
35547,7
35563,5
35576,4
35594,10
35610,1
35618,3
35626,1
35638,7
35659,10
35678,4
35696,10
35716,6
35736,10
35759,8
35781,9
35804,10
35827,8
35842,3
35853,4
35866,4
35882,8
35897,3
35905,1
35912,2
35922,3
35936,6
35952,6
35968,6
35985,7
36005,8
36025,8
36040,3
36050,3
36068,10
36086,4
36104,10
36122,4
36135,5
36154,9
36172,4
36181,1
36189,3
36201,5
36214,4
36224,2
36240,9
36263,10
36287,10
36303,2
36316,6
36330,3
36343,5
36353,1
36362,4
36376,5
36386,0
36399,9
36416,4
36426,2
36436,4
36452,8
36465,1
36476,6
36491,4
36502,2
36511,3
36526,7
36547,10
36571,10
36596,10
36621,10
36642,6
36656,3
36666,3
36684,10
36702,4
36716,6
36732,5
36747,5
36760,4
36772,4
36784,3
36798,7
36815,5
36828,3
36845,10
36870,10
36885,0
36897,7
36914,5
36930,6
36945,5
36956,2
36970,8
36985,2
37001,9
37015,0
37030,10
37055,10
37079,10
37094,1
37100,0
37114,9
37128,0
37140,8
37160,7
37180,9
37203,10
37223,6
37242,9
37264,9
37286,8
37305,6
37322,6
37338,5
37355,8
37371,3
37383,4
37400,8
37422,9
37445,9
37467,9
37489,8
37502,0
37517,10
37536,4
37549,4
37565,7
37582,6
37594,1
37601,2
37618,10
37636,3
37652,8
37666,2
37683,10
37703,6
37723,9
37737,1
37745,3
37753,0
37762,4
37773,2
37784,4
37798,6
37811,2
37828,10
37848,5
37868,10
37887,5
37900,4
37916,7
37932,4
37944,4
37957,5
37977,10
37996,5
38010,5
38025,5
38038,4
38056,10
38072,2
38084,5
38101,7
38116,4
38125,0
38138,8
38160,10
38177,3
38195,10
38212,3
38222,3
38240,10
38264,9
38281,4
38298,9
38314,3
38327,5
38337,1
38351,8
38374,10
38392,4
38405,4
38423,10
38441,4
38456,7
38471,3
38481,3
38497,9
38518,7
38539,9
38554,2
38563,3
38574,4
38590,8
38613,10
38630,3
38640,3
38651,4
38667,8
38681,1
38696,9
38713,4
38725,4
38739,6
38757,8
38773,3
38781,1
38789,2
38796,1
38806,5
38826,10
38842,1
38849,2
38858,2
38866,2
38877,5
38891,5
38904,4
38914,2
38924,3
38938,6
38957,8
38971,1
38987,10
39005,4
39017,4
39032,6
39046,4
39064,10
39088,9
39102,1
39111,4
39123,4
39138,6
39155,7
39176,10
39195,4
39208,5
39223,6
39234,1
39243,4
39255,4
39265,2
39282,10
39300,4
39317,8
39340,10
39355,0
39369,9
39392,10
39416,9
39436,6
39456,10
39474,3
39483,1
39490,2
39497,1
39507,5
39522,6
39535,3
39549,6
39562,3
39577,8
39597,8
39620,10
39644,9
39664,6
39679,5
39690,1
39697,2
39708,4
39720,4
39731,2
39746,8
39761,2
39770,3
39788,10
39805,3
39813,0
39823,5
39833,1
39846,8
39861,3
39871,3
39888,10
39908,5
39927,10
39946,4
39958,3
39975,9
39999,10
40018,4
40033,6
40052,8
40066,2
40073,1
40080,2
40089,2
40104,9
40120,2
40130,4
40143,5
40159,6
40174,4
40188,6
40209,10
40230,7
40242,1
40254,6
40271,7
40290,7
40304,3
40316,4
40329,5
40340,1
40350,4
40360,2
40375,8
40395,8
40417,9
40435,5
40450,6
40471,10
40493,7
40513,9
40532,6
40547,4
40558,2
40575,10
40597,8
40617,7
40637,8
40659,9
40681,8
40695,1
40701,0
40712,7
40733,9
40748,1
40755,1
40766,5
40781,5
40795,5
40806,2
40817,5
40829,3
40837,0
40842,0
40849,3
40862,6
40877,4
40890,4
40899,1
40907,3
40915,1
40927,7
40939,0
40951,8
40970,6
40991,10
41009,3
41017,1
41028,6
41040,2
41053,7
41067,2
41076,2
41087,4
41101,5
41114,3
41128,6
41148,10
41165,3
41175,2
41182,0
41194,7
41211,5
41224,4
41235,3
41243,1
41251,3
41264,5
41275,2
41282,1
41297,10
41314,3
41325,3
41333,1
41342,4
41358,7
41372,3
41388,8
41409,8
41423,1
41431,3
41439,0
41448,4
41461,4
41476,7
41497,9
41513,2
41520,0
41534,9
41548,1
41560,7
41582,10
41603,6
41623,9
41639,3
41647,1
41655,2
41670,9
41687,3
41696,1
41710,9
41733,10
41749,1
41759,5
41771,2
41780,3
41798,10
41822,9
41843,7
41863,8
41876,1
41885,3
41897,4
41910,5
41921,2
41934,7
41953,8
41975,10
41990,0
42002,8
42020,5
42034,5
42053,10
42073,5
42089,6
42101,2
42111,3
42127,8
42146,6
42160,4
42174,5
42184,0
42189,0
42197,3
42210,5
42220,1
42227,2
42241,7
42255,2
42263,2
42272,3
42280,0
42288,4
42304,7
42325,9
42342,3
42355,5
42373,9
42392,6
42408,5
42421,4
42435,5
42453,8
42469,3
42479,2
42493,8
42516,10
42540,10
42558,3
42567,2
42576,2
42587,4
42596,1
42606,4
42619,4
42629,1
42642,7
42659,5
42671,2
42683,6
42699,6
42710,0
42725,10
42740,0
42748,3
42764,9
42779,2
42795,9
42810,2
42822,5
42837,6
42848,1
42856,3
42872,9
42894,9
42915,8
42929,2
42944,9
42966,8
42986,8
42999,1
43009,4
43023,5
43042,9
43058,3
43066,0
43080,10
43096,2
43104,2
43117,6
43130,3
43144,6
43164,10
43187,8
43206,6
43217,0
43226,5
43238,2
43254,10
43270,1
43276,1
43291,9
43310,5
43321,1
43335,9
43354,5
43371,8
43387,3
43395,1
43409,8
43429,7
43444,4
43453,0
43465,7
43483,7
43499,4
43510,2
43524,8
43539,3
43551,4
43567,7
43581,2
43592,5
43609,7
43630,9
43645,1
43654,4
43671,8
43686,2
43701,9
43717,3
43729,4
43743,6
43757,3
43774,9
43792,4
43804,4
43822,9
43836,1
43843,1
43857,9
43876,6
43896,10
43919,9
43936,3
43946,2
43955,2
43964,3
43975,4
43987,4
44005,9
44021,2
44031,3
44048,9
44067,5
44082,6
44093,0
44106,8
44119,0
44127,4
44139,4
44157,10
44181,9
44201,7
44222,9
44238,2
44247,2
44255,2
44272,10
44296,10
44314,4
44331,8
44349,6
44368,8
44385,5
44405,10
44424,5
44442,9
44460,5
44471,2
44484,6
44500,6
44515,4
44529,5
44548,10
44564,1
44577,7
44598,9
44616,4
44628,3
44640,4
44657,9
44677,7
44690,2
44697,0
44705,4
44721,8
44739,5
44756,8
44774,6
44787,2
44797,4
44813,7
44825,0
44839,9
44854,2
44865,5
44881,6
44896,5
44911,5
44925,5
44942,8
44961,6
44973,1
44980,1
44987,2
44999,5
45014,5
45024,1
45040,10
45058,3
45070,4
45088,10
45104,2
45116,6
45129,2
45137,1
45146,4
45163,9
45181,4
45194,5
45209,6
45223,4
45235,3
45248,6
45263,4
45275,3
45283,0
45290,3
45308,10
45327,5
45344,8
45362,5
45379,7
45399,9
45418,5
45430,3
45441,3
45453,4
45470,9
45486,2
45499,7
45511,0
45521,5
45539,8
45555,4
45573,10
45595,7
45611,4
45620,0
45630,6
45650,9
45667,4
45684,8
45700,3
45716,8
45733,4
45742,1
45758,10
45780,8
45795,2
45812,10
45830,3
45841,3
45857,9
45872,1
45887,10
45902,0
45909,3
45923,6
45944,10
45969,10
45989,5
46006,7
46028,10
46050,7
46066,4
46082,8
46096,2
46107,4
46125,9
46141,3
46152,4
46168,7
46181,2
46193,6
46207,4
46216,0
46221,1
46228,1
46241,8
46255,1
46262,1
46271,3
46279,0
46286,2
46293,1
46303,4
46320,9
46343,10
46365,8
46383,5
46402,9
46418,3
46434,8
46447,0
46455,3
46468,6
46489,10
46509,6
46522,2
46535,6
46549,4
46558,1
46571,8
46584,0
46589,1
46603,9
46624,7
46644,8
46667,10
46689,7
46701,0
46714,8
46728,2
46741,7
46762,9
46781,6
46800,8
46816,3
46833,10
46849,2
46856,0
46863,3
46872,2
46881,2
46897,9
46915,4
46925,1
46935,5
46945,0
46957,8
46973,4
46985,3
46993,1
47000,2
47009,3
47025,8
47039,2
47055,9
47079,10
47099,6
47115,5
47126,2
47142,9
47166,10
47184,3
47201,10
47221,6
47235,4
47244,1
47255,5
47265,0
47275,5
47289,4
47298,0
47303,0
47316,8
47331,3
47345,7
47359,3
47376,10
47398,8
47413,3
47422,1
47435,7
47451,5
47466,6
47482,5
47502,10
47519,2
47532,7
47544,1
47559,10
47583,10
47599,1
47613,9
47637,10
47652,1
47661,4
47677,8
47691,2
47699,1
47711,6
47730,9
47753,10
47770,3
47781,4
47796,6
47816,10
47836,5
47849,3
47857,0
47870,8
47891,9
47913,8
47935,9
47954,5
47971,8
47984,0
47995,6
48007,1
48015,2
48030,8
48052,9
48068,2
48075,0
48083,3
48094,3
48105,3
48120,8
48136,4
48149,5
48168,9
48189,8
48209,7
48231,10
48254,8
48274,7
48294,8
48313,6
48327,3
48343,8
48364,8
48386,10
48407,7
48427,9
48443,3
48459,8
48478,7
48496,6
48512,6
48531,8
48554,10
48574,5
48585,2
48593,1
48609,10
48633,10
48652,4
48667,6
48686,8
48699,0
48710,6
48729,8
48750,8
48771,9
48792,8
48814,10
48836,7
48851,3
48860,1
48868,2
48878,3
48895,10
48918,8
48934,3
48942,1
48951,3
48961,2
48973,6
48987,4
49003,8
49023,8
49045,9
49067,9
49088,8
49108,7
49128,9
49148,6
49161,2
49176,9
49195,6
49209,3
49222,5
49237,5
49248,2
49264,10
49284,5
49295,2
49308,6
49327,9
49341,1
49347,1
49356,3
49371,7
49390,7
49412,10
49428,1
49436,3
49448,4
49461,5
49477,7
49498,9
49515,3
49523,0
49528,1
49541,8
49561,8
49578,4
49587,0
49595,3
49608,5
49627,9
49647,6
49660,2
49676,9
49692,3
49703,3
49716,6
49733,7
49752,8
49768,4
49777,0
49788,7
49809,9
49826,3
49839,5
49856,7
49871,3
49884,6
49898,4
49907,0
49914,3
49929,8
49943,2
49960,10
49976,2
49985,3
49999,6
50017,7
50033,5
50046,3
50055,1
50065,5
50084,10
50101,3
50114,5
50128,5
50141,4
50150,0
50162,7
50179,6
50200,10
50221,7
50237,4
50253,7
50269,4
50279,2
50293,8
50312,6
50325,2
50334,2
50348,8
50369,9
50391,9
50414,10
50430,2
50442,5
50459,7
50471,0
50483,7
50498,3
50513,7
50530,5
50550,10
50571,6
50591,9
50613,9
50632,6
50645,2
50655,3
50673,10
50693,5
50708,5
50726,9
50741,2
50751,3
50768,9
50787,5
50797,0
50804,3
50817,6
50834,7
50846,0
50861,10
50885,9
50899,1
50907,3
50921,7
50941,9
50963,9
50978,1
50992,8
51006,2
51018,6
51035,7
51050,4
51065,7
51078,2
51085,0
51098,9
51118,7
51139,10
51163,9
51184,8
51201,5
51216,6
51229,3
51242,5
51255,3
51270,7
51291,9
51308,4
51326,9
51350,10
51371,7
51392,10
51417,10
51434,3
51450,8
51464,1
51480,10
51496,1
51508,7
51523,3
51532,2
51541,2
51552,5
51568,7
51589,9
51606,3
51614,1
51629,9
51648,5
51660,3
51669,2
51686,10
51710,10
51728,3
51739,3
51748,2
51760,6
51773,3
51786,6
51805,9
51823,4
51834,2
51848,8
51868,8
51884,4
51901,8
51923,10
51948,10
51969,6
51985,6
51997,1
52006,3
52020,7
52037,5
52050,4
52066,8
52084,6
52097,2
52114,10
52135,7
52153,6
52169,6
52180,1
52187,2
52195,1
52203,2
52216,6
52234,7
52251,6
52270,9
52286,2
52300,8
52320,7
52332,1
52345,7
52365,9
52388,10
52405,3
52415,2
52424,3
52437,5
52455,9
52476,7
52497,9
52517,7
52532,3
52542,2
52554,6
52574,9
52595,7
52609,3
52623,7
52635,1
52641,1
52652,5
52668,6
52681,3
52692,4
52708,7
52720,0
52731,7
52744,2
52761,10
52782,6
52794,2
52810,10
52832,8
52845,1
52859,8
52878,6
52895,7
52912,6
52923,1
52932,4
52944,3
52957,6
52971,4
52985,6
53004,9
53018,1
53025,1
53041,10
53064,9
53078,0
53086,4
53098,3
53107,2
53119,5
53137,9
53156,6
53168,2
53184,9
53201,3
53216,8
53235,6
53246,0
53251,1
53266,9
53283,3
53300,10
53316,2
53323,1
53336,7
53354,6
53374,10
53394,5
53407,3
53418,4
53435,8
53453,5
53470,7
53483,1
53489,1
53497,2
53511,7
53530,7
53543,2
53553,3
53568,7
53584,5
53598,5
53610,2
53625,9
53641,2
53653,5
53672,10
53687,0
53696,4
53707,3
53720,6
53740,10
53765,10
53786,6
53803,6
53819,5
53836,8
53850,1
53859,3
53875,8
53888,1
53897,3
53913,8
53929,3
53945,9
53962,3
53973,3
53983,2
53993,3
54009,8
54032,10
54053,7
54069,4
54086,8
54102,3
54112,3
54128,9
54151,10
54171,5
54183,2
54192,2
54205,7
54218,1
54231,7
54244,1
54256,7
54270,2
54282,5
54299,8
54314,2
54327,7
54340,1
54354,8
54373,6
54392,8
54407,2
54416,3
54430,6
54450,9
54473,9
54490,3
54502,5
54520,9
54534,1
54541,2
54548,0
54555,2
54565,3
54583,10
54598,0
54606,4
54618,4
54634,8
54649,2
54662,6
54675,3
54685,2
54696,5
54710,5
54727,7
54744,5
54755,2
54767,5
54777,1
54784,2
54797,7
54816,8
54835,7
54854,7
54867,1
54873,1
54879,0
54884,1
54895,6
54909,4
54923,5
54934,1
54944,4
54956,4
54966,1
54974,2
54988,8
55008,8
55027,6
55047,9
55062,2
55072,3
55081,2
55090,2
55100,3
55112,5
55124,3
55134,3
55142,0
55156,10
55177,7
55195,6
55215,9
55231,3
55241,3
55253,5
55263,1
55274,6
55294,10
55311,3
55329,10
55346,3
55358,5
55373,6
55388,5
55398,1
55412,9
55434,8
55448,2
55463,9
55477,1
55492,10
55511,4
55527,8
55541,1
55552,6
55563,0
55578,10
55593,1
55609,10
55630,6
55643,2
55657,7
55672,3
55687,8
55701,2
55713,6
55728,4
55738,2
55745,0
55753,4
55770,8
55785,3
55798,6
55816,8
55832,4
55844,4
55855,2
55863,1
55875,6
55896,10
55919,9
55936,4
55947,3
55965,10
55980,1
55993,8
56011,6
56026,4
56039,4
56048,1
56058,4
56070,4
56082,3
56097,7
56117,9
56134,4
56144,2
56158,8
56175,4
56185,1
56195,5
56213,9
56229,3
56245,8
56268,10
56283,0
56296,9
56312,3
56322,3
56330,0
56344,10
56360,2
56369,3
56378,2
56385,0
56397,7
56419,10
56435,1
56445,5
56457,3
56468,3
56482,6
56499,7
56515,4
56533,9
56547,1
56554,1
56567,7
56581,3
56595,6
56610,4
56628,9
56648,6
56663,4
56676,5
56692,7
56714,10
56730,1
56745,9
56769,10
56785,2
56798,6
56817,9
56831,0
56842,6
56859,6
56878,9
56897,5
56908,1
56915,2
56924,2
56939,8
56960,8
56973,0
56985,7
56999,2
57009,3
57026,9
57047,7
57063,4
57076,4
57089,4
57106,8
57120,2
57134,7
57149,3
57163,7
57178,4
57193,6
57208,4
57226,9
57246,6
57260,3
57277,10
57298,7
57315,6
57328,3
57340,4
57351,2
57364,7
57381,5
57391,1
57406,9
57425,5
57444,9
57467,10
57489,8
57505,3
57519,6
57536,7
57553,6
57568,4
57579,2
57591,5
57607,7
57623,5
57635,2
57643,2
57652,2
57659,1
57668,3
57685,9
57703,4
57712,1
57718,1
57725,1
57734,3
57748,7
57761,1
57776,10
57797,6
57815,7
57836,9
57858,9
57880,8
57895,3
57913,10
57932,5
57942,1
57953,6
57967,3
57977,2
57988,4
57998,2
58014,9
58034,6
58054,9
58077,10
58092,0
58098,1
58109,6
58129,9
58145,3
58162,10
58182,5
58198,6
58210,1
58223,7
58240,6
58253,2
58270,10
58293,8
58307,2
58314,1
58323,4
58339,7
58352,2
58362,4
58374,3
58391,10
58407,1
58413,1
58421,3
58437,9
58458,8
58480,10
58498,4
58509,2
58521,5
58539,9
58557,5
58572,6
58586,4
58604,10
58620,2
58628,1
58639,5
58649,1
58662,7
58676,3
58692,9
58706,1
58715,4
58724,0
58736,8
58752,3
58764,4
58779,6
58794,5
58811,7
58830,7
58852,10
58870,3
58879,2
58891,5
58906,5
58925,10
58942,3
58953,3
58965,5
58982,7
59001,7
59021,8
59036,3
59047,3
59061,6
59081,9
59098,4
59108,1
59122,9
59141,6
59152,0
59157,1
59171,8
59188,5
59207,10
59229,7
59242,1
59258,10
59274,2
59289,9
59309,6
59321,1
59328,2
59344,10
59367,9
59391,10
59414,9
59434,6
59445,1
59454,4
59468,5
59481,3
59498,9
59519,8
59533,1
59545,7
59560,3
59574,6
59593,9
59607,0
59616,4
59626,2
59634,2
59645,5
59663,9
59678,2
59687,2
59701,8
59722,9
59740,4
59756,7
59771,4
59788,8
59811,10
59831,6
59850,9
59866,3
59878,5
59890,2
59901,5
59917,6
59932,5
59951,10
59976,10
59991,1
59999,2
60010,5
60022,2
60035,7
60052,5
60071,10
60091,6
60105,3
60119,7
60136,6
60148,2
60157,3
60167,3
60176,2
60189,7
60205,4
60216,3
60229,6
60240,0
60250,6
60264,3
60277,6
60294,7
60313,8
60327,2
60342,9
60363,8
60380,4
60390,2
60402,6
60419,6
60432,2
60442,4
60460,10
60480,5
60494,4
60503,1
60510,2
60517,1
60525,2
60538,7
60550,0
60557,3
60573,8
60588,2
60602,7
60620,7
60632,0
60640,3
60652,5
60670,8
60683,0
60692,4
60710,9
60732,8
60753,8
60773,8
60786,1
60795,3
60811,8
60830,7
60842,0
60855,8
60871,3
60880,1
60888,3
60900,4
60911,2
60925,8
60944,6
60962,8
60977,2
60986,2
61002,10
61019,2
61026,1
61033,1
61047,8
61069,9
61090,7
61107,6
61120,2
61130,4
61141,3
61158,9
61177,5
61193,6
61211,7
61225,3
61237,4
61250,4
61260,1
61268,2
61280,6
61300,9
61319,5
61339,10
61356,2
61367,4
61382,6
61398,5
61412,5
61430,8
61446,4
61456,1
61471,10
61493,8
61515,10
61530,1
61540,5
61551,2
61560,2
61576,9
61596,7
61613,6
61626,2
61641,9
61663,8
61680,4
61691,3
61707,8
61723,4
61736,4
61750,5
61760,0
61767,3
61779,4
61798,10
61817,5
61835,8
61855,7
61871,5
61886,6
61906,10
61923,3
61934,3
61942,1
61957,10
61977,6
61994,7
62006,0
62013,3
62023,3
62032,2
62047,8
62063,3
62080,9
62104,10
62124,6
62136,1
62148,7
62163,4
62173,2
62180,0
62188,4
62198,1
62204,0
62214,5
62225,2
62232,1
62240,2
62249,2
62256,1
62271,10
62295,9
62313,5
62329,7
62343,2
62360,10
62383,8
62398,2
62407,3
62419,4
62431,4
62449,10
62472,8
62485,1
62500,10
62522,8
62539,4
62550,3
62566,8
62582,4
62600,10
62615,1
62627,7
62646,7
62666,9
62689,9
62705,2
62719,8
62733,2
62749,9
62763,0
62775,8
62796,9
62817,8
62833,4
62851,9
62868,4
62879,3
62891,4
62909,10
62925,1
62933,3
62948,8
62964,3
62976,5
62994,8
63011,4
63030,10
63045,0
63057,7
63075,7
63095,9
63109,1
63116,2
63125,2
63137,5
63149,2
63161,6
63173,1
63187,8
63210,10
63229,5
63246,8
63263,4
63272,0
63284,8
63306,10
63329,9
63344,1
63356,7
63371,4
63385,5
63396,1
63409,7
63421,1
63436,9
63452,3
63469,9
63483,0
63498,10
63513,1
63520,2
63535,9
63551,3
63567,9
63586,5
63602,7
63620,7
63640,8
63661,9
63678,3
63695,10
63718,9
63733,1
63748,9
63771,10
63795,10
63819,10
63836,3
63851,8
63867,3
63875,0
63889,9
63910,8
63930,7
63943,2
63954,4
63970,7
63988,7
64003,3
64018,8
64032,1
64047,10
64069,8
64085,4
64100,6
64121,10
64144,8
64162,5
64176,4
64192,7
64204,0
64217,9
64240,9
64255,1
64261,1
64267,0
64279,8
64292,1
64306,9
64328,9
64345,3
64353,1
64368,9
64391,9
64411,6
64426,5
64441,5
64460,9
64478,5
64493,5
64508,5
64523,6
64535,1
64550,9
64573,10
64593,5
64613,10
64633,6
64648,5
64668,10
64692,10
64716,10
64737,7
64758,9
64776,5
64786,1
64799,8
64814,3
64830,8
64844,1
64857,8
64870,1
64876,1
64891,10
64913,8
64933,7
64945,0
64960,10
64981,6
64993,2
65008,9
65028,6
65049,10
65074,10
65089,0
65096,2
65109,6
65128,8
65150,10
65168,4
65185,8
65206,8
65220,2
65231,5
65251,10
65273,7
65286,1
65298,7
65319,9
65342,9
65357,1
65369,7
65382,1
65393,6
65405,2
65416,5
65428,2
65437,3
65447,2
65458,4
65473,7
65489,5
65505,6
65519,3
65534,7
65554,9
65576,9
65600,10
65617,3
65635,10
65659,9
65681,8
65696,3
65706,2
65722,9
65744,8
65761,4
65778,8
65799,9
65815,2
65828,6
65848,9
65863,2
65876,6
65896,9
65920,10
65941,6
65956,4
65972,8
65994,9
66016,8
66038,9
66057,6
66071,4
66089,10
66105,2
66112,1
66118,0
66126,4
66141,7
66155,3
66165,2
66179,7
66191,1
66203,6
66215,2
66224,2
66233,2
66247,7
66261,2
66277,10
66297,5
66311,5
66324,4
66342,10
66367,10
66384,2
66391,0
66405,10
66422,3
66432,2
66446,8
66467,8
66489,10
66514,10
66535,7
66548,2
66559,5
66573,5
66592,9
66608,3
66618,2
66630,6
66649,9
66665,3
66675,3
66690,7
66706,5
66721,5
66735,5
66749,5
66769,10
66784,1
66795,6
66810,4
66824,5
66840,6
66859,8
66879,7
66897,7
66909,0
66917,4
66934,8
66949,3
66964,7
66978,3
66993,8
67007,2
1
11
33
38
51
68
80
107
127
139
151
169
182
199
219
234
248
262
268
300
308
320
330
348
374
388
393
400
409
418
439
451
474
480
494
513
529
544
565
586
604
610
617
627
648
661
666
683
702
719
725
737
764
776
782
794
817
828
853
865
880
885
907
915
930
937
947
962
974
980
996
1020
1042
1049
1065
1077
1107
1128
1139
1150
1165
1188
1195
1208
1215
1247
1258
1280
1292
1313
1329
1341
1355
1370
1375
1381
1393
1414
1435
1441
1451
1467
1481
1506
1519
1535
1554
1569
1577
1585
1594
1601
1618
1627
1651
1664
1681
1692
1716
1740
1753
1766
1782
1799
1809
1816
1825
1830
1844
1862
1868
1897
1909
1930
1944
1967
1976
1982
2005
2015
2023
2032
2040
2053
2069
2094
2129
2137
2152
2174
2191
2202
2223
2243
2256
2278
2287
2314
2334
2345
2361
2383
2393
2410
2421
2451
2461
2467
2488
2500
2516
2526
2544
2553
2576
2585
2602
2614
2636
2663
2672
2681
2696
2707
2740
2770
2796
2802
2813
2833
2841
2854
2863
2882
2909
2919
2943
2964
2972
2978
2991
3011
3032
3037
3054
3060
3085
3091
3113
3121
3136
3156
3176
3194
3202
3211
3226
3238
3245
3272
3278
3296
3301
3311
3334
3358
3377
3389
3404
3423
3449
3465
3480
3486
3511
3536
3542
3554
3565
3575
3600
3617
3636
3655
3665
3681
3690
3706
3722
3743
3761
3772
3784
3793
3799
3814
3829
3844
3853
3860
3872
3896
3907
3929
3948
3960
3975
3981
3991
3997
4016
4023
4038
4050
4076
4086
4092
4108
4119
4134
4162
4172
4202
4219
4226
4247
4255
4262
4280
4304
4312
4321
4345
4363
4382
4402
4416
4435
4442
4458
4469
4485
4500
4513
4534
4562
4570
4598
4615
4621
4634
4658
4671
4681
4698
4719
4729
4745
4756
4769
4782
4789
4813
4832
4849
4869
4881
4890
4910
4927
4935
4964
4969
4988
5006
5015
5023
5043
5065
5072
5084
5090
5099
5107
5128
5158
5171
5181
5200
5218
5239
5247
5266
5275
5286
5306
5322
5345
5359
5389
5406
5432
5444
5462
5475
5483
5501
5527
5538
5557
5563
5596
5607
5619
5633
5657
5671
5684
5696
5714
5731
5753
5770
5786
5808
5816
5830
5840
5850
5858
5872
5889
5895
5908
5929
5956
5969
5987
6000
6017
6033
6044
6071
6079
6084
6099
6108
6125
6140
6161
6167
6175
6192
6215
6233
6251
6267
6298
6306
6330
6346
6358
6364
6373
6414
6422
6446
6472
6485
6504
6510
6527
6536
6549
6560
6571
6597
6603
6609
6623
6637
6644
6661
6672
6678
6711
6722
6744
6771
6782
6798
6829
6837
6843
6856
6873
6882
6895
6913
6927
6932
6944
6961
6966
6981
6986
7013
7028
7042
7064
7083
7096
7118
7138
7149
7165
7177
7202
7220
7248
7267
7291
7308
7325
7336
7361
7376
7384
7404
7427
7446
7462
7479
7493
7513
7521
7543
7554
7571
7585
7625
7637
7653
7672
7691
7699
7723
7735
7753
7774
7780
7790
7812
7822
7843
7850
7867
7884
7890
7908
7919
7936
7957
7984
7995
8011
8022
8037
8057
8064
8072
8088
8107
8116
8130
8139
8149
8163
8178
8197
8216
8227
8245
8252
8272
8297
8310
8319
8336
8345
8366
8375
8403
8422
8430
8443
8460
8471
8496
8504
8527
8538
8546
8565
8583
8593
8612
8628
8646
8665
8675
8690
8698
8711
8725
8742
8759
8785
8800
8814
8834
8849
8865
8872
8878
8885
8904
8925
8944
8956
8964
8973
8989
8999
9006
9020
9041
9050
9074
9084
9093
9107
9123
9134
9159
9170
9191
9207
9214
9222
9242
9257
9263
9278
9291
9307
9327
9338
9350
9361
9380
9387
9394
9408
9436
9442
9458
9478
9484
9491
9499
9508
9522
9542
9550
9563
9571
9587
9593
9610
9622
9631
9638
9648
9664
9676
9684
9702
9717
9732
9754
9764
9782
9812
9827
9842
9848
9862
9872
9903
9909
9915
9938
9952
9971
9986
9995
10005
10023
10039
10048
10069
10081
10092
10099
10109
10119
10126
10157
10166
10183
10207
10216
10232
10245
10255
10281
10301
10319
10345
10356
10375
10393
10408
10431
10449
10461
10481
10493
10522
10535
10545
10559
10576
10590
10601
10614
10626
10646
10656
10682
10699
10716
10727
10737
10762
10786
10798
10813
10834
10840
10862
10874
10892
10901
10909
10921
10942
10962
10978
10993
11007
11020
11036
11042
11079
11096
11117
11129
11145
11162
11184
11197
11222
11236
11258
11271
11280
11287
11300
11308
11320
11325
11332
11352
11359
11365
11371
11394
11415
11424
11433
11448
11459
11465
11483
11488
11514
11528
11544
11562
11586
11599
11627
11638
11658
11681
11691
11696
11707
11718
11738
11759
11779
11800
11828
11834
11841
11861
11871
11882
11905
11915
11944
11955
11976
11995
12006
12014
12027
12051
12058
12064
12092
12106
12127
12148
12159
12177
12207
12220
12233
12248
12262
12291
12301
12307
12336
12353
12378
12384
12399
12420
12430
12442
12465
12475
12492
12518
12532
12540
12555
12572
12584
12603
12614
12619
12641
12647
12657
12674
12695
12704
12711
12727
12749
12756
12763
12771
12785
12809
12822
12835
12850
12855
12871
12879
12894
12913
12931
12960
12969
12975
12984
12999
13011
13026
13040
13062
13072
13077
13087
13117
13135
13157
13168
13179
13197
13216
13228
13242
13247
13265
13271
13299
13325
13331
13340
13360
13369
13377
13386
13400
13423
13450
13465
13474
13487
13507
13527
13547
13566
13588
13603
13620
13642
13649
13655
13671
13695
13706
13723
13736
13747
13767
13786
13804
13832
13841
13848
13865
13885
13893
13902
13914
13923
13931
13944
13952
13970
13983
13992
14008
14030
14038
14046
14066
14087
14099
14113
14136
14154
14161
14187
14196
14204
14223
14235
14244
14262
14281
14295
14301
14319
14340
14352
14366
14387
14393
14427
14433
14450
14459
14471
14483
14492
14502
14517
14533
14543
14558
14569
14576
14587
14618
14631
14643
14648
14669
14684
14698
14719
14734
14748
14757
14772
14784
14808
14828
14844
14856
14876
14888
14913
14930
14953
14965
14974
14980
14988
15007
15027
15052
15064
15077
15094
15117
15124
15148
15175
15191
15215
15220
15240
15256
15262
15280
15299
15306
15321
15341
15347
15375
15394
15418
15443
15453
15471
15487
15511
15525
15533
15555
15567
15574
15595
15615
15628
15641
15653
15662
15672
15694
15723
15734
15749
15758
15766
15782
15816
15833
15853
15860
15882
15890
15903
15909
15920
15938
15963
15969
15982
16008
16018
16040
16056
16075
16086
16105
16115
16127
16133
16151
16162
16181
16186
16197
16208
16222
16243
16265
16282
16301
16308
16317
16333
16346
16363
16383
16405
16412
16435
16450
16461
16480
16488
16501
16511
16517
16529
16541
16556
16566
16574
16591
16609
16622
16633
16641
16647
16668
16689
16711
16719
16728
16746
16761
16777
16800
16805
16812
16825
16842
16860
16881
16893
16911
16920
16932
16949
16957
16962
16988
16994
17019
17029
17036
17052
17073
17085
17112
17119
17135
17143
17153
17166
17181
17204
17212
17218
17226
17266
17279
17296
17317
17339
17353
17367
17395
17402
17423
17436
17443
17479
17495
17510
17527
17536
17542
17569
17578
17598
17622
17631
17670
17677
17682
17693
17700
17713
17725
17742
17767
17778
17788
17794
17811
17838
17847
17874
17894
17903
17926
17957
17973
17986
17993
18008
18026
18035
18046
18078
18095
18116
18132
18152
18169
18178
18184
18198
18223
18248
18263
18279
18293
18306
18328
18338
18351
18365
18383
18394
18408
18426
18447
18466
18482
18502
18515
18534
18539
18552
18558
18575
18612
18625
18633
18646
18658
18665
18699
18723
18735
18741
18746
18762
18775
18801
18807
18827
18847
18859
18885
18897
18907
18919
18928
18933
18945
18954
18967
18985
18997
19011
19043
19064
19070
19097
19108
19123
19133
19149
19161
19173
19182
19192
19198
19210
19228
19251
19261
19273
19280
19285
19301
19316
19341
19359
19370
19390
19398
19418
19425
19442
19459
19487
19499
19511
19520
19526
19531
19554
19563
19571
19586
19604
19617
19627
19638
19665
19682
19689
19706
19723
19735
19750
19763
19784
19790
19797
19806
19828
19836
19851
19865
19870
19882
19899
19913
19918
19926
19936
19951
19970
19976
19990
19996
20016
20032
20045
20063
20068
20073
20082
20091
20103
20117
20125
20133
20152
20173
20189
20206
20228
20242
20257
20270
20294
20305
20315
20331
20357
20367
20379
20386
20397
20428
20453
20459
20469
20490
20501
20530
20553
20565
20582
20592
20620
20642
20650
20662
20678
20700
20707
20718
20726
20742
20766
20781
20786
20811
20837
20850
20865
20874
20886
20911
20924
20949
20968
20988
21001
21012
21032
21043
21067
21082
21093
21114
21142
21152
21161
21173
21178
21195
21222
21241
21260
21273
21281
21303
21327
21338
21345
21363
21371
21382
21395
21409
21419
21443
21451
21469
21474
21494
21503
21509
21519
21530
21549
21578
21595
21605
21615
21634
21644
21650
21664
21684
21695
21713
21718
21736
21750
21769
21778
21787
21814
21825
21853
21860
21867
21892
21901
21906
21929
21953
21962
21982
22008
22025
22034
22057
22073
22088
22105
22128
22137
22152
22159
22170
22182
22200
22210
22225
22232
22255
22262
22270
22289
22300
22314
22332
22348
22363
22376
22387
22405
22425
22446
22453
22463
22470
22477
22501
22508
22526
22536
22545
22556
22572
22587
22599
22609
22618
22624
22645
22655
22664
22686
22701
22734
22744
22756
22762
22771
22778
22783
22793
22817
22831
22854
22872
22902
22913
22930
22945
22963
22990
22996
23014
23023
23032
23066
23076
23098
23118
23134
23147
23168
23184
23198
23209
23235
23244
23261
23278
23291
23298
23319
23324
23347
23360
23366
23372
23383
23394
23403
23423
23431
23444
23456
23464
23471
23504
23523
23542
23550
23564
23579
23606
23622
23638
23652
23657
23664
23671
23680
23693
23707
23727
23737
23747
23759
23776
23782
23799
23825
23841
23853
23875
23896
23918
23924
23936
23954
23970
23985
23991
24005
24017
24025
24034
24057
24067
24089
24109
24116
24128
24136
24151
24168
24184
24203
24213
24234
24262
24279
24299
24314
24330
24338
24347
24357
24366
24384
24403
24415
24429
24445
24472
24485
24495
24506
24512
24523
24531
24544
24557
24577
24586
24620
24629
24647
24667
24676
24686
24695
24702
24711
24732
24744
24766
24780
24795
24813
24830
24847
24864
24874
24880
24906
24920
24945
24961
24968
24983
25015
25032
25059
25067
25079
25092
25116
25126
25138
25146
25166
25182
25201
25214
25232
25248
25264
25285
25301
25323
25338
25355
25360
25376
25385
25398
25404
25417
25432
25446
25454
25470
25477
25498
25505
25531
25540
25560
25572
25591
25607
25631
25641
25647
25664
25681
25688
25695
25700
25712
25721
25733
25748
25778
25794
25810
25832
25837
25875
25884
25893
25922
25932
25940
25954
25986
25991
26013
26026
26039
26060
26071
26077
26083
26100
26110
26122
26132
26147
26165
26175
26197
26211
26225
26241
26254
26268
26282
26303
26310
26331
26351
26364
26371
26378
26386
26406
26418
26435
26453
26461
26467
26477
26485
26494
26506
26522
26542
26550
26561
26567
26574
26596
26622
26629
26639
26655
26677
26697
26710
26715
26724
26744
26754
26764
26784
26804
26836
26851
26861
26868
26881
26891
26903
26920
26946
26962
26981
26998
27009
27046
27058
27082
27096
27117
27133
27155
27184
27196
27204
27217
27233
27248
27261
27273
27290
27313
27326
27337
27346
27353
27368
27376
27392
27400
27419
27430
27436
27458
27468
27480
27497
27502
27515
27531
27548
27557
27564
27576
27596
27607
27626
27643
27659
27672
27694
27718
27724
27736
27761
27785
27802
27810
27819
27840
27850
27882
27889
27898
27929
27943
27949
27954
27970
27980
28011
28026
28033
28047
28056
28064
28072
28090
28099
28108
28119
28132
28155
28168
28177
28184
28211
28229
28248
28255
28263
28283
28312
28321
28343
28367
28389
28405
28412
28419
28443
28464
28482
28498
28513
28529
28544
28556
28565
28581
28606
28619
28634
28662
28680
28689
28706
28734
28744
28752
28768
28776
28795
28802
28829
28842
28853
28864
28873
28889
28900
28911
28924
28949
28960
28976
28985
28996
29018
29036
29046
29058
29069
29084
29101
29113
29130
29144
29158
29183
29190
29205
29219
29232
29244
29254
29274
29285
29296
29305
29329
29337
29369
29374
29380
29385
29395
29403
29411
29421
29441
29457
29490
29508
29527
29548
29564
29572
29594
29610
29620
29644
29651
29672
29683
29711
29727
29742
29770
29779
29796
29802
29815
29834
29857
29881
29893
29902
29925
29937
29950
29974
29982
30005
30025
30035
30040
30048
30060
30078
30100
30110
30125
30139
30153
30163
30183
30200
30222
30240
30252
30265
30278
30293
30311
30327
30335
30356
30384
30399
30423
30434
30453
30459
30471
30501
30510
30520
30541
30552
30559
30582
30592
30614
30633
30640
30660
30668
30677
30695
30709
30731
30745
30775
30784
30809
30825
30833
30842
30863
30871
30902
30910
30926
30946
30967
30977
30994
31022
31042
31047
31080
31087
31100
31112
31124
31135
31142
31151
31174
31187
31197
31206
31218
31235
31244
31260
31275
31285
31292
31310
31315
31354
31363
31383
31414
31426
31441
31453
31459
31481
31499
31508
31517
31526
31535
31549
31568
31590
31609
31623
31630
31639
31661
31668
31680
31695
31703
31714
31739
31748
31772
31783
31797
31805
31813
31825
31836
31844
31857
31868
31885
31905
31912
31936
31959
31972
31981
31988
31998
32019
32032
32052
32061
32066
32074
32083
32115
32127
32141
32158
32175
32185
32195
32219
32232
32239
32261
32284
32311
32332
32349
32361
32378
32401
32420
32434
32450
32469
32482
32498
32507
32521
32541
32554
32575
32591
32600
32617
32648
32661
32680
32699
32708
32715
32728
32746
32767
32779
32789
32806
32811
32821
32832
32839
32846
32855
32870
32881
32894
32919
32927
32940
32956
32965
32979
32989
33014
33032
33049
33063
33073
33078
33102
33108
33130
33152
33164
33182
33190
33198
33215
33221
33237
33249
33271
33299
33320
33343
33360
33370
33385
33393
33402
33411
33418
33443
33450
33457
33487
33506
33526
33536
33556
33567
33583
33599
33625
33632
33657
33665
33687
33704
33716
33739
33752
33775
33784
33793
33806
33813
33824
33831
33845
33856
33882
33891
33900
33911
33924
33959
33982
33993
34017
34023
34040
34060
34083
34089
34103
34118
34129
34143
34152
34164
34187
34204
34225
34233
34273
34280
34285
34309
34335
34342
34361
34378
34392
34404
34430
34444
34463
34480
34494
34507
34519
34528
34534
34563
34584
34591
34611
34633
34660
34685
34694
34708
34735
34744
34758
34764
34776
34791
34799
34804
34814
34842
34863
34885
34903
34912
34926
34942
34967
34984
35000
35021
35040
35048
35053
35073
35080
35098
35106
35114
35120
35137
35152
35158
35171
35182
35197
35205
35221
35245
35265
35277
35283
35307
35313
35321
35326
35335
35355
35371
35376
35393
35399
35405
35411
35432
35445
35452
35461
35478
35485
35490
35505
35523
35554
35562
35578
35585
35609
35616
35627
35643
35655
35678
35702
35712
35728
35761
35773
35802
35833
35843
35850
35870
35881
35895
35906
35911
35924
35931
35947
35968
35984
36009
36023
36043
36052
36070
36087
36102
36119
36132
36157
36174
36182
36191
36197
36217
36226
36242
36268
36287
36302
36313
36328
36339
36353
36365
36371
36386
36397
36419
36428
36440
36458
36466
36482
36488
36504
36509
36520
36552
36565
36590
36630
36636
36659
36669
36691
36704
36714
36732
36751
36760
36772
36781
36805
36817
36828
36842
36871
36885
36896
36918
36936
36947
36956
36975
36986
37001
37015
37025
37059
37075
37095
37100
37105
37128
37139
37158
37174
37197
37221
37247
37267
37288
37304
37325
37333
37356
37370
37387
37400
37416
37440
37476
37493
37502
37519
37540
37553
37571
37586
37595
37602
37617
37635
37646
37666
37678
37709
37730
37738
37747
37753
37764
37774
37788
37797
37811
37836
37846
37869
37884
37898
37915
37928
37942
37961
37971
37996
38012
38021
38039
38054
38073
38079
38097
38114
38125
38139
38152
38179
38193
38210
38221
38239
38267
38279
38300
38317
38327
38337
38345
38366
38393
38408
38424
38439
38450
38473
38482
38489
38515
38532
38555
38561
38572
38588
38614
38631
38643
38653
38666
38682
38704
38715
38724
38745
38757
38773
38782
38791
38797
38811
38836
38843
38848
38857
38868
38874
38892
38905
38915
38926
38933
38965
38971
38978
39009
39019
39038
39048
39058
39085
39103
39110
39125
39138
39150
39184
39197
39212
39218
39234
39246
39252
39267
39277
39298
39317
39350
39355
39362
39401
39425
39438
39449
39474
39483
39492
39498
39504
39524
39538
39551
39565
39583
39597
39629
39635
39668
39677
39690
39696
39711
39724
39730
39746
39761
39768
39782
39806
39813
39821
39834
39840
39859
39870
39896
39912
39920
39945
39955
39970
40002
40019
40039
40056
40066
40073
40080
40091
40098
40121
40132
40139
40165
40173
40184
40211
40227
40242
40250
40274
40294
40304
40317
40326
40340
40351
40361
40382
40402
40420
40431
40449
40463
40495
40517
40531
40543
40559
40572
40598
40622
40637
40656
40686
40696
40701
40709
40736
40749
40754
40770
40785
40795
40806
40816
40829
40837
40842
40850
40865
40880
40892
40900
40908
40915
40930
40939
40953
40964
40986
41008
41018
41023
41040
41055
41065
41077
41084
41099
41117
41132
41155
41164
41174
41182
41194
41214
41226
41237
41243
41250
41269
41277
41283
41290
41312
41326
41334
41340
41358
41374
41391
41412
41424
41429
41439
41446
41464
41480
41490
41511
41520
41528
41548
41555
41583
41607
41627
41640
41647
41655
41671
41689
41696
41707
41728
41750
41762
41772
41782
41790
41819
41839
41865
41876
41888
41898
41908
41921
41932
41958
41978
41990
42009
42022
42037
42050
42076
42091
42103
42114
42121
42144
42159
42173
42184
42189
42196
42206
42220
42227
42235
42257
42263
42271
42280
42287
42302
42324
42343
42355
42370
42387
42410
42419
42430
42460
42468
42479
42493
42507
42549
42559
42567
42575
42587
42596
42610
42618
42629
42646
42658
42669
42680
42697
42710
42718
42740
42745
42764
42781
42788
42812
42826
42837
42849
42857
42878
42889
42919
42929
42947
42974
42987
43000
43005
43021
43050
43056
43066
43084
43096
43103
43116
43129
43144
43164
43190
43209
43217
43230
43240
43259
43271
43277
43299
43312
43322
43341
43356
43376
43386
43396
43411
43425
43445
43453
43469
43485
43502
43509
43531
43542
43553
43562
43582
43592
43611
43633
43644
43652
43671
43688
43697
43715
43725
43744
43757
43767
43795
43805
43817
43836
43843
43849
43876
43890
43921
43937
43947
43953
43966
43979
43990
43998
44019
44029
44055
44063
44081
44093
44098
44119
44124
44139
44159
44180
44207
44229
44238
44247
44256
44268
44297
44312
44337
44345
44373
44385
44398
44429
44445
44456
44471
44487
44499
44512
44534
44548
44564
44582
44596
44612
44629
44638
44661
44674
44689
44697
44703
44718
44735
44757
44780
44785
44794
44820
44825
44847
44856
44865
44879
44892
44914
44929
44941
44961
44972
44980
44987
45001
45011
45024
45041
45061
45069
45091
45105
45120
45131
45137
45145
45159
45183
45195
45205
45224
45232
45251
45262
45273
45283
45291
45304
45325
45344
45366
45377
45397
45421
45429
45442
45455
45478
45485
45503
45511
45526
45541
45552
45575
45598
45607
45620
45635
45645
45671
45689
45702
45719
45732
45742
45761
45773
45796
45808
45828
45840
45866
45873
45896
45902
45910
45929
45937
45961
45986
46012
46028
46049
46065
46084
46097
46104
46127
46140
46149
46175
46183
46188
46204
46216
46222
46229
46242
46255
46261
46269
46279
46287
46293
46300
46315
46353
46364
46381
46406
46421
46439
46447
46452
46472
46481
46505
46524
46537
46551
46558
46571
46584
46590
46603
46630
46641
46671
46694
46701
46718
46727
46746
46771
46785
46796
46819
46824
46851
46856
46862
46871
46882
46890
46915
46924
46938
46945
46960
46971
46986
46994
47001
47012
47031
47039
47055
47072
47100
47118
47125
47136
47165
47181
47209
47218
47233
47245
47252
47265
47276
47291
47298
47303
47318
47333
47348
47357
47375
47405
47413
47421
47440
47452
47467
47479
47507
47518
47537
47545
47552
47580
47599
47608
47641
47653
47663
47677
47693
47698
47710
47730
47752
47770
47783
47800
47824
47840
47849
47857
47874
47885
47914
47938
47949
47975
47984
47993
48008
48014
48025
48051
48070
48075
48081
48091
48104
48123
48138
48152
48175
48193
48213
48235
48253
48278
48302
48316
48327
48343
48370
48377
48407
48425
48441
48457
48473
48492
48514
48533
48556
48571
48587
48593
48603
48634
48653
48666
48689
48699
48712
48726
48751
48778
48791
48811
48838
48853
48861
48869
48880
48890
48914
48934
48942
48953
48962
48975
48990
49005
49029
49038
49072
49085
49115
49122
49150
49159
49170
49196
49208
49219
49234
49247
49262
49280
49296
49306
49331
49342
49348
49354
49367
49384
49415
49428
49434
49448
49465
49474
49495
49516
49523
49528
49541
49559
49575
49587
49594
49609
49635
49646
49662
49674
49695
49705
49719
49733
49749
49772
49777
49788
49816
49824
49842
49856
49871
49882
49901
49907
49915
49927
49943
49959
49978
49985
50003
50014
50033
50043
50054
50066
50089
50104
50112
50131
50140
50150
50163
50177
50210
50224
50234
50260
50268
50279
50289
50317
50326
50335
50353
50370
50399
50413
50429
50443
50454
50471
50483
50496
50515
50527
50540
50576
50599
50612
50636
50646
50656
50682
50689
50706
50725
50740
50751
50771
50789
50797
50802
50817
50834
50846
50869
50881
50899
50910
50918
50948
50956
50978
50990
51007
51024
51041
51047
51072
51078
51085
51102
51124
51147
51158
51191
51205
51214
51228
51239
51252
51269
51290
51310
51334
51348
51377
51390
51412
51436
51446
51463
51478
51495
51506
51524
51534
51543
51550
51572
51597
51606
51615
51622
51644
51661
51668
51694
51711
51726
51741
51750
51756
51774
51783
51807
51824
51832
51846
51870
51882
51904
51922
51941
51972
51982
51997
52009
52020
52034
52047
52069
52080
52096
52119
52133
52149
52171
52180
52189
52196
52201
52220
52235
52252
52268
52287
52305
52313
52332
52340
52366
52380
52408
52413
52425
52435
52450
52471
52503
52512
52533
52543
52554
52578
52598
52608
52626
52635
52641
52648
52672
52684
52696
52711
52720
52737
52743
52765
52784
52794
52820
52834
52846
52860
52884
52901
52909
52924
52933
52941
52952
52974
52980
53001
53019
53024
53031
53058
53078
53088
53096
53109
53114
53141
53162
53168
53192
53202
53209
53229
53246
53251
53275
53284
53297
53318
53324
53342
53348
53382
53395
53409
53421
53439
53453
53474
53484
53490
53497
53508
53523
53545
53554
53568
53581
53598
53610
53622
53639
53651
53670
53687
53692
53706
53717
53738
53759
53781
53804
53816
53837
53849
53861
53882
53889
53899
53916
53931
53941
53964
53975
53983
53996
54003
54024
54048
54066
54078
54100
54110
54120
54154
54171
54184
54190
54210
54218
54230
54243
54253
54271
54281
54299
54312
54328
54340
54362
54370
54396
54408
54415
54426
54442
54474
54490
54501
54517
54534
54542
54548
54553
54564
54582
54598
54605
54615
54639
54650
54660
54678
54683
54696
54712
54731
54743
54754
54765
54778
54785
54802
54814
54829
54851
54866
54873
54879
54884
54892
54911
54924
54933
54941
54956
54967
54975
54996
55016
55023
55056
55062
55070
55080
55091
55097
55113
55126
55136
55142
55163
55173
55197
55222
55230
55242
55257
55264
55276
55291
55311
55328
55346
55358
55377
55392
55399
55416
55427
55447
55462
55477
55485
55509
55534
55541
55548
55563
55570
55593
55608
55626
55642
55652
55672
55682
55700
55710
55732
55737
55745
55752
55762
55786
55800
55815
55833
55841
55856
55862
55880
55892
55920
55934
55946
55958
55981
56001
56015
56029
56039
56049
56057
56068
56085
56090
56119
56131
56143
56164
56177
56185
56197
56216
56232
56244
56264
56283
56292
56315
56323
56330
56350
56361
56371
56378
56385
56403
56409
56436
56444
56460
56468
56477
56500
56517
56539
56547
56555
56560
56580
56590
56611
56623
56644
56659
56678
56693
56717
56730
56745
56772
56785
56801
56818
56831
56845
56863
56884
56892
56909
56914
56924
56937
56953
56973
56991
57001
57010
57035
57041
57061
57079
57085
57110
57122
57134
57150
57163
57182
57190
57211
57220
57244
57263
57278
57298
57311
57328
57339
57350
57365
57382
57391
57405
57424
57444
57459
57482
57505
57513
57537
57558
57566
57580
57588
57608
57620
57636
57645
57654
57659
57669
57679
57701
57712
57719
57726
57736
57748
57760
57769
57798
57815
57838
57859
57884
57893
57910
57930
57942
57958
57966
57977
57986
57999
58014
58029
58047
58072
58092
58099
58104
58137
58147
58154
58181
58199
58210
58227
58242
58251
58265
58293
58308
58314
58320
58342
58351
58361
58376
58394
58408
58414
58421
58439
58453
58471
58500
58507
58517
58536
58555
58568
58584
58596
58620
58627
58634
58649
58656
58676
58694
58706
58716
58724
58733
58750
58766
58777
58795
58806
58834
58851
58871
58879
58895
58903
58924
58941
58953
58967
58987
59008
59015
59038
59050
59060
59085
59098
59108
59130
59144
59152
59158
59164
59185
59216
59235
59242
59257
59275
59283
59306
59320
59328
59349
59373
59386
59409
59430
59445
59452
59467
59483
59496
59512
59534
59548
59562
59571
59601
59607
59619
59626
59633
59641
59659
59679
59687
59699
59729
59740
59758
59769
59792
59810
59836
59851
59869
59880
59889
59904
59918
59934
59953
59981
59991
59999
60006
60024
60032
60056
60065
60086
60106
60117
60137
60148
60160
60170
60176
60192
60209
60215
60230
60240
60255
60265
60276
60288
60316
60329
60336
60361
60378
60390
60408
60417
60430
60442
60455
60479
60493
60503
60512
60518
60524
60541
60550
60557
60579
60587
60608
60622
60632
60637
60653
60663
60683
60688
60705
60731
60758
60766
60787
60792
60813
60833
60842
60858
60872
60879
60886
60901
60910
60918
60942
60967
60978
60986
61005
61018
61026
61032
61042
61073
61083
61103
61122
61128
61140
61160
61172
61199
61212
61226
61236
61251
61259
61266
61275
61301
61316
61347
61357
61371
61382
61401
61411
61431
61445
61455
61476
61494
61508
61530
61540
61551
61559
61571
61591
61613
61625
61638
61669
61683
61694
61700
61727
61734
61755
61760
61768
61780
61796
61821
61841
61861
61874
61881
61907
61924
61932
61943
61962
61981
61991
62006
62016
62021
62034
62041
62065
62072
62109
62126
62136
62148
62165
62173
62180
62186
62197
62204
62215
62225
62233
62242
62251
62256
62269
62294
62314
62336
62345
62355
62376
62397
62406
62416
62433
62449
62472
62486
62496
62527
62542
62550
62559
62584
62595
62615
62633
62642
62660
62697
62705
62727
62732
62749
62763
62779
62797
62822
62837
62852
62872
62879
62894
62911
62926
62935
62950
62966
62979
62992
63009
63027
63045
63060
63069
63100
63110
63116
63126
63137
63149
63158
63173
63191
63210
63229
63242
63267
63272
63286
63312
63325
63343
63360
63370
63386
63395
63409
63422
63433
63455
63460
63483
63494
63513
63522
63539
63552
63559
63582
63608
63625
63634
63662
63676
63705
63713
63733
63748
63773
63803
63812
63837
63854
63870
63875
63891
63918
63936
63942
63950
63975
63990
64002
64013
64032
64045
64063
64085
64102
64131
64147
64160
64173
64196
64204
64220
64247
64256
64262
64267
64281
64293
64309
64335
64347
64353
64363
64395
64409
64430
64441
64462
64480
64498
64506
64518
64534
64547
64576
64595
64623
64634
64651
64663
64697
64721
64734
64756
64780
64786
64793
64815
64836
64844
64854
64871
64877
64887
64915
64934
64945
64959
64976
64995
65017
65033
65052
65068
65089
65095
65110
65128
65149
65171
65184
65203
65220
65234
65252
65273
65285
65305
65315
65345
65357
65374
65383
65398
65406
65417
65426
65438
65449
65462
65470
65488
65501
65520
65536
65551
65579
65600
65617
65632
65655
65679
65694
65707
65723
65744
65765
65778
65801
65816
65826
65852
65862
65876
65898
65914
65939
65954
65969
65994
66009
66042
66055
66070
66097
66106
66113
66118
66128
66139
66157
66165
66180
66191
66204
66214
66222
66234
66254
66261
66271
66299
66314
66322
66336
66363
66386
66391
66397
66422
66431
66440
66462
66488
66524
66529
66549
66556
66570
66593
66610
66616
66634
66648
66667
66675
66691
66703
66723
66732
66753
66762
66785
66794
66812
66822
66843
66852
66874
66897
66909
66920
66927
66949
66965
66981
66997
67008
