Primero viene la cantidad (n) de timestamps para ambos, luego n líneas que son un timestamp aproximado cada uno separado por una coma (',') del error, y luego n lineas de las transacciones del sospechoso
5005
4,4
19,7
38,8
59,8
76,4
85,1
101,10
119,4
129,2
140,5
157,7
175,6
192,6
207,4
224,8
240,4
253,4
262,1
269,1
277,3
294,9
309,1
322,8
335,0
348,8
363,2
377,7
392,4
405,4
417,3
426,1
432,1
439,2
449,3
458,2
467,3
482,7
498,5
513,5
532,10
556,10
577,7
592,4
601,1
611,5
628,8
643,3
651,0
660,5
672,2
685,6
701,5
713,3
723,3
739,9
761,8
778,5
793,6
809,5
822,3
835,5
845,1
858,8
880,10
902,7
923,10
945,8
962,5
977,5
990,4
1008,10
1024,1
1038,9
1057,5
1068,1
1077,3
1089,5
1102,3
1118,8
1131,0
1143,8
1158,3
1167,2
1174,1
1188,9
1205,3
1220,8
1236,4
1248,4
1261,4
1280,10
1305,10
1324,5
1344,10
1360,2
1371,4
1383,3
1394,4
1405,2
1420,9
1443,10
1461,3
1473,5
1492,10
1514,7
1531,5
1548,8
1569,9
1584,1
1593,4
1602,1
1616,9
1638,8
1655,5
1667,3
1680,6
1697,6
1713,6
1726,3
1739,5
1754,5
1767,4
1778,3
1795,9
1813,4
1831,9
1845,0
1854,4
1864,2
1872,2
1883,4
1901,10
1919,4
1937,9
1959,9
1975,3
1993,10
2011,3
2026,8
2040,1
2049,3
2064,8
2078,1
2093,9
2113,6
2132,9
2149,3
2159,2
2168,2
2179,4
2195,8
2217,9
2231,0
2242,7
2259,6
2277,8
2296,7
2315,7
2331,5
2347,7
2360,1
2366,0
2372,2
2382,4
2401,10
2425,9
2443,4
2456,4
2472,7
2487,3
2499,4
2515,8
2531,4
2542,3
2558,9
2573,1
2588,10
2607,4
2625,9
2648,9
2663,2
2679,10
2694,0
2704,6
2720,5
2732,3
2740,0
2750,6
2770,10
2793,9
2809,3
2817,1
2825,3
2839,6
2860,10
2884,10
2900,2
2914,8
2937,10
2959,7
2976,6
2994,7
3012,7
3024,0
3031,3
3045,7
3061,4
3076,7
3097,9
3114,4
3124,2
3137,7
3153,5
3164,1
3171,2
3183,5
3193,0
3205,8
3218,1
3225,2
3235,4
3247,4
3263,8
3284,8
3306,9
3323,4
3337,6
3353,6
3368,5
3385,8
3400,2
3414,8
3434,7
3447,2
3454,1
3462,3
3477,7
3494,5
3510,7
3529,7
3549,9
3564,2
3573,3
3587,6
3599,2
3608,3
3617,1
3632,10
3648,2
3657,2
3671,8
3688,5
3702,5
3715,3
3729,7
3747,7
3763,4
3772,1
3784,7
3802,6
3821,8
3836,3
3847,3
3857,2
3869,6
3886,6
3906,9
3921,1
3933,7
3952,8
3972,7
3989,6
4004,4
4020,7
4042,10
4062,6
4078,5
4092,5
4110,9
4125,1
4135,4
4150,7
4169,7
4188,7
4201,1
4214,7
4227,2
4239,6
4257,8
4275,5
4287,2
4297,3
4310,6
4321,1
4327,1
4333,0
4345,8
4366,9
4382,2
4390,2
4399,2
4408,3
4420,5
4435,6
4453,8
4469,4
4484,6
4502,8
4520,5
4531,2
4546,9
4561,2
4571,3
4587,8
4603,3
4615,4
4628,4
4638,2
4648,4
4667,10
4689,7
4710,10
4727,3
4736,1
4744,3
4756,4
4770,6
4789,9
4812,10
4831,4
4842,3
4852,2
4859,1
4872,7
4888,4
4899,3
4911,4
4927,8
4940,0
4947,3
4965,10
4984,4
4998,6
5018,10
5034,2
5046,6
5059,3
5071,4
5084,4
5093,1
5105,6
5124,9
5140,2
5154,8
5173,6
5188,4
5199,3
5207,1
5213,0
5225,7
5242,5
5261,10
5277,1
5283,0
5294,6
5307,3
5324,9
5346,9
5367,7
5380,2
5391,5
5410,10
5426,2
5437,4
5452,7
5464,0
5476,8
5497,8
5515,5
5526,1
5534,2
5548,7
5565,5
5577,3
5589,5
5607,9
5630,9
5650,7
5672,10
5693,6
5705,1
5714,3
5723,1
5738,10
5755,3
5769,7
5785,4
5794,0
5805,6
5822,6
5842,10
5858,1
5864,1
5875,6
5887,1
5902,9
5918,2
5931,7
5951,8
5966,2
5973,0
5982,5
5995,4
6013,9
6027,0
6033,1
6046,7
6064,7
6076,0
6086,6
6098,1
6106,3
6119,6
6132,3
6148,8
6166,5
6180,5
6199,9
6220,7
6232,0
6246,9
6263,4
6275,4
6286,2
6296,3
6310,6
6327,7
6343,4
6355,4
6372,9
6395,10
6417,7
6430,1
6442,6
6463,10
6485,7
6502,6
6513,1
6520,2
6528,1
6537,3
6550,5
6566,7
6585,7
6604,7
6619,4
6634,6
6650,5
6664,5
6679,6
6696,7
6712,4
6723,2
6731,1
6741,4
6754,5
6771,8
6793,9
6812,6
6825,3
6837,4
6855,9
6872,4
6885,4
6900,6
6915,4
6925,2
6932,0
6946,10
6968,7
6988,9
7007,6
7020,3
7035,8
7049,2
7057,2
7068,5
7079,2
7093,7
7105,0
7117,8
7130,0
7136,2
7148,6
7162,4
7178,7
7195,5
7209,5
7221,3
7232,4
7241,1
7255,8
7270,3
7278,1
7286,3
7298,4
7308,2
7322,7
7340,6
7354,3
7371,10
7396,10
7412,1
7427,9
7451,10
7473,7
7492,7
7509,6
7522,3
7533,4
7550,8
7565,3
7575,2
7585,3
7602,9
7625,9
7640,1
7649,4
7662,5
7682,10
7706,10
7724,3
7738,6
7755,6
7770,4
7782,4
7792,2
7803,4
7815,3
7823,1
7832,4
7842,1
7857,9
7876,5
7891,5
7905,4
7916,2
7925,3
7933,0
7943,5
7960,7
7980,8
8001,8
8020,6
8033,2
8049,9
8071,8
8084,0
8098,9
8118,7
8140,10
8160,5
8174,4
8191,9
8209,5
8221,3
8232,4
8244,3
8261,10
8277,2
8288,4
8299,3
8308,1
8315,2
8331,9
8355,10
8371,2
8384,6
8395,0
8409,10
8428,5
8448,10
8473,10
8492,4
8506,5
8520,4
8533,5
8549,6
8568,9
8587,5
8607,10
8627,6
8648,10
8670,8
8687,4
8699,4
8715,8
8730,2
8737,0
8748,6
8763,4
8773,1
8784,5
8800,7
8819,8
8840,9
8858,4
8874,8
8889,3
8907,10
8929,8
8949,8
8969,8
8985,4
9000,6
9015,5
9035,10
9050,0
9062,7
9081,7
9098,6
9118,10
9136,4
9153,8
9170,4
9184,6
9197,3
9214,9
9232,4
9242,2
9250,1
9261,5
9280,10
9298,3
9316,10
9336,6
9348,2
9363,9
9386,9
9407,7
9426,8
9441,3
9458,10
9480,7
9493,1
9501,2
9513,5
9525,3
9535,3
9546,3
9556,2
9569,6
9580,1
9587,2
9602,8
9615,0
9629,9
9649,6
9663,4
9680,9
9699,5
9714,5
9731,8
9744,1
9751,1
9760,4
9769,1
9780,5
9795,5
9811,7
9828,5
9848,10
9871,9
9893,8
9907,1
9921,9
9937,3
9948,3
9965,9
9988,10
10005,2
10020,9
10042,9
10062,6
10082,9
10102,6
10118,6
10135,6
10152,7
10164,1
10177,7
10198,9
10222,10
10240,4
10256,7
10275,8
10294,7
10313,8
10335,9
10352,4
10368,7
10385,6
10402,7
10417,4
10429,3
10446,10
10462,2
10476,7
10490,2
10498,2
10511,6
10531,9
10545,1
10556,5
10573,8
10588,2
10596,2
10609,6
10626,6
10646,10
10664,4
10675,3
10686,4
10695,1
10708,8
10723,2
10733,3
10744,4
10759,7
10771,0
10780,5
10796,6
10812,6
10829,6
10840,1
10849,3
10858,1
10868,4
10883,6
10894,0
10908,10
10931,8
10947,4
10958,2
10974,9
10997,9
11017,7
11029,0
11036,2
11052,9
11066,1
11080,8
11096,4
11105,0
11115,6
11130,4
11147,8
11162,3
11179,10
11202,9
11218,2
11231,7
11244,2
11253,3
11268,7
11281,2
11291,3
11304,5
11322,8
11336,1
11346,4
11362,7
11383,10
11398,0
11406,4
11419,5
11430,1
11441,5
11456,5
11476,10
11492,2
11504,5
11523,9
11544,8
11560,4
11570,1
11576,1
11591,10
11609,4
11624,7
11643,8
11665,10
11682,2
11697,9
11712,2
11723,4
11735,4
11750,6
11766,6
11780,3
11790,2
11797,0
11802,1
11818,10
11841,9
11855,1
11868,8
11887,7
11903,5
11918,6
11934,6
11952,8
11974,10
11995,7
12009,3
12020,3
12037,10
12056,5
12069,3
12083,6
12102,9
12117,1
12126,4
12136,1
12146,4
12155,0
12166,7
12178,0
12192,9
12214,9
12232,5
12245,4
12256,3
12268,4
12284,7
12300,5
12310,0
12321,7
12343,10
12362,5
12373,1
12387,8
12406,6
12419,2
12426,1
12434,3
12451,9
12472,7
12488,4
12504,7
12522,6
12538,5
12556,8
12575,6
12593,8
12607,1
12618,5
12630,2
12640,3
12652,4
12664,4
12679,6
12693,4
12703,2
12715,6
12734,8
12747,0
12760,9
12775,2
12782,0
12796,10
12818,7
12836,7
12848,1
12856,3
12872,8
12885,1
12893,3
12906,5
12925,10
12946,6
12963,6
12976,2
12990,7
13012,10
13032,5
13042,1
13050,2
13060,3
13069,1
13083,8
13101,5
13113,3
13124,3
13135,4
13147,4
13160,5
13171,1
13179,2
13190,5
13209,10
13225,2
13241,9
13262,8
13281,6
13297,6
13312,5
13327,6
13340,3
13358,10
13382,9
13403,7
13420,5
13432,3
13443,3
13459,9
13475,3
13486,3
13500,7
13520,9
13543,10
13565,7
13582,5
13596,4
13606,1
13612,0
13627,10
13650,9
13672,8
13688,3
13705,9
13726,7
13743,5
13756,3
13769,6
13783,4
13799,7
13814,4
13823,0
13838,10
13861,9
13881,6
13897,5
13915,8
13932,5
13946,4
13964,9
13979,2
13995,10
14016,6
14034,7
14053,7
14067,2
14083,10
14107,10
14131,9
14153,9
14173,7
14192,8
14213,8
14230,5
14241,1
14250,3
14264,7
14281,6
14293,2
14301,2
14317,10
14334,2
14348,8
14368,7
14388,8
14401,1
14409,2
14416,1
14429,8
14448,6
14461,2
14469,2
14484,9
14498,0
14503,0
14511,4
14523,4
14542,10
14565,9
14588,10
14609,7
14621,1
14628,2
14638,3
14653,7
14666,1
14679,8
14701,9
14717,3
14730,5
14742,2
14757,9
14771,1
14781,5
14791,0
14803,8
14819,3
14834,7
14849,3
14867,10
14887,6
14900,3
14910,3
14928,10
14946,3
14955,2
14965,3
14980,8
14993,1
15007,8
15026,7
15044,6
15057,3
15070,5
15081,2
15093,5
15112,9
15128,3
15141,5
15151,1
15157,1
15166,4
15180,6
15195,4
15208,4
15226,10
15242,2
15258,10
15282,10
15302,6
15319,7
15337,7
15353,4
15362,1
15368,0
15377,5
15394,8
15413,6
15427,4
15438,3
15452,6
15469,6
15488,9
15509,8
15524,3
15535,3
15545,2
15557,6
15568,1
15582,8
15597,2
15612,8
15627,3
15640,5
15650,0
15661,6
15675,3
15692,9
15712,6
15723,0
15734,7
15747,2
15755,1
15768,8
15789,9
15810,8
15828,5
15844,6
15864,9
15881,4
15898,8
15913,3
15931,10
15947,1
15959,6
15976,6
15997,10
16022,10
16047,10
16067,5
16078,2
16089,4
16103,5
16113,1
16121,3
16129,0
16140,7
16156,5
16174,8
16193,7
16211,6
16223,1
16231,3
16247,8
16266,7
16279,2
16286,1
16300,9
16324,10
16348,10
16364,1
16379,9
16402,9
16424,9
16440,2
16456,10
16471,0
16480,4
16492,4
16508,7
16522,3
16540,10
16563,9
16585,9
16601,2
16613,5
16628,6
16649,10
16667,3
16679,5
16691,3
16704,5
16718,4
16731,5
16741,0
16752,7
16769,5
16780,2
16792,5
16809,8
16832,10
16855,9
16874,6
16892,7
16908,4
16920,3
16933,6
16947,3
16957,3
16969,5
16987,9
17004,4
17017,5
17032,6
17051,8
17066,3
17083,9
17100,3
17117,9
17135,5
17149,5
17167,8
17180,1
17192,6
17206,3
17214,1
17225,6
17238,3
17253,8
17266,0
17273,2
17282,3
17297,8
17315,6
17326,1
17334,2
17347,7
17366,8
17387,9
17408,8
17422,1
17430,2
17445,9
17463,4
17479,7
17494,4
17504,1
17515,5
17533,8
17548,3
17565,10
17583,3
17600,9
17617,3
17628,3
17640,5
17657,8
17675,5
17690,6
17703,3
17711,1
17726,9
17747,8
17768,8
17790,10
17809,5
17827,8
17846,7
17863,6
17874,0
17887,8
17901,2
17914,6
17925,1
17935,5
17952,8
17973,8
17988,2
17995,1
18001,0
18010,5
18026,7
18048,10
18064,2
18071,1
18085,8
18098,0
18111,8
18126,3
18140,6
18159,9
18178,6
18194,6
18209,5
18226,7
18244,6
18257,3
18266,1
18280,9
18294,1
18301,1
18311,5
18331,10
18347,2
18355,1
18364,3
18374,3
18392,10
18416,9
18432,2
18444,6
18455,0
18464,4
18477,4
18486,0
18500,10
18523,8
18537,1
18545,3
18558,6
18577,8
18599,10
18615,2
18629,8
18649,7
18662,1
18676,8
18690,2
18704,7
18725,9
18739,0
18750,7
18765,3
18777,4
18791,5
18806,6
18825,8
18844,7
18865,10
18885,5
18900,5
18910,1
18921,6
18934,2
18946,6
18958,2
18975,10
18992,2
18999,0
19007,3
19021,7
19038,6
19053,4
19070,9
19084,1
19091,2
19104,7
19121,6
19141,9
19162,8
19180,6
19198,8
19220,9
19237,3
19247,3
19255,1
19266,6
19282,6
19297,4
19307,2
19323,9
19342,5
19355,4
19364,0
19372,3
19383,4
19400,9
19417,4
19429,3
19446,10
19462,1
19469,2
19486,10
19510,9
19530,6
19547,7
19562,3
19570,1
19580,4
19595,7
19617,10
19632,0
19638,2
19647,3
19656,1
19670,8
19690,7
19707,6
19726,9
19741,2
19751,4
19762,3
19770,1
19782,7
19800,7
19820,9
19841,8
19859,5
19878,9
19895,3
19905,3
19919,6
19935,5
19950,6
19967,6
19978,0
19993,10
20017,9
20033,2
20047,7
20069,10
20087,3
20095,1
20103,2
20117,7
20136,7
20148,0
20156,4
20167,2
20175,2
20182,1
20198,10
20222,10
20240,4
20256,7
20272,4
20290,9
20308,5
20318,1
20325,1
20338,7
20351,1
20367,10
20382,1
20392,5
20404,2
20413,3
20427,6
20445,8
20459,2
20470,4
20483,4
20499,7
20511,0
20525,9
20542,3
20556,6
20576,9
20594,5
20605,1
20614,3
20628,7
20647,8
20662,2
20675,6
20688,2
20701,6
20719,7
20733,2
20748,9
20763,2
20771,1
20787,10
20802,0
20816,9
20839,10
20861,7
20880,7
20892,1
20907,9
20928,8
20946,5
20960,5
20976,6
20992,6
21004,2
21016,5
21026,0
21038,7
21056,6
21070,4
21086,7
21099,1
21110,6
21128,7
21141,2
21154,6
21167,3
21176,1
21185,4
21203,9
21224,8
21237,0
21250,8
21265,2
21280,8
21296,3
21306,2
21317,5
21327,1
21338,6
21350,1
21363,7
21377,3
21393,9
21410,3
21428,10
21449,6
21466,7
21478,0
21493,10
21514,6
21525,1
21537,7
21558,10
21579,7
21596,6
21613,7
21625,0
21631,1
21639,3
21647,0
21662,10
21679,3
21688,2
21701,6
21715,3
21731,8
21747,4
21761,6
21773,1
21784,5
21800,7
21813,2
21828,8
21841,0
21856,10
21877,7
21891,2
21899,2
21907,1
21917,4
21931,6
21943,2
21957,8
21976,6
21989,3
22007,10
22024,2
22040,10
22063,9
22084,8
22100,4
22119,10
22140,7
22158,7
22173,4
22187,5
22203,7
22223,9
22240,3
22258,10
22273,1
22283,4
22297,5
22313,7
22331,7
22344,2
22360,9
22378,4
22389,2
22402,6
22414,1
22421,2
22432,5
22448,6
22466,7
22480,3
22494,6
22510,5
22520,1
22532,6
22547,4
22562,6
22574,2
22589,9
22609,6
22627,7
22643,5
22654,2
22665,4
22681,7
22693,1
22706,8
22723,5
22743,10
22765,7
22783,6
22798,5
22808,0
22813,1
22827,9
22845,4
22854,0
22866,8
22887,9
22911,10
22929,4
22947,10
22966,4
22984,10
22999,0
23014,10
23031,2
23045,8
23058,0
23068,5
23087,9
23108,8
23127,6
23141,3
23153,4
23171,9
23193,9
23207,1
23218,6
23234,6
23248,4
23258,1
23271,7
23283,1
23289,1
23298,4
23308,2
23325,10
23347,8
23362,3
23371,2
23385,7
23400,3
23408,1
23418,4
23437,10
23462,10
23487,10
23502,0
23516,9
23533,4
23544,3
23553,2
23561,2
23571,4
23581,1
23595,9
23615,7
23634,8
23654,7
23676,10
23691,0
23703,8
23716,0
23724,3
23737,6
23757,10
23781,9
23795,0
23800,0
23814,9
23831,4
23844,4
23859,7
23872,1
23882,4
23891,1
23906,9
23920,0
23930,5
23947,7
23967,8
23982,2
23990,2
24005,9
24024,6
24039,4
24057,10
24081,10
24103,8
24124,8
24138,2
24149,4
24163,6
24183,9
24197,1
24211,8
24232,8
24251,7
24268,6
24286,8
24301,2
24315,7
24330,4
24345,7
24361,4
24375,5
24390,5
24401,2
24414,6
24433,8
24456,10
24471,1
24481,5
24495,5
24513,9
24529,3
24540,4
24554,6
24572,8
24588,4
24604,7
24625,10
24648,8
24663,3
24680,9
24702,9
24725,9
24743,5
24758,6
24774,5
24791,8
24812,9
24828,3
24843,7
24864,9
24878,1
24892,9
24915,9
24935,6
24951,5
24969,9
24991,8
25007,4
25016,1
25029,8
25050,8
25072,9
25089,3
25107,10
25127,6
25141,3
25158,9
25182,10
25197,1
25209,7
25227,6
25246,9
25268,9
25289,8
25305,3
25322,9
25340,5
25358,9
25381,9
25396,1
25410,9
25429,5
25447,8
25463,3
25479,9
25500,7
25516,4
25525,0
25533,4
25548,6
25559,1
25565,0
25576,6
25595,8
25615,8
25629,2
25639,4
25653,5
25671,8
25687,4
25706,10
25726,5
25736,1
25746,5
25763,8
25778,3
25791,6
25809,8
25829,8
25844,3
25862,10
25881,4
25893,4
25906,4
25920,6
25938,7
25955,5
25971,7
25984,1
25999,10
26018,5
26034,7
26053,8
26072,7
26087,3
26104,10
26123,4
26137,6
26151,3
26164,5
26177,4
26190,5
26208,8
26230,9
26250,7
26272,10
26293,6
26311,7
26328,6
26339,0
26354,10
26378,9
26401,9
26416,2
26423,1
26432,3
26450,10
26473,8
26493,8
26511,6
26522,0
26536,9
26550,1
26558,3
26573,7
26585,1
26600,9
26618,4
26630,4
26648,10
26665,2
26682,10
26698,2
26708,3
26721,6
26735,3
26751,8
26766,2
26774,1
26781,2
26793,5
26813,10
26838,10
26858,5
26875,8
26896,8
26914,5
26931,7
26947,5
26964,8
26977,0
26989,7
27011,10
27034,8
27047,1
27055,3
27072,10
27090,4
27099,1
27107,3
27124,10
27148,9
27169,8
27191,9
27208,3
27217,2
27227,3
27243,8
27264,8
27284,7
27300,4
27309,0
27318,4
27328,1
27343,10
27358,1
27364,0
27376,7
27396,8
27413,4
27424,3
27436,4
27451,7
27473,10
27493,5
27512,9
27531,6
27550,8
27566,4
27585,10
27610,10
27626,1
27642,10
27660,3
27677,10
27692,0
27703,7
27723,8
27741,6
27759,8
27773,1
27782,4
27799,9
27814,1
27823,3
27834,3
27844,2
27857,6
27870,3
27887,10
27906,5
27921,6
27938,6
27950,1
27960,5
27973,4
27982,1
27991,3
28000,2
28013,6
28024,1
28031,1
28041,4
28052,2
28068,10
28089,6
28105,6
28120,4
28129,1
28138,3
28155,10
28170,0
28183,9
28199,3
28207,0
28218,7
28231,1
28241,4
28254,4
28263,1
28272,3
28290,10
28311,7
28323,0
28332,5
28345,3
28355,2
28370,8
28389,6
28402,3
28410,1
28422,6
28440,7
28458,7
28473,4
28482,1
28493,6
28511,7
28532,10
28555,9
28569,1
28576,2
28584,1
28594,4
28605,3
28619,7
28634,3
28650,9
28671,8
28694,10
28716,8
28739,10
28755,2
28771,10
28793,8
28809,4
28823,5
28840,8
28854,2
28861,1
28868,2
28881,7
28902,9
28924,8
28938,2
28953,8
28967,1
28980,7
28995,4
29012,9
29034,9
29054,6
29071,7
29089,7
29105,5
29119,4
29130,3
29138,1
29152,9
29169,4
29181,3
29199,10
29222,8
29243,8
29265,9
29281,3
29295,6
29312,6
29328,5
29341,4
29360,10
29378,3
29387,2
29394,1
29405,5
29422,7
29437,3
29455,10
29477,8
29491,1
29501,5
29518,8
29539,9
29558,6
29573,4
29585,3
29599,6
29612,3
29625,6
29639,3
29651,4
29668,9
29691,10
29708,3
29724,8
29741,5
29751,1
29760,3
29774,6
29792,8
29810,6
29821,0
29830,5
29845,6
29859,3
29874,8
29894,8
29913,7
29933,9
29955,9
29978,9
30000,9
30019,6
30030,1
30040,4
30056,7
30077,10
30092,1
30103,5
30117,5
30127,1
30137,4
30150,5
30164,4
30174,1
30181,1
30190,3
30203,5
30214,2
30228,8
30246,6
30262,6
30273,0
30288,10
30309,7
30326,5
30338,3
30353,8
30370,5
30380,1
30395,10
30418,9
30438,7
30454,4
30473,10
30489,1
30501,7
30514,2
30524,3
30533,1
30544,5
30557,4
30576,10
30593,3
30604,3
30618,7
30638,9
30653,2
30664,5
30683,10
30701,4
30711,1
30724,8
30741,4
30754,4
30767,4
30785,9
30807,9
30825,5
30836,2
30851,9
30875,10
30891,1
30906,9
30925,5
30943,9
30966,9
30990,10
31009,4
31027,9
31041,0
31053,7
31065,0
31071,2
31083,5
31100,8
31120,8
31137,5
31147,1
31154,2
31170,10
31195,10
31211,2
31226,8
31243,5
31254,2
31267,7
31287,9
31305,5
31319,4
31333,6
31348,4
31363,7
31375,0
31387,7
31402,4
31419,9
31435,2
31452,10
31470,3
31483,6
31500,6
31518,8
31534,3
31551,9
31570,5
31582,3
31594,5
31611,7
31626,3
31641,7
31655,3
31664,2
31676,5
31687,1
31693,1
31705,7
31723,7
31741,7
31757,5
31771,4
31784,4
31793,0
31802,4
31820,9
31843,9
31860,3
31871,4
31880,0
31891,6
31906,5
31921,5
31935,5
31950,6
31962,1
31971,3
31980,1
31990,4
32007,9
32022,2
32029,0
32035,2
32048,6
32066,8
32082,3
32096,7
32114,6
32125,1
32132,1
32146,9
32169,9
32191,9
32214,9
32235,7
32251,4
32267,7
32288,10
32304,1
32312,2
32329,10
32346,3
32358,5
32374,6
32385,0
32392,2
32406,8
32423,5
32440,7
32461,10
32481,6
32497,5
32517,10
32535,4
32550,6
32563,3
32576,5
32594,9
32612,4
32630,10
32647,2
32664,10
32689,10
32713,10
32730,2
32743,6
32761,8
32782,9
32799,3
32807,1
32819,6
32830,0
32838,4
32848,1
32855,1
32862,1
32876,9
32898,9
32916,4
32930,6
32945,4
32960,7
32977,6
32996,8
33011,3
33021,2
33033,5
33052,10
33073,7
33086,1
33093,1
33103,5
33119,7
33132,2
33141,2
33150,2
33163,6
33175,1
33187,7
33208,9
33232,10
33249,3
33264,8
33282,5
33292,1
33302,4
33311,0
33320,5
33330,1
33341,5
33351,1
33363,6
33381,7
33397,4
33410,4
33421,3
33435,6
33456,10
33478,8
33493,3
33505,5
33518,3
33533,7
33554,9
33571,4
33588,8
33607,6
33622,5
33634,2
33650,9
33664,0
33673,4
33686,4
33698,3
33711,6
33722,1
33738,10
33754,2
33764,3
33781,9
33803,9
33827,10
33843,2
33853,4
33862,0
33875,9
33891,3
33906,8
33925,7
33944,7
33965,10
33990,10
34013,8
34029,3
34038,2
34053,8
34068,2
34084,9
34103,5
34119,6
34131,2
34145,8
34165,8
34181,4
34191,2
34205,8
34218,1
34232,9
34250,5
34262,2
34270,2
34286,10
34308,8
34329,8
34349,8
34366,4
34383,8
34402,6
34414,1
34429,10
34444,1
34452,2
34463,5
34480,8
34499,7
34519,8
34542,10
34562,5
34580,8
34596,4
34606,2
34620,7
34633,1
34648,9
34664,3
34679,7
34698,7
34718,9
34736,5
34747,1
34757,4
34774,8
34789,3
34803,6
34814,0
34828,10
34843,0
34855,8
34875,8
34894,6
34909,4
34922,4
34938,7
34951,2
34960,3
34978,10
35003,10
35027,10
35052,10
35071,5
35090,9
35111,7
35124,1
35139,10
35160,7
35177,5
35194,8
35216,10
35232,1
35242,5
35257,6
35272,5
35283,2
35299,10
35316,3
35325,2
35336,5
35347,1
35361,9
35377,3
35385,1
35397,6
35409,2
35417,1
35433,10
35448,0
35453,0
35464,6
35481,7
35496,4
35515,10
35533,4
35549,7
35568,8
35584,4
35602,10
35625,8
35646,9
35660,1
35668,3
35682,6
35702,9
35724,8
35747,10
35770,9
35794,10
35815,6
35827,1
35834,2
35844,3
35855,3
35868,6
35885,7
35898,1
35907,4
35919,4
35930,3
35946,8
35961,3
35979,10
35994,0
36002,4
36013,2
36025,6
36039,3
36053,7
36074,10
36098,9
36116,5
36131,5
36143,3
36156,6
36168,1
36174,1
36186,7
36206,9
36224,5
36237,4
36252,7
36274,10
36291,2
36301,4
36317,8
36330,0
36344,10
36359,0
36371,7
36391,8
36405,1
36418,8
36431,0
36440,4
36452,3
36467,7
36482,3
36493,3
36504,4
36519,6
36532,2
36543,5
36560,8
36580,7
36598,6
36610,1
36618,3
36626,1
36636,4
36648,3
36660,5
36678,9
36695,4
36705,1
36718,7
36733,3
36747,6
36765,7
36780,3
36789,2
36800,5
36816,7
36835,7
36852,6
36872,10
36893,7
36910,5
36928,8
36943,3
36952,2
36959,1
36970,5
36989,9
37006,4
37024,9
37043,5
37055,3
37069,7
37081,1
37088,2
37102,8
37124,9
37141,3
37154,6
37167,3
37184,10
37208,10
37225,3
37233,1
37246,7
37262,4
37281,10
37302,7
37322,9
37341,5
37352,2
37361,3
37378,10
37398,6
37414,6
37429,4
37444,7
37461,6
37476,4
37490,5
37509,10
37527,3
37543,8
37559,3
37575,9
37589,0
37599,6
37611,2
37618,1
37633,9
37649,3
37666,9
37680,1
37692,7
37706,3
37722,9
37743,7
37762,7
37783,10
37805,7
37825,9
37841,3
37850,2
37865,8
37881,4
37894,4
37910,7
37931,10
37949,3
37962,5
37979,7
38001,10
38026,10
38041,0
38053,7
38071,7
38084,2
38093,2
38104,4
38116,4
38135,10
38157,7
38172,3
38188,8
38209,9
38225,3
38233,0
38240,2
38248,2
38262,8
38275,0
38281,1
38295,8
38315,7
38332,5
38343,2
38355,6
38368,2
38376,2
38389,7
38403,3
38420,9
38435,2
38444,3
38460,8
38474,2
38490,10
38511,7
38526,3
38544,10
38567,9
38588,7
38607,7
38628,9
38646,4
38659,4
38668,1
38681,8
38694,0
38703,4
38720,8
38741,9
38757,3
38768,3
38777,1
38783,1
38789,1
38796,1
38806,5
38824,8
38846,9
38865,5
38883,9
38898,1
38907,4
38921,6
38935,4
38946,2
38963,10
38988,10
39010,7
39028,7
39042,3
39058,9
39073,1
39080,1
39087,1
39095,3
39104,1
39119,9
39142,10
39166,9
39186,7
39200,3
39209,1
39215,1
39227,6
39243,5
39260,7
39274,3
39285,3
39295,2
39302,0
39315,8
39334,6
39351,7
39369,7
39382,2
39392,3
39401,2
39417,9
39439,8
39454,2
39470,10
39488,4
39498,1
39512,8
39535,10
39555,6
39575,10
39594,5
39608,4
39626,9
39650,10
39672,7
39689,5
39705,7
39726,10
39746,5
39756,1
39763,1
39775,7
39789,3
39803,6
39819,5
39838,9
39861,9
39876,1
39885,4
39904,10
39924,6
39940,6
39956,6
39971,5
39981,1
39989,3
39997,1
40005,2
40022,10
40040,3
40056,8
40078,10
40101,8
40119,6
40137,8
40153,4
40165,4
40177,3
40192,7
40204,0
40219,10
40238,4
40255,8
40276,9
40294,4
40307,5
40317,1
40325,3
40334,2
40344,4
40356,4
40369,5
40385,6
40404,8
40421,4
40432,3
40446,7
40464,6
40475,1
40481,1
40493,6
40507,4
40524,8
40543,7
40555,1
40565,5
40584,10
40608,9
40631,9
40653,9
40675,8
40692,4
40705,4
40724,10
40740,1
40755,10
40775,6
40789,3
40806,9
40827,7
40842,3
40854,5
40871,8
40894,10
40909,0
40919,6
40936,7
40951,3
40964,5
40978,4
40993,7
41015,10
41031,1
41040,3
41049,2
41062,6
41081,9
41104,10
41122,4
41138,8
41160,9
41181,7
41197,5
41207,0
41221,10
41243,8
41260,4
41278,10
41299,6
41315,5
41326,2
41336,3
41347,3
41359,4
41372,4
41384,4
41397,4
41406,1
41421,10
41443,7
41460,5
41470,0
41479,4
41494,6
41509,4
41526,8
41542,4
41554,3
41565,4
41579,6
41599,9
41613,1
41626,7
41639,2
41653,7
41672,8
41694,10
41715,6
41726,1
41734,3
41748,6
41767,9
41781,1
41789,3
41800,4
41816,8
41835,6
41849,3
41857,0
41872,10
41894,8
41909,2
41922,6
41940,7
41956,5
41972,7
41989,5
42002,3
42019,9
42040,7
42061,10
42081,5
42100,10
42115,0
42123,3
42131,0
42139,3
42150,3
42167,10
42190,8
42211,8
42229,6
42247,8
42264,4
42276,4
42287,3
42299,5
42317,8
42339,10
42355,2
42370,9
42387,4
42398,3
42412,6
42427,5
42441,5
42454,4
42463,0
42471,3
42485,7
42499,3
42514,7
42530,4
42543,4
42562,10
42582,6
42597,4
42610,4
42629,10
42654,10
42672,4
42683,3
42691,0
42704,8
42723,7
42736,1
42750,8
42764,1
42780,10
42797,3
42808,4
42818,2
42827,2
42839,6
42850,1
42860,5
42878,9
42901,9
42916,2
42932,9
42948,3
42957,1
42969,6
42985,6
43003,7
43019,4
43030,3
43045,7
43063,6
43079,5
43092,4
43107,6
43121,3
43137,9
43151,1
43163,6
43179,6
43200,10
43216,2
43233,10
43250,2
43262,6
43279,7
43292,2
43302,3
43319,10
43334,0
43346,7
43363,6
43381,8
43399,6
43418,9
43436,4
43447,2
43463,10
43488,10
43512,10
43530,3
43543,6
43560,7
43578,7
43600,10
43617,2
43628,5
43643,5
43660,7
43674,3
43688,7
43702,3
43719,9
43741,8
43754,1
43760,0
43767,2
43782,8
43804,10
43819,0
43830,6
43850,9
43866,3
43880,7
43900,9
43916,3
43925,2
43937,5
43948,1
43961,8
43983,9
44004,7
44016,0
44025,5
44043,8
44057,1
44071,8
44084,0
44093,4
44109,7
44122,2
44130,1
44141,6
44162,10
44179,3
44187,0
44199,7
44218,7
44234,4
44243,0
44257,10
44272,0
44280,4
44296,8
44313,5
44323,1
44336,8
44357,8
44370,1
44380,4
44396,7
44418,10
44439,7
44459,8
44477,5
44492,6
44508,6
44521,3
44534,6
44547,3
44557,2
44569,6
44590,10
44608,4
44621,4
44636,6
44648,1
44658,5
44671,4
44683,4
44695,3
44703,1
44713,4
44727,5
44744,8
44765,9
44779,1
44790,6
44810,10
44832,8
44848,4
44864,7
44878,2
44893,8
44914,9
44928,0
44933,1
44941,2
44953,5
44965,3
44979,6
44994,4
45012,9
45031,5
45041,0
45052,7
45072,9
45090,5
45107,7
45119,1
45130,5
45143,4
45154,2
45163,3
45171,1
45178,1
45185,2
45199,7
45220,9
45239,6
45250,1
45266,10
45281,1
45289,3
45301,4
45312,2
45325,7
45341,5
45354,4
45369,7
45387,7
45399,0
45408,5
45423,5
45442,10
45463,6
45482,9
45504,9
45523,5
45542,10
45562,6
45574,1
45585,5
45600,5
45613,3
45623,3
45638,8
45658,8
45675,4
45689,5
45706,7
45719,2
45734,9
45750,2
45767,10
45791,10
45811,5
45829,9
45850,8
45871,9
45894,10
45914,6
45925,0
45937,7
45959,10
45975,2
45991,9
46014,9
46032,5
46049,8
46064,3
46072,0
46078,2
46093,8
46110,5
46125,6
46138,2
46149,5
46168,9
46191,10
46206,1
46215,3
46230,8
46251,8
46266,2
46279,6
46295,5
46310,6
46329,9
46346,3
46364,10
46385,6
46400,4
46411,3
46421,3
46430,2
46439,3
46450,3
46467,9
46489,9
46507,5
46523,6
46534,1
46549,10
46566,2
46576,4
46591,6
46607,5
46626,10
46650,10
46673,9
46694,8
46709,2
46723,8
46736,1
46743,1
46755,7
46767,1
46780,7
46800,8
46821,9
46845,10
46866,6
46880,4
46896,7
46908,0
46913,0
46924,6
46941,6
46953,2
46965,6
46977,1
46984,2
47000,9
47019,6
47039,9
47060,8
47081,8
47098,5
47116,9
47132,2
47145,6
47165,9
47182,3
47198,8
47212,2
47227,8
47240,0
47248,3
47261,5
47274,4
47284,2
47295,4
47306,2
47319,7
47334,4
47352,9
47373,8
47387,1
47396,3
47410,6
47426,5
47445,9
47463,5
47474,2
47487,6
47508,10
47527,4
47545,9
47560,2
47576,10
47598,7
47611,2
47621,3
47638,9
47658,7
47679,10
47699,6
47717,7
47734,5
47753,9
47772,6
47783,1
47789,0
47799,5
47816,7
47829,1
47835,1
47841,0
47853,8
47868,2
47877,3
47885,0
47895,6
47908,3
47923,8
47943,8
47962,6
47978,5
47988,0
47998,5
48013,5
48028,6
48042,4
48056,5
48071,5
48088,8
48104,4
48119,7
48134,3
48150,9
48172,8
48187,3
48195,1
48204,4
48220,8
48238,6
48249,1
48257,3
48272,8
48292,8
48307,2
48322,9
48341,6
48361,10
48385,10
48405,5
48418,3
48432,7
48450,7
48467,6
48478,0
48488,6
48500,2
48510,4
48519,0
48524,1
48530,1
48544,8
48565,8
48580,3
48595,7
48607,0
48616,5
48626,1
48632,1
48648,10
48667,4
48677,2
48684,1
48699,10
48718,5
48730,3
48746,8
48767,9
48784,4
48798,5
48808,1
48816,3
48825,2
48835,3
48846,3
48861,7
48878,6
48891,3
48903,4
48921,9
48939,5
48954,5
48965,2
48976,5
48992,6
49006,4
49016,2
49030,8
49045,2
49057,6
49076,8
49092,4
49102,1
49115,7
49133,6
49153,9
49176,9
49199,10
49218,4
49233,6
49253,10
49274,6
49286,2
49298,5
49312,5
49323,2
49332,2
49339,1
49352,8
49370,6
49381,1
49389,3
49399,2
49410,4
49423,4
49438,6
49458,10
49477,5
49489,3
49505,8
49523,5
49539,6
49556,7
49568,1
49574,1
49585,5
49598,4
49610,3
49624,6
49639,4
49657,9
49676,6
49695,9
49712,3
49721,1
49733,6
49748,5
49767,9
49788,8
49806,6
49817,1
49824,2
49833,2
49840,1
49848,3
49866,10
49890,9
49909,5
49928,10
49952,9
49970,4
49986,8
50002,4
50013,2
50026,6
50041,5
50056,6
50073,6
50086,2
50102,9
50117,1
50125,3
50133,0
50138,1
50147,4
50163,8
50178,3
50191,6
50204,3
50221,10
50237,2
50250,6
50263,2
50270,1
50285,10
50300,1
50307,2
50314,1
50327,8
50344,4
50359,7
50378,8
50394,3
50406,4
50420,6
50434,3
50445,4
50458,4
50475,9
50491,3
50505,7
50527,10
50542,1
50549,2
50556,1
50569,8
50584,2
50594,4
50612,9
50629,4
50638,0
50651,9
50668,3
50677,2
50686,3
50697,3
50714,10
50736,8
50754,6
50772,7
50787,4
50803,7
50824,10
50844,6
50861,7
50877,5
50887,0
50893,1
50907,9
50926,6
50942,5
50961,9
50978,4
50989,2
51004,8
51018,2
51025,0
51033,3
51042,2
51052,4
51070,9
51085,1
51096,5
51114,8
51127,1
51140,7
51157,5
51176,9
51192,2
51207,9
51230,9
51244,0
51249,1
51263,8
51278,3
51294,8
51313,7
51327,2
51341,7
51354,1
51368,8
51389,8
51406,5
51422,6
51441,9
51457,2
51467,4
51481,5
51495,4
51505,1
51520,9
51544,10
51563,5
51577,5
51590,4
51602,3
51616,6
51634,8
51648,2
51659,5
51678,9
51692,0
51705,9
51727,9
51748,8
51771,10
51791,5
51801,1
51815,9
51829,1
51837,3
51848,4
51865,9
51884,5
51897,3
51906,2
51920,7
51934,2
51941,1
51950,4
51960,1
51966,1
51978,6
51990,2
52002,6
52020,7
52038,7
52055,6
52075,9
52096,7
52118,10
52133,0
52145,7
52160,3
52172,5
52191,9
52213,8
52227,2
52234,1
52243,4
52258,7
52272,2
52279,0
52293,10
52309,2
52326,10
52344,3
52358,6
52372,4
52384,4
52396,4
52409,5
52427,8
52446,6
52465,8
52480,2
52487,0
52497,6
52518,10
52539,7
52557,6
52571,4
52589,9
52609,6
52621,2
52631,3
52641,2
52657,10
52680,9
52699,6
52711,2
52726,9
52743,3
52756,5
52770,4
52789,10
52812,8
52832,7
52848,4
52862,5
52876,4
52889,4
52900,2
52915,9
52937,8
52960,10
52975,0
52983,4
52997,6
53009,2
53016,1
53023,2
53039,10
53062,8
53077,3
53090,6
53101,0
53115,10
53134,4
53151,9
53167,3
53182,7
53202,9
53218,3
53235,9
53254,6
53271,6
53289,8
53302,0
53307,1
53316,4
53332,8
53349,4
53364,7
53380,4
53399,10
53415,2
53422,1
53433,6
53454,10
53471,2
53479,2
53490,4
53500,2
53509,2
53517,1
53526,4
53535,0
53549,10
53569,5
53580,1
53586,1
53594,2
53605,4
53616,3
53631,7
53647,5
53661,5
53674,3
53684,2
53696,6
53717,10
53740,9
53755,2
53763,1
53773,4
53784,3
53798,7
53814,5
53830,7
53845,3
53856,3
53864,0
53878,10
53899,6
53912,2
53922,4
53938,8
53951,1
53959,3
53969,2
53982,7
53996,3
54006,3
54016,3
54032,9
54056,10
54073,2
54084,4
54097,5
54107,1
54117,4
54134,9
54148,0
54154,1
54161,1
54173,6
54189,6
54202,2
54209,0
54219,6
54235,5
54249,4
54265,7
54284,8
54306,10
54325,5
54340,6
54356,5
54375,10
54395,6
54413,7
54426,1
54441,10
54463,7
54478,4
54492,5
54506,5
54518,2
54531,6
54544,3
54560,9
54578,5
54596,8
54611,3
54621,3
54634,6
54647,2
54661,8
54682,9
54697,2
54708,5
54718,0
54731,9
54751,6
54768,6
54788,9
54805,3
54822,9
54837,2
54848,5
54863,5
54879,6
54899,10
54918,5
54928,1
54941,8
54963,9
54986,9
55003,4
55014,3
55023,1
55034,6
55053,9
55069,2
55081,5
55100,9
55115,1
55129,9
55145,3
55160,7
55174,3
55185,3
55199,6
55216,6
55228,1
55237,3
55245,0
55259,9
55273,1
55279,0
55293,9
55307,0
55314,3
55326,5
55343,7
55356,1
55362,0
55374,8
55392,5
55405,3
55419,7
55433,2
55440,0
55446,1
55459,8
55476,4
55493,8
55514,9
55531,3
55545,6
55565,10
55582,2
55593,5
55608,5
55625,7
55637,1
55646,4
55656,1
55666,4
55676,2
55686,4
55705,10
55729,9
55743,0
55751,4
55768,9
55789,7
55806,6
55825,8
55842,5
55853,2
55870,10
55893,9
55913,7
55929,5
55945,6
55966,10
55989,9
56008,6
56025,7
56037,1
56050,7
56070,9
56091,8
56104,0
56116,7
56129,2
56141,6
56158,6
56175,6
56192,6
56206,4
56216,2
56226,4
56237,3
56248,3
56260,4
56271,2
56284,7
56306,10
56325,5
56338,4
56354,7
56368,2
56381,7
56396,4
56412,7
56432,9
56449,3
56465,9
56480,2
56491,5
56502,2
56510,1
56517,2
56525,1
56535,5
56551,6
56564,3
56574,3
56583,1
56598,10
56615,2
56623,2
56634,5
56654,10
56673,4
56687,5
56704,7
56719,3
56729,3
56743,6
56760,6
56780,10
56803,8
56816,1
56829,8
56847,6
56859,2
56869,3
56883,7
56898,3
56906,0
56914,3
56923,1
56937,8
56954,5
56966,3
56976,2
56991,9
57013,9
57029,3
57038,2
57047,3
57056,2
57072,10
57096,9
57120,10
57141,7
57153,1
57163,4
57177,5
57189,3
57201,5
57219,9
57243,10
57264,7
57285,10
57310,10
57332,7
57354,10
57377,8
57396,6
57408,1
57423,9
57447,10
57466,5
57485,9
57502,3
57518,8
57534,4
57543,1
57551,2
57559,1
57567,3
57580,5
57593,4
57606,4
57618,4
57634,7
57652,7
57669,5
57689,10
57710,6
57726,6
57741,4
57760,10
57784,10
57805,6
57821,6
57836,5
57847,1
57856,4
57868,4
57886,9
57900,1
57909,3
57918,2
57930,5
57942,3
57958,8
57980,10
57996,1
58009,8
58027,6
58048,10
58068,5
58080,2
58089,2
58103,8
58116,1
58131,10
58148,3
58166,10
58187,6
58201,3
58209,0
58215,2
58226,4
58237,3
58245,1
58251,0
58264,9
58286,9
58300,1
58316,10
58341,10
58356,1
58371,9
58386,2
58397,5
58414,8
58428,1
58435,1
58449,9
58469,7
58486,6
58501,4
58511,1
58526,10
58545,4
58562,9
58577,2
58588,4
58598,2
58605,1
58614,3
58622,0
58628,1
58639,5
58653,5
58670,8
58691,9
58711,6
58724,2
58736,5
58747,2
58762,9
58776,1
58782,1
58793,6
58812,8
58832,8
58848,4
58865,9
58881,2
58888,0
58894,2
58905,4
58924,10
58942,3
58950,1
58961,6
58982,10
58997,1
59010,7
59022,1
59029,1
59042,7
59059,6
59078,9
59093,2
59108,8
59131,10
59152,6
59170,7
59182,1
59191,4
59206,6
59221,5
59239,8
59256,4
59273,9
59293,7
59311,6
59332,10
59349,3
59359,3
59373,6
59392,8
59409,5
59427,9
59441,1
59453,7
59473,8
59492,6
59510,7
59524,2
59538,8
59556,6
59572,5
59590,9
59614,10
59633,4
59648,7
59665,5
59680,5
59693,4
59702,1
59714,6
59728,3
59743,8
59763,8
59783,8
59804,8
59817,0
59829,8
59849,8
59862,1
59876,9
59899,10
59918,5
59931,3
59940,1
59953,8
59971,5
59988,8
60006,5
60019,3
60033,7
60047,3
60063,8
60084,9
60098,0
60112,9
60130,4
60139,0
60154,10
60169,1
60181,6
60199,7
60220,10
60237,3
60250,6
60264,4
60281,9
60299,5
60309,0
60319,5
60336,7
60356,9
60371,1
60383,6
60400,7
60412,0
60419,2
60436,10
60460,10
60477,2
60493,10
60515,7
60537,10
60560,9
60580,6
60594,3
60606,4
60618,4
60633,7
60654,10
60676,8
60695,7
60715,9
60734,5
60751,8
60764,1
60778,8
60793,3
60801,0
60813,7
60825,0
60838,9
60860,8
60877,5
60894,7
60916,10
60933,2
60941,2
60950,2
60965,8
60979,2
60986,0
61000,10
61016,2
61033,10
61049,2
61062,6
61082,9
61096,0
61104,3
61116,4
61132,8
61146,1
61162,10
61185,8
61200,3
61208,0
61213,0
61226,8
61247,8
61265,6
61285,10
61302,3
61313,4
61328,7
61345,5
61363,9
61378,2
61391,6
61409,8
61431,10
61450,5
61462,3
61478,8
61492,2
61502,3
61512,2
61522,4
61535,4
61549,5
61566,8
61581,3
61592,4
61604,3
61615,3
61628,5
61645,8
61666,8
61684,6
61696,1
61709,8
61727,5
61737,1
61743,0
61753,6
61773,10
61791,4
61802,3
61813,3
61829,9
61844,1
61855,5
61866,2
61874,2
61886,6
61897,0
61908,7
61923,3
61931,1
61944,8
61961,4
61977,8
61996,7
62013,5
62023,1
62036,8
62049,0
62061,8
62083,9
62107,10
62130,9
62148,4
62166,10
62186,5
62205,10
62220,0
62231,7
62245,3
62256,4
62273,9
62294,7
62310,5
62326,7
62344,7
62359,4
62370,3
62378,0
62389,6
62403,4
62414,2
62431,10
62456,10
62474,3
62491,9
62507,2
62522,8
62536,2
62553,10
62576,8
62597,8
62610,1
62623,7
62644,10
62661,3
62674,5
62690,6
62704,3
62712,1
62722,4
62737,6
62757,9
62778,7
62791,2
62805,7
62820,3
62836,8
62859,10
62882,9
62902,7
62923,10
62948,10
62973,10
62990,3
63008,10
63027,5
63043,6
63061,7
63082,10
63105,8
63126,9
63149,9
63170,8
63185,3
63202,10
63225,9
63245,7
63265,8
63281,4
63294,5
63307,4
63321,6
63336,5
63351,6
63364,2
63379,8
63401,9
63422,7
63442,9
63464,8
63477,0
63491,10
63509,4
63524,6
63537,2
63547,4
63556,1
63566,4
63575,0
63582,2
63592,4
63606,5
63617,2
63633,10
63654,7
63670,5
63686,6
63705,8
63720,3
63732,5
63747,5
63763,7
63779,5
63799,10
63815,1
63827,6
63847,10
63869,8
63891,10
63912,6
63932,9
63954,9
63969,2
63977,1
63989,7
64001,0
64012,7
64029,5
64048,10
64066,3
64076,3
64088,5
64099,1
64111,7
64131,8
64151,8
64173,9
64195,8
64215,8
64237,9
64253,3
64266,5
64281,5
64298,7
64319,9
64337,5
64356,9
64378,8
64391,1
64404,8
64425,8
64441,4
64453,3
64462,1
64469,1
64483,8
64498,2
64509,4
64519,2
64531,5
64542,1
64549,1
64562,7
64575,2
64585,4
64602,8
64620,6
64633,3
64650,9
64665,1
64676,5
64691,5
64703,3
64712,1
64723,5
64741,9
64759,5
64773,5
64790,7
64812,10
64837,10
64856,5
64867,1
64881,9
64905,10
64925,5
64941,7
64959,7
64971,0
64978,3
64996,10
65017,7
65033,5
65052,10
65073,6
65089,5
65099,1
65113,9
65134,7
65155,9
65178,10
65197,4
65209,4
65221,3
65230,2
65241,5
65257,7
65276,8
65293,5
65308,6
65320,2
65327,0
65339,8
65353,2
65369,10
65391,8
65404,1
65417,8
65434,4
65445,3
65454,2
65470,9
65484,1
65499,9
65519,6
65539,10
65564,10
65580,1
65593,7
65608,4
65617,0
65622,0
65635,9
65651,2
65664,6
65684,10
65709,10
65726,3
65736,3
65745,2
65758,7
65779,9
65802,10
65817,0
65827,6
65841,4
65853,3
65866,6
65878,1
65890,6
65910,10
65932,8
65948,3
65957,2
65969,5
65980,1
65995,9
66010,2
66024,8
66039,2
66055,9
66073,4
66082,1
66088,0
66093,1
66104,6
66123,9
66146,10
66161,1
66176,9
66195,6
66212,7
66228,5
66246,8
66265,7
66287,10
66302,1
66312,5
66327,5
66346,10
66361,1
66370,3
66385,8
66399,1
66412,8
66435,10
66453,3
66470,9
66484,0
66496,8
66514,5
66527,4
66542,7
66554,0
66568,10
66591,8
66604,1
66618,8
66636,5
66655,9
66674,5
66693,9
66711,5
66722,2
66736,7
66754,6
66772,7
66791,7
66806,3
66818,5
66828,0
66841,9
66856,2
66870,7
66885,3
66896,3
66907,4
66916,1
66930,9
66950,7
66965,3
66975,2
66991,10
67009,3
67025,8
67043,6
67057,3
67073,9
67094,7
67108,3
67121,5
67138,8
67159,8
67173,1
67181,3
67193,5
67207,5
67226,9
67244,4
67253,1
67264,5
67282,9
67306,10
67322,1
67328,1
67341,8
67355,1
67362,2
67377,8
67397,8
67419,9
67443,10
67461,3
67474,6
67486,2
67501,8
67521,8
67542,8
67559,5
67579,10
67601,7
67620,8
67633,1
67647,8
67660,0
67666,2
67682,9
67698,2
67708,4
67725,9
67741,3
67749,0
67754,0
67766,7
67779,1
67789,5
67807,9
67825,5
67836,1
67843,1
67854,6
67871,7
67890,7
67903,1
67919,10
67939,5
67957,8
67979,10
67997,3
68007,2
68015,1
68025,4
68043,9
68062,5
68079,7
68091,1
68101,5
68120,9
68136,2
68150,7
68171,10
68191,6
68203,2
68211,2
68218,1
68234,10
68258,9
68281,9
68304,9
68320,3
68336,8
68352,4
68371,10
68386,1
68396,5
68406,1
68412,1
68418,1
68432,8
68450,5
68466,6
68478,2
68493,8
68514,9
68529,2
68541,5
68555,5
68569,5
68579,1
68590,5
68600,1
68609,4
68627,10
68642,0
68655,9
68674,6
68691,6
68702,0
68713,6
68728,4
68744,7
68762,6
68780,8
68796,4
68805,0
68814,5
68829,5
68841,2
68857,9
68877,6
68888,0
68900,7
68916,4
68929,4
68947,9
68963,2
68970,0
68981,7
68998,6
69017,8
69036,6
69053,7
69072,8
69092,7
69107,4
69123,8
69143,7
69158,4
69176,10
69198,8
69212,1
69219,2
69232,6
69250,8
69266,3
69279,6
69291,1
69303,7
69324,10
69346,8
69363,4
69373,2
69381,1
69391,4
69409,9
69428,5
69445,8
69468,10
69490,7
69512,10
69533,6
69545,1
69558,8
69580,9
69596,3
69609,6
69629,9
69644,1
69660,10
69684,10
69699,0
69709,6
69729,9
69751,8
69765,1
69780,9
69803,10
69826,8
69848,10
69866,3
69882,8
69900,6
69919,8
69939,8
69952,1
69959,2
69970,5
69986,6
70004,7
70019,4
70035,8
70055,8
70078,10
70093,0
70102,5
70115,3
70132,10
70152,5
70168,7
70180,0
70190,6
70207,6
70226,9
70244,4
70262,9
70281,6
70302,10
70326,10
70346,5
70361,6
70372,1
70387,9
70411,10
70432,7
70444,1
70457,8
70478,9
70500,9
70519,5
70538,10
70560,7
70579,7
70593,3
70603,3
70617,6
70636,8
70652,3
70668,8
70684,3
70693,1
70702,4
70712,1
70722,5
70732,1
70743,5
70757,4
70770,5
70786,6
70801,5
70820,10
70842,7
70862,9
70885,9
70909,10
70925,1
70933,3
70943,2
70959,10
70980,7
70996,5
71014,8
71035,9
71057,9
71081,10
71100,5
71116,6
71130,3
71138,1
71146,2
71161,9
71182,7
71197,4
71207,1
71218,5
71237,10
71252,0
71263,6
71274,1
71289,9
71313,10
71336,9
71356,7
71372,4
71381,0
71392,7
71411,7
71423,1
71438,9
71454,3
71468,6
71484,6
71496,2
71503,0
71517,9
71531,0
71541,5
71556,5
71568,2
71582,8
71601,6
71619,7
71631,1
71640,4
71652,4
71665,4
71676,3
71686,2
71694,1
71702,3
71712,3
71724,4
71736,4
71745,0
71751,1
71763,6
71782,9
71800,4
71817,8
71836,7
71850,2
71864,7
71882,6
71898,6
71911,2
71921,4
71940,10
71962,7
71978,5
71992,4
72002,1
72016,9
72038,8
72052,1
72062,5
72079,7
72095,4
72106,3
72116,2
72124,1
72139,9
72161,8
72177,3
72188,3
72199,3
72211,4
72220,1
72232,6
72246,3
72254,1
72269,10
72290,7
72303,1
72309,0
72320,6
72340,10
72356,2
72363,1
72374,5
72385,1
72391,1
72407,10
72430,8
72445,3
72460,7
72473,1
72480,2
72488,2
72503,8
72518,2
72534,10
72552,4
72568,8
72590,9
72606,3
72620,7
72635,3
72650,7
72668,7
72684,5
72695,2
72712,10
72736,10
72754,4
72765,3
72778,6
72791,2
72800,3
72814,7
72828,2
72836,2
72850,7
72871,9
72886,2
72897,4
72916,10
72937,7
72959,10
72982,9
73001,5
73012,1
73027,10
73050,9
73071,7
73090,7
73106,5
73125,9
73143,4
73154,2
73164,4
73175,2
73183,2
73193,4
73205,3
73214,1
73222,3
73231,2
73239,1
73246,2
73258,6
73273,4
73285,3
73302,10
73326,9
73343,3
73353,2
73361,1
73371,4
73380,0
73388,3
73404,9
73418,1
73426,2
73440,8
73454,2
73471,10
73495,9
73511,3
73527,9
73541,1
73553,7
73570,6
73586,5
73598,3
73610,5
73625,6
73638,3
73655,10
73678,9
73701,9
73717,2
73734,10
73755,6
73769,3
73784,8
73804,8
73818,2
73830,6
73850,9
73868,5
73879,1
73894,10
73916,7
73936,8
73952,4
73964,3
73978,7
73992,3
74003,4
74016,4
74034,9
74055,7
74074,7
74094,9
74116,9
74135,5
74148,3
74163,7
74180,5
74198,9
74214,3
74223,2
74239,9
74254,2
74262,1
74276,9
74299,10
74323,9
74337,1
74343,0
74357,9
74379,8
74400,9
74421,8
74440,6
74452,1
74464,7
74482,7
74499,6
74519,9
74542,9
74561,6
74572,0
74585,8
74601,4
74613,3
74625,5
74641,7
74653,0
74661,3
74671,2
74678,1
74687,4
74701,6
74714,2
74724,4
74736,3
74752,9
74775,10
74797,8
74812,3
6
14
35
62
79
85
103
123
129
144
151
180
189
210
217
243
251
262
270
278
287
308
318
335
350
365
379
394
407
417
426
433
439
452
459
466
479
495
516
538
559
579
589
602
615
636
644
651
663
673
686
705
714
723
732
760
783
788
805
821
836
845
857
876
899
918
944
964
977
993
1012
1023
1035
1054
1067
1077
1089
1100
1123
1131
1146
1159
1169
1175
1196
1208
1217
1238
1250
1258
1290
1307
1322
1343
1359
1375
1382
1395
1404
1419
1434
1461
1478
1502
1514
1528
1546
1576
1585
1591
1603
1608
1644
1651
1668
1685
1695
1719
1724
1741
1759
1769
1776
1795
1813
1838
1845
1850
1866
1871
1886
1903
1920
1946
1965
1975
1995
2010
2027
2039
2049
2060
2079
2095
2110
2128
2152
2159
2168
2178
2201
2223
2231
2248
2264
2273
2298
2313
2336
2344
2359
2366
2372
2383
2396
2427
2442
2452
2466
2485
2499
2511
2533
2540
2559
2573
2588
2606
2625
2645
2664
2671
2694
2705
2718
2731
2740
2753
2771
2798
2810
2818
2826
2833
2861
2889
2902
2914
2945
2956
2975
3001
3010
3024
3032
3043
3058
3082
3090
3118
3124
3132
3156
3163
3170
3185
3193
3199
3218
3227
3235
3245
3260
3290
3299
3325
3339
3350
3369
3393
3402
3409
3430
3448
3455
3462
3478
3490
3509
3526
3541
3564
3576
3587
3599
3610
3616
3626
3648
3656
3666
3687
3699
3717
3730
3749
3765
3772
3786
3802
3815
3838
3850
3858
3865
3887
3904
3922
3932
3952
3969
3993
4004
4022
4037
4057
4083
4088
4105
4124
4133
4148
4167
4187
4201
4221
4229
4236
4260
4278
4288
4299
4308
4322
4327
4333
4349
4374
4380
4391
4400
4406
4424
4431
4447
4469
4489
4495
4516
4531
4543
4563
4568
4583
4606
4612
4625
4638
4651
4668
4682
4701
4729
4735
4746
4755
4772
4787
4821
4830
4844
4854
4860
4866
4890
4900
4909
4927
4940
4945
4962
4982
4994
5022
5035
5047
5061
5073
5084
5094
5107
5117
5138
5161
5177
5187
5202
5208
5213
5219
5244
5259
5276
5283
5295
5309
5321
5344
5371
5380
5389
5402
5425
5440
5459
5464
5472
5504
5519
5525
5532
5554
5561
5576
5587
5606
5627
5657
5669
5698
5705
5717
5723
5745
5757
5765
5782
5794
5802
5818
5852
5858
5865
5871
5886
5903
5919
5932
5948
5968
5973
5978
5993
6014
6027
6032
6043
6059
6076
6082
6099
6108
6123
6135
6156
6167
6184
6190
6227
6232
6238
6265
6276
6284
6297
6316
6326
6339
6359
6372
6386
6414
6430
6437
6465
6490
6504
6513
6519
6528
6540
6548
6567
6585
6610
6617
6631
6646
6663
6677
6695
6708
6721
6730
6737
6756
6774
6798
6807
6826
6840
6846
6873
6889
6894
6911
6924
6932
6939
6968
6995
7009
7023
7036
7049
7059
7071
7078
7097
7105
7117
7130
7136
7149
7166
7176
7192
7205
7223
7234
7241
7255
7272
7279
7288
7299
7307
7322
7339
7354
7363
7403
7412
7427
7441
7471
7492
7512
7520
7535
7553
7567
7576
7585
7610
7621
7639
7648
7665
7690
7713
7722
7743
7753
7767
7781
7791
7805
7816
7824
7832
7842
7848
7878
7891
7907
7917
7923
7933
7941
7954
7977
8003
8025
8035
8046
8068
8084
8097
8112
8144
8159
8177
8200
8211
8222
8230
8243
8258
8279
8291
8298
8309
8315
8333
8347
8373
8382
8395
8404
8431
8458
8463
8496
8502
8520
8534
8545
8571
8582
8607
8622
8655
8676
8686
8698
8722
8729
8737
8742
8760
8774
8782
8794
8826
8837
8855
8874
8892
8900
8933
8952
8966
8987
9000
9011
9041
9050
9067
9075
9097
9118
9138
9146
9170
9184
9197
9210
9236
9243
9250
9261
9273
9296
9306
9340
9350
9367
9392
9410
9430
9441
9453
9476
9494
9502
9508
9525
9536
9544
9558
9569
9581
9588
9602
9615
9630
9654
9666
9683
9702
9715
9730
9745
9752
9762
9769
9778
9799
9812
9828
9856
9877
9890
9908
9916
9940
9951
9966
9998
10006
10023
10038
10063
10083
10101
10123
10140
10150
10164
10182
10195
10221
10239
10253
10282
10292
10310
10333
10352
10368
10390
10409
10421
10428
10440
10463
10472
10491
10498
10508
10532
10545
10553
10572
10590
10598
10603
10626
10642
10666
10675
10687
10696
10702
10723
10736
10746
10758
10771
10778
10797
10811
10826
10841
10847
10859
10867
10883
10894
10906
10936
10947
10957
10969
11006
11019
11029
11037
11044
11066
11072
11095
11105
11111
11128
11142
11162
11176
11194
11216
11227
11244
11254
11266
11282
11294
11304
11315
11337
11344
11361
11381
11398
11407
11421
11429
11445
11461
11482
11494
11507
11531
11540
11564
11571
11576
11585
11608
11630
11648
11664
11684
11689
11712
11726
11736
11752
11766
11779
11791
11797
11803
11808
11845
11856
11868
11890
11904
11922
11929
11957
11970
12000
12008
12019
12045
12054
12071
12086
12109
12118
12123
12137
12144
12155
12170
12178
12197
12214
12233
12248
12254
12267
12281
12300
12310
12320
12349
12358
12374
12387
12412
12420
12427
12436
12446
12475
12484
12497
12517
12534
12552
12569
12587
12606
12620
12631
12641
12652
12667
12673
12695
12704
12717
12737
12747
12758
12776
12782
12792
12823
12835
12848
12854
12876
12886
12895
12911
12931
12945
12958
12976
12997
13021
13029
13042
13050
13063
13070
13075
13103
13111
13126
13134
13150
13162
13170
13177
13191
13208
13226
13245
13263
13287
13296
13313
13328
13340
13363
13383
13399
13423
13432
13444
13461
13475
13486
13504
13519
13536
13564
13581
13599
13605
13612
13623
13655
13676
13688
13701
13729
13747
13753
13771
13787
13805
13816
13823
13848
13861
13886
13897
13915
13935
13944
13967
13978
14000
14020
14038
14058
14068
14091
14101
14129
14151
14173
14194
14217
14231
14240
14249
14263
14283
14295
14303
14313
14334
14353
14364
14392
14401
14410
14417
14426
14445
14461
14469
14480
14498
14503
14512
14527
14535
14570
14583
14612
14622
14627
14640
14655
14667
14677
14704
14718
14725
14740
14754
14772
14782
14791
14804
14819
14833
14847
14871
14884
14899
14909
14924
14949
14955
14967
14975
14994
15009
15022
15040
15058
15071
15081
15095
15117
15129
15137
15151
15157
15169
15177
15196
15211
15233
15241
15261
15288
15307
15314
15331
15355
15363
15368
15380
15389
15418
15429
15439
15454
15473
15491
15503
15527
15537
15546
15559
15569
15583
15596
15604
15626
15642
15650
15658
15677
15700
15716
15723
15733
15748
15754
15774
15794
15815
15828
15848
15860
15878
15902
15912
15938
15947
15956
15980
15995
16015
16038
16068
16080
16091
16101
16114
16120
16129
16141
16153
16172
16189
16205
16223
16232
16241
16266
16278
16286
16294
16330
16352
16364
16377
16394
16430
16440
16455
16471
16482
16495
16505
16525
16535
16571
16577
16602
16616
16630
16655
16667
16683
16690
16700
16720
16736
16741
16755
16773
16779
16789
16810
16829
16848
16871
16895
16905
16923
16928
16944
16958
16970
16996
17003
17017
17035
17059
17068
17077
17099
17122
17132
17154
17159
17180
17191
17208
17214
17220
17239
17248
17266
17274
17285
17292
17319
17327
17333
17343
17365
17391
17405
17423
17429
17442
17465
17472
17493
17504
17519
17528
17550
17571
17581
17596
17616
17626
17637
17656
17677
17691
17701
17712
17720
17744
17773
17798
17805
17830
17853
17869
17874
17885
17901
17918
17925
17936
17954
17966
17987
17995
18001
18014
18032
18039
18066
18071
18090
18098
18113
18126
18135
18167
18176
18189
18213
18219
18242
18259
18266
18287
18295
18300
18314
18323
18349
18354
18362
18377
18384
18425
18433
18444
18455
18465
18474
18486
18503
18526
18537
18543
18558
18575
18599
18617
18628
18646
18663
18677
18689
18704
18716
18739
18750
18764
18774
18786
18806
18817
18846
18869
18889
18901
18911
18918
18936
18948
18957
18981
18990
18999
19009
19015
19038
19056
19073
19085
19090
19108
19123
19135
19160
19185
19202
19213
19240
19249
19256
19264
19279
19300
19309
19331
19347
19355
19364
19369
19385
19404
19414
19431
19440
19463
19468
19487
19504
19529
19554
19560
19570
19582
19601
19626
19632
19637
19649
19656
19673
19696
19707
19723
19742
19750
19760
19771
19776
19806
19827
19840
19858
19883
19892
19904
19924
19934
19955
19971
19978
20001
20022
20033
20042
20069
20084
20095
20104
20115
20140
20148
20154
20167
20175
20182
20197
20223
20243
20257
20275
20295
20308
20319
20325
20332
20352
20366
20383
20392
20403
20413
20430
20451
20458
20473
20484
20497
20511
20532
20539
20561
20575
20591
20606
20615
20627
20655
20662
20678
20687
20703
20712
20735
20752
20764
20770
20781
20802
20820
20839
20864
20884
20893
20902
20925
20948
20963
20978
20989
21005
21021
21026
21039
21062
21071
21087
21100
21111
21131
21140
21153
21166
21175
21184
21210
21232
21237
21246
21263
21287
21298
21306
21313
21328
21338
21351
21367
21380
21391
21408
21420
21454
21461
21478
21486
21508
21525
21532
21568
21579
21593
21613
21625
21632
21637
21647
21667
21682
21689
21703
21716
21725
21750
21758
21774
21785
21802
21812
21827
21841
21849
21882
21892
21901
21906
21921
21931
21943
21958
21971
21989
22011
22024
22032
22067
22083
22097
22119
22138
22159
22170
22187
22202
22226
22237
22261
22273
22287
22299
22308
22328
22344
22359
22378
22388
22400
22414
22420
22430
22451
22460
22480
22489
22512
22520
22538
22544
22556
22574
22587
22608
22622
22644
22653
22664
22679
22694
22699
22720
22748
22765
22786
22801
22808
22813
22822
22848
22854
22863
22889
22918
22928
22951
22962
22990
22999
23008
23033
23044
23058
23064
23078
23113
23127
23139
23151
23172
23194
23207
23220
23235
23250
23259
23267
23283
23289
23300
23307
23318
23352
23360
23370
23389
23402
23408
23415
23440
23458
23495
23502
23512
23531
23546
23554
23562
23573
23580
23601
23617
23628
23656
23674
23691
23699
23716
23724
23732
23766
23786
23795
23800
23812
23835
23847
23862
23872
23880
23891
23913
23920
23929
23941
23970
23983
23989
24014
24023
24040
24053
24079
24110
24119
24140
24147
24163
24190
24197
24211
24237
24252
24273
24283
24299
24313
24331
24344
24360
24376
24386
24401
24415
24427
24462
24472
24481
24496
24509
24532
24540
24554
24578
24586
24599
24631
24650
24664
24675
24709
24724
24739
24757
24778
24793
24812
24829
24837
24859
24879
24885
24917
24939
24950
24976
24993
25011
25017
25027
25058
25076
25087
25116
25128
25141
25156
25181
25198
25211
25224
25240
25271
25294
25302
25318
25336
25351
25387
25397
25412
25425
25450
25465
25486
25494
25519
25525
25530
25544
25559
25565
25578
25602
25612
25628
25641
25652
25673
25686
25713
25726
25736
25751
25763
25779
25786
25806
25836
25845
25855
25885
25897
25905
25920
25938
25957
25976
25984
26008
26018
26038
26055
26067
26086
26099
26126
26136
26154
26166
26176
26191
26205
26237
26250
26280
26290
26312
26329
26339
26349
26370
26392
26418
26424
26433
26452
26480
26494
26507
26522
26540
26551
26558
26570
26586
26599
26621
26634
26655
26665
26678
26699
26708
26718
26733
26743
26765
26774
26783
26797
26804
26830
26854
26879
26900
26914
26934
26947
26967
26977
26982
27012
27037
27047
27053
27080
27094
27100
27105
27120
27150
27168
27188
27206
27216
27224
27237
27266
27280
27299
27309
27319
27327
27344
27358
27364
27373
27400
27412
27425
27440
27450
27469
27490
27503
27532
27542
27566
27577
27620
27626
27645
27661
27682
27692
27700
27720
27745
27756
27773
27784
27806
27815
27822
27835
27842
27863
27872
27886
27909
27920
27935
27949
27962
27970
27983
27989
28002
28007
28024
28032
28037
28052
28065
28086
28110
28119
28130
28135
28160
28170
28180
28198
28207
28218
28231
28242
28251
28264
28273
28280
28309
28323
28332
28348
28355
28375
28389
28404
28410
28426
28441
28461
28474
28482
28494
28508
28532
28548
28570
28577
28583
28598
28604
28621
28632
28650
28676
28700
28709
28738
28756
28765
28798
28809
28824
28840
28855
28861
28868
28875
28902
28930
28937
28950
28966
28986
28997
29009
29034
29056
29073
29083
29107
29117
29129
29138
29151
29167
29184
29194
29229
29235
29271
29284
29297
29306
29326
29339
29352
29381
29387
29394
29402
29425
29435
29461
29471
29491
29498
29512
29545
29553
29574
29585
29605
29615
29631
29638
29651
29675
29692
29707
29720
29738
29751
29759
29770
29800
29812
29821
29826
29843
29861
29869
29889
29913
29940
29961
29982
29999
30017
30031
30044
30055
30077
30093
30108
30122
30128
30138
30153
30163
30173
30182
30193
30204
30213
30234
30242
30268
30273
30294
30313
30323
30338
30352
30372
30380
30389
30416
30445
30453
30475
30489
30503
30515
30521
30532
30540
30560
30585
30595
30601
30622
30636
30652
30660
30674
30702
30710
30729
30741
30756
30766
30778
30803
30830
30835
30853
30866
30890
30899
30928
30938
30958
30993
31008
31029
31041
31052
31065
31072
31083
31096
31124
31134
31147
31154
31173
31199
31212
31221
31242
31255
31264
31290
31309
31320
31336
31349
31360
31375
31388
31406
31412
31433
31447
31468
31480
31495
31526
31532
31544
31567
31582
31590
31615
31624
31642
31658
31664
31671
31687
31693
31711
31724
31743
31759
31771
31780
31793
31800
31821
31839
31858
31875
31880
31893
31910
31917
31939
31954
31961
31972
31981
31992
32016
32021
32029
32036
32045
32067
32079
32091
32114
32125
32131
32152
32166
32195
32213
32230
32250
32272
32282
32304
32310
32336
32347
32357
32380
32385
32392
32404
32424
32435
32458
32486
32492
32515
32534
32551
32561
32579
32594
32613
32624
32647
32654
32692
32714
32732
32738
32756
32780
32797
32807
32818
32830
32840
32847
32856
32862
32877
32898
32916
32925
32942
32962
32973
32998
33010
33023
33028
33050
33069
33085
33092
33103
33118
33133
33142
33151
33162
33175
33191
33214
33230
33251
33259
33281
33292
33305
33311
33325
33331
33341
33351
33362
33378
33394
33413
33419
33431
33447
33485
33494
33502
33517
33538
33549
33572
33584
33609
33619
33636
33646
33664
33669
33689
33699
33714
33722
33730
33754
33764
33777
33796
33822
33845
33852
33862
33868
33892
33903
33926
33939
33960
33984
34020
34029
34040
34060
34069
34087
34103
34122
34133
34153
34166
34178
34190
34204
34219
34230
34248
34261
34272
34291
34301
34324
34342
34364
34386
34397
34414
34434
34445
34452
34461
34477
34504
34516
34548
34566
34585
34599
34608
34626
34634
34654
34667
34682
34701
34723
34732
34748
34753
34768
34790
34798
34814
34832
34843
34863
34875
34888
34906
34918
34932
34950
34961
34973
35000
35036
35059
35070
35098
35114
35125
35140
35159
35177
35195
35220
35233
35247
35259
35268
35285
35297
35314
35324
35340
35348
35367
35379
35385
35398
35408
35418
35426
35448
35453
35470
35487
35493
35507
35531
35547
35571
35587
35612
35622
35641
35661
35671
35688
35711
35729
35747
35779
35792
35821
35828
35836
35844
35857
35874
35881
35899
35908
35921
35932
35944
35963
35985
35994
35999
36011
36031
36036
36058
36078
36104
36117
36136
36143
36158
36167
36175
36183
36209
36229
36235
36249
36277
36290
36302
36323
36330
36342
36359
36365
36390
36405
36426
36431
36440
36453
36465
36479
36495
36501
36523
36532
36544
36562
36576
36594
36609
36619
36627
36636
36647
36657
36672
36699
36706
36716
36736
36742
36761
36777
36788
36796
36820
36834
36856
36872
36889
36914
36933
36946
36954
36959
36967
36987
37007
37032
37047
37058
37069
37082
37088
37097
37122
37144
37158
37167
37175
37201
37225
37234
37241
37261
37275
37309
37331
37337
37352
37362
37382
37395
37419
37432
37444
37466
37472
37486
37511
37524
37537
37557
37569
37589
37600
37610
37618
37634
37651
37671
37681
37691
37706
37728
37749
37756
37785
37809
37831
37843
37851
37867
37882
37895
37914
37940
37949
37963
37972
38008
38022
38041
38047
38069
38086
38093
38103
38120
38132
38164
38169
38183
38209
38227
38233
38241
38250
38267
38275
38282
38302
38321
38333
38345
38358
38368
38378
38388
38406
38428
38434
38443
38453
38474
38488
38512
38528
38539
38567
38581
38606
38629
38644
38663
38669
38685
38694
38704
38726
38747
38757
38766
38777
38783
38790
38795
38809
38827
38854
38866
38880
38898
38906
38927
38936
38944
38971
38990
39004
39029
39040
39061
39074
39080
39087
39095
39105
39124
39134
39170
39180
39201
39208
39215
39232
39248
39260
39277
39284
39294
39302
39316
39328
39357
39376
39383
39394
39403
39426
39440
39456
39475
39490
39499
39519
39541
39550
39584
39593
39612
39621
39651
39678
39686
39708
39718
39748
39757
39764
39780
39791
39800
39820
39847
39858
39877
39887
39897
39924
39940
39956
39973
39982
39992
39997
40007
40024
40039
40064
40079
40096
40117
40134
40155
40162
40180
40199
40204
40211
40234
40250
40268
40295
40304
40318
40326
40336
40342
40359
40374
40380
40409
40419
40433
40444
40460
40476
40481
40493
40510
40523
40550
40556
40570
40592
40605
40639
40661
40668
40689
40707
40733
40740
40757
40776
40789
40804
40833
40840
40857
40869
40885
40909
40916
40939
40949
40966
40976
40989
41024
41031
41037
41049
41060
41076
41103
41122
41138
41153
41178
41197
41207
41231
41249
41263
41286
41303
41311
41328
41333
41347
41359
41376
41388
41398
41406
41424
41439
41459
41470
41482
41493
41508
41532
41543
41551
41562
41577
41606
41613
41623
41641
41648
41669
41685
41714
41726
41736
41744
41765
41782
41787
41797
41823
41832
41850
41857
41865
41888
41907
41924
41945
41956
41977
41990
42000
42010
42037
42070
42077
42103
42115
42125
42131
42142
42152
42165
42196
42215
42228
42251
42260
42274
42289
42300
42316
42342
42356
42368
42390
42399
42409
42423
42441
42453
42463
42469
42485
42501
42513
42533
42547
42562
42584
42599
42606
42629
42644
42673
42681
42691
42706
42722
42736
42745
42764
42771
42798
42806
42817
42825
42843
42850
42859
42880
42910
42916
42928
42949
42956
42968
42989
43004
43019
43033
43051
43067
43079
43091
43107
43121
43133
43151
43164
43181
43205
43216
43226
43249
43257
43275
43292
43304
43320
43334
43342
43366
43378
43400
43410
43438
43447
43466
43479
43511
43529
43549
43554
43576
43598
43619
43629
43640
43654
43674
43692
43702
43720
43740
43754
43760
43768
43788
43800
43819
43832
43845
43868
43881
43906
43914
43925
43933
43947
43956
43990
44011
44016
44024
44038
44056
44069
44084
44091
44102
44123
44130
44140
44159
44180
44187
44199
44220
44230
44243
44260
44272
44277
44301
44317
44324
44340
44357
44371
44381
44392
44412
44440
44452
44477
44495
44510
44521
44533
44550
44557
44567
44596
44612
44623
44635
44647
44654
44673
44686
44692
44704
44710
44732
44751
44761
44779
44796
44811
44826
44846
44858
44877
44899
44909
44928
44933
44939
44957
44966
44982
44990
45011
45027
45041
45050
45080
45089
45109
45120
45133
45146
45154
45161
45172
45177
45186
45197
45215
45244
45251
45274
45282
45290
45300
45313
45324
45341
45354
45366
45392
45399
45406
45428
45452
45463
45487
45502
45523
45546
45564
45574
45584
45598
45611
45624
45640
45658
45676
45690
45705
45721
45729
45751
45760
45786
45812
45829
45855
45871
45890
45909
45925
45943
45954
45974
45985
46008
46029
46055
46066
46072
46080
46100
46112
46124
46140
46145
46177
46191
46207
46215
46228
46259
46264
46275
46290
46312
46332
46349
46361
46388
46398
46410
46422
46432
46438
46451
46473
46485
46507
46519
46534
46556
46564
46576
46585
46602
46624
46660
46680
46693
46707
46725
46737
46744
46755
46767
46785
46799
46825
46852
46863
46877
46895
46908
46913
46919
46939
46953
46968
46976
46986
47007
47020
47047
47058
47083
47098
47112
47134
47146
47165
47180
47191
47213
47232
47240
47251
47260
47273
47286
47294
47306
47315
47331
47343
47377
47388
47397
47405
47431
47446
47459
47475
47489
47499
47526
47552
47562
47574
47600
47610
47623
47631
47660
47684
47697
47712
47735
47747
47774
47783
47789
47797
47817
47828
47836
47841
47854
47868
47875
47885
47894
47906
47921
47937
47968
47981
47988
47993
48009
48031
48040
48061
48076
48085
48106
48124
48135
48146
48169
48190
48196
48203
48221
48240
48250
48256
48272
48295
48308
48321
48339
48359
48376
48401
48418
48432
48454
48463
48478
48493
48500
48507
48519
48524
48531
48549
48565
48579
48589
48607
48612
48627
48632
48646
48669
48677
48685
48709
48721
48730
48752
48761
48784
48802
48809
48814
48825
48832
48844
48860
48874
48890
48903
48927
48935
48956
48965
48981
48988
49007
49016
49036
49044
49057
49072
49089
49102
49116
49136
49159
49184
49194
49220
49236
49245
49269
49287
49296
49308
49323
49331
49339
49358
49368
49382
49390
49399
49413
49420
49437
49453
49478
49487
49500
49519
49539
49555
49569
49574
49585
49596
49612
49620
49641
49662
49672
49692
49709
49722
49735
49753
49768
49794
49802
49817
49825
49831
49840
49847
49857
49884
49904
49929
49954
49970
49986
50001
50015
50021
50039
50053
50072
50084
50096
50116
50128
50133
50138
50149
50171
50176
50197
50202
50227
50238
50254
50263
50270
50295
50300
50307
50314
50335
50346
50358
50373
50391
50404
50419
50433
50443
50461
50476
50492
50503
50522
50543
50550
50557
50575
50585
50598
50605
50629
50638
50652
50665
50677
50685
50697
50710
50740
50753
50768
50789
50806
50833
50850
50862
50882
50887
50894
50909
50924
50943
50958
50980
50990
51007
51020
51025
51031
51041
51055
51074
51085
51091
51120
51127
51142
51157
51178
51190
51201
51225
51244
51250
51266
51278
51295
51311
51327
51339
51355
51374
51396
51404
51425
51436
51456
51465
51478
51493
51504
51529
51544
51559
51578
51589
51603
51615
51641
51647
51660
51682
51692
51709
51736
51750
51777
51795
51801
51824
51829
51836
51846
51867
51885
51894
51908
51925
51932
51942
51952
51960
51967
51974
51989
52002
52017
52044
52060
52067
52095
52109
52133
52152
52159
52170
52197
52210
52229
52235
52241
52260
52272
52279
52289
52308
52326
52341
52354
52373
52384
52393
52414
52423
52444
52469
52478
52487
52497
52524
52543
52560
52574
52590
52607
52621
52633
52639
52653
52688
52698
52710
52726
52742
52755
52768
52794
52813
52826
52845
52867
52875
52886
52900
52912
52932
52952
52975
52986
52994
53009
53016
53023
53032
53066
53075
53088
53101
53106
53138
53151
53169
53178
53198
53218
53233
53256
53266
53290
53302
53307
53319
53338
53353
53370
53383
53407
53414
53422
53438
53459
53473
53479
53491
53501
53508
53516
53529
53535
53551
53568
53579
53586
53594
53607
53616
53624
53646
53660
53676
53684
53702
53721
53733
53755
53762
53769
53787
53798
53819
53833
53846
53859
53864
53880
53904
53913
53919
53946
53951
53957
53969
53984
53996
54006
54017
54039
54054
54071
54082
54095
54107
54117
54135
54148
54155
54162
54171
54190
54204
54209
54224
54236
54250
54263
54287
54308
54324
54341
54358
54371
54391
54411
54426
54449
54457
54480
54495
54510
54518
54535
54542
54552
54580
54595
54610
54620
54636
54645
54660
54675
54697
54707
54718
54728
54747
54766
54782
54806
54820
54838
54846
54862
54876
54894
54916
54929
54938
54970
54985
55007
55014
55022
55035
55047
55069
55084
55094
55115
55132
55147
55157
55173
55182
55200
55221
55227
55235
55245
55260
55273
55279
55284
55307
55315
55325
55347
55357
55362
55373
55391
55408
55415
55434
55440
55446
55465
55474
55489
55520
55528
55548
55571
55583
55589
55609
55619
55637
55650
55656
55663
55677
55690
55701
55727
55743
55751
55764
55790
55804
55830
55838
55855
55873
55901
55917
55926
55947
55975
55996
56012
56029
56038
56045
56076
56093
56104
56111
56131
56142
56164
56177
56186
56206
56215
56227
56236
56251
56264
56273
56284
56312
56328
56339
56347
56367
56377
56394
56417
56436
56449
56469
56482
56487
56503
56511
56518
56526
56535
56556
56566
56575
56583
56603
56617
56622
56634
56652
56670
56687
56708
56718
56730
56737
56763
56788
56802
56816
56835
56853
56860
56866
56877
56900
56906
56913
56924
56935
56953
56969
56975
57000
57006
57029
57037
57050
57055
57075
57098
57122
57140
57154
57160
57173
57189
57199
57224
57235
57268
57284
57319
57334
57359
57384
57402
57408
57419
57445
57470
57493
57500
57521
57534
57544
57551
57559
57569
57577
57594
57603
57615
57639
57646
57669
57696
57705
57728
57739
57762
57791
57800
57820
57840
57847
57858
57872
57884
57900
57912
57920
57927
57943
57952
57971
57997
58016
58033
58055
58063
58078
58089
58096
58117
58123
58147
58159
58184
58200
58209
58214
58226
58240
58246
58251
58267
58281
58301
58317
58340
58357
58380
58387
58402
58412
58429
58435
58441
58465
58483
58504
58511
58536
58543
58562
58579
58588
58600
58606
58614
58622
58629
58637
58650
58674
58691
58708
58723
58736
58747
58757
58777
58782
58795
58812
58834
58845
58867
58882
58888
58896
58904
58921
58944
58951
58956
58983
58998
59010
59022
59028
59039
59065
59078
59094
59104
59123
59149
59176
59183
59195
59204
59219
59239
59255
59278
59299
59315
59334
59348
59360
59376
59399
59406
59429
59442
59456
59467
59487
59503
59524
59543
59553
59573
59591
59608
59634
59651
59665
59683
59690
59702
59717
59728
59747
59760
59783
59804
59817
59829
59851
59862
59872
59901
59916
59934
59941
59950
59966
59990
60010
60019
60028
60046
60058
60086
60098
60115
60127
60139
60145
60170
60181
60196
60212
60240
60250
60262
60287
60299
60309
60322
60343
60361
60372
60385
60402
60412
60420
60444
60460
60476
60493
60512
60533
60556
60584
60596
60606
60617
60638
60661
60674
60690
60707
60735
60744
60764
60783
60795
60801
60817
60825
60835
60859
60877
60893
60908
60931
60940
60951
60970
60980
60986
61009
61017
61023
61051
61058
61081
61096
61102
61116
61133
61147
61172
61180
61202
61208
61213
61228
61244
61265
61287
61300
61317
61328
61349
61368
61380
61394
61411
61436
61453
61461
61479
61491
61503
61511
61520
61539
61551
61559
61582
61594
61607
61615
61623
61652
61667
61684
61697
61707
61723
61737
61743
61753
61769
61788
61801
61811
61827
61843
61850
61865
61875
61888
61897
61910
61921
61931
61949
61962
61982
61997
62008
62023
62034
62049
62057
62077
62101
62122
62149
62163
62182
62210
62220
62232
62246
62260
62280
62289
62314
62321
62339
62356
62372
62378
62389
62403
62416
62426
62465
62477
62482
62507
62517
62538
62562
62584
62602
62610
62622
62654
62659
62670
62688
62703
62712
62721
62737
62757
62772
62791
62799
62821
62841
62851
62879
62907
62932
62956
62970
62989
63004
63026
63046
63065
63088
63097
63123
63151
63163
63183
63202
63224
63246
63263
63279
63295
63311
63326
63338
63346
63365
63373
63400
63418
63435
63472
63477
63482
63511
63528
63539
63549
63557
63566
63575
63584
63596
63606
63616
63640
63657
63675
63689
63707
63721
63728
63748
63761
63781
63792
63815
63823
63856
63868
63885
63910
63927
63956
63968
63977
63989
64001
64016
64034
64043
64069
64077
64088
64098
64113
64125
64155
64169
64195
64222
64244
64256
64266
64277
64297
64322
64336
64353
64370
64392
64412
64423
64441
64454
64462
64470
64480
64497
64508
64519
64536
64542
64549
64559
64577
64584
64600
64620
64632
64655
64664
64672
64691
64704
64713
64719
64745
64761
64773
64792
64812
64827
64859
64866
64877
64910
64926
64942
64953
64971
64976
64998
65013
65036
65043
65073
65085
65099
65112
65141
65163
65174
65200
65208
65224
65232
65240
65261
65275
65290
65306
65322
65327
65333
65355
65368
65384
65405
65424
65437
65448
65455
65471
65484
65495
65516
65531
65557
65579
65587
65605
65617
65622
65634
65650
65665
65693
65704
65725
65738
65746
65765
65772
65802
65817
65826
65839
65851
65863
65879
65894
65915
65932
65947
65959
65972
65979
66004
66010
66028
66041
66049
66074
66083
66088
66094
66110
66121
66147
66161
66178
66201
66208
66229
66246
66272
66294
66303
66310
66325
66344
66362
66370
66391
66398
66418
66441
66450
66474
66484
66504
66509
66525
66540
66554
66575
66598
66604
66614
66640
66649
66672
66686
66714
66721
66732
66748
66775
66793
66807
66821
66828
66838
66856
66866
66885
66897
66904
66916
66931
66952
66968
66974
66991
67012
67026
67039
67060
67070
67091
67108
67123
67133
67158
67174
67180
67191
67204
67232
67247
67253
67259
67285
67311
67321
67329
67342
67356
67361
67373
67393
67413
67438
67464
67476
67487
67493
67527
67543
67556
67574
67599
67627
67633
67648
67660
67668
67676
67700
67712
67730
67742
67749
67754
67761
67779
67787
67803
67825
67836
67842
67850
67865
67893
67904
67920
67942
67959
67978
67996
68008
68016
68021
68038
68067
68080
68092
68105
68111
68136
68157
68166
68191
68203
68211
68218
68229
68261
68286
68304
68318
68333
68352
68367
68386
68393
68406
68412
68418
68427
68447
68461
68480
68491
68517
68528
68546
68557
68565
68579
68585
68601
68606
68637
68642
68647
68678
68693
68702
68712
68724
68743
68756
68775
68794
68805
68813
68832
68841
68854
68874
68888
68900
68915
68933
68950
68963
68970
68981
68998
69011
69034
69058
69068
69092
69108
69125
69140
69158
69175
69195
69213
69221
69230
69256
69263
69277
69290
69305
69329
69347
69364
69374
69380
69395
69403
69432
69439
69464
69487
69517
69539
69544
69552
69587
69597
69604
69631
69644
69650
69677
69699
69714
69724
69759
69764
69776
69799
69822
69847
69867
69880
69895
69927
69932
69953
69959
69972
69983
70007
70021
70032
70049
70086
70093
70105
70113
70123
70150
70163
70180
70195
70213
70224
70243
70259
70283
70305
70333
70346
70364
70373
70393
70402
70429
70445
70458
70485
70500
70519
70529
70555
70576
70591
70602
70619
70637
70653
70666
70684
70694
70701
70712
70726
70732
70746
70760
70770
70792
70803
70827
70839
70854
70882
70900
70926
70934
70945
70965
70975
71001
71017
71039
71062
71077
71100
71118
71130
71139
71144
71166
71183
71199
71206
71214
71241
71252
71262
71275
71284
71307
71336
71357
71376
71381
71390
71409
71424
71431
71454
71471
71484
71497
71503
71511
71531
71536
71554
71568
71585
71602
71625
71631
71640
71653
71664
71679
71685
71694
71704
71715
71721
71737
71745
71750
71766
71789
71804
71823
71834
71850
71871
71886
71900
71909
71919
71944
71955
71981
71989
72001
72009
72046
72052
72062
72083
72098
72109
72114
72125
72134
72165
72175
72188
72196
72215
72221
72227
72246
72254
72266
72289
72303
72309
72326
72331
72356
72364
72375
72386
72391
72406
72434
72448
72457
72473
72480
72489
72495
72519
72535
72552
72566
72582
72606
72620
72634
72651
72670
72687
72696
72717
72746
72753
72763
72779
72791
72798
72808
72826
72836
72849
72863
72887
72901
72911
72935
72953
72975
73001
73013
73036
73044
73078
73089
73110
73131
73140
73154
73167
73177
73183
73195
73207
73214
73223
73232
73238
73248
73264
73277
73282
73308
73328
73345
73352
73361
73367
73380
73390
73407
73418
73424
73443
73454
73462
73498
73514
73532
73542
73549
73569
73590
73598
73614
73629
73641
73654
73674
73700
73715
73744
73751
73772
73792
73804
73819
73834
73841
73870
73880
73889
73914
73936
73949
73966
73974
73992
74003
74014
74034
74060
74081
74099
74108
74133
74149
74160
74178
74198
74214
74224
74232
74256
74262
74277
74306
74315
74338
74343
74358
74379
74403
74414
74440
74453
74471
74480
74494
74523
74550
74565
74572
74590
74598
74611
74622
74639
74653
74658
74670
74679
74687
74707
74713
74721
74733
74749
74769
74790
74815
