Primero viene la cantidad (n) de timestamps para ambos, luego n líneas que son un timestamp aproximado cada uno separado por una coma (',') del error, y luego n lineas de las transacciones del sospechoso
5505
4,4
21,9
42,7
63,10
81,3
89,1
100,6
115,5
132,7
147,4
157,2
171,7
191,9
211,6
228,6
245,7
266,10
283,3
293,3
309,9
332,10
352,5
369,8
382,1
395,8
413,5
426,3
440,7
456,4
470,6
484,3
493,2
509,9
529,6
540,0
545,0
554,5
565,1
580,9
595,1
611,10
636,10
651,0
657,1
668,5
687,10
707,5
726,9
747,7
762,4
778,7
795,5
812,7
832,9
852,6
864,1
871,1
880,3
891,3
899,1
907,3
920,6
933,2
947,7
966,8
981,2
994,7
1015,9
1038,10
1054,2
1067,7
1088,9
1105,3
1117,4
1135,9
1149,0
1163,10
1182,5
1194,2
1204,4
1222,10
1238,2
1251,6
1262,0
1273,7
1290,6
1308,8
1329,9
1351,8
1368,4
1381,5
1400,10
1424,9
1440,3
1448,1
1460,6
1478,8
1496,5
1506,0
1520,9
1536,3
1554,10
1569,1
1581,7
1596,4
1615,10
1632,3
1645,6
1666,10
1690,10
1711,6
1724,3
1741,9
1760,5
1778,8
1800,9
1817,4
1836,10
1861,10
1878,2
1891,6
1907,5
1922,6
1940,8
1960,7
1977,6
1994,6
2013,8
2036,10
2051,1
2067,10
2085,4
2097,3
2105,1
2119,9
2134,2
2144,4
2158,6
2169,0
2179,5
2199,10
2216,3
2229,5
2243,5
2258,6
2277,9
2296,5
2308,2
2316,2
2333,10
2357,9
2378,8
2399,8
2417,5
2427,1
2435,2
2446,4
2456,2
2469,6
2484,4
2494,1
2501,2
2512,5
2528,7
2545,6
2560,5
2575,6
2588,3
2600,5
2613,3
2630,9
2648,5
2665,8
2678,1
2687,3
2698,3
2707,1
2714,1
2720,1
2735,10
2757,8
2777,7
2789,1
2796,2
2811,9
2828,3
2844,8
2864,7
2881,5
2896,6
2908,1
2923,9
2946,10
2963,2
2977,8
2990,0
2999,4
3015,7
3030,4
3048,9
3063,1
3072,3
3084,5
3097,4
3115,10
3140,10
3156,1
3167,5
3177,1
3184,2
3198,8
3213,2
3229,10
3253,10
3268,0
3279,6
3295,6
3315,10
3334,5
3352,9
3371,6
3390,9
3413,10
3429,1
3436,1
3443,1
3456,8
3471,2
3481,3
3492,3
3510,10
3532,7
3553,10
3568,1
3575,1
3588,7
3603,4
3615,4
3628,4
3637,1
3650,7
3662,0
3672,5
3686,4
3700,5
3711,1
3721,4
3736,7
3748,0
3753,0
3759,1
3767,3
3779,5
3797,8
3810,1
3824,9
3842,5
3857,5
3869,2
3884,9
3902,4
3920,9
3942,9
3957,1
3965,2
3974,3
3985,3
4000,7
4018,6
4036,7
4056,8
4078,10
4097,4
4115,9
4130,1
4142,6
4153,1
4161,3
4169,0
4184,10
4204,5
4217,3
4227,3
4239,5
4251,2
4266,9
4288,9
4306,5
4326,10
4348,7
4368,8
4381,0
4391,5
4406,5
4416,1
4425,4
4439,6
4451,2
4461,4
4477,7
4498,9
4512,1
4524,6
4540,6
4560,10
4576,2
4586,4
4600,6
4614,4
4628,6
4645,7
4664,7
4676,0
4681,0
4690,4
4706,8
4729,10
4747,3
4764,9
4787,10
4806,4
4821,7
4836,3
4854,10
4874,6
4888,3
4901,6
4915,4
4930,6
4943,2
4951,1
4960,3
4971,3
4982,4
4995,5
5015,10
5035,6
5046,1
5056,4
5069,4
5083,6
5102,9
5119,4
5128,1
5138,4
5155,8
5177,9
5199,9
5222,10
5237,1
5251,9
5270,5
5290,10
5311,7
5333,10
5354,7
5372,6
5388,5
5402,4
5414,4
5430,7
5445,3
5458,5
5471,3
5479,1
5488,3
5497,2
5506,2
5516,3
5524,0
5532,4
5541,0
5551,6
5567,6
5585,8
5604,6
5618,4
5631,4
5643,3
5651,1
5666,9
5685,6
5699,3
5716,10
5738,8
5757,6
5769,1
5776,2
5792,10
5815,9
5836,8
5854,5
5869,6
5880,1
5892,7
5908,4
5922,6
5939,6
5954,4
5970,8
5989,7
6001,0
6009,4
6022,5
6035,4
6050,7
6067,5
6078,2
6091,6
6102,0
6113,7
6132,8
6155,10
6180,10
6199,4
6209,1
6221,7
6234,2
6246,5
6258,3
6267,2
6281,8
6304,10
6326,8
6341,2
6357,9
6377,7
6398,9
6415,4
6425,2
6434,2
6446,5
6463,7
6479,4
6493,5
6505,2
6512,1
6526,9
6540,1
6554,8
6575,9
6592,3
6601,1
6613,7
6626,2
6642,9
6661,6
6672,0
6678,2
6685,0
6693,4
6702,1
6710,2
6717,0
6732,10
6748,1
6754,0
6765,7
6782,6
6796,4
6809,4
6818,1
6826,2
6840,7
6855,3
6872,9
6893,7
6907,3
6923,8
6940,4
6952,3
6965,6
6979,3
6995,9
7010,2
7026,10
7042,2
7056,8
7076,7
7088,1
7103,10
7123,5
7138,6
7152,4
7165,5
7182,7
7198,5
7216,9
7236,6
7255,9
7278,10
7297,5
7313,7
7329,4
7342,5
7358,6
7371,2
7386,8
7400,2
7416,10
7434,3
7442,1
7448,0
7461,9
7479,5
7492,3
7506,7
7518,1
7534,10
7559,10
7575,2
7583,1
7589,0
7597,3
7610,6
7622,1
7631,4
7642,2
7653,5
7672,9
7694,8
7711,5
7721,0
7726,1
7741,9
7761,6
7773,1
7786,7
7800,2
7811,4
7825,5
7840,5
7856,6
7871,4
7886,6
7903,6
7914,1
7927,8
7950,10
7971,7
7990,7
8003,1
8018,9
8035,3
8043,0
8054,6
8066,1
8075,3
8091,8
8106,3
8121,7
8133,1
8143,5
8153,1
8159,0
8165,2
8176,5
8191,6
8211,9
8225,1
8240,9
8260,6
8280,9
8303,10
8318,1
8330,7
8351,10
8371,5
8390,9
8412,8
8428,3
8439,4
8454,7
8471,5
8485,5
8500,6
8518,8
8534,3
8548,6
8567,8
8580,0
8591,7
8603,1
8612,3
8626,6
8640,3
8655,7
8668,2
8678,3
8688,3
8700,5
8717,8
8739,10
8761,7
8775,2
8787,5
8804,7
8825,9
8842,3
8854,5
8864,0
8871,2
8886,8
8906,7
8924,6
8944,9
8964,7
8983,8
8999,4
9008,0
9016,3
9027,4
9044,9
9058,1
9067,4
9084,8
9100,3
9115,8
9135,7
9153,7
9168,3
9177,2
9188,4
9204,8
9227,10
9249,7
9261,0
9274,8
9287,1
9296,4
9307,3
9316,1
9325,4
9344,10
9359,1
9375,10
9392,3
9403,4
9415,3
9431,8
9454,10
9469,1
9483,9
9504,8
9521,5
9539,8
9555,3
9572,9
9592,6
9609,7
9627,7
9646,8
9660,2
9673,7
9688,3
9701,6
9716,5
9726,0
9741,10
9761,6
9772,1
9782,5
9801,10
9824,9
9844,7
9857,2
9874,10
9898,9
9920,9
9943,9
9965,9
9986,8
10001,2
10009,1
10023,8
10045,10
10060,1
10068,2
10079,5
10093,4
10108,6
10121,2
10128,1
10141,8
10164,10
10188,10
10211,8
10231,8
10249,5
10266,7
10284,7
10305,9
10326,7
10341,4
10355,5
10365,1
10377,7
10397,8
10415,5
10425,1
10441,10
10456,1
10468,6
10485,7
10503,6
10521,8
10538,4
10555,8
10572,5
10585,3
10602,9
10617,2
10629,6
10647,8
10664,4
10675,3
10683,1
10695,6
10712,7
10730,6
10747,7
10769,10
10793,10
10818,10
10839,7
10854,4
10865,2
10874,3
10892,10
10914,7
10934,9
10954,6
10966,2
10977,4
10988,2
10999,5
11015,6
11031,5
11041,1
11050,3
11067,10
11084,3
11099,7
11119,8
11140,8
11159,6
11174,4
11187,5
11199,2
11214,9
11238,10
11260,8
11281,9
11303,8
11319,4
11330,2
11343,6
11357,4
11376,10
11400,9
11421,8
11440,6
11452,2
11461,3
11473,4
11483,2
11495,5
11512,7
11530,6
11544,4
11553,0
11564,7
11579,4
11592,4
11606,5
11619,3
11629,2
11640,4
11649,0
11656,3
11672,8
11686,2
11693,0
11705,7
11725,9
11741,2
11753,5
11763,1
11773,5
11786,3
11804,10
11821,2
11831,4
11843,4
11853,1
11866,8
11879,0
11892,8
11909,5
11927,9
11947,7
11959,1
11972,8
11991,6
12010,8
12026,3
12036,2
12050,7
12065,3
12079,7
12099,8
12116,4
12129,5
12140,1
12148,3
12163,7
12185,10
12203,4
12220,9
12241,7
12253,1
12266,7
12287,9
12302,2
12317,8
12330,0
12344,9
12367,10
12387,5
12401,5
12417,7
12431,3
12443,5
12456,4
12467,3
12481,7
12503,10
12525,8
12541,4
12557,7
12574,5
12587,3
12600,6
12618,7
12634,4
12649,6
12661,1
12673,7
12688,3
12702,7
12720,7
12739,8
12757,5
12776,10
12797,6
12813,6
12832,8
12846,1
12859,7
12878,8
12893,2
12908,8
12930,10
12951,6
12969,7
12983,3
12994,4
13009,7
13024,3
13041,10
13064,8
13078,2
13092,7
13113,10
13131,3
13145,6
13160,5
13174,5
13191,7
13211,8
13232,9
13255,10
13270,0
13281,7
13295,2
13310,8
13330,8
13347,4
13364,9
13388,10
13407,5
13419,3
13435,9
13452,4
13471,10
13488,3
13496,0
13507,6
13527,10
13548,6
13566,7
13586,8
13605,7
13617,1
13631,8
13644,1
13654,5
13664,0
13675,6
13689,3
13703,7
13718,3
13735,10
13759,9
13782,9
13806,10
13825,4
13840,6
13855,4
13871,7
13893,10
13918,10
13941,9
13955,1
13969,8
13986,4
13996,2
14004,1
14018,9
14039,7
14052,1
14062,4
14071,0
14078,2
14090,6
14111,10
14131,5
14143,2
14158,8
14178,7
14199,9
14216,4
14227,3
14242,8
14260,6
14274,3
14284,2
14294,3
14312,10
14335,8
14358,10
14375,2
14391,9
14406,2
14417,4
14433,8
14452,7
14465,1
14472,1
14481,4
14496,7
14508,0
14520,7
14541,9
14563,9
14581,4
14598,9
14620,9
14638,5
14653,6
14664,1
14674,4
14692,10
14711,5
14722,1
14732,4
14742,1
14751,3
14768,9
14786,5
14804,8
14825,9
14839,1
14848,4
14858,2
14868,3
14885,9
14899,1
14905,1
14920,9
14938,5
14954,6
14972,7
14985,1
14991,0
14997,2
15012,8
15034,10
15052,3
15065,5
15075,0
15088,8
15102,2
15117,8
15138,9
15157,6
15168,1
15180,7
15199,7
15220,9
15234,0
15244,6
15258,4
15269,3
15281,5
15294,4
15303,0
15309,1
15318,3
15333,8
15349,3
15360,3
15371,3
15381,2
15393,6
15405,1
15420,9
15438,4
15453,6
15471,7
15491,8
15507,3
15523,9
15546,10
15570,9
15594,10
15619,10
15637,3
15652,8
15667,2
15682,8
15704,10
15722,4
15741,10
15762,7
15783,10
15802,5
15813,1
15826,8
15845,7
15860,4
15870,2
15884,7
15905,9
15919,0
15932,8
15945,1
15954,3
15965,4
15974,0
15984,6
16002,8
16021,7
16034,2
16044,4
16054,1
16063,3
16074,4
16085,3
16097,4
16114,8
16133,7
16154,10
16172,3
16184,4
16193,1
16206,8
16220,1
16234,8
16255,9
16269,0
16276,2
16293,10
16310,2
16324,7
16342,6
16358,5
16376,8
16397,8
16415,6
16430,5
16442,2
16455,7
16475,8
16496,9
16510,1
16521,6
16542,10
16558,1
16564,1
16578,8
16594,3
16606,4
16624,9
16645,8
16665,7
16679,2
16688,3
16700,4
16714,5
16726,2
16735,2
16747,6
16761,3
16779,10
16798,4
16817,10
16835,3
16847,5
16859,3
16874,8
16896,9
16918,8
16934,3
16949,8
16967,6
16980,2
16993,6
17011,8
17030,6
17049,8
17065,4
17078,5
17096,8
17109,1
17117,3
17127,2
17143,10
17165,7
17180,4
17196,7
17216,9
17231,1
17238,1
17252,8
17267,3
17281,6
17295,4
17304,0
17318,9
17338,7
17353,4
17370,9
17388,5
17400,3
17409,1
17416,2
17425,3
17441,8
17463,9
17483,6
17499,5
17517,8
17538,9
17552,0
17557,0
17566,4
17577,3
17587,2
17599,6
17612,2
17621,2
17628,1
17634,1
17644,5
17661,8
17679,6
17693,4
17707,6
17728,10
17747,4
17764,9
17783,5
17793,1
17802,4
17816,5
17835,10
17857,7
17873,5
17885,3
17903,10
17919,2
17927,2
17943,10
17966,9
17983,4
17995,3
18008,5
18027,9
18050,9
18068,5
18086,9
18101,1
18114,8
18128,1
18139,5
18153,4
18162,1
18170,2
18185,8
18207,9
18221,1
18227,0
18239,8
18261,10
18280,5
18293,4
18307,5
18323,7
18344,10
18368,9
18387,6
18400,3
18415,8
18435,7
18448,1
18457,3
18470,6
18488,7
18503,4
18518,7
18532,2
18543,5
18560,7
18578,7
18600,10
18622,7
18635,1
18648,7
18668,9
18692,10
18708,1
18719,5
18735,7
18756,10
18780,9
18795,1
18810,10
18831,7
18847,4
18856,0
18863,3
18881,10
18903,8
18919,3
18934,7
18949,3
18960,3
18971,4
18987,8
19002,3
19017,7
19036,7
19053,6
19067,4
19084,8
19098,2
19106,2
19123,10
19141,3
19150,2
19163,7
19183,9
19204,7
19219,3
19229,3
19237,0
19245,3
19253,1
19259,1
19270,5
19285,6
19301,6
19312,1
19326,8
19345,6
19365,10
19385,5
19395,0
19401,2
19409,2
19424,8
19439,3
19456,9
19472,3
19490,10
19507,2
19522,9
19541,6
19561,10
19580,5
19597,8
19611,1
19624,8
19638,1
19651,7
19665,3
19675,2
19684,3
19698,6
19710,1
19725,9
19749,10
19771,7
19790,8
19808,5
19818,1
19829,5
19848,10
19871,8
19892,8
19910,6
19929,8
19952,10
19976,9
19991,1
20006,9
20030,10
20053,9
20072,6
20087,5
20101,5
20120,9
20143,10
20163,6
20182,8
20199,5
20215,6
20235,10
20256,6
20274,8
20291,4
20303,3
20311,0
20316,0
20321,1
20329,3
20345,9
20366,8
20382,3
20394,4
20409,7
20429,8
20442,1
20452,5
20469,8
20483,2
20490,0
20502,8
20518,3
20531,5
20551,10
20569,4
20580,3
20591,3
20608,10
20625,2
20632,1
20643,6
20658,4
20676,9
20691,1
20703,7
20720,5
20736,7
20756,9
20779,10
20796,3
20808,5
20819,1
20833,9
20857,10
20882,10
20901,5
20921,10
20941,5
20959,8
20980,9
21000,6
21012,1
21023,6
21040,7
21052,1
21065,7
21080,4
21095,6
21114,9
21134,7
21153,7
21165,1
21171,0
21185,9
21204,6
21224,9
21240,3
21254,6
21268,4
21279,3
21289,2
21302,6
21313,1
21323,4
21332,1
21338,1
21350,6
21363,2
21376,7
21389,1
21395,1
21401,1
21408,2
21421,7
21441,9
21459,4
21477,10
21494,3
21504,2
21515,4
21529,5
21544,5
21554,0
21569,10
21592,9
21614,9
21629,1
21642,8
21658,4
21675,8
21689,2
21705,9
21727,9
21747,6
21760,3
21770,3
21784,7
21806,10
21825,5
21838,3
21848,3
21858,2
21869,4
21885,8
21903,5
21920,8
21937,5
21955,8
21970,3
21984,7
21999,3
22015,9
22033,4
22046,4
22056,1
22070,9
22090,7
22102,1
22116,8
22137,8
22158,8
22177,7
22198,10
22213,0
22224,7
22245,9
22267,9
22285,4
22302,9
22322,7
22334,0
22342,3
22355,5
22372,7
22393,10
22415,8
22432,5
22445,4
22457,4
22469,3
22483,7
22501,7
22514,2
22521,0
22535,9
22551,3
22569,10
22593,10
22614,6
22632,8
22646,1
22662,10
22679,3
22693,6
22704,1
22710,0
22721,6
22736,4
22752,7
22766,3
22782,9
22803,7
22816,1
22831,10
22853,7
22867,2
22877,3
22889,4
22904,6
22925,10
22948,9
22963,2
22972,3
22980,0
22986,2
22995,2
23003,1
23010,2
23019,3
23028,1
23037,3
23048,4
23064,7
23085,10
23109,10
23127,3
23138,3
23148,3
23161,6
23181,10
23204,9
23221,3
23231,3
23240,2
23255,8
23277,9
23293,3
23309,8
23326,5
23341,6
23354,3
23365,3
23380,8
23398,5
23413,6
23429,6
23448,9
23465,4
23479,6
23491,1
23507,10
23523,1
23537,9
23553,3
23561,1
23574,7
23593,7
23610,5
23629,10
23653,10
23672,4
23690,10
23711,7
23726,3
23738,5
23751,3
23767,9
23785,4
23803,9
23817,1
23827,5
23846,9
23863,3
23873,2
23890,10
23912,8
23932,7
23944,0
23955,6
23973,7
23990,6
24003,3
24015,4
24034,10
24055,7
24069,2
24083,7
24105,10
24121,2
24134,6
24155,10
24179,10
24204,10
24220,1
24234,8
24247,0
24258,6
24269,0
24280,7
24301,10
24320,4
24335,6
24350,4
24359,1
24368,3
24379,4
24395,7
24415,9
24435,7
24457,10
24478,6
24494,6
24508,4
24518,1
24533,9
24556,9
24571,2
24578,1
24590,7
24607,5
24620,3
24635,8
24654,7
24666,1
24678,7
24699,9
24722,9
24737,1
24744,2
24756,6
24775,8
24797,9
24816,5
24830,5
24846,7
24865,7
24887,10
24904,3
24921,9
24941,7
24958,6
24976,8
24993,4
25008,7
25029,10
25049,5
25061,3
25074,5
25084,0
25098,10
25116,3
25126,3
25137,3
25149,5
25159,0
25168,4
25178,2
25189,4
25205,7
25220,3
25228,0
25234,1
25248,9
25268,7
25282,2
25295,6
25309,4
25324,7
25338,3
25353,8
25366,0
25378,7
25399,10
25422,8
25442,8
25456,1
25472,10
25492,5
25505,3
25518,5
25531,3
25547,8
25560,1
25566,1
25582,10
25600,3
25616,8
25630,2
25639,3
25649,2
25665,9
25684,5
25695,2
25703,2
25714,5
25727,4
25743,8
25764,9
25785,7
25802,6
25816,4
25826,1
25839,7
25858,7
25879,10
25898,5
25909,2
25920,5
25935,5
25951,6
25971,10
25996,10
26014,4
26023,1
26035,7
26048,1
26056,2
26068,6
26087,8
26100,0
26105,1
26119,9
26140,7
26155,4
26167,3
26184,10
26208,9
26231,10
26253,8
26268,2
26284,9
26302,5
26312,0
26321,5
26333,2
26343,3
26355,4
26365,1
26380,10
26401,7
26421,8
26435,1
26443,2
26457,8
26473,4
26485,3
26498,6
26511,3
26519,0
26531,8
26551,8
26573,9
26590,3
26599,1
26606,1
26622,10
26641,4
26656,7
26671,4
26685,5
26696,2
26708,6
26720,2
26729,3
26738,1
26746,3
26758,4
26768,2
26775,0
26789,9
26808,5
26825,7
26845,8
26866,8
26882,3
26892,2
26903,5
26923,10
26942,5
26959,7
26972,2
26983,5
26997,5
27007,0
27017,6
27032,5
27042,1
27057,10
27072,0
27085,9
27106,7
27128,10
27147,4
27160,4
27175,7
27191,5
27206,6
27225,8
27246,9
27263,3
27279,8
27294,2
27306,6
27327,10
27350,8
27363,0
27375,8
27390,3
27404,6
27422,8
27444,9
27460,2
27467,0
27476,4
27490,6
27511,10
27533,7
27555,10
27571,1
27587,10
27609,7
27631,10
27655,9
27672,3
27684,4
27693,1
27706,7
27726,9
27740,0
27753,8
27768,2
27781,7
27799,6
27812,2
27827,8
27848,8
27869,8
27886,4
27900,5
27915,6
27933,8
27949,3
27960,4
27974,6
27992,7
28006,3
28020,7
28038,6
28055,7
28068,2
28077,3
28092,8
28115,10
28140,10
28160,5
28172,2
28183,4
28193,1
28206,8
28222,3
28231,2
28245,8
28263,5
28282,9
28303,8
28321,6
28339,7
28352,1
28359,1
28373,9
28391,4
28403,3
28419,8
28437,6
28452,5
28469,8
28482,0
28490,3
28501,3
28509,0
28516,2
28525,3
28541,8
28562,9
28579,3
28590,3
28598,0
28603,1
28617,9
28640,10
28658,4
28674,8
28693,7
28714,10
28734,5
28744,1
28751,1
28767,10
28785,4
28799,5
28813,4
28831,9
28847,2
28858,5
28871,3
28886,7
28904,7
28917,2
28932,8
28945,1
28961,10
28977,2
28984,0
28990,2
29003,7
29023,9
29041,5
29056,6
29068,1
29074,0
29082,4
29097,7
29111,3
29122,3
29132,2
29148,9
29170,8
29187,5
29198,1
29211,8
29231,8
29248,4
29260,4
29277,8
29297,8
29317,8
29336,6
29356,10
29377,6
29397,10
29416,5
29431,6
29448,7
29464,5
29482,8
29498,3
29506,0
29513,2
29520,1
29531,5
29550,9
29572,9
29587,1
29598,6
29614,5
29625,2
29633,2
29643,3
29657,7
29676,8
29697,8
29714,5
29726,2
29741,8
29761,8
29775,2
29788,6
29799,1
29806,1
29821,10
29836,0
29848,7
29864,5
29877,3
29888,4
29905,8
29919,2
29927,2
29941,8
29962,9
29976,0
29986,6
29997,0
30010,8
30030,8
30051,8
30070,6
30083,3
30091,1
30101,5
30112,2
30125,7
30147,10
30162,0
30170,3
30184,7
30197,2
30210,6
30229,9
30248,6
30260,2
30267,1
30277,5
30292,5
30308,6
30326,8
30343,5
30361,9
30377,3
30393,9
30412,5
30422,0
30429,3
30439,2
30454,9
30477,10
30495,3
30504,2
30514,3
30527,5
30537,0
30545,3
30556,4
30574,10
30591,2
30598,1
30613,10
30634,6
30651,6
30663,2
30672,3
30689,10
30708,4
30726,9
30749,10
30770,6
30782,1
30797,10
30818,6
30838,10
30862,10
30879,2
30887,1
30900,7
30921,9
30935,1
30944,3
30957,6
30976,8
30991,3
31005,6
31017,1
31031,8
31049,5
31061,2
31078,10
31096,3
31106,2
31123,10
31146,9
31162,3
31173,4
31187,6
31202,5
31218,7
31231,1
31239,2
31246,0
31256,5
31268,3
31281,6
31297,6
31312,5
31332,10
31347,0
31354,2
31368,7
31389,9
31412,10
31429,2
31438,3
31449,4
31468,10
31486,4
31496,1
31511,10
31532,7
31547,3
31559,5
31570,2
31584,7
31601,5
31613,3
31626,5
31638,3
31647,2
31663,9
31681,4
31691,1
31706,10
31728,7
31746,7
31759,2
31772,6
31791,8
31811,7
31827,4
31841,6
31862,10
31880,4
31897,9
31919,9
31936,4
31946,1
31954,2
31971,10
31986,0
32000,10
32023,8
32045,10
32062,3
32073,4
32089,7
32101,0
32112,6
32126,3
32140,7
32152,0
32166,9
32180,0
32193,8
32210,4
32229,10
32249,6
32263,4
32275,3
32289,7
32304,4
32313,1
32323,5
32340,8
32360,7
32377,5
32393,7
32414,9
32431,3
32448,10
32468,5
32484,7
32497,2
32506,3
32514,1
32530,10
32550,5
32561,1
32571,4
32588,8
32605,5
32618,4
32635,8
32650,3
32666,8
32682,4
32693,3
32703,2
32718,9
32741,9
32764,9
32784,7
32799,4
32815,8
32835,8
32851,3
32864,5
32881,8
32899,6
32913,4
32932,10
32957,10
32976,4
32991,6
33003,1
33018,9
33035,3
33045,2
33058,7
33076,7
33089,1
33100,6
33111,0
33126,10
33146,5
33157,1
33168,5
33180,2
33197,10
33220,8
33235,3
33250,7
33266,5
33278,2
33289,4
33301,3
33309,1
33319,4
33333,5
33349,7
33365,5
33382,7
33400,6
33413,2
33422,2
33435,6
33446,0
33453,2
33465,5
33475,0
33482,2
33494,6
33510,6
33530,10
33545,1
33551,0
33565,9
33588,9
33604,3
33618,7
33633,3
33641,1
33649,3
33658,2
33671,6
33689,7
33703,2
33710,0
33716,2
33725,2
33739,8
33762,10
33786,10
33809,8
33830,8
33847,4
33856,0
33865,4
33876,2
33884,1
33899,10
33922,9
33939,3
33956,10
33972,2
33985,7
34001,5
34017,7
34035,7
34052,6
34067,4
34085,10
34102,3
34119,10
34140,7
34159,8
34180,9
34199,5
34217,9
34239,8
34256,5
34274,9
34291,3
34299,1
34311,7
34327,4
34339,4
34354,7
34373,7
34385,0
34390,1
34402,7
34419,5
34436,7
34452,4
34469,9
34491,9
34507,3
34521,6
34542,10
34557,0
34568,6
34588,10
34603,1
34617,8
34639,10
34661,7
34676,4
34690,6
34703,2
34718,8
34739,8
34753,2
34761,1
34768,1
34779,6
34792,2
34801,2
34810,3
34818,1
34829,6
34841,1
34854,8
34867,1
34877,5
34893,6
34910,7
34928,7
34948,9
34968,7
34980,1
34993,7
35014,10
35029,1
35036,1
35052,10
35070,3
35082,5
35097,6
35115,7
35130,4
35141,3
35156,7
35170,3
35179,2
35196,10
35218,8
35240,10
35264,9
35287,10
35304,2
35315,5
35329,5
35345,7
35364,7
35378,3
35390,4
35406,7
35418,1
35426,2
35435,2
35450,9
35465,1
35477,6
35493,5
35508,5
35522,4
35534,4
35548,6
35568,10
35584,1
35591,2
35599,1
35610,6
35626,5
35636,0
35644,4
35660,7
35680,8
35699,6
35718,9
35735,4
35744,1
35756,7
35775,8
35791,4
35809,9
35828,6
35840,2
35854,8
35874,8
35890,3
35904,7
35917,1
35929,7
35948,7
35965,6
35981,5
35994,4
36013,10
36037,10
36052,1
36060,2
36068,2
36081,7
36099,6
36118,9
36132,1
36147,10
36164,3
36173,2
36185,5
36198,3
36212,7
36225,1
36234,3
36246,4
36263,9
36277,1
36287,5
36303,7
36322,7
36335,1
36343,3
36353,2
36368,8
36384,4
36393,0
36403,6
36420,7
36439,7
36454,4
36472,9
36491,6
36511,10
36529,3
36545,8
36562,5
36574,3
36590,9
36613,10
36633,5
36647,4
36661,5
36675,5
36693,8
36707,1
36713,0
36723,5
36736,3
36749,6
36767,8
36790,10
36813,8
36831,6
36849,7
36868,8
36882,2
36898,9
36916,5
36934,8
36948,2
36955,1
36967,7
36979,0
36991,8
37008,4
37018,2
37034,9
37057,9
37074,3
37089,7
37108,8
37124,3
37138,7
37153,4
37166,5
37185,10
37200,0
37208,3
37225,10
37247,7
37261,3
37269,0
37282,9
37303,7
37325,10
37341,1
37355,9
37378,10
37401,8
37416,2
37428,5
37439,1
37453,8
37471,5
37482,1
37488,1
37500,7
37521,9
37541,6
37557,6
37574,7
37586,1
37599,8
37618,6
37639,10
37663,10
37679,1
37693,9
37710,3
37719,2
37728,3
37743,7
37760,5
37771,2
37784,6
37801,7
37818,5
37829,2
37844,8
37862,5
37882,10
37901,4
37910,0
37924,9
37944,7
37957,2
37965,1
37975,5
37993,8
38006,0
38021,10
38040,5
38057,8
38070,1
38086,10
38106,5
38119,3
38134,8
38148,1
38157,3
38165,0
38172,2
38187,9
38201,1
38212,5
38230,8
38244,2
38259,9
38275,3
38289,7
38304,3
38314,2
38325,4
38338,4
38347,0
38359,7
38375,5
38395,10
38412,3
38421,1
38431,5
38441,0
38452,7
38471,7
38488,6
38505,6
38524,9
38542,4
38552,1
38560,3
38576,9
38593,4
38603,2
38614,4
38630,7
38648,7
38665,6
38682,6
38693,1
38708,9
38722,1
38738,10
38759,7
38780,10
38796,1
38805,3
38814,2
38822,1
38834,6
38847,3
38860,5
38870,1
38881,6
38899,8
38922,10
38945,9
38964,6
38975,1
38985,4
39001,7
39018,5
39030,2
39037,0
39044,3
39059,7
39074,4
39086,3
39096,3
39111,8
39126,2
39136,4
39145,0
39154,5
39168,4
39181,5
39193,2
39202,3
39211,2
39225,7
39241,4
39256,6
39271,5
39288,7
39306,7
39318,1
39329,5
39346,8
39359,1
39372,7
39387,3
39399,4
39414,6
39425,0
39433,4
39450,8
39471,8
39488,5
39508,10
39530,8
39550,7
39569,7
39585,5
39602,7
39614,0
39620,2
39628,2
39639,4
39652,5
39669,8
39684,3
39700,8
39716,4
39727,2
39740,6
39757,6
39772,4
39788,7
39808,8
39821,1
39831,4
39842,3
39857,7
39876,7
39892,4
39910,10
39930,5
39941,1
39953,6
39970,6
39986,5
40003,8
40022,6
40038,6
40050,2
40058,2
40072,8
40092,8
40105,1
40115,4
40126,2
40138,5
40149,1
40155,0
40164,5
40179,5
40191,3
40208,10
40230,7
40249,8
40262,0
40269,2
40283,8
40301,6
40318,7
40338,8
40359,9
40381,9
40404,9
40424,6
40443,9
40461,4
40471,1
40480,4
40498,10
40523,10
40547,9
40568,7
40585,5
40599,5
40617,9
40636,5
40650,5
40660,1
40670,4
40681,3
40692,3
40706,6
40723,7
40736,1
40746,4
40764,10
40780,2
40787,0
40801,10
40819,3
40828,2
40840,5
40855,5
40865,1
40881,10
40905,10
40920,1
40933,7
40951,6
40968,7
40980,0
40987,3
41004,9
41028,10
41050,7
41067,5
41080,3
41090,3
41100,2
41108,1
41122,9
41138,3
41154,9
41169,2
41177,2
41187,4
41199,3
41210,3
41222,5
41235,4
41246,2
41263,10
41281,4
41300,10
41319,5
41334,5
41353,10
41372,4
41381,0
41394,8
41417,10
41440,9
41456,2
41465,2
41479,8
41492,1
41505,8
41522,4
41539,9
41561,9
41579,4
41588,0
41593,1
41606,8
41629,10
41649,5
41668,9
41683,1
41696,8
41715,7
41736,10
41754,4
41764,2
41773,2
41782,3
41793,4
41807,6
41821,4
41840,10
41863,9
41885,8
41899,1
41909,5
41927,8
41943,3
41960,10
41982,7
42003,10
42023,5
42038,5
42054,7
42074,9
42094,6
42115,10
42130,0
42137,3
42152,7
42174,10
42197,8
42216,7
42233,6
42244,1
42255,5
42271,7
42287,5
42303,6
42315,2
42325,3
42338,5
42352,4
42370,10
42387,3
42403,8
42420,5
42439,10
42460,6
42473,3
42490,9
42509,5
42522,3
42538,8
42553,2
42568,8
42583,2
42593,3
42607,6
42618,0
42625,2
42637,6
42658,10
42679,7
42694,3
42708,6
42719,1
42730,5
42741,1
42750,4
42761,3
42775,6
42787,1
42795,3
42803,1
42811,3
42829,10
42844,1
42851,2
42866,9
42886,7
42907,9
42924,4
42934,2
42951,10
42973,8
42988,2
42995,0
43005,5
43023,9
43046,10
43065,5
43080,6
43095,4
43109,5
43119,1
43128,4
43140,4
43158,9
43173,2
43188,9
43205,4
43214,0
43220,2
43230,3
43239,1
43253,8
43273,8
43292,6
43304,2
43313,2
43322,2
43331,3
43341,3
43358,9
43373,1
43380,1
43396,10
43418,7
43432,2
43442,3
43458,8
43471,1
43480,4
43497,9
43517,6
43535,7
43550,3
43563,5
43579,7
43599,8
43613,2
43626,6
43642,6
43660,7
43681,10
43704,8
43723,7
43740,5
43753,4
43769,7
43783,2
43797,8
43810,0
43815,0
43822,2
43831,3
43840,2
43852,6
43871,8
43888,5
43903,5
43918,6
43931,2
43942,4
43955,4
43965,2
43972,0
43980,3
43995,8
44012,5
44030,9
44044,0
44049,1
44062,8
44079,5
44099,10
44118,4
44136,10
44151,0
44156,0
44166,5
44183,8
44201,6
44215,4
44233,10
44249,2
44256,0
44262,1
44276,9
44298,8
44316,6
44330,3
44344,7
44364,9
44380,2
44395,8
44413,6
44426,2
44442,10
44458,2
44465,0
44476,6
44490,4
44503,4
44515,3
44530,7
44544,3
44554,3
44565,4
44579,5
44590,1
44596,1
44607,5
44617,0
44624,2
44632,1
44645,7
44666,10
44691,10
44711,6
44726,5
44744,9
44768,10
44783,1
44792,4
44805,5
44824,9
44845,8
44860,2
44868,2
44876,1
44886,5
44899,4
44909,1
44918,4
44928,1
44934,1
44945,6
44962,6
44973,1
44988,9
45007,5
45023,7
45041,7
45063,10
45087,9
45105,5
45125,10
45150,10
45166,2
45182,10
45198,1
45206,2
45214,1
45224,4
45236,3
45246,3
45264,10
45283,4
45294,2
45303,2
45319,9
45340,7
45359,7
45372,1
45385,7
45403,7
45420,5
45436,7
45448,1
45459,6
45472,3
45481,2
45491,4
45502,2
45516,7
45528,1
45542,8
45562,7
45583,10
45601,4
45613,3
45629,9
45643,0
45655,8
45669,1
45675,1
45688,7
45702,2
45714,6
45733,8
45752,6
45763,1
45772,4
45787,7
45804,6
45819,4
45838,10
45862,10
45881,4
45896,7
45912,4
45923,2
45932,2
45945,7
45959,3
45970,3
45983,6
45994,1
46002,2
46018,9
46035,4
46054,10
46069,1
46083,9
46097,1
46103,1
46112,3
46122,3
46135,5
46149,4
46158,1
46170,6
46188,7
46207,8
46220,0
46228,4
46237,1
46252,9
46271,5
46282,1
46294,6
46306,1
46312,0
46326,10
46350,10
46365,0
46374,5
46386,3
46404,10
46428,10
46444,1
46457,8
46470,1
46476,1
46491,9
46509,4
46528,10
46551,8
46567,3
46582,8
46596,2
46606,3
46619,5
46633,4
46650,8
46669,7
46689,8
46706,5
46720,5
46731,2
46745,7
46766,9
46786,7
46805,8
46826,8
46842,4
46855,5
46872,8
46892,7
46907,3
46918,4
46936,9
46954,4
46972,9
46991,6
47006,5
47023,8
47043,8
47063,7
47075,1
47090,9
47113,9
47129,3
47137,0
47148,7
47165,6
47178,3
47190,5
47209,10
47233,9
47250,4
47264,5
47281,8
47294,1
47305,6
47317,1
47329,6
47346,6
47358,1
47368,4
47386,9
47400,0
47407,3
47417,3
47425,1
47432,2
47444,5
47463,9
47487,10
47504,3
47519,7
47535,5
47548,3
47566,10
47581,0
47589,3
47601,4
47620,10
47639,5
47659,10
47679,5
47692,4
47711,10
47733,7
47748,3
47765,9
47789,10
47807,3
47824,9
47842,4
47855,5
47869,4
47880,3
47895,7
47910,3
47922,5
47936,5
47947,1
47961,9
47981,6
47996,5
48009,4
48019,2
48036,10
48055,5
48066,2
48076,3
48093,9
48108,1
48115,2
48129,7
48150,10
48171,7
48191,8
48207,3
48221,7
48236,3
48254,10
48269,1
48278,4
48292,5
48303,1
48313,5
48325,2
48339,7
48352,2
48362,4
48378,8
48400,10
48418,4
48436,10
48452,1
48461,3
48476,7
48496,8
48512,3
48526,7
48545,7
48559,2
48575,9
48591,2
48603,5
48616,3
48627,4
48642,7
48658,4
48674,7
48695,10
48710,0
48724,10
48749,10
48766,3
48782,9
48804,8
48817,0
48829,8
48843,2
48859,9
48878,6
48894,6
48907,2
48915,2
48924,2
48937,6
48956,9
48975,5
48987,2
48995,2
49002,1
49014,6
49027,2
49034,0
49048,10
49066,4
49080,5
49093,3
49107,6
49121,3
49136,8
49159,10
49181,8
49198,4
49207,0
49219,8
49239,7
49254,3
49268,6
49286,8
49300,2
49309,3
49322,5
49340,9
49357,4
49374,9
49392,5
49408,7
49430,10
49451,7
49473,10
49489,1
49499,5
49510,1
49516,1
49530,9
49549,5
49561,2
49571,4
49583,3
49592,2
49603,5
49619,6
49634,5
49649,6
49670,10
49692,7
49705,2
49715,3
49728,5
49744,6
49760,5
49778,8
49796,6
49808,2
49815,1
49823,2
49830,0
49845,10
49868,8
49882,2
49890,1
49896,1
49912,10
49930,4
49940,2
49952,5
49963,1
49971,3
49981,3
49998,10
50013,1
50024,6
50039,5
50051,3
50062,3
50072,2
50088,9
50111,9
50127,3
50145,10
50169,10
50191,7
50208,5
50225,8
50240,2
50248,2
50258,4
50273,6
50284,1
50297,8
50313,3
50328,8
50344,3
50355,3
50370,8
50391,9
50406,1
50414,3
50424,3
50435,3
50453,10
50470,2
50480,3
50496,9
50510,1
50517,1
50532,10
50548,2
50559,4
50578,10
50601,9
50618,4
50632,5
50647,5
50666,10
50690,10
50707,2
50722,8
50735,0
50741,2
50751,4
50762,3
50770,0
50782,8
50804,9
50827,9
50849,8
50865,4
50876,3
50888,4
50904,8
50924,8
50945,8
50967,10
50992,10
51010,4
51027,9
51046,5
51058,2
51074,9
51094,6
51110,5
51120,1
51132,7
51153,10
51170,3
51186,9
51201,1
51211,5
51228,7
51247,8
51263,3
51279,9
51298,6
51318,9
51338,6
51352,3
51366,7
51388,10
51406,3
51418,5
51433,5
51445,2
51453,1
51463,5
51474,2
51491,10
51515,9
51539,10
51561,8
51578,4
51592,6
51609,6
51627,7
51643,4
51655,4
51672,8
51687,2
51700,7
51715,4
51731,8
51747,4
51756,0
51767,7
51780,2
51796,9
51812,2
51820,2
51836,9
51860,10
51884,9
51898,1
51905,2
51915,3
51930,7
51945,4
51960,6
51976,6
51987,1
52001,9
52022,7
52040,6
52056,6
52072,6
52084,1
52099,10
52115,2
52124,2
52139,9
52156,4
52168,4
52187,10
52211,10
52230,4
52241,3
52258,10
52281,9
52302,7
52318,4
52334,7
52356,10
52378,8
52398,8
52419,8
52440,8
52454,1
52469,10
52493,10
52510,2
52525,9
52540,1
52548,3
52559,3
52577,10
52595,3
52609,6
52625,5
52642,7
52657,4
52670,4
52679,1
52690,5
52703,3
52712,2
52719,0
52724,0
52735,6
52753,8
52767,1
52781,9
52800,5
52811,1
52819,2
52829,4
52844,7
52856,1
52862,1
52874,6
52890,5
52907,8
52926,7
52939,2
52948,2
52963,9
52986,10
53008,7
53020,1
53032,7
53050,7
53064,3
53075,4
53090,7
53102,1
53114,6
53128,3
53143,7
53163,8
53184,8
53198,1
53213,9
53233,7
53251,7
53270,7
53284,2
53297,6
53317,10
53333,1
53348,9
53362,1
53375,7
53391,5
53404,3
53421,9
53439,4
53456,8
53471,3
53486,7
53500,2
53511,4
53523,3
53539,8
53557,5
53577,10
53593,2
53604,4
53620,7
53634,2
53644,4
53656,4
53671,7
53683,0
53693,6
53707,3
53718,3
53731,6
53748,7
53760,1
53775,10
53799,9
53821,9
53841,6
53858,6
53871,2
53880,3
53896,8
53918,10
53940,8
53955,2
53968,6
53988,10
54003,1
54016,7
54030,2
54038,1
54048,5
54058,1
54064,0
54079,10
54102,8
54118,4
54133,6
54149,5
54160,1
54175,9
54198,10
54222,9
54243,7
54258,4
54268,1
54282,8
54300,6
54317,7
54337,9
54359,8
54378,6
54390,2
54399,3
54413,6
54428,4
54438,2
54448,3
54463,7
54478,3
54490,5
54506,7
54518,0
54531,9
54554,9
54572,4
54590,10
54606,2
54620,8
54635,3
54646,4
54658,3
54673,7
54688,3
54704,8
54718,2
54732,7
54747,4
54762,6
54783,10
54801,3
54810,1
54816,1
54829,8
54843,2
54859,9
54882,10
54898,1
54912,8
54934,9
54950,2
54960,3
54971,3
54980,1
54988,3
55001,5
55020,10
55042,7
55062,9
55084,8
55098,1
55113,10
55129,2
55141,6
55155,3
55165,2
55176,5
55193,7
55214,9
55229,1
55241,6
55254,3
55262,0
55271,5
55287,7
55309,10
55327,3
55335,1
55348,8
55365,4
55382,9
55403,8
55425,9
55444,6
55463,8
55479,4
55490,2
55504,7
55525,9
55543,5
55556,4
55566,1
55576,4
55594,10
55613,4
55631,9
55647,3
55660,5
55674,4
55685,2
55697,6
55717,10
55740,9
55754,0
55761,2
55773,5
55788,6
55804,6
55819,5
55837,8
55855,6
55872,6
55891,9
55905,1
55913,2
55926,7
55943,6
55960,6
55980,9
55999,6
56014,4
56033,10
56057,9
56072,1
56085,8
56103,6
56114,0
56121,3
56138,9
56154,2
56168,8
56184,3
56197,6
56217,9
56235,4
56247,3
56260,6
56274,3
56286,4
56297,2
56307,3
56322,8
56345,10
56368,8
56391,10
56410,4
56429,10
56454,10
56472,3
56486,6
56501,4
56510,1
56525,10
56550,10
56569,5
56588,9
56609,7
56623,2
56639,10
56662,9
56685,10
56704,5
56719,5
56729,1
56737,3
56755,10
56779,9
56801,9
56822,8
56844,10
56859,1
56866,2
56880,8
56901,9
56925,10
56949,10
56966,2
56973,0
56987,9
57002,2
57016,7
57035,7
57051,5
57064,4
57082,10
57105,8
57122,5
57132,0
57145,9
57164,5
57176,2
57189,7
57209,8
57227,5
57245,9
57267,8
57289,9
57303,0
57317,9
57333,3
57346,5
57357,1
57363,1
57376,8
57390,1
57403,7
57422,8
57438,3
57451,6
57470,8
57493,10
57516,9
57535,6
57551,5
57569,9
57588,6
57604,5
57616,2
57630,8
57651,9
57668,4
57687,10
57702,0
57711,5
57726,6
57740,4
57749,0
57762,9
57786,10
57805,5
57818,4
57835,9
57849,0
57855,1
57863,2
57875,5
57894,10
57915,6
57932,6
57951,9
57973,8
57994,8
58012,5
58032,10
58052,6
58070,7
58082,0
58088,2
58103,8
58116,1
58124,2
58136,6
58154,7
58168,2
58180,5
58196,6
58217,10
58232,1
58245,7
58266,10
58286,5
58301,6
58315,3
58323,1
58335,7
58353,6
58367,4
58384,8
58401,4
58410,1
58417,1
58433,10
58457,10
58474,3
58484,2
58499,8
58512,0
58521,4
58539,10
58555,2
58565,3
58573,1
58588,9
58611,10
58635,10
58657,8
58671,1
58681,5
58696,5
58711,6
58730,8
58748,6
58767,8
58781,2
58788,0
58794,2
58808,8
58826,6
58839,3
58854,7
58870,5
58884,5
58894,0
58907,9
58922,1
58937,9
58953,3
58968,8
58988,8
59001,1
59012,6
59031,9
59047,3
59065,10
59086,6
59097,0
59110,9
59128,5
59144,7
59158,3
59176,10
59198,7
59218,8
59231,1
59244,7
59266,10
59287,6
59299,2
59309,3
59323,7
59342,7
59358,5
59368,1
59374,0
59387,8
59408,9
59431,9
59449,5
59461,2
59472,4
59485,5
59499,4
59510,3
59524,6
59538,4
59553,7
59569,5
59585,7
59607,10
59632,10
59652,6
59668,5
59688,10
59704,2
59719,9
59735,2
59743,2
59759,10
59783,9
59798,1
59813,9
59830,4
59839,0
59848,4
59861,5
59878,8
59899,8
59922,10
59937,1
59946,3
59958,4
59976,10
59992,2
60000,2
60016,10
60038,7
60050,0
60056,1
60065,4
60079,6
60091,2
60105,8
60121,3
60134,6
60147,2
60158,5
60173,6
60187,3
60202,8
60216,2
60230,7
60249,7
60269,9
60287,4
60304,8
60319,2
60331,6
60342,1
60349,2
60363,7
60385,10
60405,5
60422,7
60442,9
60464,9
60481,4
60492,2
60506,7
60522,4
60537,6
60554,7
60566,1
60580,8
60595,3
60603,0
60614,7
60630,5
60644,4
60656,3
60671,8
60684,1
60697,7
60712,4
60727,7
60742,3
60759,10
60779,5
60792,3
60807,7
60827,8
60843,4
60858,6
60869,0
60879,6
60892,2
60900,1
60908,2
60923,8
60946,10
60965,4
60981,8
60996,2
61007,5
61025,9
61045,7
61063,7
61075,0
61083,4
61093,1
61099,1
61107,2
61123,9
61141,4
61157,8
61179,10
61195,1
61208,8
61222,1
61235,8
61253,5
61273,10
61293,6
61304,1
61320,10
61336,1
61349,7
61363,2
61379,9
61399,7
61420,9
61437,3
61447,3
61461,7
61477,5
61495,8
61509,1
61522,7
61543,10
61567,10
61583,2
61597,7
61613,4
61625,4
61639,6
61657,7
61674,5
61690,6
61710,10
61728,4
61744,8
61767,10
61789,8
61809,8
61831,10
61854,8
61871,4
61888,8
61909,9
61928,6
61939,0
61948,5
61964,7
61985,10
62004,5
62020,6
62034,3
62045,3
62059,7
62075,4
62089,5
62104,5
62124,10
62144,5
62162,9
62180,4
62191,3
62201,2
62213,5
62224,1
62236,7
62252,5
62267,5
62285,9
62305,7
62322,5
62332,1
62339,1
62348,4
62366,10
62386,6
62399,3
62412,6
62427,4
62436,1
62451,9
62469,4
62482,5
62493,1
62507,8
62528,9
62544,3
62555,4
62565,1
62574,3
62589,8
62602,1
62618,10
62641,9
62660,6
62676,5
62694,9
62713,5
62729,7
62749,9
62771,8
62790,7
62802,0
62815,9
62836,7
62848,0
62857,4
62871,6
62889,8
62906,4
62919,4
62937,10
62959,8
62972,0
62978,1
62991,7
63004,1
63016,7
63032,4
63044,4
63055,2
63068,6
63087,8
63105,5
63123,9
63146,9
63167,8
63185,5
63202,8
63220,5
63231,1
63239,2
63252,7
63267,4
63283,8
63303,7
63324,9
63341,4
63350,0
63363,9
63379,3
63388,1
63399,6
63419,9
63441,9
63464,10
63484,6
63495,1
63511,10
63534,8
63557,10
63578,7
63593,3
63607,6
63618,1
63625,2
63639,7
63656,6
63667,1
63676,3
63690,6
63711,10
63728,2
63738,3
63746,0
63752,2
63768,10
63783,0
63794,7
63816,10
63837,7
63850,2
63860,3
63869,1
63882,7
63897,3
63911,6
63923,1
63936,7
63951,4
63963,4
63974,2
63989,9
64003,1
64017,9
64031,1
64043,6
64056,2
64069,6
64085,6
64105,9
64122,4
64133,2
64150,10
64168,4
64178,2
64188,3
64204,8
64222,6
64235,3
64250,8
64269,6
64286,6
64305,9
64323,4
64339,7
64360,10
64384,10
64404,5
64418,4
64435,8
64457,9
64472,2
64482,4
64501,10
64518,2
64530,5
64548,8
64568,7
64581,1
64589,2
64600,4
64616,8
64637,9
64655,4
64672,8
64694,10
64713,5
64729,7
64748,7
64764,5
64779,5
64792,3
64808,9
64830,9
64844,0
64849,0
64854,0
64865,6
64884,9
64905,8
64922,5
64933,2
64945,6
64962,6
64974,2
64989,8
65003,1
65016,8
65036,7
65048,0
65061,8
65078,4
65094,8
65112,6
65131,8
65151,8
65167,3
65175,1
65190,9
65210,7
65229,7
65250,9
65268,5
65280,3
65292,5
65303,1
65312,4
65326,6
65338,2
65351,6
65365,4
65384,10
65402,4
65415,4
65425,2
65432,0
65437,0
65442,1
65451,4
65464,5
65476,3
65487,4
65502,6
65521,8
65543,10
65568,10
65590,7
65606,5
65624,9
65646,9
65667,7
65680,2
65691,4
65704,4
65717,5
65736,10
65760,9
65775,1
65789,8
65809,8
65832,10
65857,10
65876,5
65895,10
65919,9
65935,2
65942,0
65948,2
65960,6
65972,1
65983,6
65997,4
66010,5
66020,1
66034,9
66057,10
66072,0
66083,6
66095,2
66105,4
66122,9
66140,5
66150,1
66159,4
66176,8
66198,10
66217,5
66228,2
66241,7
66263,10
66281,3
66295,6
66311,5
66328,8
66346,6
66358,1
66369,5
66389,10
66404,0
66413,5
66433,10
66453,5
66465,2
66479,7
66497,7
66518,10
66541,8
66561,8
66577,3
66593,9
66608,2
66616,2
66625,3
66634,2
66642,2
66658,9
66679,8
66696,4
66708,3
66726,10
66749,9
66769,6
66782,2
66793,4
66803,1
66813,4
66824,3
66832,0
66841,4
66858,8
66878,8
66900,10
66919,5
66938,9
66958,6
66975,7
66997,10
67018,6
67036,7
67058,10
67078,6
67090,1
67098,2
67105,1
67112,2
67120,2
67135,9
67153,4
67164,2
67181,10
67198,3
67208,2
67217,3
67231,7
67250,7
67267,6
67284,7
67305,10
67329,10
67348,5
67360,2
67372,5
67390,9
67410,7
67426,5
67444,9
67459,2
67466,1
67480,9
67499,6
67515,5
67525,1
67540,10
67557,2
67573,10
67590,2
67607,10
67629,8
67646,5
67658,2
67669,4
67679,2
67688,2
67703,9
67722,5
67736,5
67749,4
67766,8
67788,9
67802,0
67807,1
67820,8
67835,2
67849,8
67868,6
67881,3
67889,1
67899,5
67914,5
67924,0
67936,8
67953,4
67966,4
67977,2
67984,0
67990,1
68000,5
68016,6
68036,10
68051,1
68064,7
68086,10
68102,2
68111,2
68119,2
68133,8
68156,10
68176,6
68187,1
68193,1
68206,8
68219,1
68232,8
68248,4
68259,2
68272,7
68286,3
68297,3
68309,4
68325,7
68346,10
68364,3
68379,8
68401,9
68418,4
68434,7
68453,7
68475,10
68490,1
68501,6
68515,4
68524,1
68530,1
68536,1
68548,6
68565,6
68581,5
68597,7
68618,10
68633,0
68647,9
68670,10
68685,0
68696,6
68708,1
68716,3
68730,6
68750,10
68773,8
68793,7
68806,2
68814,1
68823,3
68840,9
68861,7
68878,6
68895,7
68913,6
68925,1
68941,10
68963,8
68984,9
69008,10
69023,1
69030,2
69038,2
69045,1
69060,10
69075,1
69091,10
69107,1
69118,5
69133,6
69144,1
69153,4
69165,4
69174,1
69185,6
69202,7
69214,0
69228,9
69250,8
69263,1
69277,9
69300,10
69316,2
69324,2
69336,5
69350,4
69367,9
69388,8
69403,3
69417,7
69436,8
69458,10
69480,7
69493,2
69502,2
69514,5
69524,0
69532,4
69550,9
69570,6
69586,5
69604,9
69622,4
69640,10
69656,2
69664,1
69674,4
69684,1
69698,8
69716,5
69728,2
69742,7
69758,4
69773,7
69786,1
69795,3
69812,10
69830,4
69844,5
69856,3
69864,1
69874,5
69890,7
69911,9
69926,1
69935,4
69951,7
69973,10
69997,10
70018,6
70031,2
70044,6
70063,8
70078,3
70088,3
70100,5
70113,4
70128,7
70142,2
70155,7
70167,1
70175,3
70186,3
70198,4
70210,4
70220,1
70227,2
70240,6
70251,1
70266,9
70287,8
70303,3
70316,6
70330,4
70339,1
70346,2
70357,4
70368,2
70383,9
70397,1
70412,10
70435,8
70457,9
70477,6
70498,10
70515,2
70527,5
70539,2
70548,3
70565,9
70588,9
70612,10
70635,9
70651,2
70661,4
70675,5
70686,2
70699,7
70714,4
70729,6
70741,1
70752,6
70763,1
70773,4
70783,2
70792,2
70807,9
70822,2
70833,4
70850,9
70873,10
70896,9
70919,9
70935,3
70946,3
70961,8
70974,0
70982,4
70991,0
71001,5
71014,4
71029,7
71049,8
71069,8
71084,3
71101,10
71119,3
71132,5
71146,4
71158,3
71170,5
71182,2
71194,6
71213,8
71226,1
71234,2
71242,2
71256,8
71278,10
71295,2
71309,8
71326,5
71344,9
71358,1
71373,10
71395,8
71412,5
71430,8
71445,2
71456,5
71474,9
71496,8
71516,8
71534,6
71554,9
71573,6
71590,6
71606,5
71622,7
71636,2
71647,4
71664,9
71678,0
71692,9
71710,4
71723,5
71741,9
71758,4
71768,1
71781,8
71799,6
71820,10
71835,1
71848,8
71867,7
71879,1
71890,6
71907,7
71924,6
71935,0
71946,7
71958,0
71967,4
71981,6
71993,2
72009,9
72031,9
72050,5
72060,0
72067,3
72083,8
72105,10
72126,6
72145,9
72164,5
72179,5
72199,10
72217,4
72232,7
72252,9
72266,0
72277,7
72294,5
72310,6
72327,7
72345,6
72366,10
72388,7
72406,6
72425,8
72448,10
72467,4
72480,5
72491,2
72501,4
72515,6
72528,3
72541,6
72562,10
72580,4
72590,1
72597,2
72613,10
72628,1
72640,7
72657,5
72674,8
72690,4
72701,3
72710,1
72716,1
72730,8
72744,1
72754,4
72763,1
72773,4
72785,4
72804,10
72825,6
72839,3
72855,8
72869,1
72879,5
72890,2
72900,4
72914,5
72933,9
72947,0
72957,5
72967,0
72980,8
72999,6
73018,9
73041,9
73065,10
73088,9
73110,9
73133,9
73152,6
73163,1
73170,2
73187,10
73208,6
73225,7
73241,4
73258,8
73274,3
73285,4
73295,1
73310,9
73329,6
73344,5
73359,5
73372,4
73384,4
73400,7
73413,2
73421,1
73437,10
73461,10
73482,6
73502,10
73526,10
73542,2
73552,4
73569,8
73591,10
73611,6
73625,3
73633,0
73646,8
73662,3
73679,9
73700,7
73721,9
73735,1
73742,2
73758,10
73773,1
73784,5
73803,10
73823,5
73841,9
73856,2
73871,9
73893,9
73909,3
73918,1
73932,8
73952,8
73973,8
73987,1
73996,4
74012,8
74027,2
74041,7
74062,9
74079,4
74088,0
74096,4
74106,1
74120,8
74133,1
74140,1
74155,10
74170,1
74183,7
74195,1
74205,4
74214,0
74219,1
74225,1
74239,8
74252,0
74265,8
74288,10
74308,6
74319,1
74329,5
74344,6
74356,2
74370,7
74387,6
74399,2
74416,10
74431,0
74446,10
74466,6
74477,1
74492,10
74513,6
74529,5
74545,7
74560,3
74570,3
74586,8
74603,4
74618,6
74631,2
74643,6
74660,6
74680,10
74701,6
74721,9
74741,7
74759,7
74771,1
74778,1
74791,7
74810,7
74824,3
74832,0
74846,10
74863,2
74870,1
74876,0
74885,5
74902,8
74923,9
74947,10
74970,9
74987,3
75000,5
75019,10
75043,9
75057,1
75073,10
75098,10
75118,5
75134,7
75149,4
75161,4
75173,4
75187,5
75197,1
75203,0
75209,2
75216,1
75231,9
75245,1
75258,7
75277,7
75297,8
75312,2
75324,5
75334,0
75343,5
75355,2
75362,1
75372,4
75386,6
75403,6
75419,6
75435,6
75446,1
75459,7
75475,5
75492,8
75515,10
75531,2
75547,9
75561,0
75566,0
75581,10
75602,7
75620,7
75641,9
75663,9
75682,5
75695,4
75709,5
75720,1
75731,6
75749,7
75767,6
75787,9
75807,6
75821,3
75834,5
75844,0
75857,9
75871,1
75884,7
75896,0
75902,2
75910,2
75918,2
75927,2
75943,10
75967,9
75981,0
75986,0
75993,3
76007,6
76025,7
76043,7
76060,5
76074,4
76091,8
76113,9
76129,2
76139,3
76150,4
76163,4
76175,3
76183,0
76195,7
76211,5
76221,0
76234,8
76256,10
76275,4
76284,1
76293,3
76307,7
76327,9
76342,2
76351,3
76367,8
76385,5
76405,10
76428,8
76447,7
76466,8
76484,5
76496,2
76507,4
76519,3
76530,3
76548,10
76565,2
76579,8
76599,8
76619,7
76636,5
76649,4
76659,2
76675,10
76697,8
76715,6
76728,3
76736,1
76747,5
76762,6
76781,9
76801,6
76820,9
76837,3
76847,2
76855,1
76868,7
76882,3
76899,10
76918,5
76932,5
76946,5
76960,4
76978,10
77001,9
77016,2
77029,6
77041,1
77051,4
77062,2
77078,9
77092,0
77101,4
77118,9
77140,9
77156,3
77167,3
77180,5
77192,3
77204,4
77218,6
77233,5
77248,6
77268,10
77293,10
77314,7
77333,8
77347,2
77363,9
77378,1
77387,4
77399,4
77415,8
77429,1
77442,7
77461,8
77475,1
77486,6
77500,3
77515,7
77527,0
77539,7
77552,2
77569,10
77584,1
77593,4
77602,1
77608,0
77615,3
77629,6
77643,4
77654,2
77662,1
77668,0
77674,2
77683,2
77691,1
77703,6
77718,4
77729,2
77744,9
77760,3
77772,4
77788,7
77807,7
77823,5
77837,4
77850,5
77861,2
77875,8
77894,6
77906,1
77915,4
77930,7
77944,3
77961,10
77984,9
78002,4
78011,1
78025,9
78044,5
78059,6
78070,0
78081,6
78092,1
78107,9
78129,8
78144,2
78156,5
78168,2
78184,9
78198,0
78203,0
78217,9
78237,6
78257,10
78275,3
78292,9
78313,8
78332,6
78349,6
78360,1
78370,5
78388,8
78403,2
78415,5
78432,8
78446,1
78455,4
78469,6
78487,8
78502,3
78512,3
78530,10
78547,2
78561,8
78574,1
78589,10
78614,10
78632,3
78645,6
78656,0
78661,1
78676,9
78690,0
78695,1
78707,7
78720,2
78730,4
78748,9
78767,5
78777,1
78787,5
78797,1
78807,4
78819,3
78828,1
78839,5
78856,8
78876,7
78894,6
78914,9
78938,10
78954,2
78970,10
78995,10
79016,7
79037,9
79057,7
79069,1
79084,9
79102,4
79120,9
79144,10
79163,5
79181,9
79199,4
79213,6
79224,1
79237,8
79257,7
79270,1
79282,6
79301,8
79321,7
79336,3
79347,4
79365,10
79386,6
79399,3
79407,1
79418,5
79436,8
79454,5
79467,4
79485,9
79503,5
79523,10
79544,7
79565,9
79582,3
79595,5
79607,2
79619,6
79639,10
79657,3
79673,9
79691,4
79709,10
79732,9
79754,9
79776,8
79792,4
79809,9
79827,4
79838,3
79851,6
79866,5
79880,5
79891,2
79908,10
79929,7
79947,6
79958,0
79971,9
79987,3
80003,9
80026,10
80049,9
80064,2
80076,5
80094,9
80109,2
80117,2
80124,0
80130,1
80144,9
80160,3
80173,5
80189,6
80200,1
80211,5
80231,10
80249,3
80261,4
80278,9
80298,7
80312,2
80327,8
80343,4
80360,9
80376,3
80387,3
80405,10
80428,9
80443,1
80450,1
80463,7
80479,5
80495,7
80510,4
80519,0
80524,0
80532,4
80541,1
80549,3
80558,2
80568,4
80585,9
80600,2
80611,4
80620,1
80628,3
80641,6
80654,2
80663,2
80672,3
80689,10
80709,5
80723,4
80739,7
80751,0
80765,9
80782,3
80796,6
80811,5
80824,4
80840,7
80859,8
80878,7
80893,3
80903,3
80912,1
80918,1
80926,2
80936,3
80949,5
80966,7
80980,2
80994,8
81007,1
81022,9
81041,6
81055,4
81073,10
81097,10
81115,4
81131,8
81152,9
81169,4
81187,9
81202,2
81214,5
81228,5
81238,0
81252,9
81272,7
81284,0
81298,9
81317,5
81331,4
81347,7
81360,1
81370,5
81381,2
81392,4
81403,2
81416,7
81431,3
81446,7
81465,8
81481,3
81496,8
81517,9
81539,8
81562,10
81580,3
81594,7
81606,1
81621,10
81644,9
81666,8
81689,10
81712,8
81734,10
81750,1
81759,4
81775,8
81793,6
81808,4
81817,0
81828,6
81849,10
81870,6
81890,10
81910,5
81923,4
81935,4
81950,6
81968,7
81984,4
82003,10
82026,8
82047,8
82063,4
82078,6
82089,0
82103,9
82127,10
82142,0
82153,7
82173,9
82193,7
82209,5
82227,8
82248,8
82261,1
82275,8
82294,6
82314,9
82329,2
82338,3
82354,8
82376,10
82391,1
82400,3
82416,9
82432,2
82448,9
82472,10
82496,10
82513,3
82526,6
82547,10
82570,9
82585,1
82593,3
82601,1
82611,4
82629,10
7
15
38
57
78
90
101
114
139
147
156
172
186
215
223
245
267
281
291
304
330
348
376
383
401
415
427
434
454
472
483
495
515
529
540
545
554
566
585
596
616
645
651
657
673
694
709
721
740
762
782
800
819
840
857
863
870
883
888
899
906
920
931
954
968
981
992
1006
1043
1053
1065
1097
1105
1117
1127
1149
1171
1180
1195
1201
1216
1237
1251
1262
1280
1287
1306
1334
1347
1368
1382
1391
1416
1442
1449
1462
1472
1495
1506
1520
1539
1557
1570
1582
1599
1623
1635
1642
1666
1695
1714
1722
1732
1759
1771
1809
1820
1837
1870
1877
1897
1912
1928
1934
1962
1983
1998
2014
2036
2051
2076
2087
2097
2106
2119
2135
2146
2155
2169
2183
2197
2216
2224
2244
2263
2276
2292
2306
2316
2323
2362
2372
2401
2421
2427
2435
2443
2458
2467
2481
2495
2503
2510
2522
2542
2563
2571
2586
2600
2610
2627
2644
2666
2679
2687
2697
2707
2713
2720
2726
2762
2778
2790
2798
2817
2831
2837
2862
2878
2893
2908
2924
2946
2961
2985
2990
2999
3017
3027
3049
3062
3075
3084
3095
3122
3137
3156
3162
3178
3183
3195
3213
3228
3263
3268
3275
3296
3316
3336
3347
3371
3398
3406
3428
3436
3443
3459
3469
3481
3495
3505
3535
3561
3568
3574
3581
3606
3614
3630
3637
3643
3662
3675
3690
3699
3711
3718
3742
3748
3753
3759
3767
3779
3798
3810
3820
3845
3853
3871
3880
3905
3919
3946
3956
3965
3975
3984
4003
4020
4035
4056
4071
4094
4109
4129
4139
4153
4163
4169
4192
4202
4214
4229
4238
4253
4275
4284
4302
4334
4353
4374
4381
4393
4408
4417
4423
4440
4450
4463
4479
4490
4512
4526
4535
4569
4575
4583
4600
4617
4632
4645
4671
4676
4681
4693
4714
4732
4746
4771
4790
4803
4816
4834
4853
4874
4886
4898
4916
4924
4941
4950
4963
4972
4982
4991
5009
5037
5047
5059
5069
5078
5096
5116
5128
5134
5162
5173
5192
5216
5237
5249
5269
5294
5306
5336
5359
5374
5388
5402
5417
5432
5442
5459
5474
5479
5485
5497
5506
5517
5524
5529
5541
5550
5562
5578
5605
5615
5627
5641
5652
5666
5689
5697
5717
5743
5754
5768
5777
5795
5808
5836
5856
5874
5880
5898
5904
5926
5945
5953
5973
5983
6001
6008
6023
6038
6046
6062
6080
6085
6102
6107
6133
6158
6190
6202
6210
6222
6234
6245
6261
6269
6283
6303
6321
6343
6351
6372
6400
6414
6427
6432
6444
6459
6483
6494
6505
6513
6518
6540
6554
6575
6589
6601
6607
6626
6635
6664
6672
6680
6685
6694
6703
6712
6717
6734
6748
6754
6764
6781
6795
6806
6819
6824
6837
6858
6872
6888
6908
6929
6936
6954
6962
6981
6989
7011
7027
7043
7061
7082
7089
7112
7122
7139
7150
7162
7178
7198
7211
7236
7259
7288
7299
7314
7326
7341
7357
7372
7386
7400
7411
7431
7442
7448
7453
7479
7489
7503
7519
7539
7561
7574
7583
7589
7600
7610
7623
7632
7641
7649
7668
7695
7709
7721
7727
7748
7767
7773
7782
7800
7812
7821
7839
7852
7872
7883
7905
7915
7927
7944
7967
7984
8003
8011
8036
8043
8058
8067
8072
8084
8109
8123
8133
8148
8154
8159
8164
8179
8190
8212
8226
8238
8257
8289
8307
8318
8334
8354
8370
8388
8408
8425
8438
8454
8466
8484
8504
8517
8531
8551
8564
8580
8594
8604
8614
8626
8642
8657
8668
8680
8689
8698
8723
8739
8755
8774
8788
8800
8833
8844
8856
8864
8871
8890
8902
8920
8947
8968
8990
9002
9008
9018
9028
9049
9058
9070
9081
9102
9115
9129
9149
9166
9178
9188
9209
9220
9250
9261
9281
9288
9294
9309
9317
9322
9334
9359
9367
9392
9404
9413
9438
9451
9470
9485
9503
9525
9540
9552
9579
9591
9608
9625
9641
9660
9675
9686
9705
9715
9726
9740
9761
9772
9784
9801
9824
9843
9858
9875
9899
9923
9934
9960
9992
10002
10009
10027
10042
10060
10070
10078
10097
10105
10123
10129
10135
10171
10193
10206
10230
10245
10263
10281
10307
10320
10341
10350
10365
10381
10403
10413
10425
10433
10457
10472
10486
10504
10518
10542
10562
10574
10587
10609
10617
10630
10654
10662
10674
10683
10691
10718
10736
10742
10779
10791
10815
10836
10852
10865
10877
10898
10909
10932
10951
10967
10976
10986
11004
11018
11032
11041
11050
11059
11082
11100
11111
11141
11165
11171
11185
11197
11222
11232
11253
11281
11302
11316
11331
11346
11360
11366
11405
11416
11444
11454
11464
11477
11482
11497
11512
11532
11547
11553
11562
11582
11595
11606
11621
11629
11644
11649
11657
11667
11685
11693
11709
11726
11743
11750
11763
11777
11785
11808
11819
11828
11845
11852
11865
11879
11898
11905
11931
11945
11959
11971
11987
12015
12025
12035
12054
12066
12079
12107
12117
12127
12139
12149
12156
12175
12204
12216
12248
12254
12268
12288
12302
12312
12330
12352
12362
12389
12401
12415
12433
12439
12453
12470
12477
12493
12523
12544
12550
12572
12589
12599
12611
12637
12647
12661
12677
12688
12703
12720
12735
12762
12771
12802
12815
12836
12846
12852
12879
12893
12902
12938
12955
12976
12986
12993
13011
13021
13042
13059
13080
13093
13107
13130
13140
13163
13170
13194
13209
13229
13253
13270
13286
13295
13304
13336
13347
13365
13380
13411
13422
13428
13452
13462
13488
13496
13509
13531
13552
13564
13588
13608
13617
13638
13645
13655
13664
13679
13690
13705
13720
13729
13759
13781
13803
13821
13846
13856
13878
13885
13912
13947
13955
13969
13982
13996
14004
14021
14037
14053
14064
14071
14078
14090
14112
14132
14145
14155
14182
14194
14218
14225
14237
14265
14275
14284
14292
14306
14331
14359
14377
14394
14405
14415
14441
14458
14466
14472
14484
14490
14508
14523
14536
14558
14584
14603
14613
14641
14651
14664
14671
14688
14711
14723
14735
14743
14750
14760
14784
14808
14827
14839
14845
14860
14868
14884
14900
14906
14921
14936
14949
14971
14986
14991
14997
15011
15032
15052
15061
15075
15080
15103
15114
15136
15154
15168
15183
15199
15215
15234
15247
15256
15269
15277
15294
15303
15310
15321
15340
15351
15362
15371
15379
15395
15404
15428
15434
15449
15472
15485
15508
15522
15542
15563
15594
15626
15636
15652
15669
15676
15696
15722
15732
15757
15782
15804
15814
15834
15849
15863
15871
15880
15900
15919
15932
15946
15952
15963
15974
15990
16007
16019
16034
16041
16053
16064
16073
16086
16094
16106
16130
16145
16175
16184
16194
16200
16219
16232
16251
16269
16276
16286
16309
16324
16348
16363
16369
16391
16415
16430
16441
16461
16477
16502
16510
16520
16535
16557
16565
16582
16596
16608
16615
16651
16660
16679
16691
16698
16713
16725
16736
16749
16760
16786
16796
16823
16836
16846
16858
16869
16890
16911
16931
16950
16966
16981
16990
17010
17033
17042
17062
17080
17104
17110
17116
17125
17148
17172
17178
17192
17217
17231
17238
17252
17268
17287
17296
17304
17317
17338
17356
17375
17387
17401
17408
17418
17425
17434
17470
17482
17501
17524
17535
17552
17557
17564
17575
17586
17603
17611
17622
17628
17634
17645
17667
17678
17693
17708
17721
17748
17762
17780
17793
17801
17817
17827
17861
17872
17884
17904
17919
17928
17935
17958
17987
17994
18013
18024
18047
18068
18080
18100
18112
18128
18137
18157
18162
18168
18191
18212
18222
18227
18235
18255
18284
18293
18303
18327
18351
18364
18391
18402
18417
18432
18448
18459
18472
18484
18507
18520
18534
18543
18562
18576
18596
18620
18636
18644
18663
18698
18707
18717
18730
18765
18779
18796
18814
18831
18851
18856
18866
18877
18910
18921
18935
18949
18958
18973
18988
19004
19019
19030
19055
19071
19080
19100
19108
19114
19142
19151
19168
19184
19211
19220
19227
19237
19242
19254
19259
19269
19284
19300
19313
19332
19350
19360
19388
19395
19400
19411
19427
19438
19462
19471
19491
19505
19519
19540
19554
19577
19603
19610
19629
19639
19649
19665
19677
19684
19700
19711
19732
19747
19776
19793
19812
19818
19825
19842
19878
19893
19909
19921
19942
19967
19991
20003
20023
20059
20077
20092
20104
20126
20152
20158
20179
20199
20215
20239
20262
20278
20287
20301
20311
20316
20322
20327
20344
20369
20380
20398
20414
20433
20442
20452
20464
20484
20490
20509
20520
20528
20559
20567
20582
20594
20604
20623
20633
20639
20656
20677
20690
20700
20721
20742
20760
20787
20799
20807
20820
20832
20848
20892
20903
20926
20943
20967
20972
20999
21013
21029
21036
21052
21072
21079
21092
21115
21131
21153
21165
21171
21179
21207
21230
21240
21251
21269
21282
21291
21300
21314
21323
21332
21339
21353
21365
21379
21389
21396
21402
21407
21424
21441
21463
21470
21492
21504
21513
21527
21546
21554
21573
21590
21610
21628
21642
21662
21668
21689
21699
21720
21745
21761
21770
21784
21796
21826
21835
21849
21858
21865
21885
21905
21922
21936
21955
21968
21984
21999
22010
22033
22050
22057
22063
22091
22103
22115
22138
22154
22171
22198
22213
22226
22246
22260
22285
22301
22328
22334
22344
22350
22374
22387
22419
22429
22447
22459
22471
22490
22507
22516
22521
22528
22550
22573
22597
22614
22626
22647
22656
22679
22697
22704
22710
22723
22737
22759
22764
22777
22808
22815
22841
22856
22866
22875
22890
22905
22918
22945
22965
22973
22980
22988
22996
23004
23012
23019
23027
23039
23051
23059
23093
23107
23128
23139
23149
23160
23178
23208
23220
23234
23242
23253
23271
23296
23312
23327
23341
23354
23366
23388
23401
23418
23433
23440
23462
23485
23490
23500
23522
23544
23554
23562
23580
23598
23614
23636
23659
23671
23694
23714
23729
23743
23754
23771
23781
23804
23818
23832
23847
23863
23873
23887
23920
23937
23944
23949
23980
23993
24005
24013
24037
24052
24067
24088
24114
24120
24135
24158
24186
24201
24220
24235
24247
24261
24269
24284
24307
24319
24339
24349
24360
24365
24377
24401
24409
24435
24460
24480
24498
24511
24519
24536
24561
24572
24578
24589
24612
24620
24643
24655
24666
24683
24699
24721
24736
24744
24760
24773
24799
24815
24835
24840
24867
24889
24905
24924
24947
24962
24980
24991
25003
25030
25048
25063
25079
25084
25091
25118
25128
25138
25145
25159
25172
25177
25193
25212
25223
25228
25234
25240
25265
25280
25294
25310
25331
25336
25354
25366
25379
25393
25419
25448
25455
25472
25494
25504
25514
25528
25552
25560
25566
25589
25599
25613
25632
25640
25649
25660
25683
25694
25702
25714
25727
25746
25756
25783
25804
25813
25826
25839
25861
25885
25899
25910
25922
25940
25945
25975
25994
26012
26023
26036
26049
26055
26064
26089
26100
26106
26115
26136
26159
26169
26187
26213
26233
26258
26267
26289
26304
26312
26324
26331
26345
26357
26364
26377
26405
26424
26434
26444
26452
26473
26488
26493
26512
26519
26524
26554
26577
26592
26598
26605
26612
26638
26653
26669
26686
26696
26707
26722
26731
26738
26747
26756
26769
26775
26787
26813
26831
26843
26862
26884
26893
26906
26924
26943
26964
26972
26979
26994
27007
27016
27028
27042
27066
27072
27093
27102
27126
27151
27157
27171
27195
27212
27226
27253
27265
27283
27294
27309
27336
27344
27363
27368
27388
27398
27416
27438
27462
27467
27475
27491
27502
27536
27552
27571
27578
27613
27626
27660
27670
27687
27693
27712
27727
27740
27746
27766
27783
27805
27812
27822
27843
27872
27887
27896
27911
27933
27947
27964
27969
27985
28007
28022
28044
28052
28069
28080
28089
28122
28140
28162
28174
28182
28194
28213
28223
28232
28241
28264
28287
28307
28323
28338
28353
28358
28376
28390
28401
28416
28443
28453
28469
28482
28489
28504
28509
28518
28526
28540
28570
28581
28589
28598
28603
28619
28647
28656
28681
28688
28705
28729
28745
28750
28764
28784
28798
28811
28832
28848
28856
28873
28887
28900
28919
28927
28946
28960
28976
28984
28991
28999
29021
29038
29060
29069
29074
29086
29098
29112
29121
29133
29149
29176
29192
29198
29205
29235
29248
29263
29272
29304
29314
29338
29365
29373
29391
29417
29436
29452
29467
29480
29498
29506
29515
29520
29529
29557
29579
29586
29594
29609
29627
29634
29646
29657
29684
29696
29712
29727
29733
29766
29775
29782
29800
29805
29817
29836
29852
29860
29880
29888
29911
29919
29927
29948
29968
29976
29990
29997
30007
30024
30045
30065
30083
30091
30100
30111
30120
30149
30162
30167
30178
30196
30206
30231
30253
30262
30267
30282
30297
30308
30326
30348
30366
30377
30389
30407
30422
30430
30437
30453
30478
30498
30506
30514
30523
30537
30545
30553
30567
30589
30599
30616
30638
30651
30662
30670
30688
30711
30721
30750
30773
30783
30800
30819
30830
30867
30878
30887
30901
30919
30935
30946
30957
30983
30993
30999
31018
31028
31044
31062
31086
31095
31108
31128
31155
31160
31177
31191
31206
31224
31231
31240
31246
31256
31271
31283
31292
31309
31326
31347
31353
31366
31384
31419
31430
31438
31447
31465
31486
31496
31508
31534
31545
31558
31569
31581
31604
31612
31630
31636
31648
31667
31682
31690
31697
31726
31745
31760
31768
31795
31816
31829
31837
31866
31877
31893
31919
31935
31945
31955
31980
31986
31995
32024
32049
32061
32074
32096
32101
32107
32126
32137
32152
32162
32180
32199
32208
32221
32248
32267
32273
32285
32301
32314
32322
32341
32360
32381
32387
32405
32432
32457
32473
32484
32498
32508
32515
32538
32552
32560
32569
32589
32607
32617
32635
32652
32673
32683
32692
32705
32715
32735
32759
32783
32800
32815
32833
32854
32862
32878
32901
32912
32927
32950
32976
32989
33004
33020
33037
33045
33059
33083
33089
33101
33111
33123
33144
33157
33163
33179
33196
33225
33237
33247
33267
33276
33287
33298
33309
33316
33336
33351
33369
33375
33396
33412
33424
33431
33446
33455
33465
33475
33480
33497
33510
33531
33545
33551
33574
33583
33605
33613
33631
33642
33652
33658
33676
33690
33705
33710
33718
33726
33747
33754
33792
33816
33838
33843
33856
33862
33875
33883
33892
33918
33937
33952
33971
33980
34006
34020
34032
34048
34069
34079
34102
34115
34139
34163
34179
34200
34226
34238
34255
34267
34289
34300
34311
34330
34342
34353
34370
34385
34390
34406
34415
34441
34450
34477
34500
34510
34525
34550
34557
34569
34581
34604
34624
34649
34665
34677
34694
34702
34718
34747
34753
34761
34767
34779
34791
34801
34808
34819
34832
34842
34849
34868
34882
34888
34914
34926
34941
34965
34980
34994
35024
35029
35037
35058
35069
35086
35098
35122
35132
35140
35159
35170
35178
35203
35221
35233
35266
35288
35303
35311
35325
35347
35371
35380
35392
35404
35418
35428
35435
35457
35465
35481
35494
35505
35519
35534
35553
35577
35585
35590
35599
35615
35626
35636
35646
35655
35686
35693
35715
35736
35745
35754
35783
35790
35807
35824
35841
35853
35868
35887
35901
35918
35929
35941
35965
35984
35993
36021
36029
36053
36061
36067
36078
36095
36126
36132
36143
36167
36174
36188
36201
36211
36226
36231
36250
36272
36277
36286
36308
36325
36335
36344
36352
36363
36387
36393
36400
36415
36432
36452
36481
36493
36519
36527
36538
36560
36574
36598
36621
36636
36650
36661
36677
36698
36708
36713
36722
36734
36746
36772
36783
36811
36830
36847
36865
36883
36904
36918
36939
36950
36956
36966
36979
36984
37007
37019
37040
37061
37071
37091
37108
37122
37132
37153
37164
37184
37200
37205
37218
37247
37261
37269
37276
37309
37319
37341
37363
37370
37401
37418
37427
37440
37445
37473
37482
37488
37497
37525
37544
37560
37579
37587
37600
37623
37644
37669
37678
37691
37712
37720
37728
37742
37764
37771
37782
37796
37815
37829
37838
37861
37878
37898
37910
37927
37948
37957
37964
37980
37991
38006
38026
38041
38064
38070
38084
38110
38121
38127
38148
38154
38165
38171
38192
38202
38207
38224
38244
38258
38277
38292
38302
38312
38327
38335
38347
38361
38373
38399
38410
38421
38430
38441
38446
38477
38483
38511
38531
38541
38552
38563
38576
38594
38602
38612
38632
38650
38661
38685
38694
38700
38722
38735
38762
38774
38796
38803
38813
38821
38829
38848
38857
38870
38880
38899
38925
38952
38967
38975
38989
38994
39023
39030
39037
39046
39065
39073
39086
39099
39113
39127
39135
39145
39150
39166
39177
39195
39205
39212
39223
39243
39262
39269
39284
39305
39318
39333
39346
39359
39373
39384
39403
39409
39425
39431
39451
39465
39492
39518
39534
39544
39564
39590
39596
39614
39622
39629
39637
39654
39668
39687
39701
39719
39728
39734
39751
39769
39794
39808
39821
39829
39843
39859
39875
39889
39910
39930
39942
39948
39974
39987
40007
40020
40037
40050
40059
40071
40096
40106
40115
40126
40140
40149
40155
40164
40176
40194
40218
40237
40243
40262
40271
40277
40297
40322
40337
40355
40390
40408
40420
40450
40464
40470
40483
40498
40519
40544
40564
40586
40601
40613
40640
40651
40661
40668
40680
40695
40703
40726
40737
40742
40755
40782
40787
40809
40822
40827
40841
40859
40865
40876
40896
40921
40929
40951
40972
40980
40987
41001
41038
41052
41072
41081
41089
41100
41107
41117
41138
41148
41171
41178
41185
41200
41207
41226
41237
41248
41263
41281
41295
41318
41331
41355
41371
41381
41387
41412
41436
41458
41467
41476
41492
41504
41522
41535
41553
41575
41588
41594
41606
41620
41649
41670
41683
41696
41713
41733
41753
41765
41771
41782
41795
41802
41822
41833
41855
41881
41900
41912
41933
41940
41959
41981
42010
42028
42036
42056
42077
42098
42121
42130
42138
42159
42173
42197
42216
42233
42244
42250
42270
42285
42301
42317
42322
42333
42356
42377
42390
42400
42424
42449
42461
42471
42487
42506
42521
42531
42552
42563
42585
42593
42602
42618
42626
42637
42648
42684
42697
42706
42720
42728
42741
42749
42762
42778
42788
42798
42803
42809
42838
42844
42850
42862
42893
42908
42921
42933
42959
42968
42989
42995
43002
43020
43054
43066
43077
43096
43113
43119
43125
43143
43167
43174
43197
43202
43214
43220
43229
43239
43249
43275
43295
43305
43315
43324
43333
43344
43350
43373
43380
43394
43411
43431
43442
43462
43471
43479
43499
43514
43529
43549
43559
43575
43594
43612
43632
43646
43663
43676
43706
43722
43745
43757
43770
43784
43794
43810
43815
43821
43829
43839
43847
43868
43893
43900
43921
43929
43942
43959
43965
43972
43979
43992
44009
44030
44044
44050
44056
44079
44099
44116
44144
44151
44156
44164
44179
44198
44213
44226
44249
44256
44261
44285
44300
44316
44332
44341
44357
44379
44400
44411
44425
44445
44460
44465
44481
44487
44505
44515
44527
44545
44554
44568
44584
44591
44597
44607
44617
44623
44632
44648
44663
44683
44710
44728
44744
44763
44783
44795
44802
44816
44840
44858
44868
44876
44883
44896
44909
44922
44929
44935
44942
44958
44973
44990
45006
45017
45048
45065
45085
45106
45131
45151
45167
45181
45197
45205
45215
45221
45239
45247
45272
45280
45293
45303
45324
45344
45359
45373
45379
45405
45418
45438
45449
45458
45474
45482
45491
45504
45519
45528
45537
45559
45574
45598
45610
45633
45643
45660
45670
45676
45692
45700
45718
45730
45753
45764
45773
45781
45802
45823
45842
45858
45878
45892
45916
45923
45932
45945
45961
45970
45983
45994
46002
46013
46033
46056
46070
46082
46097
46103
46115
46123
46140
46148
46159
46164
46187
46211
46220
46226
46238
46261
46274
46281
46299
46307
46312
46334
46352
46365
46376
46388
46399
46428
46443
46455
46470
46476
46492
46509
46537
46546
46565
46577
46598
46609
46624
46632
46654
46672
46696
46707
46723
46731
46741
46761
46789
46806
46834
46845
46859
46876
46889
46908
46921
46930
46957
46965
46996
47011
47028
47049
47067
47076
47094
47118
47129
47137
47155
47161
47178
47195
47205
47235
47249
47265
47274
47295
47309
47318
47326
47349
47358
47367
47390
47400
47410
47417
47426
47432
47447
47468
47495
47503
47523
47535
47546
47561
47581
47592
47600
47618
47639
47668
47677
47694
47708
47727
47749
47759
47783
47809
47833
47842
47858
47865
47879
47891
47912
47925
47933
47947
47956
47979
47996
48007
48020
48043
48054
48065
48073
48097
48109
48114
48122
48158
48173
48196
48210
48228
48236
48257
48270
48281
48296
48304
48313
48325
48341
48352
48361
48386
48391
48416
48438
48452
48461
48476
48500
48512
48530
48540
48561
48571
48589
48604
48614
48626
48636
48655
48677
48705
48710
48729
48747
48768
48781
48812
48817
48834
48845
48862
48873
48897
48906
48914
48923
48933
48964
48977
48985
48994
49003
49016
49028
49034
49048
49070
49079
49096
49107
49118
49142
49150
49188
49202
49207
49217
49244
49253
49272
49290
49299
49310
49323
49338
49354
49377
49393
49412
49440
49457
49466
49490
49502
49511
49516
49527
49551
49560
49568
49580
49591
49606
49618
49632
49655
49679
49697
49705
49715
49731
49749
49760
49775
49791
49807
49815
49824
49830
49845
49860
49884
49890
49897
49912
49934
49939
49955
49963
49973
49982
50007
50013
50023
50043
50049
50060
50072
50091
50120
50129
50153
50167
50188
50206
50221
50239
50247
50261
50279
50284
50305
50313
50332
50346
50358
50364
50384
50406
50417
50423
50432
50462
50472
50483
50492
50511
50517
50537
50548
50562
50584
50598
50616
50636
50648
50667
50686
50707
50714
50735
50742
50754
50761
50770
50777
50802
50823
50851
50868
50876
50892
50907
50924
50937
50961
51002
51008
51029
51043
51056
51076
51095
51106
51121
51129
51156
51173
51183
51201
51212
51228
51248
51265
51278
51296
51309
51333
51350
51373
51383
51406
51414
51430
51447
51452
51459
51475
51497
51513
51530
51562
51576
51590
51607
51628
51642
51654
51679
51685
51701
51716
51739
51746
51756
51767
51781
51801
51810
51819
51827
51857
51877
51899
51907
51913
51926
51947
51963
51981
51987
51993
52027
52039
52052
52072
52083
52105
52114
52122
52146
52157
52172
52194
52218
52227
52242
52261
52288
52307
52322
52337
52364
52378
52405
52413
52448
52455
52462
52492
52508
52527
52540
52550
52560
52585
52594
52609
52628
52645
52655
52666
52679
52695
52700
52714
52719
52724
52733
52756
52766
52773
52803
52812
52820
52828
52838
52857
52863
52877
52888
52911
52924
52939
52947
52963
52991
53010
53021
53026
53053
53064
53075
53095
53102
53116
53129
53148
53169
53191
53199
53205
53231
53252
53264
53282
53294
53322
53332
53347
53363
53372
53388
53406
53412
53438
53454
53473
53487
53500
53514
53522
53542
53561
53574
53593
53601
53620
53633
53643
53654
53677
53683
53691
53707
53717
53734
53754
53760
53784
53792
53817
53838
53853
53873
53879
53890
53924
53939
53954
53972
53988
54003
54023
54028
54039
54045
54059
54064
54073
54095
54118
54134
54148
54161
54184
54200
54218
54250
54262
54269
54289
54298
54318
54329
54362
54377
54390
54399
54412
54430
54439
54448
54465
54475
54487
54511
54518
54534
54548
54573
54583
54608
54625
54638
54649
54661
54675
54690
54701
54718
54738
54747
54766
54786
54799
54810
54817
54826
54845
54862
54890
54898
54919
54935
54952
54957
54972
54979
54988
55000
55021
55046
55066
55087
55099
55105
55130
55139
55158
55163
55180
55187
55222
55229
55236
55255
55262
55271
55293
55313
55326
55335
55355
55369
55387
55398
55425
55450
55469
55478
55492
55502
55521
55543
55555
55565
55575
55585
55617
55632
55649
55664
55675
55686
55698
55721
55739
55754
55761
55770
55784
55804
55824
55838
55858
55874
55883
55905
55915
55930
55945
55966
55976
55995
56016
56028
56055
56073
56083
56109
56114
56121
56134
56153
56169
56181
56195
56225
56237
56244
56265
56276
56282
56295
56309
56329
56336
56372
56395
56412
56434
56462
56473
56489
56504
56510
56528
56545
56566
56589
56602
56622
56643
56668
56684
56709
56722
56730
56738
56753
56784
56794
56824
56847
56860
56867
56875
56898
56926
56957
56968
56973
56981
57002
57018
57037
57047
57063
57075
57108
57125
57132
57139
57163
57177
57185
57208
57231
57237
57273
57297
57303
57321
57335
57341
57358
57364
57372
57389
57398
57428
57435
57450
57477
57483
57510
57534
57556
57568
57587
57605
57615
57634
57653
57666
57685
57702
57715
57725
57739
57749
57764
57792
57807
57816
57837
57849
57855
57864
57875
57885
57911
57926
57943
57967
57987
58015
58026
58055
58077
58082
58090
58100
58117
58123
58131
58159
58167
58175
58195
58216
58233
58249
58269
58291
58304
58315
58324
58338
58352
58367
58383
58400
58411
58417
58428
58455
58476
58485
58500
58512
58521
58531
58554
58568
58573
58590
58609
58639
58657
58671
58683
58693
58709
58734
58743
58759
58783
58788
58793
58811
58830
58841
58856
58868
58884
58894
58904
58923
58937
58952
58967
58986
59001
59014
59036
59050
59057
59089
59097
59112
59128
59141
59159
59185
59197
59226
59231
59251
59262
59290
59298
59306
59321
59344
59354
59369
59374
59388
59404
59428
59449
59459
59471
59489
59496
59510
59530
59536
59557
59572
59583
59603
59626
59654
59663
59680
59704
59719
59737
59745
59760
59782
59799
59812
59827
59839
59851
59861
59873
59905
59925
59937
59944
59956
59983
59994
60001
60020
60040
60050
60057
60062
60076
60091
60101
60120
60135
60145
60160
60174
60185
60206
60215
60230
60249
60261
60288
60305
60319
60332
60342
60351
60368
60382
60408
60425
60439
60472
60480
60492
60503
60523
60543
60549
60566
60584
60594
60603
60619
60634
60641
60656
60677
60684
60704
60709
60728
60742
60754
60780
60795
60806
60824
60843
60856
60869
60874
60891
60901
60906
60916
60947
60967
60980
60998
61004
61026
61044
61066
61075
61084
61093
61100
61108
61128
61143
61155
61184
61196
61213
61223
61238
61256
61277
61288
61305
61323
61336
61353
61364
61385
61395
61420
61435
61446
61458
61476
61496
61508
61517
61550
61562
61582
61590
61615
61625
61645
61653
61671
61688
61704
61727
61743
61765
61787
61812
61832
61856
61869
61880
61908
61924
61939
61948
61961
61995
62009
62021
62033
62043
62060
62072
62089
62099
62122
62144
62159
62177
62189
62199
62216
62224
62231
62248
62269
62277
62304
62325
62333
62338
62351
62375
62391
62398
62414
62428
62437
62459
62466
62487
62493
62514
62521
62546
62554
62565
62575
62595
62602
62610
62639
62663
62675
62693
62708
62735
62757
62773
62787
62802
62817
62830
62848
62853
62866
62891
62905
62921
62945
62953
62972
62977
62986
63003
63021
63034
63047
63056
63073
63091
63110
63125
63145
63162
63188
63206
63223
63232
63239
63248
63268
63288
63296
63333
63339
63350
63368
63382
63388
63395
63419
63439
63470
63482
63495
63510
63532
63558
63581
63593
63609
63619
63626
63634
63656
63667
63676
63695
63708
63726
63739
63746
63753
63766
63783
63788
63815
63834
63850
63860
63868
63889
63897
63909
63924
63929
63953
63962
63975
63985
64004
64018
64031
64038
64054
64065
64088
64111
64125
64134
64141
64170
64178
64186
64205
64222
64237
64257
64263
64285
64300
64323
64335
64363
64376
64402
64419
64429
64453
64471
64486
64495
64517
64530
64542
64566
64580
64587
64600
64613
64643
64652
64671
64702
64712
64731
64755
64760
64777
64791
64808
64830
64844
64849
64854
64867
64887
64908
64927
64933
64949
64959
64975
64996
65003
65017
65038
65048
65063
65076
65095
65113
65135
65153
65169
65176
65193
65204
65224
65242
65268
65282
65297
65304
65310
65329
65338
65349
65364
65391
65406
65418
65426
65432
65437
65442
65449
65460
65477
65491
65508
65526
65549
65560
65592
65608
65629
65638
65672
65681
65688
65701
65715
65740
65752
65775
65784
65806
65838
65853
65872
65897
65911
65935
65942
65947
65956
65971
65982
65999
66013
66021
66037
66067
66072
66087
66096
66109
66125
66140
66150
66157
66182
66199
66222
66228
66246
66269
66280
66296
66308
66332
66343
66357
66370
66393
66404
66417
66443
66458
66464
66474
66491
66520
66548
66567
66575
66587
66607
66617
66628
66633
66642
66666
66674
66692
66710
66725
66748
66767
66784
66797
66804
66810
66824
66832
66840
66851
66877
66893
66916
66943
66963
66981
66995
67018
67043
67068
67076
67091
67099
67106
67111
67122
67133
67154
67166
67177
67198
67206
67216
67228
67251
67271
67278
67297
67325
67344
67359
67370
67391
67414
67423
67446
67461
67467
67479
67502
67513
67525
67538
67559
67581
67592
67599
67623
67646
67657
67671
67679
67690
67707
67727
67740
67753
67759
67779
67802
67808
67825
67833
67845
67867
67879
67889
67902
67917
67924
67939
67950
67963
67976
67984
67991
68004
68010
68033
68051
68062
68078
68101
68113
68120
68139
68163
68174
68187
68193
68206
68220
68230
68247
68257
68268
68285
68298
68306
68331
68353
68363
68385
68400
68421
68435
68450
68485
68491
68504
68518
68525
68531
68536
68547
68564
68580
68603
68618
68633
68653
68679
68685
68696
68709
68717
68731
68758
68780
68788
68805
68815
68824
68831
68867
68874
68898
68915
68925
68936
68963
68993
69003
69024
69029
69037
69046
69067
69076
69086
69107
69115
69135
69145
69153
69164
69174
69185
69200
69214
69234
69243
69264
69279
69298
69317
69325
69340
69346
69359
69386
69406
69412
69436
69465
69476
69494
69501
69513
69524
69534
69545
69568
69589
69602
69618
69632
69657
69665
69677
69683
69700
69718
69726
69747
69755
69773
69786
69794
69822
69827
69844
69855
69865
69878
69887
69905
69927
69938
69955
69965
69991
70018
70032
70038
70071
70077
70089
70104
70117
70132
70144
70149
70167
70176
70188
70199
70213
70221
70227
70241
70251
70270
70283
70303
70317
70330
70339
70347
70355
70370
70391
70397
70416
70441
70459
70477
70508
70513
70528
70537
70551
70559
70595
70616
70632
70650
70658
70680
70685
70703
70712
70734
70742
70756
70764
70771
70783
70792
70813
70823
70829
70853
70867
70902
70913
70937
70947
70969
70974
70986
70991
70996
71018
71032
71047
71068
71083
71094
71116
71129
71144
71158
71167
71180
71194
71215
71227
71235
71242
71257
71281
71293
71306
71323
71339
71359
71372
71392
71415
71422
71445
71458
71476
71502
71518
71534
71550
71576
71593
71605
71625
71636
71645
71665
71678
71694
71709
71719
71744
71760
71767
71781
71796
71820
71836
71853
71870
71880
71886
71903
71926
71935
71942
71958
71969
71978
71994
72006
72036
72046
72060
72066
72091
72113
72123
72141
72167
72177
72202
72221
72231
72247
72266
72273
72296
72308
72330
72345
72364
72394
72408
72417
72455
72469
72482
72491
72503
72519
72527
72537
72563
72578
72589
72599
72617
72629
72646
72659
72672
72692
72703
72711
72717
72730
72744
72754
72763
72771
72785
72807
72825
72836
72847
72870
72879
72890
72903
72917
72932
72947
72961
72967
72984
73001
73019
73044
73059
73088
73107
73140
73151
73163
73169
73182
73212
73230
73239
73261
73275
73285
73294
73315
73326
73347
73358
73369
73381
73399
73412
73422
73439
73471
73484
73508
73523
73543
73549
73564
73585
73613
73628
73633
73641
73661
73674
73703
73722
73736
73743
73761
73774
73784
73799
73819
73847
73856
73866
73893
73911
73919
73926
73948
73972
73988
73993
74013
74025
74040
74054
74078
74088
74097
74105
74123
74134
74141
74154
74170
74188
74195
74203
74214
74219
74225
74231
74252
74258
74284
74305
74320
74325
74348
74355
74363
74384
74398
74418
74431
74456
74466
74477
74484
74513
74527
74545
74560
74572
74583
74604
74617
74632
74643
74654
74689
74698
74718
74747
74757
74772
74778
74796
74804
74826
74832
74838
74865
74870
74876
74884
74905
74927
74956
74965
74987
74999
75020
75050
75058
75064
75088
75120
75140
75151
75158
75174
75184
75198
75203
75209
75216
75225
75246
75256
75276
75303
75312
75325
75334
75348
75353
75363
75372
75383
75406
75423
75437
75446
75459
75474
75485
75514
75530
75543
75561
75566
75584
75596
75621
75646
75660
75678
75697
75713
75720
75726
75756
75766
75789
75813
75821
75837
75844
75857
75872
75889
75896
75902
75911
75917
75927
75944
75971
75981
75986
75995
76005
76029
76041
76055
76075
76095
76120
76131
76140
76153
76166
76173
76183
76196
76212
76221
76241
76248
76275
76284
76291
76310
76326
76344
76351
76359
76383
76413
76427
76444
76460
76488
76497
76504
76517
76533
76557
76565
76582
76600
76625
76633
76653
76659
76681
76690
76711
76729
76736
76743
76768
76779
76805
76820
76838
76847
76855
76865
76884
76899
76915
76929
76951
76957
76987
76994
77015
77027
77040
77054
77062
77082
77092
77105
77127
77146
77158
77168
77185
77195
77208
77214
77238
77253
77277
77285
77321
77337
77349
77365
77379
77389
77396
77411
77430
77443
77464
77476
77488
77502
77508
77527
77535
77551
77561
77584
77591
77602
77608
77616
77624
77642
77656
77662
77668
77673
77684
77691
77704
77716
77731
77749
77759
77775
77786
77809
77826
77834
77851
77861
77872
77898
77906
77913
77928
77944
77966
77990
78005
78012
78031
78039
78060
78070
78081
78093
78112
78128
78142
78151
78167
78191
78198
78203
78211
78241
78256
78277
78295
78318
78336
78352
78361
78370
78384
78402
78411
78428
78447
78457
78466
78493
78503
78515
78540
78549
78568
78575
78588
78617
78629
78649
78656
78662
78674
78690
78696
78710
78719
78730
78740
78766
78777
78783
78797
78809
78819
78829
78841
78861
78878
78894
78916
78947
78956
78977
79005
79014
79034
79058
79070
79081
79099
79113
79136
79165
79178
79201
79214
79225
79244
79257
79270
79286
79309
79324
79339
79347
79363
79390
79398
79408
79421
79437
79449
79464
79491
79503
79530
79539
79565
79580
79592
79609
79621
79632
79660
79681
79692
79713
79725
79754
79782
79789
79810
79826
79841
79846
79871
79878
79893
79917
79933
79950
79958
79967
79990
79995
80029
80055
80065
80072
80091
80111
80116
80124
80129
80140
80160
80170
80193
80200
80207
80225
80249
80264
80281
80292
80310
80331
80342
80352
80375
80390
80397
80433
80443
80450
80463
80478
80497
80513
80519
80524
80533
80542
80552
80559
80571
80584
80600
80609
80621
80630
80641
80655
80662
80674
80681
80711
80725
80746
80751
80761
80781
80802
80813
80825
80844
80863
80875
80890
80906
80912
80919
80925
80934
80953
80970
80980
80988
81007
81025
81043
81055
81073
81106
81114
81130
81154
81172
81191
81202
81218
81226
81238
81245
81278
81284
81290
81313
81335
81341
81360
81366
81383
81389
81403
81416
81429
81451
81472
81479
81502
81521
81539
81567
81578
81596
81607
81612
81647
81673
81688
81704
81744
81751
81760
81771
81794
81804
81817
81830
81845
81870
81900
81914
81926
81936
81948
81964
81987
82004
82026
82042
82060
82079
82089
82112
82122
82142
82155
82172
82196
82214
82223
82253
82262
82270
82290
82319
82330
82339
82356
82367
82391
82403
82414
82432
82444
82479
82491
82516
82528
82539
82562
82584
82592
82601
82609
82639
