Primero viene la cantidad (n) de timestamps para ambos, luego n líneas que son un timestamp aproximado cada uno separado por una coma (',') del error, y luego n lineas de las transacciones del sospechoso
6005
1,1
8,1
17,4
30,4
48,9
63,1
70,2
80,4
95,7
108,2
122,8
141,7
156,3
171,7
183,0
197,10
212,0
219,2
226,1
237,5
256,10
281,10
299,3
311,4
320,1
334,9
351,4
360,1
374,9
395,8
408,1
420,6
433,3
451,10
473,7
485,1
497,7
514,5
529,5
545,6
559,3
576,9
597,7
617,8
634,5
653,10
672,5
690,8
709,7
724,4
736,3
747,3
759,5
775,7
796,10
820,10
842,7
854,1
862,3
871,2
878,1
894,10
913,4
927,5
939,3
956,10
973,2
985,5
999,4
1008,0
1016,3
1025,1
1033,3
1043,3
1054,4
1067,5
1085,8
1098,1
1109,5
1129,10
1151,8
1169,5
1179,1
1188,3
1205,9
1229,10
1251,7
1270,7
1286,4
1301,6
1319,8
1339,7
1357,6
1369,1
1380,6
1392,1
1407,9
1429,8
1447,5
1459,3
1470,3
1480,3
1489,1
1504,10
1519,1
1533,9
1554,8
1573,6
1593,10
1611,4
1621,2
1636,8
1653,5
1666,4
1676,2
1692,9
1710,5
1721,1
1730,4
1740,2
1753,7
1774,10
1795,6
1808,3
1822,6
1833,0
1842,4
1855,5
1866,1
1872,0
1879,2
1894,8
1917,10
1935,4
1954,10
1973,4
1982,0
1988,1
1998,5
2018,10
2033,0
2047,9
2062,1
2073,6
2089,5
2105,7
2119,2
2129,4
2138,1
2152,8
2168,4
2177,1
2188,6
2202,4
2220,9
2243,9
2264,8
2282,6
2294,1
2306,7
2321,4
2333,4
2350,8
2373,10
2395,7
2410,3
2425,7
2446,10
2465,5
2484,10
2507,9
2529,9
2545,3
2557,4
2571,5
2585,4
2601,8
2619,6
2630,1
2644,9
2665,8
2688,10
2710,7
2724,3
2736,4
2746,2
2761,8
2776,3
2785,2
2794,3
2812,10
2828,2
2838,3
2848,3
2861,5
2875,4
2890,7
2907,5
2924,7
2943,8
2965,9
2985,7
2997,0
3005,4
3014,0
3023,4
3034,3
3047,6
3060,2
3068,2
3081,7
3094,2
3111,10
3128,3
3143,8
3166,10
3183,2
3192,2
3206,7
3226,8
3242,3
3259,9
3282,9
3296,1
3309,8
3331,10
3347,1
3359,6
3373,3
3388,7
3401,1
3414,8
3430,3
3441,4
3452,3
3463,3
3478,7
3496,7
3509,1
3521,7
3536,4
3550,6
3564,4
3580,7
3594,2
3609,8
3627,6
3638,1
3645,1
3652,2
3661,2
3668,0
3679,6
3699,9
3715,2
3722,0
3734,7
3754,9
3768,1
3777,3
3793,9
3809,2
3823,8
3838,3
3849,4
3862,4
3876,5
3889,3
3902,6
3913,0
3926,9
3944,5
3964,10
3981,2
3988,0
4000,8
4020,8
4039,6
4051,2
4063,6
4084,10
4108,9
4132,10
4152,5
4168,6
4189,10
4207,4
4225,10
4241,1
4256,9
4271,2
4281,3
4290,2
4303,6
4317,4
4329,3
4338,1
4349,5
4367,8
4383,4
4392,1
4403,5
4416,4
4432,8
4448,3
4466,10
4487,7
4508,9
4523,1
4534,5
4549,6
4562,2
4570,2
4583,7
4595,1
4610,9
4631,8
4648,4
4657,1
4664,2
4680,10
4704,10
4725,7
4738,2
4745,0
4754,5
4765,1
4777,7
4792,4
4811,10
4829,3
4845,9
4869,10
4890,6
4902,1
4912,5
4930,8
4948,5
4965,8
4982,5
4995,4
5011,8
5029,5
5046,7
5064,7
5081,6
5097,6
5112,4
5122,2
5139,10
5163,9
5178,2
5192,8
5209,4
5227,9
5249,9
5268,5
5282,5
5296,4
5308,4
5324,8
5340,4
5353,5
5368,6
5387,8
5403,4
5421,9
5443,8
5463,7
5477,2
5493,9
5508,2
5520,6
5534,3
5543,1
5552,4
5567,6
5581,4
5593,4
5608,7
5620,1
5628,2
5645,10
5661,2
5675,8
5690,3
5700,3
5708,1
5715,1
5721,0
5733,7
5746,1
5756,4
5767,3
5779,5
5799,10
5824,10
5842,4
5858,7
5870,1
5882,6
5902,10
5921,5
5941,10
5965,10
5982,3
5992,2
6006,7
6021,4
6036,7
6055,7
6077,10
6097,6
6116,9
6135,5
6154,10
6175,7
6194,8
6214,7
6230,4
6243,4
6254,3
6271,9
6289,5
6309,10
6324,1
6338,9
6353,1
6364,5
6382,9
6406,10
6421,0
6426,0
6439,9
6460,7
6481,9
6496,1
6510,8
6524,2
6540,10
6560,5
6571,1
6586,9
6600,0
6611,6
6623,2
6637,8
6651,2
6663,5
6679,7
6700,9
6720,7
6738,7
6758,9
6777,6
6789,2
6804,8
6817,0
6826,5
6845,10
6866,6
6877,1
6885,3
6898,5
6917,10
6934,2
6948,7
6961,2
6973,5
6983,1
6998,10
7022,10
7038,1
7046,3
7060,7
7079,8
7097,5
7107,1
7118,5
7136,8
7158,9
7176,4
7187,2
7202,8
7216,1
7224,2
7235,4
7249,5
7262,3
7272,3
7288,8
7308,7
7328,9
7350,8
7370,8
7392,10
7409,2
7420,5
7432,2
7444,5
7457,3
7466,1
7479,7
7493,3
7511,10
7533,8
7548,2
7560,5
7575,6
7589,3
7607,10
7629,8
7649,7
7666,5
7683,8
7703,8
7723,7
7735,0
7748,8
7765,5
7780,5
7799,10
7819,5
7839,10
7854,0
7867,8
7887,8
7907,8
7920,0
7929,4
7938,1
7948,5
7958,0
7966,3
7976,3
7985,1
7991,0
8004,8
8023,7
8045,10
8064,5
8084,10
8109,10
8128,5
8148,10
8171,9
8191,7
8205,3
8218,6
8229,1
8242,8
8263,8
8281,6
8301,10
8317,1
8332,9
8349,3
8366,9
8386,6
8403,7
8422,8
8442,8
8461,7
8477,4
8493,8
8510,5
8529,10
8552,9
8566,0
8571,1
8579,2
8592,6
8605,2
8622,10
8647,10
8662,1
8671,4
8685,6
8701,5
8713,3
8721,0
8735,10
8758,8
8772,1
8787,9
8809,9
8825,3
8842,9
8865,10
8882,3
8899,10
8920,6
8940,10
8955,0
8968,9
8982,0
8989,2
8998,2
9009,4
9025,7
9047,10
9067,6
9084,7
9099,4
9116,9
9138,8
9152,2
9169,10
9190,6
9209,9
9232,9
9253,7
9267,3
9277,2
9294,10
9310,2
9323,6
9343,9
9359,2
9369,4
9382,4
9393,3
9406,5
9416,0
9421,0
9433,8
9453,7
9472,8
9489,5
9499,0
9506,2
9520,8
9539,6
9551,1
9563,6
9576,2
9586,4
9599,4
9613,6
9624,1
9639,10
9658,4
9675,9
9694,6
9711,7
9730,8
9752,9
9767,2
9775,2
9787,5
9806,9
9824,5
9834,0
9841,2
9850,3
9861,3
9872,3
9885,6
9898,2
9911,6
9926,5
9945,9
9961,2
9969,2
9985,9
10007,9
10030,10
10047,3
10064,9
10079,1
10090,5
10107,8
10121,2
10130,2
10142,5
10162,10
10184,8
10203,7
10218,3
10231,5
10249,9
10270,8
10286,3
10302,8
10315,0
10321,1
10329,3
10341,5
10359,9
10376,4
10393,8
10406,0
10415,4
10428,4
10441,5
10457,6
10468,0
10478,6
10489,1
10497,2
10510,7
10523,2
10536,7
10548,1
10559,5
10574,5
10589,6
10610,10
10632,8
10647,2
10663,10
10687,9
10704,3
10712,0
10719,2
10728,3
10743,7
10761,6
10774,3
10786,5
10800,5
10816,6
10833,7
10850,5
10865,5
10878,4
10891,4
10907,8
10927,7
10946,8
10961,3
10978,10
10994,1
11008,8
11029,8
11042,0
11055,9
11075,6
11090,4
11100,1
11113,8
11136,10
11157,7
11170,2
11182,5
11200,9
11220,6
11233,2
11240,1
11249,4
11263,6
11274,0
11280,2
11291,5
11304,4
11317,5
11330,3
11339,2
11355,10
11375,6
11389,3
11402,6
11422,10
11441,4
11454,5
11467,4
11482,7
11500,7
11520,9
11535,1
11549,8
11568,7
11580,1
11594,9
11617,10
11633,1
11641,2
11650,2
11663,7
11684,9
11699,1
11709,5
11723,4
11734,3
11749,8
11765,3
11779,6
11798,8
11811,1
11821,4
11831,2
11843,5
11861,9
11878,3
11891,6
11911,9
11931,7
11949,6
11964,5
11980,6
11995,4
12007,4
12026,10
12041,1
12055,8
12074,7
12092,6
12112,9
12136,10
12157,6
12168,0
12182,10
12200,3
12214,6
12230,6
12245,5
12259,5
12271,3
12281,2
12291,3
12301,3
12318,10
12337,4
12350,4
12366,8
12387,9
12408,7
12420,0
12426,2
12439,7
12460,9
12475,2
12491,9
12508,3
12523,7
12540,6
12554,4
12566,3
12583,10
12602,5
12619,7
12633,3
12643,3
12657,6
12674,7
12689,3
12699,3
12707,1
12716,4
12726,2
12736,4
12751,6
12764,3
12780,9
12801,7
12820,8
12833,0
12843,6
12854,0
12861,2
12873,6
12893,10
12908,0
12915,3
12929,6
12950,10
12966,1
12973,2
12983,4
12993,2
13000,0
13007,2
13022,8
13037,2
13049,5
13068,10
13088,6
13105,7
13120,4
13131,2
13142,5
13156,4
13174,9
13191,4
13207,7
13221,3
13236,8
13253,5
13264,1
13277,7
13290,2
13299,2
13307,1
13322,9
13341,5
13355,5
13366,1
13375,3
13392,10
13407,0
13413,2
13429,10
13451,8
13474,10
13491,3
13499,0
13512,8
13529,5
13544,5
13560,7
13578,6
13595,7
13612,6
13626,3
13640,7
13662,10
13685,8
13705,7
13724,8
13741,4
13755,6
13770,4
13785,7
13802,6
13817,5
13834,8
13857,10
13875,4
13894,10
13917,8
13935,6
13947,1
13954,1
13967,8
13983,4
13995,3
14013,10
14030,2
14038,1
14046,3
14054,1
14066,6
14082,6
14098,6
14113,4
14131,9
14145,1
14156,6
14174,7
14192,6
14206,3
14215,2
14229,7
14246,6
14259,2
14274,9
14296,9
14315,5
14326,1
14341,9
14355,1
14361,1
14371,4
14381,1
14390,4
14405,7
14421,5
14434,3
14447,6
14462,4
14471,0
14486,10
14503,3
14521,10
14541,6
14557,6
14578,10
14602,10
14617,0
14624,2
14638,7
14659,9
14682,10
14704,7
14719,4
14733,6
14746,2
14754,1
14762,3
14770,0
14782,8
14802,7
14821,8
14835,2
14849,8
14867,6
14882,5
14896,5
14906,1
14919,7
14931,0
14940,5
14959,10
14975,1
14985,5
14999,5
15016,7
15038,10
15055,3
15068,5
15081,4
15092,3
15101,2
15112,4
15126,5
15146,10
15167,6
15178,0
15185,3
15201,9
15220,5
15230,1
15246,10
15270,9
15292,8
15310,6
15323,3
15335,5
15345,0
15355,6
15366,1
15374,2
15381,0
15389,4
15406,8
15421,3
15430,1
15436,1
15447,6
15465,8
15478,0
15484,2
15496,6
15511,4
15528,8
15544,4
15562,10
15577,1
15589,6
15602,3
15613,3
15630,10
15650,6
15662,2
15677,9
15695,4
15706,2
15721,9
15741,6
15756,5
15775,9
15791,3
15800,2
15810,3
15825,8
15846,8
15860,1
15870,4
15882,3
15892,3
15910,10
15935,10
15959,10
15977,3
15988,3
15997,1
16012,9
16035,10
16055,5
16073,9
16090,4
16099,1
16108,3
16120,4
16138,10
16155,3
16163,1
16175,6
16192,7
16205,1
16218,7
16235,6
16251,6
16264,2
16279,8
16293,2
16309,9
16328,5
16338,0
16351,9
16367,2
16377,4
16396,10
16416,6
16437,10
16454,2
16462,1
16469,1
16480,6
16492,1
16501,3
16513,4
16525,4
16540,7
16554,3
16568,6
16585,6
16597,2
16609,5
16622,3
16633,3
16644,4
16660,7
16679,8
16700,9
16724,10
16740,1
16753,8
16771,6
16783,2
16799,9
16816,4
16830,5
16844,5
16863,10
16880,3
16895,8
16914,7
16926,0
16931,1
16941,4
16950,1
16962,6
16976,4
16991,6
17009,8
17025,4
17038,4
17055,8
17070,3
17087,9
17111,10
17134,9
17152,5
17163,1
17178,10
17202,9
17216,0
17228,8
17247,7
17262,4
17275,5
17288,3
17304,8
17324,7
17345,10
17363,3
17380,10
17405,10
17423,3
17432,1
17441,4
17454,4
17464,2
17473,2
17484,4
17497,4
17514,9
17530,3
17541,4
17557,8
17577,8
17592,2
17600,2
17612,6
17631,8
17649,5
17660,1
17668,2
17684,10
17707,9
17722,2
17736,8
17751,2
17761,3
17769,0
17779,6
17800,10
17823,8
17844,8
17864,7
17880,5
17893,3
17909,8
17924,2
17933,2
17941,1
17953,6
17969,5
17982,4
17995,5
18006,1
18014,3
18025,4
18035,1
18047,6
18067,10
18084,3
18098,6
18110,2
18122,6
18136,3
18148,4
18158,1
18164,1
18175,6
18191,6
18205,3
18217,5
18228,2
18239,5
18256,8
18272,3
18284,4
18301,9
18320,6
18341,10
18357,2
18364,1
18374,4
18391,9
18414,9
18432,5
18445,3
18459,7
18479,8
18496,4
18505,0
18511,2
18526,8
18545,6
18563,8
18578,3
18589,4
18605,8
18620,3
18630,3
18643,6
18657,4
18667,2
18674,0
18681,3
18690,1
18701,6
18720,9
18739,6
18755,6
18770,4
18783,4
18794,3
18811,10
18827,2
18834,0
18844,5
18863,9
18877,0
18887,5
18904,7
18919,3
18934,8
18947,1
18962,10
18983,7
18998,3
19011,5
19030,10
19049,4
19061,3
19076,7
19096,9
19110,0
19120,6
19132,2
19149,10
19169,6
19182,3
19194,4
19207,4
19221,6
19232,0
19245,9
19263,5
19278,6
19291,3
19301,2
19310,2
19321,5
19333,3
19344,3
19356,5
19375,9
19389,0
19403,10
19418,1
19425,2
19438,6
19452,4
19462,2
19469,1
19479,4
19492,5
19503,2
19515,6
19527,2
19543,9
19562,6
19580,7
19596,4
19611,7
19625,3
19638,6
19650,1
19665,10
19682,2
19696,8
19714,6
19728,4
19747,10
19767,5
19779,3
19795,9
19811,3
19825,6
19837,2
19849,6
19861,2
19870,3
19885,7
19903,7
19923,8
19938,2
19945,1
19961,10
19976,0
19981,0
19992,7
20005,1
20014,4
20032,10
20050,3
20064,6
20083,9
20106,9
20126,7
20143,5
20161,9
20185,10
20202,2
20218,10
20239,6
20259,9
20273,0
20281,3
20299,10
20323,9
20342,6
20362,9
20380,5
20397,8
20420,10
20444,10
20461,2
20477,9
20496,6
20516,10
20539,9
20555,3
20572,9
20588,2
20601,7
20619,6
20634,5
20644,0
20659,10
20676,2
20685,3
20701,8
20723,10
20748,10
20763,1
20775,6
20786,1
20798,7
20810,1
20819,4
20837,9
20861,10
20878,2
20886,1
20898,7
20911,2
20920,3
20935,8
20953,6
20974,10
20991,2
21005,8
21018,1
21024,1
21035,6
21056,10
21072,2
21084,6
21099,5
21118,9
21133,1
21141,3
21158,10
21176,3
21184,1
21194,4
21208,6
21219,0
21224,1
21239,10
21258,4
21267,1
21275,3
21283,1
21299,10
21323,10
21339,2
21354,9
21372,5
21382,1
21391,4
21402,2
21409,1
21422,7
21434,0
21440,1
21452,6
21473,10
21494,6
21509,5
21526,7
21538,1
21547,3
21557,2
21566,3
21575,2
21590,9
21609,5
21627,8
21643,4
21660,9
21678,4
21687,1
21694,2
21702,2
21711,3
21727,8
21747,8
21766,6
21778,1
21786,3
21801,7
21819,6
21834,5
21849,5
21867,8
21883,4
21892,0
21900,3
21913,6
21932,8
21945,0
21957,8
21976,6
21995,9
22015,6
22026,0
22040,9
22055,1
22063,3
22073,3
22081,0
22091,5
22101,1
22107,0
22120,8
22138,6
22150,1
22156,0
22163,2
22175,5
22194,9
22212,4
22221,0
22229,3
22241,5
22257,7
22275,7
22291,4
22303,3
22315,4
22334,10
22351,3
22365,7
22387,10
22408,6
22427,8
22449,10
22472,8
22485,0
22499,10
22521,7
22533,0
22539,1
22550,6
22562,2
22570,1
22580,5
22599,10
22621,7
22642,9
22658,2
22674,10
22695,6
22714,9
22731,3
22747,8
22769,10
22787,3
22798,4
22809,2
22823,8
22844,9
22867,9
22884,3
22892,1
22905,7
22926,10
22941,0
22946,0
22959,8
22974,2
22985,4
22996,2
23003,1
23013,4
23025,4
23041,8
23056,3
23067,3
23076,2
23089,6
23103,3
23115,5
23130,5
23149,9
23163,0
23168,0
23174,2
23184,3
23195,3
23209,7
23230,10
23253,8
23274,8
23288,2
23300,5
23316,7
23333,6
23349,6
23367,8
23387,8
23402,2
23411,2
23425,7
23442,5
23455,3
23470,8
23486,3
23503,9
23526,10
23541,1
23555,8
23578,10
23596,3
23608,4
23619,3
23627,0
23633,2
23648,8
23671,10
23695,10
23715,5
23735,10
23759,9
23776,4
23790,6
23805,4
23816,2
23826,3
23840,6
23856,6
23872,6
23884,1
23899,10
23918,4
23929,2
23943,8
23961,5
23978,8
23992,2
24008,10
24024,1
24035,6
24056,10
24073,2
24081,2
24090,2
24100,4
24111,3
24121,3
24137,8
24157,8
24172,2
24189,10
24204,1
24215,5
24234,10
24249,0
24263,10
24285,8
24308,10
24332,9
24348,2
24360,6
24373,2
24383,3
24397,7
24416,7
24432,4
24446,5
24459,3
24473,6
24484,1
24497,7
24513,5
24523,0
24530,2
24545,9
24562,4
24574,3
24591,10
24611,5
24624,3
24636,5
24646,1
24655,3
24673,10
24697,10
24718,7
24735,6
24749,3
24758,1
24772,9
24790,4
24802,3
24817,7
24830,1
24843,8
24864,9
24887,10
24903,2
24920,10
24937,2
24945,2
24958,7
24977,8
24990,0
24997,2
25010,6
25030,9
25044,1
25052,2
25061,3
25075,7
25090,3
25098,1
25107,4
25116,1
25124,3
25135,4
25150,7
25166,5
25180,5
25196,7
25211,4
25225,5
25243,8
25258,2
25274,9
25288,0
25300,8
25314,1
25330,10
25345,1
25355,4
25364,0
25378,10
25397,5
25412,5
25424,3
25441,9
25458,3
25475,9
25493,5
25506,3
25519,6
25539,10
25557,4
25574,8
25592,5
25608,6
25619,1
25627,2
25643,10
25664,6
25681,7
25699,6
25712,3
25729,10
25753,10
25771,4
25786,7
25801,3
25816,8
25836,7
25850,3
25859,2
25873,7
25891,7
25912,9
25927,1
25934,1
25947,8
25965,6
25980,4
25990,1
25999,3
26017,10
26035,4
26051,8
26068,4
26080,3
26093,5
26113,10
26134,6
26148,4
26161,5
26172,1
26180,2
26190,3
26203,5
26215,2
26222,0
26236,9
26257,7
26271,3
26280,2
26294,8
26308,1
26316,2
26328,6
26345,7
26363,7
26380,6
26395,5
26413,9
26427,1
26436,4
26452,8
26473,9
26493,6
26513,10
26530,2
26541,5
26556,5
26570,5
26582,2
26591,3
26606,7
26622,4
26637,6
26653,6
26671,8
26690,6
26707,6
26720,2
26727,1
26739,6
26756,6
26777,10
26793,2
26808,8
26822,1
26837,10
26861,9
26882,8
26903,8
26920,4
26929,1
26936,2
26947,4
26965,10
26982,2
26990,2
26999,3
27015,8
27033,6
27047,4
27062,6
27078,5
27095,8
27117,9
27135,5
27153,8
27168,2
27177,3
27191,6
27202,1
27209,1
27221,7
27240,7
27257,5
27274,8
27287,0
27296,4
27306,1
27315,4
27330,6
27349,9
27364,1
27379,9
27399,7
27419,9
27436,4
27453,9
27467,0
27479,8
27498,6
27518,10
27537,4
27556,10
27578,8
27594,3
27611,10
27626,1
27636,5
27646,0
27658,8
27677,6
27688,1
27701,7
27717,4
27732,7
27754,10
27770,1
27785,9
27801,2
27815,7
27837,10
27853,2
27869,9
27888,5
27902,5
27918,7
27937,8
27957,7
27976,7
27996,9
28016,6
28032,6
28047,4
28057,1
28070,7
28089,7
28102,1
28117,10
28136,4
28146,2
28153,1
28161,2
28170,2
28177,1
28187,4
28203,8
28217,2
28229,5
28239,1
28251,6
28269,8
28282,1
28296,9
28316,6
28337,10
28357,5
28377,10
28394,3
28410,8
28428,6
28441,2
28451,3
28460,1
28467,1
28479,6
28497,7
28519,10
28544,10
28559,0
28570,7
28582,0
28592,5
28612,10
28631,5
28645,5
28663,9
28679,3
28690,4
28706,7
28721,3
28730,2
28739,3
28756,10
28776,5
28786,1
28792,0
28798,1
28805,1
28821,10
28843,7
28858,4
28876,10
28892,1
28899,1
28910,5
28922,2
28936,7
28955,8
28977,10
28997,6
29009,1
29024,10
29042,3
29058,8
29075,4
29092,9
29106,0
29119,8
29137,5
29152,6
29164,2
29178,7
29199,10
29216,3
29232,8
29254,10
29276,7
29293,6
29307,4
29321,5
29335,5
29349,5
29368,9
29390,8
29404,1
29419,9
29435,2
29446,5
29459,3
29469,3
29477,0
29487,6
29500,2
29515,9
29529,1
29535,1
29542,1
29552,5
29568,6
29583,5
29602,9
29626,10
29649,9
29666,3
29676,3
29687,3
29695,0
29709,9
29723,0
29734,7
29755,9
29772,3
29782,2
29791,2
29806,8
29821,2
29829,2
29836,1
29847,5
29857,1
29866,4
29876,2
29890,8
29907,5
29922,5
29939,7
29960,9
29984,10
30004,5
30017,3
30032,8
30046,2
30056,3
30065,2
30078,7
30091,2
30098,0
30106,3
30116,3
30124,1
30139,9
30162,9
30182,6
30195,2
30203,1
30209,0
30217,4
30229,3
30247,10
30266,4
30284,10
30305,7
30322,6
30340,7
30357,5
30373,7
30385,1
30391,0
30396,0
30407,6
30427,9
30442,1
30449,1
30463,8
30486,10
30511,10
30528,3
30542,7
30559,6
30576,7
30597,9
30615,5
30635,10
30652,2
30659,1
30669,5
30684,5
30696,3
30713,9
30732,6
30753,10
30770,2
30780,4
30791,3
30804,6
30822,7
30838,5
30852,4
30867,7
30885,7
30905,8
30924,6
30940,6
30953,2
30965,5
30982,8
30997,2
31011,8
31027,4
31036,1
31046,4
31063,9
31080,4
31089,0
31095,1
31105,5
31119,4
31132,5
31152,10
31173,7
31186,1
31195,4
31205,1
31218,7
31237,7
31259,10
31284,10
31304,5
31323,10
31346,9
31362,2
31371,2
31383,5
31395,2
31410,9
31431,7
31445,2
31452,1
31466,9
31483,3
31494,3
31509,7
31530,9
31552,9
31566,1
31580,9
31600,7
31621,9
31643,8
31664,9
31687,9
31706,5
31726,10
31750,9
31766,3
31780,7
31797,5
31813,6
31827,3
31842,8
31864,10
31881,2
31892,5
31907,6
31922,5
31941,10
31959,3
31968,1
31974,0
31982,3
31999,9
32021,9
32037,3
32054,10
32070,2
32086,9
32106,7
32124,6
32139,5
32153,4
32168,7
32180,1
32187,1
32201,9
32219,5
32238,10
32258,5
32275,8
32291,3
32308,9
32327,5
32340,4
32355,6
32366,1
32378,6
32399,10
32415,2
32422,1
32433,5
32443,0
32456,8
32469,0
32475,1
32481,0
32488,2
32499,5
32519,10
32543,10
32567,10
32586,4
32596,2
32603,0
32609,1
32620,6
32632,2
32642,4
32656,5
32674,9
32695,7
32716,9
32732,3
32742,2
32750,1
32756,1
32769,8
32786,5
32805,10
32829,10
32844,1
32850,0
32863,8
32885,9
32909,10
32929,6
32950,10
32974,9
32995,8
33016,9
33036,6
33051,4
33065,6
33084,9
33105,8
33122,4
33140,9
33154,0
33164,6
33176,1
33186,4
33200,6
33213,2
33224,5
33242,9
33261,5
33276,6
33291,5
33305,5
33323,8
33343,7
33364,10
33388,10
33405,3
33420,7
33441,10
33457,2
33473,10
33496,8
33517,9
33532,1
33544,7
33556,0
33561,1
33576,10
33601,10
33624,9
33644,7
33660,4
33675,6
33694,8
33712,6
33729,7
33749,8
33765,4
33782,8
33802,7
33821,7
33843,10
33861,4
33880,10
33904,9
33926,9
33946,7
33966,8
33984,5
33997,3
34015,10
34030,1
34039,4
34057,9
34072,1
34085,7
34102,5
34114,2
34123,3
34136,6
34152,6
34169,7
34184,3
34197,6
34215,7
34235,8
34251,3
34264,5
34275,1
34291,10
34311,6
34326,4
34336,2
34348,6
34364,5
34374,1
34386,7
34400,3
34412,4
34431,10
34449,3
34464,8
34477,0
34492,10
34508,2
34520,6
34536,6
34552,6
34567,4
34584,9
34600,2
34607,1
34618,6
34631,3
34648,9
34663,2
34672,3
34680,1
34687,2
34697,3
34707,3
34717,3
34731,6
34750,9
34770,7
34791,10
34813,7
34835,10
34859,9
34877,4
34887,1
34902,9
34919,3
34935,9
34950,1
34960,4
34970,2
34982,6
34993,0
34999,1
35008,4
35018,2
35034,9
35057,9
35072,2
35079,1
35089,5
35101,2
35110,2
35123,6
35143,9
35157,1
35171,8
35193,10
35209,1
35215,1
35226,6
35243,6
35255,1
35261,1
35270,4
35280,1
35294,8
35315,8
35329,2
35345,10
35364,4
35373,1
35380,1
35389,4
35401,3
35414,6
35428,4
35446,9
35466,7
35483,5
35500,7
35516,5
35529,3
35540,3
35556,8
35579,10
35603,10
35623,6
35644,10
35662,4
35676,6
35692,5
35707,5
35717,0
35731,10
35746,1
35757,6
35770,2
35778,2
35791,7
35807,4
35818,3
35833,8
35852,7
35867,3
35884,10
35904,5
35914,0
35925,6
35943,8
35957,1
35967,5
35978,1
35988,4
35998,2
36007,2
36018,5
36033,6
36054,10
36073,4
36086,5
36096,0
36110,9
36124,0
36139,10
36162,8
36183,9
36199,3
36207,0
36217,5
36235,8
36252,4
36265,4
36281,7
36302,9
36325,9
36339,1
36353,9
36375,9
36396,7
36409,2
36426,10
36445,4
36460,6
36476,5
36493,7
36505,0
36514,4
36530,8
36549,6
36568,9
36584,2
36592,1
36600,3
36617,10
36639,8
36655,3
36669,7
36689,9
36705,2
36722,10
36739,2
36747,1
36758,6
36774,6
36788,3
36800,5
36816,7
36834,6
36854,9
36878,10
36900,7
36919,8
36940,9
36962,9
36981,6
36996,4
37008,4
37017,1
37029,6
37046,6
37062,5
37072,0
37079,3
37093,7
37109,4
37121,4
37131,2
37141,3
37149,0
37156,3
37168,5
37186,8
37207,9
37230,10
37251,7
37266,3
37282,8
37296,1
37302,1
37308,1
37316,2
37327,4
37338,2
37354,10
37377,8
37396,6
37412,6
37425,2
37440,8
37455,3
37469,7
37488,8
37503,3
37517,7
37531,2
37544,7
37566,10
37581,0
37592,6
37607,5
37620,3
37632,4
37642,1
37656,8
37673,4
37682,0
37693,7
37706,1
37721,10
37742,6
37755,2
37767,6
37780,3
37792,5
37803,1
37813,4
37830,9
37849,6
37865,5
37880,5
37899,9
37914,1
37921,1
37930,4
37943,4
37959,7
37977,7
37999,10
38021,7
38036,4
38047,3
38055,0
38063,4
38072,0
38083,6
38096,3
38109,6
38126,6
38138,2
38149,4
38164,7
38178,3
38193,8
38215,10
38233,4
38246,4
38258,4
38271,4
38280,0
38292,7
38305,1
38313,2
38327,7
38341,3
38359,10
38375,2
38383,2
38396,7
38408,0
38419,7
38437,6
38453,5
38471,9
38486,2
38494,1
38509,9
38530,7
38551,10
38570,5
38589,10
38613,9
38629,3
38645,9
38664,6
38679,5
38695,6
38711,6
38724,2
38733,3
38749,8
38767,5
38778,2
38794,10
38817,8
38840,10
38858,3
38870,5
38882,3
38892,3
38904,5
38919,5
38938,9
38959,7
38973,2
38986,7
39006,8
39024,6
39036,1
39048,6
39063,4
39075,4
39092,9
39113,7
39126,2
39136,3
39150,7
39170,8
39192,9
39208,2
39215,1
39230,9
39245,2
39254,2
39266,5
39281,6
39295,4
39309,5
39328,10
39345,2
39357,5
39373,7
39388,3
39404,9
39427,9
39449,9
39463,1
39475,7
39490,4
39504,6
39521,6
39532,0
39542,5
39558,7
39575,5
39592,7
39605,2
39619,7
39639,8
39659,8
39675,4
39684,0
39694,5
39707,4
39716,0
39726,6
39742,5
39755,3
39771,8
39793,9
39817,10
39835,3
39852,10
39871,4
39887,7
39908,10
39932,10
39947,0
39962,10
39982,6
39995,3
40009,6
40020,0
40030,5
40047,7
40059,1
40070,5
40089,9
40112,9
40132,7
40154,10
40178,9
40195,4
40209,5
40225,7
40241,5
40255,4
40264,0
40269,1
40276,2
40287,5
40303,6
40322,8
40340,5
40355,6
40367,2
40377,3
40395,10
40418,9
40432,1
40440,2
40447,1
40457,5
40474,8
40490,4
40502,3
40519,9
40533,1
40542,4
40559,9
40583,10
40599,2
40615,10
40634,5
40654,10
40671,3
40687,8
40700,1
40713,8
40735,9
40753,4
40768,7
40786,6
40801,5
40811,0
40824,9
40847,9
40862,1
40876,8
40892,4
40904,3
40920,8
40935,3
40953,10
40969,1
40976,2
40992,9
41011,6
41031,10
41054,9
41073,6
41086,3
41103,10
41121,3
41137,9
41159,8
41173,1
41183,5
41194,2
41203,3
41218,8
41233,3
41246,6
41264,7
41276,1
41289,8
41311,10
41332,6
41350,7
41367,5
41381,5
41396,6
41413,6
41428,5
41440,2
41455,9
41472,4
41490,9
41512,9
41526,1
41541,9
41556,1
41562,1
41577,9
41594,3
41602,0
41610,3
41626,8
41642,3
41660,10
41679,5
41695,7
41715,9
41737,8
41756,6
41777,10
41798,6
41815,7
41829,2
41838,2
41851,7
41872,9
41891,5
41904,3
41917,6
41928,1
41944,10
41964,6
41978,3
41989,3
42004,8
42026,9
42049,10
42070,6
42084,3
42101,10
42117,1
42129,6
42143,4
42162,10
42179,3
42190,3
42206,9
42221,1
42227,0
42241,10
42261,6
42272,0
42284,7
42298,2
42314,10
42331,2
42345,7
42364,8
42384,8
42406,9
42427,8
42448,8
42462,1
42476,9
42492,3
42504,5
42516,2
42527,4
42544,8
42557,1
42567,5
42586,10
42607,7
42626,7
42646,9
42661,1
42672,6
42683,1
42690,1
42698,3
42715,10
42737,7
42750,1
42757,1
42770,8
42792,9
42807,1
42815,2
42830,8
42845,3
42855,3
42871,9
42885,0
42892,2
42907,8
42927,8
42942,2
42955,7
42972,6
42984,1
42994,4
43011,8
43027,3
43035,1
43051,10
43069,4
43085,7
43104,8
43127,10
43142,0
43152,6
43164,2
43175,5
43186,2
43196,4
43212,8
43230,5
43242,2
43254,5
43269,6
43288,9
43308,6
43323,5
43338,6
43356,8
43376,8
43393,5
43408,5
43422,5
43434,3
43449,7
43467,7
43482,3
43493,4
43503,2
43517,7
43538,9
43555,3
43563,0
43569,1
43575,0
43586,7
43606,8
43624,5
43637,4
43646,0
43660,9
43677,3
43686,2
43697,5
43708,2
43718,3
43728,3
43743,8
43760,5
43776,6
43793,6
43811,8
43833,10
43855,7
43871,4
43887,7
43902,3
43910,0
43924,10
43948,10
43970,8
43992,10
44009,3
44023,6
44038,4
44047,0
44053,1
44065,7
44086,9
44108,8
44123,3
44133,2
44147,7
44162,3
44179,10
44201,8
44222,9
44242,6
44261,9
44283,9
44298,1
44307,3
44325,10
44344,5
44358,5
44369,2
44378,2
44388,3
44401,6
44414,2
44425,5
44440,6
44461,10
44482,7
44497,4
44510,4
44522,3
44534,4
44547,4
44560,4
44574,5
44589,5
44602,3
44617,7
44634,6
44651,7
44673,10
44689,2
44696,0
44707,7
44727,8
44747,8
44765,5
44781,6
44794,3
44806,5
44825,9
44839,0
44848,5
44862,5
44877,6
44895,8
44911,4
44924,4
44935,3
44952,10
44974,8
44992,5
45012,10
45031,5
45044,3
45055,4
45073,10
45095,7
45110,3
45125,7
45146,9
45170,10
45186,2
45195,2
45202,1
45215,7
45229,3
45244,8
45265,8
45279,1
45285,0
45294,4
45305,2
45320,8
45336,3
45347,3
45359,4
45377,10
45395,3
45411,8
45434,10
45451,3
45468,10
45484,1
45499,10
45518,5
45530,2
45539,2
45555,10
45579,10
45598,4
45614,7
45629,3
45644,7
45662,6
45681,8
45694,1
45701,2
45716,9
45737,8
45751,1
45765,8
45782,5
45798,7
45819,10
45837,4
45855,10
45875,6
45889,3
45905,8
45924,6
45935,0
45946,7
45961,3
45978,9
45998,7
46017,7
46038,10
46061,9
46075,1
46084,3
46096,4
46107,2
46121,7
46136,3
46149,5
46161,2
46172,4
46190,10
46208,4
46221,4
46235,6
46250,5
46266,6
46282,5
46296,5
46308,2
46321,6
46338,6
46359,10
46378,5
46388,0
46400,8
46423,10
46442,4
46454,4
46471,8
46487,4
46506,10
46526,5
46538,3
46556,10
46574,3
46585,3
46596,4
46608,3
46618,2
46631,7
46648,6
46663,5
46676,4
46688,4
46700,3
46717,9
46731,0
46739,4
46752,5
46770,8
46791,9
46808,4
46822,5
46834,3
46845,4
46862,8
46879,5
46893,5
46908,5
46923,5
46937,4
46953,8
46967,2
46980,6
46994,4
47010,8
47033,10
47050,3
47061,3
47075,6
47090,4
47099,1
47108,4
47117,0
47128,7
47142,3
47150,1
47163,8
47177,1
47183,1
47190,1
47202,7
47224,10
47246,8
47259,1
47274,9
47290,2
47302,5
47317,5
47336,9
47357,8
47380,10
47403,8
47418,2
47426,2
47443,10
47465,8
47478,0
47488,6
47502,4
47514,3
47529,8
47542,0
47550,3
47561,4
47570,1
47577,1
47583,0
47597,9
47614,3
47623,1
47636,8
47651,2
47662,5
47674,3
47692,10
47712,6
47730,7
47752,10
47772,6
47785,2
47792,1
47800,3
47811,4
47828,8
47845,4
47858,4
47876,10
47898,8
47917,7
47932,4
47947,6
47963,6
47974,0
47981,2
47992,4
48006,5
48020,4
48033,5
48049,7
48067,6
48079,1
48095,10
48112,3
48128,9
48150,8
48167,5
48178,1
48188,5
48207,10
48230,8
48246,4
48257,3
48267,2
48281,8
48299,6
48314,4
48324,2
48337,6
48357,10
48372,1
48385,7
48397,1
48410,8
48429,7
48447,7
48460,1
48472,7
48492,8
48508,3
48526,10
48541,0
48556,10
48575,4
48588,4
48600,3
48616,9
48634,5
48649,5
48668,10
48683,1
48693,5
48711,8
48724,0
48734,5
48750,7
48766,5
48776,0
48785,5
48796,1
48808,7
48827,8
48844,4
48858,6
48875,6
48891,6
48911,9
48927,2
48938,4
48953,7
48966,2
48976,3
48991,8
49013,10
49032,5
49047,6
49063,5
49078,6
49089,1
49104,10
49126,8
49142,4
49157,7
49171,3
49181,3
49194,6
49212,8
49228,3
49245,9
49259,0
49264,0
49278,10
49295,2
49305,3
49315,3
49333,10
49354,6
49372,7
49390,7
49408,6
49425,6
49441,6
49454,3
49465,3
49477,4
49490,4
49505,7
49525,9
49545,6
49565,10
49581,1
49591,5
49604,4
49619,7
49632,2
49643,4
49652,0
49663,7
49680,6
49700,9
49717,3
49734,9
49751,4
49766,7
49787,9
49805,4
49815,1
49827,7
49842,4
49853,3
49866,5
49876,0
49890,10
49906,1
49912,1
49927,10
49948,7
49962,3
49980,10
49996,2
50005,3
50020,8
50041,9
50059,4
50069,1
50082,8
50100,5
50116,7
50138,10
50158,5
50174,6
50190,5
50203,4
50218,7
50232,2
50240,1
50252,6
50267,4
50280,4
50297,9
50319,8
50333,2
50349,9
50363,0
50375,8
50395,7
50413,6
50428,5
50441,3
50452,4
50467,6
50486,9
50509,9
50528,6
50541,2
50554,7
50566,0
50579,9
50598,5
50609,2
50617,2
50632,8
50650,5
50660,0
50674,9
50695,8
50711,3
50721,3
50739,10
50763,10
50787,10
50804,3
50821,9
50837,2
50847,4
50863,8
50876,1
50886,4
50900,5
50910,1
50924,9
50942,4
50955,4
50967,3
50977,2
50984,1
50991,1
51005,8
51026,9
51046,7
51061,3
51072,4
51084,3
51098,7
51117,8
51135,5
51154,9
51170,3
51182,4
51192,2
51205,7
51218,1
51225,1
51234,3
51246,4
51262,7
51279,5
51289,0
51294,0
51301,2
51316,8
51335,6
51350,4
51366,8
51386,8
51407,8
51425,5
51436,2
51444,1
51457,7
51474,6
51490,5
51501,1
51512,6
51528,6
51539,1
51552,7
51568,4
51577,1
51584,2
51593,2
51605,5
51617,3
51634,9
51656,8
51677,8
51693,4
51705,3
51718,5
51735,7
51753,6
51771,7
51787,5
51804,7
51820,4
51834,5
51853,10
51872,5
51891,10
51907,1
51916,4
51932,7
51947,3
51957,3
51969,4
51983,5
51993,0
52004,6
52024,10
52048,10
52065,2
52074,3
52091,10
52115,9
52135,6
52153,7
52171,7
52186,3
52196,3
52208,4
52221,5
52235,4
52245,2
52262,10
52283,6
52302,9
52321,5
52339,8
52359,7
52372,2
52383,5
52396,3
52412,9
52430,5
52443,3
52452,1
52461,4
52475,6
52489,3
52502,6
52518,5
52535,8
52550,3
52567,10
52589,7
52609,8
52628,7
52644,4
52654,2
52670,9
52693,10
52712,5
52729,7
52747,7
52766,7
52785,7
52805,9
52822,3
52832,3
52849,9
52865,3
52873,1
52880,1
52896,10
52916,6
52928,2
52936,2
52947,5
52967,10
52989,7
53003,3
53012,2
53024,5
53037,4
53047,1
53059,7
53080,10
53097,3
53105,0
53112,2
53127,8
53148,9
53162,0
53169,2
53179,4
53190,2
53202,5
53213,2
53220,0
53235,10
53254,5
53273,9
53292,5
53306,4
53321,7
53342,10
53367,10
53391,9
53412,8
53428,3
53439,4
53452,4
53462,2
53478,10
53503,10
53522,5
53532,1
53544,6
53561,6
53581,10
53604,9
53622,4
53639,9
53657,5
53674,8
53694,8
53712,6
53731,8
53750,6
53769,9
53783,0
53793,6
53804,0
53812,3
53829,9
53848,5
53863,6
53883,9
53898,1
53911,8
53933,10
53955,8
53975,7
53991,5
54006,6
54021,4
54030,0
54038,3
54049,4
54059,2
54074,9
54096,9
54118,8
54133,2
54144,4
54155,3
54163,0
54171,3
54183,5
54197,5
54216,10
54239,9
54260,8
54274,1
54284,5
54304,10
54321,3
54338,9
54352,0
54359,3
54373,7
54386,1
54399,7
54411,1
54424,8
54439,2
54449,3
54463,6
54477,4
54493,7
54507,2
54517,4
54533,8
54550,5
54565,6
54576,1
54586,4
54602,8
54619,4
54637,9
54651,1
54664,7
54678,3
54692,7
54711,7
54727,5
54741,4
54750,0
54756,1
54763,2
54780,10
54803,9
54819,3
54829,2
54838,2
54849,5
54869,10
54893,10
54917,9
54939,9
54958,5
54973,6
54990,6
55002,2
55014,6
55025,0
55034,5
55048,4
55066,9
55082,2
55097,8
55113,3
55125,5
55143,8
55160,4
55172,4
55181,0
55189,3
55203,7
55217,3
55225,1
55234,4
55244,1
55251,1
55262,5
55280,8
55298,6
55311,2
55323,6
55343,9
55358,1
55367,3
55377,2
55389,6
55404,5
55419,5
55437,8
55458,8
55474,3
55491,10
55513,8
55530,5
55544,4
55562,9
55583,8
55603,8
55619,4
55635,7
55657,10
55679,7
55699,8
55716,5
55736,10
55755,5
55772,8
55789,4
55799,2
55807,1
55822,9
55838,2
55852,7
55870,7
55884,3
55894,3
55904,2
55911,1
55926,9
55944,4
55960,8
55975,3
55987,4
56005,10
56023,4
56039,7
56057,6
56076,9
56097,7
56117,8
56139,10
56162,8
56175,0
56183,4
56194,2
56206,5
56219,3
56233,7
56253,9
56272,5
56291,9
56306,1
56319,7
56334,3
56346,5
56363,7
56375,1
56387,7
56406,8
56421,3
56435,7
56450,3
56461,4
56471,1
56480,4
56499,10
56522,8
56543,8
56558,3
56575,10
56590,0
56605,10
56622,2
56633,5
56646,4
56655,0
56667,8
56681,1
56691,5
56702,1
56714,6
56733,9
56756,10
56780,10
56800,5
56820,10
56836,1
56847,5
56862,5
56877,5
56889,3
56901,5
56912,1
56927,10
56944,3
56960,9
56975,2
56985,3
56999,6
57015,5
57028,3
57036,0
57046,6
57061,4
57070,1
57083,8
57101,6
57119,7
57140,9
57155,1
57162,2
57176,7
57198,10
57218,6
57229,1
57239,5
57252,3
57265,6
57284,8
57306,10
57331,10
57347,2
57361,7
57379,6
57396,6
57415,9
57431,3
57442,4
57458,7
57476,6
57494,7
57514,9
57533,6
57552,9
57573,7
57594,9
57616,9
57638,8
57653,3
57662,2
57671,2
57686,9
57700,0
57706,2
57719,6
57740,10
57756,2
57768,6
57781,2
57794,7
57812,6
57824,2
57840,10
57860,6
57880,10
57898,3
57913,7
57926,2
57940,8
57957,5
57974,7
57987,2
57996,2
58010,8
58027,5
58042,6
58061,9
58081,6
58099,8
58115,3
58126,3
58141,8
58158,5
58175,7
58189,3
58202,5
58212,0
58219,3
58234,7
58251,5
58266,6
58279,2
58295,10
58319,9
58334,2
58350,9
58368,5
58381,4
58390,1
58406,10
58429,9
58447,5
58467,10
58486,4
58505,10
58521,2
58532,5
58543,1
58551,3
58563,4
58578,6
58595,6
58608,2
58617,3
58635,10
58652,2
58659,1
58671,7
58686,3
58698,4
58716,10
58736,6
58748,2
58755,0
58769,10
58794,10
58815,6
58828,2
58840,6
58860,10
58875,0
58882,2
58892,4
58901,0
58908,3
58920,5
58933,3
58951,10
58971,6
58989,7
59005,5
59021,7
59035,2
59046,4
59061,7
59074,1
59084,5
59096,3
59112,9
59127,1
59133,0
59142,4
59156,5
59174,8
59196,9
59216,7
59235,8
59248,0
59257,4
59274,9
59292,5
59307,6
59320,3
59338,10
59355,2
59362,1
59376,9
59394,5
59411,7
59426,4
59436,2
59446,4
59457,3
59467,2
59482,9
59496,0
59502,1
59508,1
59518,4
59531,5
59546,6
59562,6
59575,3
59584,1
59595,5
59615,10
59632,3
59644,5
59659,5
59674,6
59686,1
59694,2
59702,2
59714,6
59728,4
59737,1
59750,7
59762,1
59770,2
59777,0
59789,8
59810,9
59832,8
59851,6
59867,6
59879,1
59886,1
59897,5
59917,10
59937,6
59954,6
59968,4
59984,8
60001,4
60017,8
60038,9
60062,10
60077,1
60091,9
60110,6
60121,0
60135,9
60150,1
60164,9
60186,9
60206,7
60226,8
60241,3
60252,4
60266,6
60286,9
60304,5
60320,6
60340,10
60365,10
60386,6
60400,3
60412,5
60426,4
60439,5
60456,7
60474,6
60488,3
60499,3
60510,3
60519,2
60528,2
60542,8
60558,3
60575,10
60592,3
60601,1
60615,9
60631,2
60648,10
60670,7
60685,4
60700,6
60717,6
60728,1
60738,5
60752,4
60771,10
60787,2
60798,5
60815,8
60828,0
60840,7
60861,9
60878,3
60891,6
60910,8
60927,5
60945,9
60962,3
60974,4
60991,9
61007,2
61019,6
61036,7
61053,5
61066,4
61080,5
61090,1
61100,4
61114,6
61125,0
61132,3
61142,2
61149,0
61157,3
61174,10
61191,2
61198,0
61210,7
61231,9
61248,4
61266,9
61286,7
61299,1
61307,2
61316,3
61327,4
61343,7
61365,10
61388,9
61406,5
61422,7
61436,2
61447,5
61459,2
61472,7
61486,3
61498,4
61513,7
61527,2
61541,8
61557,3
61574,9
61594,6
61609,4
61625,7
61637,0
61651,9
61672,8
61689,5
61703,5
61721,9
61741,7
61760,7
61778,6
61795,7
61814,8
61836,10
61852,2
61869,10
61894,10
61919,10
61938,5
61955,8
61968,0
61982,10
62003,6
62020,7
62040,9
62060,6
62074,3
62087,6
62107,10
62124,2
62133,2
62149,9
62163,0
62170,3
62182,5
62196,5
62210,5
62226,7
62239,1
62251,6
62263,1
62273,4
62288,6
62300,2
62313,6
62326,3
62342,8
62361,7
62379,6
62398,9
62420,9
62434,1
62449,9
62465,3
62474,1
62487,7
62509,10
62526,2
62542,10
62560,4
62576,7
62593,6
62604,1
62612,2
62620,1
62633,7
62647,3
62656,1
62664,2
62677,6
62691,4
62700,1
62707,1
62718,5
62728,0
62733,0
62743,5
62758,6
62773,4
62788,7
62804,4
62813,0
62818,1
62832,8
62849,4
62859,1
62869,4
62887,9
62908,7
62928,8
62950,9
62970,7
62990,9
63007,3
63024,9
63040,2
63052,6
63064,2
63073,3
63081,1
63094,8
63109,3
63123,6
63143,10
63159,2
63169,4
63180,3
63188,0
63198,5
63208,0
63220,7
63237,6
63253,5
63268,5
63282,4
63298,7
63313,4
63331,10
63348,3
63364,8
63386,9
63405,5
63421,7
63437,4
63453,8
63467,1
63477,5
63493,7
63506,1
63512,1
63524,6
63538,3
63551,6
63562,0
63575,9
63594,6
63610,5
63626,7
63642,5
63656,4
63673,8
63693,8
63713,8
63736,10
63757,7
63771,3
63781,3
63797,8
63814,5
63830,6
63850,9
63866,2
63875,2
63883,2
63892,3
63902,2
63917,9
63941,10
63964,8
63979,3
63994,8
64013,7
64025,1
64039,9
64053,0
64061,4
64071,1
64081,4
64099,10
64121,7
64140,7
64153,1
64168,10
64191,8
64209,5
64221,2
64237,10
64256,4
64272,7
64290,7
64310,8
64333,10
64349,1
64359,4
64373,5
64393,10
64417,10
64439,7
64456,6
64475,8
64489,1
64503,9
64523,7
64541,6
64556,4
64571,7
64589,6
64606,7
64625,7
64646,10
64662,2
64675,7
64692,6
64706,3
64716,2
64733,10
64756,9
64777,7
64796,7
64817,9
64840,10
64855,1
64862,1
64868,1
64884,10
64902,4
64916,5
64926,0
64934,3
64950,8
64972,9
64994,9
65017,9
65032,2
65039,0
65046,2
65059,7
65078,7
65091,2
65104,6
65121,6
65136,5
65150,5
65168,8
65182,1
65194,6
65215,10
65233,3
65242,1
65257,9
65275,4
65286,3
65302,8
65323,9
65346,9
65367,8
65381,2
65391,4
65402,3
65417,7
65438,9
65457,6
65477,9
65494,3
65511,9
65533,8
65546,0
65554,3
65568,7
65588,8
65605,4
65618,5
65629,1
65637,3
65647,2
65662,9
65677,1
65686,3
65698,4
65710,4
65727,8
65741,1
65752,5
65772,10
65796,10
65820,10
65839,5
65849,0
65861,8
65875,2
65886,4
65902,7
65920,6
65931,0
65941,5
65954,3
65962,1
65968,0
65978,5
65992,5
66009,7
66024,3
66039,7
66059,8
66072,1
66079,1
66085,1
66093,3
66111,10
66126,1
66135,4
66152,9
66174,8
66192,6
66209,6
66224,4
66235,3
66245,3
66256,3
66267,3
66278,4
66288,2
66298,3
66308,2
66319,5
66331,3
66346,8
66359,0
66368,5
66386,8
66404,5
66418,4
66432,5
66451,9
66468,4
66484,8
66501,4
66512,2
66523,4
66533,2
66543,3
66554,4
66566,3
66575,2
66587,5
66600,3
66610,3
66627,9
66645,4
66661,7
66680,8
66697,5
66713,6
66727,3
66740,6
66760,9
66781,7
66802,9
66821,5
66838,7
66856,6
66873,6
66892,8
66911,7
66923,0
66931,3
66939,1
66951,6
66971,9
66990,6
67010,10
67027,2
67037,3
67045,0
67054,4
67067,4
67077,1
67089,6
67109,10
67132,8
67153,8
67168,2
67180,5
67194,4
67209,6
67223,4
67233,2
67244,4
67256,3
67267,4
67285,10
67303,3
67319,8
67340,9
67355,1
67361,0
67374,9
67388,1
67398,5
67415,8
67433,6
67446,2
67463,10
67487,10
67510,9
67528,5
67540,2
67553,7
67571,6
67589,7
67607,7
67626,8
67641,2
67657,9
67673,2
67681,1
67697,10
67714,2
67722,1
67731,4
67741,1
67753,6
67766,3
67777,4
67795,10
67811,2
67825,7
67843,6
67860,6
67875,4
67885,1
67895,4
67908,5
67923,5
67939,7
67959,9
67973,1
67982,4
67998,8
68019,8
68038,6
68049,0
68062,9
68080,5
68090,0
68101,7
68119,7
68133,2
68146,7
68159,1
68167,2
68179,6
68195,6
68211,5
68230,10
68245,1
68257,7
68275,6
68291,6
68306,5
68316,0
68326,6
68341,5
68351,1
68361,5
68376,6
68389,3
68403,7
68420,5
68434,5
68448,5
68463,5
68482,10
68506,9
68527,7
68541,2
68555,8
68571,3
68582,3
68591,1
68605,8
68626,9
68640,0
68649,5
68661,2
68677,9
68699,8
68722,10
68744,7
68758,3
68775,9
68797,8
68820,10
68836,1
68850,8
68869,6
68889,10
68910,7
68929,8
68946,5
68958,3
68966,1
68976,5
68989,3
68998,2
69005,1
69011,1
69024,8
69040,3
69052,5
69065,4
69079,5
69093,4
69103,2
69120,10
69135,1
69151,10
69168,3
69178,3
69192,7
69205,1
69216,5
69229,3
69243,6
69263,10
69283,6
69298,5
69317,10
69336,5
69354,8
69373,6
69390,6
69406,5
69422,7
69437,4
69453,8
69467,2
69477,4
69495,9
69512,3
69525,5
69538,4
69554,7
69571,5
69583,3
69592,1
69598,0
69605,3
69620,7
69635,4
69649,5
69663,4
69678,6
69695,7
69708,2
69723,9
69741,5
69757,7
69769,0
69779,5
69799,10
69816,3
69831,8
69844,1
69860,10
69884,9
69904,7
69924,8
69947,10
69968,7
69983,4
69994,2
70001,0
70012,6
70025,3
70036,4
70050,5
70069,9
70092,9
70113,7
70125,0
70138,9
70162,10
70180,3
70192,4
70206,6
70227,10
70248,7
70270,10
70286,2
70298,6
70317,9
70339,9
70361,8
70378,4
70389,2
70396,0
70409,8
70429,8
70447,6
70460,3
70475,7
70493,7
70510,5
70522,2
70529,0
70536,2
70546,4
70555,1
70562,1
70573,6
70589,5
70604,5
70617,3
70630,5
70648,8
70664,3
70674,2
70683,3
70695,5
70705,1
70720,10
70741,7
70758,6
70771,2
70787,10
70809,8
70832,10
70855,9
70876,8
70893,4
70906,5
70926,10
70942,1
70949,1
70961,7
70977,5
70989,2
70998,3
71007,2
71016,3
71027,4
71039,4
71054,7
71075,10
71096,6
71117,10
71137,5
71151,5
71169,9
71184,2
71193,2
71205,5
71224,10
71247,9
71267,6
71280,2
71288,1
71297,4
71311,5
71323,3
71339,9
71359,6
71373,4
71384,3
71398,7
71419,9
71437,5
71452,5
71463,2
71475,6
71486,1
71499,7
71514,4
71529,6
71543,3
71557,6
71569,2
71580,4
71598,10
71622,9
71640,4
71651,3
71663,5
71677,5
71690,3
71701,4
71717,8
71730,0
71744,9
71766,8
71786,8
71807,8
71821,1
71832,6
71847,4
71862,6
71880,7
71899,8
71919,8
71941,10
71963,7
71985,10
72005,6
72019,4
72037,10
72058,6
72069,0
72081,8
72102,8
72121,6
72136,5
72147,2
72155,2
72165,3
72175,2
72187,5
72207,10
72231,10
72251,6
72272,10
72290,4
72308,9
72322,1
72331,3
72348,10
72365,2
72375,3
72391,8
72408,5
72427,10
72449,8
72463,1
72473,4
72490,9
72505,1
72515,4
72530,7
72546,4
72559,5
72572,3
72586,6
72597,1
72604,2
72619,8
72639,8
72656,4
72673,9
72690,3
72698,1
72707,3
72722,7
72743,9
72759,3
72773,6
72790,7
72803,2
72814,4
72824,1
72835,5
72853,9
72872,6
72886,3
72896,3
72908,4
72918,1
72933,9
72954,8
72967,1
72980,7
72998,6
73009,1
73021,7
73039,6
73059,9
73077,4
73089,4
73101,4
73111,2
73120,2
73127,0
73134,3
73147,5
73157,1
73164,2
73179,9
73197,5
73208,1
73221,8
73242,8
73265,10
73280,0
73292,7
73307,3
73323,8
73342,6
73358,6
73370,1
73385,9
73401,2
73413,5
73423,1
73436,8
73456,7
73477,10
73495,3
73505,2
73513,1
73523,4
73533,1
73544,5
73559,5
73575,6
73593,8
73611,6
73628,6
73642,4
73652,1
73668,10
73686,4
73698,3
73710,5
73723,4
73741,9
73757,3
73768,3
73781,5
73800,9
73816,2
73824,1
73830,0
73844,10
73859,1
73868,3
73878,3
73893,7
73908,4
73920,3
73934,6
73945,0
73955,6
73967,2
73979,5
73997,8
74019,10
74038,4
74056,9
74071,1
74084,8
74102,6
74119,6
74133,3
74146,6
74165,8
74181,3
74189,0
74204,10
74220,2
74236,9
74260,10
74281,6
74292,1
74301,4
74310,0
74317,2
74326,3
74341,7
74353,1
74363,5
74376,3
74393,10
74409,2
74419,4
74430,3
74444,6
74462,8
74484,10
74502,4
74516,6
74533,7
74549,4
74563,6
74577,3
74594,9
74609,2
74621,5
74633,2
74641,2
74649,2
74662,6
74680,7
74693,1
74699,0
74710,7
74725,4
74737,3
74749,4
74767,9
74789,8
74812,10
74830,4
74848,9
74872,10
74889,2
74905,9
74928,9
74945,3
74959,7
74979,9
74994,1
75006,7
75026,8
75039,1
75048,4
75062,5
75072,0
75083,6
75094,0
75104,5
75118,5
75132,5
75147,6
75165,7
75182,6
75202,9
75225,9
75246,7
75265,8
75279,1
75292,8
75310,5
75326,7
75344,6
75361,7
75379,6
75395,6
75410,4
75421,3
75429,0
75437,3
75451,6
75471,9
75494,9
75508,1
75516,3
75526,3
75542,8
75560,6
75576,6
75592,6
75608,6
75621,3
75632,3
75648,9
75668,7
75681,1
75690,4
75703,4
75713,1
75720,2
75733,6
75752,9
75774,8
75792,6
75803,0
75817,9
75837,6
75852,4
75871,10
75887,1
75903,10
75919,2
75932,7
75951,7
75964,1
75980,10
76000,6
76012,1
76022,4
76033,3
76051,10
76075,9
76092,3
76104,4
76114,1
76127,7
76140,1
76149,4
76166,9
76188,8
76211,10
76232,6
76252,9
76268,2
76279,5
76293,4
76302,1
76317,9
76334,4
76352,9
76368,3
76379,3
76389,2
76401,5
76417,6
76438,10
76461,9
76478,3
76488,2
76495,0
76503,3
76517,6
76534,6
76548,3
76558,3
76574,9
76588,0
76602,10
76623,7
76636,1
76651,10
76675,9
76697,8
76716,6
76736,9
76758,8
76773,3
76789,8
76805,3
76818,5
76838,10
76855,2
76871,9
76890,5
76909,10
76929,5
76949,10
76970,6
76988,8
77004,3
77018,6
77034,5
77049,6
77062,3
77078,9
77102,10
77124,7
77140,5
77159,10
77178,4
77197,10
77220,9
77239,6
77252,2
77267,9
77281,1
77293,6
77314,10
77331,2
77343,6
77364,10
77382,3
77390,0
77398,4
77409,2
77423,7
77435,0
77444,4
77459,6
77480,10
77505,10
77523,4
77533,2
77543,3
77560,10
77576,2
77591,9
77612,8
77629,4
77641,3
77658,9
77672,0
77678,1
77685,2
77697,5
77708,2
77718,3
77728,3
77745,9
77768,10
77788,5
77803,6
77817,3
77826,2
77842,10
77864,8
77879,3
77887,1
77900,8
77921,9
77940,5
77950,1
77961,6
77979,8
77993,1
77999,1
78015,10
78032,3
78040,1
78056,10
78079,9
78095,2
78109,7
78126,5
78142,6
78162,9
78177,1
78186,3
78198,4
78217,10
78234,2
78246,6
78264,8
78280,4
78297,9
78315,4
78328,5
78341,3
78350,2
78366,9
78381,2
78390,3
78408,10
78429,6
78440,0
78453,8
78466,1
78479,8
78499,7
78513,2
78520,0
78533,8
78554,9
78573,5
78585,3
78602,10
78619,3
78632,6
78648,6
78661,3
78670,1
78684,8
78699,2
78706,0
78719,9
78737,4
78754,8
78768,2
78777,3
78788,4
78806,10
78831,10
78856,10
78878,7
78896,7
78912,5
78926,4
78944,9
78966,9
78987,7
79007,9
79029,8
79042,0
79056,9
79076,7
79097,10
79116,5
79126,1
79132,1
79142,4
79159,8
79177,6
79189,2
79204,8
79217,1
79224,1
79230,1
79236,0
79242,2
79249,0
79257,3
79270,5
79288,8
79309,9
79331,8
79345,2
79352,0
79358,2
79365,0
79376,6
79389,3
79398,1
79407,4
79423,8
79436,0
79446,5
79457,2
79466,2
79478,5
79494,7
79507,2
79516,3
79525,1
79533,2
79540,1
79554,8
79575,8
79588,0
79593,1
79600,1
79608,3
79620,5
79634,4
79644,1
79650,1
79657,2
79665,2
79676,4
79693,8
79712,6
79731,8
79748,4
79764,7
79783,8
79802,6
79822,10
79845,8
79861,3
79869,1
79881,7
79899,6
79918,8
79934,4
79948,6
79961,3
79970,1
79978,3
79993,8
80009,3
80026,9
80040,1
80052,7
80064,0
80070,2
80084,7
80100,5
80119,10
80140,6
80157,7
80176,8
80191,3
80205,7
80222,5
80241,10
80265,10
80281,2
80290,2
80301,5
80321,10
80345,9
80362,3
80378,8
80398,7
80411,1
80421,4
80432,2
80444,5
80455,2
80470,9
80491,8
80509,5
80523,4
80533,2
80548,8
80568,7
80584,4
80597,4
80608,3
80624,9
80641,3
80653,5
80665,2
80673,2
80686,7
80699,1
80714,10
80734,6
80750,6
80761,1
80777,10
80799,8
80820,9
80843,9
80858,1
80873,10
80891,4
80900,1
80912,6
80926,3
80940,6
80955,4
80971,7
80992,10
81008,2
81017,2
81028,4
81041,5
81053,2
81064,5
81075,2
81087,6
81107,9
81128,7
81150,10
81172,7
81188,5
81203,6
81215,2
81224,2
81231,1
81237,0
81249,7
81271,10
81290,5
81301,2
81312,4
81326,5
81339,4
81349,2
81360,5
81378,9
81395,4
81413,9
81434,7
81447,2
81457,3
81466,1
81477,6
81491,4
81502,3
81517,8
81539,9
81555,3
81565,2
81576,4
81589,5
81602,4
81621,10
81639,4
81655,8
81672,5
81690,8
81712,10
81727,0
81735,4
81749,5
81765,6
81777,1
81783,0
81795,8
81810,3
81823,6
81840,7
81854,3
81867,6
81887,9
81909,9
81926,3
81943,10
81959,1
81966,2
81977,4
81991,6
82008,7
82023,3
82031,0
82043,8
82066,10
82081,1
82090,3
82098,1
82114,10
82134,6
82146,2
82157,5
82171,4
82185,6
82201,6
82212,0
82220,4
82232,3
82250,10
82272,7
82285,1
82292,2
82304,5
82322,9
82337,2
82354,10
82372,3
82385,5
82404,9
82424,6
82435,1
82442,2
82449,0
82455,1
82471,10
82490,4
82504,5
82517,3
82529,4
82540,3
82557,9
82577,7
82595,7
82609,2
82622,6
82638,5
82650,2
82664,8
82686,9
82705,5
82720,5
82735,5
82748,4
82767,10
82782,1
82790,3
82800,3
82813,5
82832,9
82855,10
82876,7
82888,1
82897,3
82910,5
82926,7
82938,0
82947,4
82960,5
82975,6
82993,7
83012,7
83030,7
83043,2
83060,10
83075,1
83086,6
83097,1
83104,1
83119,10
83138,4
83157,10
83173,2
83187,7
83199,0
83206,2
83220,8
83235,2
83248,7
83263,3
83279,8
83296,4
83314,10
83330,1
83344,8
83363,7
83382,7
83397,3
83409,4
83426,8
83446,7
83461,3
83470,2
83486,10
83502,2
83518,9
83541,9
83565,10
83585,6
83597,1
83613,10
83634,7
83646,1
83660,8
83674,1
83689,10
83711,7
83729,7
83750,10
83775,10
83794,4
83812,10
83829,2
83838,2
83851,7
83871,8
83889,6
83902,2
83910,2
83920,3
83934,7
83947,1
83953,0
83964,6
83980,6
83999,9
84013,0
84019,2
84031,5
84044,4
84056,4
84067,2
84076,3
84093,10
84110,2
84124,8
84140,4
84156,7
84168,1
84175,2
84185,3
84202,9
84217,1
84228,6
84247,8
84263,3
84281,10
84301,5
84312,1
84325,7
84343,7
84365,10
84384,5
84396,2
84411,9
84434,9
84452,4
84462,1
84469,1
84483,9
84507,10
84522,0
84535,9
84551,3
84563,4
84576,4
84593,9
84612,6
84630,8
84650,8
84672,9
84696,10
84721,10
84746,10
84770,9
84788,4
84805,9
84827,8
84849,9
84867,5
84880,3
84893,5
84913,10
84928,1
84934,0
84939,0
84953,10
84970,2
84977,0
84989,8
85004,3
85017,5
85034,7
85056,10
85073,2
85087,7
85109,10
85131,7
85150,8
85167,4
85180,4
85195,6
85210,4
85224,5
85242,9
85261,5
85278,8
85292,1
85305,7
85323,6
85339,5
85353,4
85371,9
85393,8
85410,5
85430,10
85453,8
85469,4
85486,8
85499,1
85508,4
85526,9
85549,10
85573,9
85587,1
85596,3
85604,0
85611,3
85621,2
85634,6
85648,4
85662,5
85675,4
85688,4
85697,0
85702,1
85717,10
85732,1
85743,6
85758,4
85774,8
85790,3
85804,7
85817,1
85830,7
85851,10
85876,10
85893,2
85903,3
85919,8
85938,7
85950,1
85965,9
85980,1
85990,5
86000,1
86014,8
86034,7
86053,7
86065,0
86079,10
86099,5
86109,0
86120,7
86134,2
86147,6
86160,3
86171,4
86183,4
86194,2
86207,6
86226,9
86243,4
86261,10
86283,8
86297,2
86310,6
86330,9
86345,2
86356,4
86371,6
86386,4
86404,9
86424,6
86436,2
86448,5
86467,10
86490,9
86505,1
86517,6
86535,7
86548,2
86561,7
86576,3
86585,1
86595,4
86609,5
86626,7
86644,6
86656,1
86671,9
86694,9
86710,2
86717,0
86723,2
86733,3
86744,4
86758,5
86768,1
86781,7
86795,3
86808,5
86821,4
86834,5
86847,3
86864,9
86887,10
86906,4
86924,9
86944,7
86966,10
86990,9
87013,10
87029,2
87045,10
87060,0
87066,2
87081,9
87096,1
87111,10
87130,5
87142,2
87149,1
87164,9
87186,8
87202,3
87216,7
87238,10
87256,4
87274,10
87293,5
87309,7
87325,4
87339,5
87349,1
87357,3
87370,5
87380,1
87394,9
87414,6
87431,7
87449,6
87462,2
87477,9
87491,0
87500,4
87511,2
87522,4
87540,9
87557,4
87570,5
87589,10
87605,1
87619,9
87635,2
87647,5
87657,1
87664,2
87677,7
87694,5
87707,3
87717,2
87726,2
87739,6
87753,3
87761,0
87770,5
87789,10
87805,1
87817,7
87838,9
87852,1
87858,0
87872,9
87891,5
87905,5
87918,3
87935,9
87955,6
87968,2
87976,1
87988,7
88004,4
88020,8
88041,8
88063,9
88081,5
88099,8
88116,4
88129,4
88141,4
88153,4
88166,5
88183,7
88201,7
88213,1
88219,0
88231,8
88254,10
88270,1
88283,7
88300,5
88315,6
88330,4
88347,8
88362,2
88377,9
88395,5
88412,7
88429,5
88442,4
88459,8
88478,7
88491,2
88504,6
88520,5
88532,3
88540,1
88554,8
88569,2
88577,1
88583,0
88593,5
88610,8
88623,1
88637,8
88650,1
88664,8
88680,3
88697,10
88713,1
88726,7
88739,1
88748,3
88766,10
88784,3
88801,9
88817,3
88832,8
88854,10
88871,3
88887,8
88900,0
88909,5
88919,0
88931,7
88945,3
88954,1
88961,2
88973,5
88984,1
88998,8
89017,7
89031,3
89041,2
89057,10
89075,4
89085,2
89101,9
89123,8
89139,3
89149,2
89164,8
89184,8
89201,5
89214,4
89232,9
89253,8
89275,9
89293,4
89312,10
89327,0
89332,1
89348,10
1
7
21
27
45
63
70
83
94
110
124
145
158
169
183
189
212
219
226
237
262
280
300
307
320
334
351
360
367
402
408
417
435
455
474
485
500
512
526
544
558
567
601
614
634
661
668
693
709
725
734
744
763
780
790
826
849
854
864
870
878
897
914
925
940
953
972
985
996
1008
1015
1024
1032
1046
1058
1070
1084
1098
1104
1119
1156
1166
1180
1190
1201
1230
1251
1276
1289
1301
1321
1336
1356
1370
1375
1391
1401
1436
1442
1460
1470
1479
1488
1502
1520
1538
1549
1574
1585
1615
1622
1637
1649
1668
1677
1684
1713
1722
1730
1741
1748
1768
1797
1807
1816
1833
1839
1856
1867
1872
1877
1898
1926
1932
1963
1973
1982
1989
1995
2011
2033
2042
2062
2079
2086
2102
2117
2128
2139
2158
2167
2178
2189
2202
2229
2245
2269
2284
2293
2307
2320
2331
2344
2372
2395
2408
2421
2453
2462
2492
2508
2530
2547
2553
2576
2586
2601
2625
2631
2641
2660
2688
2716
2725
2732
2747
2757
2776
2787
2795
2805
2827
2841
2851
2863
2872
2888
2906
2918
2950
2966
2985
2997
3008
3014
3023
3037
3051
3058
3068
3080
3094
3119
3129
3144
3167
3184
3193
3200
3221
3240
3252
3287
3297
3305
3338
3346
3364
3371
3381
3400
3408
3433
3444
3453
3461
3482
3497
3510
3521
3533
3552
3562
3584
3592
3616
3627
3638
3646
3651
3660
3668
3678
3700
3715
3722
3741
3750
3768
3776
3788
3809
3824
3838
3848
3864
3881
3892
3906
3913
3929
3947
3963
3981
3988
4007
4013
4045
4051
4058
4090
4113
4136
4153
4169
4182
4209
4219
4241
4264
4270
4282
4289
4305
4315
4328
4337
4350
4368
4387
4392
4400
4417
4432
4445
4462
4483
4513
4522
4536
4549
4564
4570
4589
4596
4613
4637
4648
4657
4663
4680
4708
4721
4739
4745
4751
4765
4780
4791
4816
4826
4852
4860
4885
4902
4914
4932
4947
4960
4978
4995
5004
5026
5039
5069
5084
5094
5115
5123
5132
5167
5180
5189
5211
5222
5250
5265
5283
5298
5310
5324
5340
5356
5373
5390
5407
5414
5437
5467
5479
5485
5509
5524
5534
5542
5556
5570
5578
5593
5610
5620
5626
5640
5662
5669
5690
5699
5708
5715
5721
5738
5747
5753
5770
5776
5804
5833
5842
5854
5870
5885
5908
5924
5949
5962
5981
5990
6003
6019
6043
6053
6073
6103
6112
6137
6145
6175
6200
6210
6228
6243
6256
6279
6288
6306
6324
6333
6352
6362
6383
6404
6421
6426
6444
6462
6474
6495
6508
6524
6547
6559
6571
6588
6600
6608
6624
6638
6652
6662
6679
6706
6717
6744
6761
6775
6788
6803
6817
6824
6843
6872
6878
6888
6901
6920
6934
6944
6961
6971
6983
6997
7024
7038
7045
7054
7085
7100
7107
7122
7143
7166
7173
7188
7198
7216
7224
7239
7250
7260
7273
7282
7308
7323
7343
7376
7388
7408
7416
7434
7447
7455
7466
7474
7492
7504
7531
7547
7558
7576
7592
7609
7633
7656
7666
7689
7698
7719
7735
7744
7769
7783
7791
7823
7835
7854
7871
7887
7904
7920
7932
7938
7950
7958
7965
7978
7984
7991
8005
8030
8048
8065
8080
8118
8131
8142
8165
8195
8203
8215
8230
8247
8265
8287
8310
8316
8339
8348
8374
8381
8401
8417
8437
8458
8481
8489
8507
8534
8544
8566
8572
8579
8590
8603
8615
8638
8662
8675
8688
8702
8713
8721
8733
8753
8773
8779
8803
8828
8851
8862
8883
8896
8921
8947
8955
8969
8982
8988
8997
9008
9025
9041
9066
9082
9102
9113
9143
9154
9170
9188
9208
9237
9250
9267
9278
9296
9312
9324
9346
9360
9367
9383
9393
9405
9416
9421
9429
9455
9480
9488
9499
9505
9513
9543
9551
9564
9577
9588
9599
9615
9625
9641
9654
9683
9699
9707
9727
9752
9768
9774
9786
9806
9824
9834
9843
9851
9859
9870
9886
9898
9916
9923
9944
9959
9970
9988
10001
10029
10046
10055
10078
10093
10106
10120
10132
10138
10156
10182
10203
10216
10230
10249
10269
10283
10297
10315
10321
10331
10337
10360
10375
10389
10406
10413
10431
10441
10459
10468
10481
10490
10499
10510
10522
10538
10548
10560
10572
10592
10605
10627
10645
10660
10695
10704
10712
10720
10731
10740
10756
10777
10787
10805
10814
10835
10851
10867
10875
10892
10909
10926
10946
10962
10988
10995
11004
11030
11042
11058
11072
11089
11101
11115
11142
11156
11170
11181
11207
11218
11232
11241
11251
11259
11274
11281
11294
11306
11319
11332
11338
11347
11373
11390
11408
11413
11443
11458
11469
11488
11495
11520
11535
11553
11567
11580
11590
11618
11632
11641
11651
11669
11687
11699
11705
11722
11735
11750
11767
11779
11797
11812
11823
11832
11848
11859
11881
11895
11915
11936
11953
11965
11975
11992
12009
12032
12041
12054
12077
12092
12107
12133
12153
12168
12189
12200
12214
12231
12243
12260
12273
12280
12293
12304
12315
12340
12354
12370
12384
12409
12420
12428
12443
12458
12474
12496
12511
12525
12546
12554
12565
12578
12606
12622
12636
12643
12652
12680
12690
12698
12707
12715
12725
12739
12745
12763
12775
12794
12820
12833
12847
12854
12861
12870
12885
12908
12913
12932
12959
12965
12972
12987
12994
13000
13007
13021
13035
13044
13065
13089
13107
13124
13132
13143
13159
13178
13191
13205
13224
13237
13251
13264
13278
13292
13300
13307
13322
13343
13352
13365
13372
13393
13407
13415
13428
13447
13482
13489
13499
13514
13529
13546
13567
13582
13589
13610
13624
13645
13667
13690
13708
13729
13738
13754
13768
13789
13800
13821
13834
13859
13872
13902
13922
13935
13946
13955
13974
13985
13993
14011
14031
14037
14046
14055
14061
14081
14100
14114
14132
14146
14160
14179
14186
14209
14214
14230
14245
14259
14269
14298
14311
14326
14334
14355
14361
14371
14381
14389
14404
14425
14431
14448
14460
14471
14495
14502
14519
14538
14556
14584
14610
14617
14626
14636
14660
14691
14706
14723
14731
14745
14754
14760
14770
14776
14795
14826
14834
14850
14866
14883
14892
14907
14920
14931
14945
14952
14976
14983
15004
15011
15046
15057
15063
15085
15095
15100
15114
15123
15151
15163
15178
15187
15198
15218
15230
15237
15270
15287
15310
15326
15331
15345
15358
15366
15372
15381
15388
15404
15424
15431
15437
15446
15471
15478
15485
15501
15511
15522
15548
15569
15577
15586
15605
15612
15628
15650
15661
15670
15696
15706
15714
15745
15755
15771
15793
15801
15813
15820
15840
15859
15873
15884
15895
15917
15929
15956
15980
15990
15996
16013
16041
16050
16066
16089
16100
16109
16119
16138
16156
16164
16175
16199
16206
16218
16234
16254
16264
16276
16293
16317
16332
16338
16348
16366
16380
16405
16412
16447
16456
16462
16469
16477
16492
16503
16513
16526
16542
16552
16572
16579
16596
16604
16619
16630
16648
16664
16675
16698
16723
16739
16756
16775
16785
16807
16815
16835
16840
16873
16881
16899
16913
16926
16931
16943
16951
16964
16978
16989
17005
17029
17036
17062
17073
17090
17110
17131
17151
17163
17170
17202
17216
17235
17247
17262
17276
17291
17306
17325
17352
17364
17376
17395
17423
17432
17443
17455
17465
17475
17481
17493
17512
17532
17544
17552
17582
17591
17601
17613
17636
17645
17660
17667
17675
17713
17723
17731
17752
17761
17769
17778
17803
17819
17844
17864
17879
17891
17910
17926
17931
17940
17959
17967
17983
17999
18006
18015
18023
18036
18052
18058
18084
18097
18110
18127
18135
18147
18159
18164
18179
18196
18207
18217
18227
18240
18255
18273
18288
18310
18318
18346
18359
18365
18377
18391
18410
18435
18447
18463
18479
18499
18505
18513
18534
18545
18563
18577
18586
18600
18619
18631
18640
18661
18669
18674
18681
18689
18697
18722
18735
18761
18772
18780
18795
18804
18826
18834
18847
18860
18877
18884
18898
18920
18935
18948
18971
18987
19001
19016
19039
19052
19060
19080
19096
19110
19117
19134
19153
19168
19182
19196
19208
19225
19232
19254
19268
19277
19293
19303
19311
19326
19335
19341
19357
19378
19389
19411
19419
19424
19436
19454
19463
19469
19477
19495
19502
19516
19527
19537
19561
19587
19592
19606
19628
19638
19650
19662
19684
19702
19710
19726
19755
19770
19780
19789
19811
19830
19837
19846
19863
19872
19879
19897
19926
19937
19946
19965
19976
19981
19993
20006
20018
20041
20047
20067
20079
20106
20128
20140
20166
20179
20203
20212
20238
20252
20273
20280
20301
20325
20342
20364
20379
20400
20420
20440
20461
20479
20498
20507
20548
20558
20579
20589
20606
20623
20630
20644
20668
20674
20685
20699
20724
20755
20764
20780
20786
20792
20811
20819
20837
20860
20880
20885
20902
20913
20919
20935
20949
20969
20992
21010
21019
21025
21041
21066
21074
21081
21104
21113
21134
21143
21150
21174
21185
21198
21214
21219
21224
21246
21256
21268
21274
21284
21305
21318
21338
21357
21368
21382
21389
21400
21410
21427
21434
21440
21448
21481
21496
21512
21531
21538
21547
21557
21569
21574
21593
21605
21632
21643
21667
21675
21687
21696
21703
21710
21730
21740
21768
21778
21785
21806
21816
21835
21851
21860
21887
21892
21899
21918
21938
21945
21958
21970
21987
22016
22026
22037
22054
22062
22071
22081
22089
22101
22107
22126
22136
22151
22156
22164
22177
22191
22216
22221
22229
22245
22261
22277
22293
22305
22315
22328
22351
22366
22387
22403
22421
22451
22466
22485
22505
22514
22533
22539
22551
22563
22571
22581
22609
22621
22642
22656
22666
22690
22709
22728
22742
22769
22789
22799
22809
22818
22846
22871
22887
22893
22907
22928
22941
22946
22952
22976
22988
22997
23003
23014
23022
23034
23059
23068
23075
23088
23104
23117
23126
23149
23163
23168
23176
23181
23196
23212
23233
23248
23278
23290
23296
23317
23339
23354
23370
23391
23403
23409
23428
23442
23452
23471
23489
23509
23535
23541
23549
23568
23594
23609
23617
23627
23633
23641
23666
23687
23714
23741
23755
23776
23790
23803
23818
23824
23841
23861
23877
23884
23908
23917
23931
23942
23966
23986
23992
24015
24023
24031
24054
24075
24083
24088
24101
24110
24122
24140
24164
24171
24183
24204
24215
24227
24249
24266
24293
24313
24340
24349
24364
24375
24383
24397
24422
24430
24447
24459
24472
24485
24497
24514
24523
24530
24549
24559
24573
24589
24610
24622
24637
24646
24656
24676
24703
24712
24738
24751
24759
24773
24792
24802
24818
24831
24841
24862
24882
24904
24922
24938
24945
24965
24979
24990
24995
25006
25024
25044
25050
25063
25072
25088
25098
25105
25117
25122
25135
25149
25164
25185
25192
25209
25226
25235
25259
25266
25288
25303
25313
25339
25346
25353
25364
25382
25393
25407
25426
25440
25461
25476
25490
25508
25516
25548
25557
25582
25590
25603
25619
25627
25647
25670
25685
25697
25715
25729
25746
25773
25793
25802
25810
25841
25853
25861
25873
25898
25915
25928
25935
25942
25965
25977
25991
25999
26012
26033
26059
26067
26079
26093
26120
26139
26149
26163
26172
26181
26187
26208
26213
26222
26240
26254
26270
26279
26287
26309
26318
26323
26347
26362
26377
26391
26407
26427
26435
26450
26466
26498
26521
26529
26546
26555
26572
26584
26592
26599
26623
26642
26648
26675
26685
26701
26719
26727
26738
26756
26768
26794
26815
26822
26841
26862
26880
26910
26916
26930
26938
26943
26967
26982
26989
26997
27016
27037
27048
27056
27081
27097
27111
27131
27147
27169
27179
27197
27202
27209
27220
27241
27260
27274
27287
27294
27307
27317
27326
27357
27365
27370
27393
27415
27436
27445
27467
27472
27503
27510
27536
27552
27574
27594
27605
27626
27634
27646
27666
27675
27689
27699
27715
27732
27764
27770
27785
27800
27817
27840
27855
27866
27891
27907
27917
27944
27950
27970
27995
28011
28032
28043
28057
28069
28083
28103
28118
28139
28148
28153
28160
28170
28177
28187
28203
28218
28232
28240
28254
28262
28283
28289
28316
28335
28356
28373
28393
28415
28430
28440
28454
28459
28467
28479
28501
28523
28543
28559
28573
28582
28591
28603
28628
28646
28670
28681
28693
28703
28721
28729
28741
28764
28775
28787
28792
28799
28806
28826
28841
28859
28877
28893
28900
28915
28924
28931
28958
28984
28998
29008
29020
29045
29054
29074
29101
29106
29124
29136
29151
29164
29171
29198
29215
29240
29261
29283
29299
29308
29323
29332
29347
29360
29384
29404
29425
29434
29446
29458
29472
29477
29490
29502
29522
29529
29536
29541
29553
29572
29580
29599
29619
29653
29664
29676
29684
29695
29714
29723
29739
29752
29769
29783
29793
29806
29820
29831
29837
29848
29857
29868
29878
29892
29909
29924
29943
29969
29991
30001
30019
30030
30048
30055
30064
30080
30092
30098
30103
30118
30124
30138
30154
30181
30197
30203
30209
30217
30229
30255
30267
30286
30301
30320
30342
30352
30379
30385
30391
30396
30406
30424
30443
30449
30466
30481
30506
30527
30539
30559
30572
30596
30614
30631
30650
30659
30674
30689
30699
30708
30732
30745
30772
30783
30793
30800
30828
30840
30848
30870
30884
30903
30921
30940
30955
30963
30985
30998
31014
31025
31037
31043
31055
31080
31089
31094
31104
31115
31137
31143
31175
31185
31196
31206
31216
31230
31265
31280
31308
31324
31354
31361
31370
31382
31394
31413
31430
31443
31453
31459
31486
31497
31511
31536
31548
31567
31589
31606
31628
31645
31662
31696
31706
31734
31751
31765
31786
31797
31815
31826
31846
31865
31880
31893
31911
31926
31951
31961
31968
31974
31983
31997
32019
32040
32053
32070
32091
32107
32126
32141
32157
32162
32180
32188
32200
32224
32238
32263
32274
32294
32300
32332
32343
32352
32367
32379
32404
32415
32422
32437
32443
32457
32469
32475
32481
32488
32500
32529
32551
32575
32590
32597
32603
32608
32626
32634
32645
32656
32666
32699
32711
32731
32744
32750
32756
32771
32783
32805
32837
32845
32850
32869
32886
32907
32926
32954
32965
32988
33009
33036
33051
33065
33090
33102
33119
33138
33154
33161
33176
33190
33198
33211
33227
33234
33263
33275
33290
33301
33321
33346
33370
33395
33404
33426
33438
33458
33481
33501
33520
33533
33546
33556
33561
33568
33610
33617
33646
33659
33681
33691
33717
33724
33750
33769
33788
33809
33822
33845
33864
33890
33905
33918
33953
33965
33986
33998
34016
34031
34039
34052
34073
34087
34101
34113
34124
34137
34153
34165
34183
34201
34211
34242
34251
34259
34275
34281
34313
34328
34335
34353
34362
34375
34384
34400
34412
34430
34449
34460
34477
34501
34507
34524
34540
34550
34565
34590
34598
34607
34616
34631
34645
34665
34670
34681
34687
34697
34705
34715
34733
34752
34768
34788
34806
34843
34850
34881
34887
34900
34916
34929
34951
34956
34972
34981
34993
35000
35010
35020
35025
35051
35071
35079
35087
35099
35111
35123
35147
35158
35169
35190
35209
35216
35232
35247
35254
35261
35271
35279
35297
35317
35328
35336
35363
35373
35379
35388
35403
35416
35431
35437
35472
35484
35493
35521
35532
35540
35562
35584
35604
35628
35639
35659
35677
35694
35711
35717
35727
35747
35762
35768
35780
35792
35806
35817
35838
35850
35864
35884
35909
35914
35925
35945
35957
35970
35978
35984
35999
36008
36019
36035
36056
36075
36084
36096
36107
36124
36137
36161
36180
36198
36207
36218
36231
36251
36261
36287
36305
36327
36340
36345
36379
36398
36410
36433
36445
36455
36481
36493
36505
36515
36537
36543
36566
36583
36593
36601
36624
36641
36657
36675
36681
36704
36713
36738
36748
36753
36772
36788
36798
36817
36832
36848
36878
36895
36923
36937
36970
36980
36994
37009
37017
37029
37052
37058
37072
37082
37089
37111
37122
37132
37142
37149
37159
37173
37179
37209
37222
37253
37269
37281
37296
37303
37308
37317
37326
37337
37349
37385
37401
37408
37425
37447
37454
37463
37487
37502
37517
37531
37541
37561
37581
37590
37605
37617
37629
37642
37660
37673
37682
37696
37705
37715
37738
37754
37764
37783
37796
37804
37809
37837
37850
37868
37875
37891
37914
37922
37933
37942
37966
37977
37993
38019
38037
38049
38055
38063
38072
38082
38096
38106
38122
38138
38150
38160
38181
38197
38222
38237
38245
38258
38268
38280
38294
38304
38312
38325
38341
38349
38376
38383
38402
38408
38416
38437
38453
38471
38487
38495
38514
38532
38555
38571
38582
38611
38630
38646
38666
38682
38694
38706
38722
38736
38751
38772
38780
38797
38822
38830
38857
38868
38881
38892
38901
38921
38939
38966
38973
38992
39009
39022
39037
39044
39059
39079
39084
39114
39127
39133
39149
39168
39191
39206
39216
39229
39244
39252
39265
39276
39299
39311
39330
39345
39354
39374
39389
39401
39421
39452
39464
39477
39491
39504
39518
39532
39539
39552
39579
39592
39606
39613
39634
39662
39679
39684
39699
39707
39716
39728
39740
39753
39765
39797
39827
39835
39847
39871
39889
39908
39929
39947
39966
39978
39994
40014
40020
40033
40044
40060
40066
40081
40120
40128
40146
40174
40194
40207
40231
40244
40255
40264
40270
40277
40289
40303
40325
40342
40355
40366
40377
40392
40410
40432
40439
40447
40454
40482
40489
40503
40511
40534
40540
40554
40582
40600
40616
40637
40661
40674
40688
40701
40721
40735
40749
40768
40785
40804
40811
40816
40846
40862
40869
40890
40905
40918
40938
40953
40969
40976
40989
41009
41034
41048
41070
41088
41101
41121
41137
41156
41174
41184
41195
41202
41226
41236
41250
41271
41277
41292
41308
41328
41355
41369
41382
41392
41412
41429
41440
41454
41472
41499
41506
41527
41544
41557
41562
41577
41595
41602
41611
41630
41640
41654
41679
41693
41720
41742
41757
41767
41804
41812
41830
41837
41853
41877
41889
41905
41920
41928
41954
41961
41977
41991
42005
42019
42053
42068
42084
42097
42117
42127
42140
42172
42180
42192
42210
42220
42227
42247
42266
42272
42285
42298
42315
42331
42348
42359
42391
42402
42421
42453
42463
42478
42495
42503
42516
42528
42541
42558
42571
42584
42613
42630
42650
42661
42677
42683
42691
42697
42721
42744
42749
42756
42764
42789
42806
42816
42831
42844
42856
42865
42885
42890
42914
42933
42940
42951
42969
42984
42998
43010
43027
43035
43048
43072
43091
43112
43136
43142
43157
43163
43178
43186
43200
43212
43225
43240
43255
43269
43297
43306
43319
43344
43363
43381
43394
43405
43426
43434
43455
43472
43480
43491
43503
43515
43535
43556
43563
43569
43575
43593
43611
43622
43637
43646
43651
43674
43686
43699
43709
43715
43731
43745
43765
43782
43791
43811
43836
43855
43869
43880
43903
43910
43919
43939
43966
43994
44012
44025
44039
44047
44054
44066
44082
44104
44123
44132
44142
44163
44185
44196
44217
44248
44260
44286
44298
44310
44323
44345
44357
44369
44380
44387
44400
44412
44424
44439
44468
44480
44501
44511
44519
44530
44549
44557
44578
44584
44603
44620
44630
44651
44677
44690
44696
44712
44720
44746
44765
44783
44795
44809
44830
44839
44849
44865
44872
44897
44911
44924
44938
44946
44982
44992
45014
45034
45046
45058
45082
45098
45108
45127
45139
45161
45185
45194
45203
45212
45231
45243
45259
45279
45285
45294
45307
45326
45335
45346
45355
45376
45397
45417
45430
45451
45477
45484
45495
45515
45531
45541
45550
45582
45594
45613
45628
45639
45667
45683
45695
45700
45719
45732
45750
45759
45787
45796
45814
45834
45864
45881
45890
45912
45919
45935
45944
45963
45969
46001
46019
46030
46058
46076
46084
46094
46108
46125
46136
46148
46163
46171
46181
46206
46221
46230
46249
46272
46280
46293
46307
46322
46334
46356
46377
46388
46394
46433
46444
46452
46467
46484
46508
46521
46537
46552
46575
46586
46594
46605
46616
46628
46654
46666
46678
46689
46702
46719
46731
46743
46753
46767
46787
46811
46817
46836
46844
46859
46877
46890
46907
46924
46940
46957
46968
46976
46992
47009
47023
47048
47060
47073
47094
47099
47111
47117
47129
47143
47151
47163
47176
47183
47190
47209
47230
47247
47260
47277
47291
47305
47316
47333
47351
47383
47401
47420
47428
47434
47461
47478
47491
47506
47516
47532
47542
47552
47561
47570
47576
47583
47604
47612
47622
47636
47649
47666
47673
47685
47716
47733
47748
47777
47784
47792
47802
47809
47834
47844
47857
47869
47899
47916
47934
47948
47964
47974
47980
47990
48001
48016
48029
48050
48063
48080
48096
48115
48130
48153
48172
48179
48186
48200
48235
48243
48259
48268
48288
48305
48311
48324
48332
48367
48373
48385
48397
48408
48434
48441
48460
48479
48492
48507
48528
48541
48563
48578
48587
48601
48609
48636
48651
48667
48684
48696
48718
48724
48729
48749
48767
48776
48784
48797
48804
48826
48842
48864
48874
48897
48919
48925
48942
48953
48965
48973
48996
49008
49029
49042
49064
49081
49090
49100
49123
49145
49163
49171
49179
49197
49215
49225
49238
49259
49264
49287
49295
49308
49314
49331
49356
49371
49386
49414
49423
49439
49455
49467
49481
49493
49512
49520
49546
49570
49581
49591
49602
49613
49634
49641
49652
49660
49678
49691
49714
49734
49748
49769
49787
49807
49814
49824
49845
49855
49865
49876
49896
49905
49912
49935
49954
49961
49987
49996
50008
50020
50049
50061
50068
50076
50096
50112
50129
50154
50169
50195
50206
50217
50231
50239
50250
50265
50277
50298
50318
50335
50345
50363
50383
50399
50418
50432
50440
50456
50465
50485
50503
50530
50539
50556
50566
50572
50598
50611
50619
50640
50649
50660
50676
50696
50714
50724
50735
50760
50792
50807
50812
50838
50851
50870
50877
50888
50897
50910
50917
50939
50959
50964
50976
50984
50991
51000
51028
51049
51060
51069
51085
51096
51124
51131
51163
51170
51179
51192
51208
51218
51224
51237
51242
51269
51276
51289
51294
51301
51324
51341
51346
51373
51392
51413
51425
51437
51443
51455
51473
51493
51502
51513
51527
51540
51558
51566
51577
51584
51592
51603
51618
51630
51659
51671
51695
51707
51714
51730
51753
51766
51790
51804
51819
51837
51849
51869
51885
51906
51916
51926
51945
51957
51973
51984
51993
52001
52015
52040
52066
52076
52098
52115
52137
52152
52172
52187
52197
52204
52218
52235
52246
52261
52278
52294
52324
52340
52353
52372
52387
52398
52407
52434
52442
52453
52460
52481
52489
52506
52523
52528
52550
52575
52593
52602
52633
52644
52653
52672
52692
52717
52723
52750
52769
52783
52806
52823
52831
52856
52866
52874
52881
52898
52911
52928
52937
52944
52965
52986
53001
53014
53021
53035
53046
53066
53087
53097
53105
53113
53126
53146
53162
53171
53181
53188
53198
53213
53220
53240
53254
53274
53295
53307
53319
53349
53373
53391
53409
53430
53440
53449
53464
53480
53493
53526
53532
53547
53560
53576
53599
53625
53639
53659
53682
53697
53714
53738
53749
53778
53783
53795
53804
53814
53830
53850
53861
53882
53897
53914
53935
53955
53977
53994
54007
54025
54030
54037
54046
54060
54079
54102
54121
54133
54148
54154
54163
54173
54183
54197
54211
54238
54265
54273
54287
54301
54324
54341
54352
54359
54367
54385
54398
54411
54418
54437
54446
54464
54481
54486
54509
54521
54535
54546
54570
54577
54585
54596
54618
54646
54651
54663
54677
54688
54714
54725
54737
54750
54757
54762
54773
54799
54817
54827
54838
54852
54879
54884
54911
54938
54962
54972
54994
55003
55010
55025
55036
55049
55070
55080
55101
55110
55123
55149
55158
55173
55181
55192
55203
55219
55226
55231
55244
55250
55258
55277
55302
55309
55321
55345
55358
55369
55375
55392
55400
55420
55442
55454
55477
55491
55507
55535
55543
55560
55584
55605
55617
55641
55661
55681
55703
55716
55746
55751
55765
55790
55800
55807
55824
55838
55846
55865
55882
55897
55904
55911
55932
55942
55953
55977
55989
55998
56023
56041
56056
56070
56096
56113
56133
56163
56175
56183
56195
56205
56219
56239
56258
56273
56295
56306
56321
56337
56347
56357
56375
56394
56409
56420
56442
56451
56462
56471
56480
56494
56528
56550
56556
56571
56590
56600
56621
56631
56647
56655
56667
56680
56694
56703
56719
56740
56763
56772
56802
56818
56836
56848
56867
56877
56887
56905
56911
56925
56942
56958
56975
56984
56993
57014
57029
57036
57047
57057
57070
57076
57107
57116
57132
57154
57161
57170
57202
57214
57230
57237
57252
57271
57287
57297
57326
57348
57368
57383
57398
57421
57432
57444
57455
57482
57489
57520
57537
57545
57576
57598
57618
57642
57654
57662
57671
57680
57700
57705
57713
57736
57756
57772
57782
57791
57814
57825
57848
57863
57872
57897
57912
57927
57933
57957
57970
57989
57994
58003
58030
58044
58054
58086
58094
58114
58128
58137
58154
58182
58189
58199
58212
58220
58238
58251
58271
58279
58288
58316
58335
58349
58366
58383
58391
58400
58421
58448
58476
58488
58514
58520
58530
58544
58554
58567
58580
58600
58608
58619
58640
58651
58659
58677
58684
58700
58716
58736
58747
58755
58766
58803
58821
58830
58836
58854
58875
58881
58891
58901
58911
58925
58935
58959
58970
58992
59004
59021
59036
59048
59066
59075
59080
59098
59114
59126
59133
59139
59152
59175
59194
59217
59230
59248
59258
59269
59291
59305
59320
59343
59355
59362
59369
59392
59407
59424
59438
59444
59455
59468
59486
59496
59501
59508
59519
59531
59544
59564
59574
59583
59599
59614
59632
59644
59656
59669
59686
59695
59703
59709
59729
59737
59745
59762
59768
59777
59792
59804
59838
59849
59872
59878
59885
59897
59908
59938
59956
59965
59981
59998
60021
60041
60054
60078
60091
60114
60121
60134
60150
60165
60193
60203
60223
60243
60254
60261
60289
60309
60322
60349
60364
60383
60398
60417
60423
60440
60451
60474
60488
60502
60507
60521
60530
60550
60559
60566
60594
60602
60607
60630
60651
60676
60682
60695
60713
60728
60742
60749
60771
60788
60803
60823
60828
60843
60864
60880
60892
60915
60925
60949
60962
60977
61000
61006
61025
61042
61049
61069
61078
61090
61097
61118
61125
61135
61140
61149
61159
61182
61191
61198
61205
61229
61250
61263
61289
61299
61306
61319
61330
61344
61360
61396
61409
61417
61437
61447
61457
61469
61484
61498
61508
61528
61547
61554
61577
61597
61613
61629
61637
61650
61666
61693
61699
61717
61747
61759
61775
61799
61807
61828
61851
61877
61904
61921
61941
61960
61968
61976
62002
62022
62046
62061
62077
62089
62109
62125
62134
62140
62163
62173
62183
62198
62215
62224
62239
62248
62263
62271
62288
62301
62311
62325
62341
62357
62381
62393
62412
62434
62449
62468
62473
62494
62507
62524
62552
62563
62570
62597
62604
62610
62619
62630
62646
62657
62664
62671
62691
62700
62707
62718
62728
62733
62741
62759
62769
62790
62804
62813
62818
62827
62850
62859
62872
62894
62904
62922
62951
62966
62998
63004
63033
63038
63055
63064
63074
63081
63092
63111
63117
63135
63159
63169
63181
63188
63203
63208
63223
63243
63255
63265
63283
63303
63314
63332
63351
63356
63392
63408
63427
63439
63455
63468
63475
63490
63507
63512
63528
63536
63555
63562
63584
63592
63614
63632
63643
63659
63670
63692
63717
63730
63757
63772
63784
63789
63817
63827
63842
63866
63876
63885
63894
63904
63914
63934
63960
63981
63995
64014
64026
64047
64053
64064
64071
64083
64105
64119
64142
64154
64171
64199
64205
64219
64246
64254
64272
64292
64313
64327
64349
64359
64371
64390
64419
64432
64452
64483
64488
64500
64517
64540
64556
64567
64592
64611
64630
64647
64661
64673
64693
64703
64714
64740
64760
64774
64803
64819
64834
64856
64863
64869
64889
64900
64915
64926
64936
64954
64980
64995
65008
65031
65039
65047
65065
65072
65090
65103
65117
65137
65149
65170
65182
65188
65216
65234
65242
65254
65275
65284
65304
65316
65345
65374
65380
65388
65405
65421
65438
65463
65471
65494
65510
65533
65546
65553
65566
65590
65603
65622
65630
65637
65647
65658
65677
65689
65701
65712
65733
65742
65754
65772
65804
65830
65843
65849
65862
65874
65882
65901
65920
65931
65938
65951
65963
65968
65981
65988
66012
66025
66033
66054
66072
66078
66085
66091
66118
66126
66138
66155
66176
66196
66212
66221
66237
66246
66255
66265
66277
66287
66301
66307
66316
66329
66354
66359
66364
66386
66399
66422
66428
66448
66467
66483
66503
66511
66523
66533
66541
66555
66567
66576
66592
66601
66610
66626
66645
66663
66678
66701
66717
66730
66746
66753
66775
66811
66822
66842
66853
66875
66900
66910
66923
66930
66939
66952
66979
66988
67019
67026
67034
67045
67057
67068
67078
67092
67108
67132
67147
67167
67183
67196
67214
67223
67233
67248
67257
67266
67276
67304
67317
67346
67354
67361
67375
67388
67399
67416
67431
67447
67454
67478
67512
67526
67540
67554
67574
67594
67602
67628
67640
67662
67671
67680
67706
67712
67722
67728
67740
67750
67765
67780
67800
67811
67831
67840
67857
67876
67884
67892
67908
67921
67938
67959
67973
67980
68005
68019
68033
68049
68070
68079
68090
68102
68119
68135
68149
68159
68169
68179
68195
68210
68225
68245
68255
68281
68286
68310
68316
68323
68343
68352
68359
68375
68388
68398
68422
68435
68447
68460
68485
68503
68529
68541
68550
68569
68580
68590
68601
68623
68640
68648
68663
68676
68699
68728
68740
68761
68772
68803
68811
68836
68857
68875
68881
68905
68926
68947
68961
68967
68974
68987
68998
69005
69012
69032
69043
69054
69065
69083
69096
69104
69116
69135
69143
69171
69180
69187
69204
69215
69227
69242
69272
69279
69297
69321
69341
69352
69368
69384
69410
69425
69439
69456
69468
69479
69499
69515
69520
69535
69557
69572
69585
69591
69598
69605
69626
69638
69648
69667
69672
69697
69709
69718
69738
69755
69769
69776
69809
69818
69836
69844
69855
69888
69900
69924
69939
69969
69980
69995
70001
70015
70028
70033
70052
70068
70097
70117
70125
70140
70154
70180
70190
70212
70224
70250
70269
70287
70299
70312
70341
70358
70374
70389
70396
70403
70424
70452
70461
70474
70487
70515
70523
70529
70535
70545
70556
70562
70578
70585
70601
70616
70630
70656
70662
70673
70686
70691
70705
70720
70742
70753
70773
70785
70805
70823
70855
70870
70894
70909
70928
70941
70949
70963
70976
70987
70996
71008
71019
71026
71039
71058
71078
71101
71113
71133
71152
71162
71183
71195
71204
71217
71253
71273
71279
71289
71300
71313
71321
71345
71353
71372
71386
71403
71428
71437
71449
71462
71472
71486
71499
71512
71525
71542
71553
71569
71576
71592
71621
71639
71653
71668
71680
71687
71700
71711
71730
71741
71771
71783
71809
71821
71833
71849
71864
71878
71895
71916
71949
71970
71980
72004
72017
72033
72054
72069
72081
72104
72115
72137
72146
72156
72167
72173
72185
72207
72241
72252
72276
72290
72307
72323
72332
72353
72363
72376
72383
72413
72434
72457
72462
72469
72489
72506
72511
72537
72549
72563
72569
72592
72598
72606
72626
72639
72658
72668
72690
72699
72708
72715
72743
72762
72773
72796
72802
72810
72825
72840
72860
72873
72887
72895
72904
72917
72937
72948
72967
72983
72993
73010
73021
73036
73068
73078
73090
73098
73111
73119
73127
73137
73152
73158
73165
73188
73197
73207
73215
73238
73265
73280
73287
73304
73317
73340
73359
73370
73393
73402
73413
73424
73437
73455
73469
73492
73506
73514
73521
73533
73547
73563
73571
73594
73617
73627
73641
73652
73668
73687
73697
73709
73720
73736
73756
73768
73784
73797
73817
73825
73830
73841
73860
73867
73878
73897
73907
73918
73937
73945
73951
73968
73979
74001
74011
74034
74063
74072
74086
74102
74124
74136
74143
74167
74178
74189
74207
74219
74228
74255
74283
74292
74300
74310
74319
74324
74343
74353
74368
74374
74400
74408
74417
74430
74442
74466
74475
74504
74522
74530
74547
74566
74578
74587
74610
74618
74632
74643
74649
74661
74680
74692
74699
74704
74722
74734
74747
74776
74794
74820
74831
74854
74865
74891
74909
74927
74944
74966
74985
74993
75009
75018
75039
75051
75063
75072
75080
75094
75107
75122
75130
75145
75164
75186
75197
75216
75248
75260
75278
75285
75312
75330
75348
75361
75377
75395
75408
75424
75429
75436
75454
75472
75490
75509
75514
75528
75543
75562
75577
75593
75612
75622
75631
75651
75665
75681
75687
75707
75712
75720
75728
75750
75774
75797
75803
75826
75832
75849
75865
75886
75897
75920
75935
75956
75963
75976
76001
76013
76018
76036
76050
76080
76095
76108
76113
76120
76139
76147
76169
76194
76210
76227
76254
76270
76278
76289
76303
76313
76332
76357
76367
76382
76389
76401
76414
76438
76467
76479
76490
76495
76501
76516
76532
76551
76560
76570
76588
76594
76621
76635
76647
76681
76697
76722
76740
76762
76773
76785
76806
76813
76847
76856
76874
76889
76918
76929
76948
76976
76991
77001
77014
77030
77046
77065
77086
77096
77131
77145
77168
77179
77198
77222
77241
77254
77263
77282
77297
77314
77330
77343
77369
77385
77390
77398
77408
77427
77435
77445
77460
77476
77497
77526
77535
77546
77560
77575
77593
77605
77632
77643
77665
77672
77677
77685
77701
77708
77715
77726
77753
77762
77793
77801
77815
77825
77839
77870
77882
77887
77893
77913
77941
77950
77963
77987
77994
78000
78021
78032
78040
78064
78088
78094
78102
78122
78142
78167
78177
78189
78196
78212
78235
78247
78265
78284
78303
78317
78326
78342
78351
78368
78382
78388
78415
78434
78440
78445
78466
78480
78498
78514
78520
78537
78562
78570
78584
78602
78621
78630
78654
78664
78669
78678
78697
78706
78713
78736
78758
78770
78778
78785
78812
78823
78848
78876
78891
78915
78927
78948
78974
78986
79004
79027
79042
79057
79081
79106
79115
79127
79132
79144
79167
79177
79190
79196
79217
79223
79231
79236
79242
79249
79257
79272
79287
79312
79327
79347
79352
79359
79365
79374
79388
79398
79404
79419
79436
79446
79459
79468
79476
79488
79508
79518
79524
79535
79541
79546
79572
79588
79593
79600
79611
79619
79637
79645
79650
79656
79665
79672
79691
79714
79733
79752
79760
79785
79801
79825
79847
79859
79870
79878
79903
79916
79937
79946
79963
79971
79980
79998
80010
80022
80041
80058
80064
80072
80084
80097
80127
80144
80159
80184
80192
80203
80221
80237
80260
80282
80292
80304
80318
80347
80360
80385
80395
80412
80421
80434
80439
80456
80471
80498
80512
80521
80533
80546
80573
80582
80600
80610
80624
80642
80656
80663
80674
80690
80700
80718
80729
80754
80761
80767
80798
80827
80835
80858
80881
80889
80901
80914
80925
80946
80953
80971
80989
81007
81016
81029
81046
81051
81067
81074
81087
81099
81128
81141
81171
81186
81207
81215
81225
81232
81237
81243
81275
81290
81300
81310
81328
81341
81348
81360
81373
81399
81418
81434
81449
81455
81466
81478
81490
81501
81519
81547
81553
81565
81573
81593
81605
81629
81640
81648
81671
81690
81711
81727
81733
81749
81766
81777
81783
81788
81808
81825
81842
81854
81863
81892
81910
81925
81943
81958
81968
81973
81988
82006
82025
82031
82036
82064
82082
82088
82099
82105
82140
82145
82159
82169
82187
82203
82212
82224
82230
82245
82265
82286
82294
82302
82328
82336
82360
82374
82389
82409
82427
82436
82442
82449
82455
82476
82494
82507
82518
82533
82540
82551
82582
82592
82609
82620
82643
82648
82664
82681
82700
82723
82738
82747
82773
82782
82793
82801
82814
82834
82849
82878
82888
82899
82915
82928
82938
82947
82961
82980
82995
83017
83029
83042
83053
83075
83089
83097
83105
83125
83140
83160
83172
83180
83199
83205
83214
83233
83249
83262
83274
83297
83321
83329
83345
83370
83377
83397
83413
83419
83453
83463
83469
83487
83504
83509
83544
83568
83590
83598
83604
83633
83647
83665
83674
83691
83718
83726
83754
83782
83791
83814
83828
83836
83857
83866
83892
83902
83911
83920
83930
83946
83953
83969
83985
83993
84013
84021
84034
84043
84055
84068
84079
84089
84112
84129
84142
84162
84168
84174
84182
84210
84218
84234
84241
84265
84283
84298
84313
84318
84342
84372
84380
84395
84408
84428
84451
84461
84468
84481
84514
84522
84530
84553
84561
84579
84592
84613
84624
84648
84663
84702
84718
84738
84766
84787
84800
84826
84852
84872
84881
84888
84910
84929
84934
84939
84955
84972
84977
84993
85004
85021
85029
85050
85071
85088
85117
85128
85157
85167
85177
85197
85211
85219
85238
85260
85274
85291
85311
85318
85340
85349
85377
85400
85411
85424
85455
85467
85494
85499
85509
85524
85547
85570
85588
85599
85604
85614
85623
85635
85646
85664
85674
85686
85697
85703
85723
85733
85739
85760
85781
85789
85804
85816
85835
85844
85885
85893
85902
85916
85945
85951
85959
85980
85990
86000
86009
86027
86051
86065
86083
86098
86109
86124
86136
86142
86162
86173
86185
86193
86203
86220
86244
86257
86277
86296
86315
86323
86344
86352
86370
86388
86404
86418
86436
86451
86470
86487
86506
86512
86529
86548
86555
86576
86586
86598
86614
86624
86639
86655
86667
86698
86712
86717
86723
86733
86742
86762
86768
86780
86793
86809
86818
86830
86845
86862
86878
86905
86922
86950
86973
86984
87006
87028
87055
87060
87066
87078
87096
87106
87132
87140
87150
87171
87180
87204
87217
87237
87260
87283
87292
87309
87326
87334
87350
87356
87375
87381
87395
87419
87435
87453
87460
87472
87491
87497
87512
87522
87533
87555
87569
87588
87606
87618
87637
87651
87657
87664
87683
87696
87705
87718
87724
87737
87751
87761
87771
87782
87804
87811
87844
87852
87858
87873
87888
87901
87920
87933
87949
87970
87977
87984
88003
88020
88048
88072
88079
88102
88120
88132
88142
88153
88168
88187
88201
88213
88219
88239
88255
88270
88290
88305
88315
88334
88346
88362
88376
88395
88406
88434
88443
88464
88483
88492
88502
88523
88531
88541
88550
88569
88578
88583
88590
88614
88623
88632
88650
88664
88679
88690
88714
88726
88739
88751
88761
88781
88808
88815
88826
88849
88870
88884
88900
88905
88919
88930
88944
88953
88962
88968
88983
88999
89016
89033
89041
89058
89077
89085
89107
89116
89139
89150
89163
89187
89197
89213
89234
89253
89279
89290
89320
89327
89333
89358
