Primero viene la cantidad (n) de timestamps para ambos, luego n líneas que son un timestamp aproximado cada uno separado por una coma (',') del error, y luego n lineas de las transacciones del sospechoso
6505
1,1
14,8
32,5
43,1
57,9
75,4
90,6
101,1
110,4
128,9
146,4
156,2
169,6
187,7
200,1
212,6
233,10
256,9
279,9
294,1
306,6
324,7
338,2
350,5
369,9
388,5
401,4
416,7
436,8
453,5
466,3
480,7
501,10
526,10
546,5
557,2
567,4
579,3
587,1
598,5
610,3
619,1
632,7
652,9
672,7
684,1
695,5
706,1
715,3
731,9
750,6
763,3
779,8
801,9
817,2
828,4
837,0
843,1
853,4
863,1
877,8
892,3
906,6
927,10
945,4
954,0
967,9
981,1
988,1
1003,9
1024,7
1046,10
1065,4
1075,2
1085,4
1094,0
1102,3
1118,9
1136,5
1147,1
1155,3
1164,1
1174,4
1187,4
1197,1
1208,5
1228,10
1245,3
1262,9
1286,10
1307,7
1323,4
1333,2
1344,5
1361,8
1379,6
1398,8
1418,8
1437,6
1451,3
1464,5
1479,6
1493,3
1501,1
1513,6
1526,3
1541,8
1563,9
1584,8
1604,7
1624,9
1644,7
1661,5
1672,2
1683,5
1702,9
1725,9
1739,1
1745,0
1756,6
1767,0
1780,8
1802,10
1819,2
1831,5
1846,6
1861,4
1875,5
1894,10
1913,4
1930,9
1944,1
1958,9
1980,9
1996,3
2013,10
2031,3
2048,9
2064,2
2071,1
2082,5
2097,6
2109,1
2125,10
2140,1
2148,2
2158,3
2169,3
2186,10
2208,8
2224,3
2236,4
2253,9
2268,1
2274,0
2286,8
2303,5
2318,6
2336,8
2351,3
2361,2
2371,4
2388,8
2405,4
2419,5
2429,0
2441,8
2456,3
2473,10
2496,8
2517,9
2531,1
2543,6
2557,4
2573,8
2589,3
2603,6
2618,4
2629,3
2646,10
2666,6
2679,3
2687,1
2695,3
2708,6
2720,1
2735,9
2753,5
2765,2
2778,7
2799,10
2818,4
2830,3
2847,10
2870,9
2885,2
2898,7
2916,7
2935,8
2949,1
2955,1
2965,4
2980,6
2996,5
3015,10
3040,10
3057,3
3075,10
3097,7
3114,6
3131,6
3145,4
3163,10
3183,5
3193,0
3199,1
3209,5
3219,0
3226,3
3241,8
3261,7
3277,4
3289,3
3304,7
3324,8
3340,3
3357,10
3381,9
3405,10
3429,9
3447,4
3462,7
3482,8
3496,2
3504,1
3519,10
3535,2
3543,2
3556,6
3567,0
3581,10
3597,2
3613,9
3634,7
3652,6
3670,8
3691,9
3712,7
3731,7
3743,0
3750,2
3765,8
3787,10
3804,2
3817,7
3831,3
3839,1
3848,4
3861,5
3880,9
3904,10
3920,2
3936,10
3961,10
3981,5
3999,9
4017,4
4029,3
4039,2
4049,4
4060,3
4075,8
4093,5
4112,10
4129,3
4141,5
4159,9
4178,5
4188,0
4202,9
4216,1
4226,4
4235,1
4243,2
4255,6
4271,5
4287,6
4304,6
4321,7
4336,3
4345,1
4353,3
4364,3
4375,4
4386,3
4403,9
4427,10
4451,10
4467,2
4477,4
4487,1
4494,2
4501,0
4512,6
4533,10
4549,1
4560,5
4580,10
4595,1
4603,3
4616,5
4629,4
4646,8
4665,7
4687,10
4708,6
4726,7
4741,4
4757,8
4771,2
4781,3
4792,3
4805,6
4821,5
4837,7
4852,4
4863,3
4871,0
4880,4
4891,2
4903,5
4916,3
4932,9
4949,4
4959,1
4973,9
4995,8
5016,8
5039,10
5060,6
5080,9
5099,5
5117,8
5135,5
5152,8
5171,6
5184,2
5192,1
5205,8
5223,6
5234,1
5247,7
5267,9
5288,7
5306,7
5321,4
5331,2
5339,2
5353,8
5376,10
5396,6
5414,7
5433,7
5452,8
5472,7
5493,10
5515,7
5532,6
5548,6
5560,1
5570,5
5589,9
5604,2
5616,5
5628,3
5636,1
5651,9
5673,9
5692,5
5711,9
5734,10
5754,5
5772,9
5795,10
5819,10
5839,6
5856,6
5874,8
5893,6
5913,10
5934,6
5946,2
5957,4
5969,3
5977,0
5982,0
5991,5
6008,7
6020,0
6028,4
6046,9
6064,4
6078,6
6096,8
6117,9
6131,0
6141,5
6152,1
6162,4
6180,10
6201,7
6217,4
6229,4
6243,6
6256,2
6265,3
6275,2
6283,1
6297,8
6314,5
6327,4
6340,4
6353,4
6367,6
6383,5
6398,6
6417,8
6432,2
6447,8
6461,1
6471,5
6482,1
6493,5
6511,8
6525,2
6541,10
6560,4
6577,9
6591,1
6601,4
6613,3
6627,6
6638,1
6646,2
6658,6
6671,3
6688,10
6706,4
6716,1
6723,2
6731,2
6743,5
6753,1
6762,4
6774,3
6784,2
6799,9
6822,10
6841,4
6851,2
6867,10
6891,9
6908,3
6923,7
6937,3
6950,5
6967,7
6981,3
6991,2
7006,9
7024,4
7041,9
7062,7
7083,9
7098,1
7109,5
7127,8
7146,6
7159,2
7167,2
7175,1
7188,8
7201,0
7211,6
7230,9
7250,6
7263,3
7277,7
7290,2
7299,3
7313,7
7330,6
7350,10
7369,4
7386,9
7403,3
7417,6
7438,10
7463,10
7482,4
7500,10
7523,8
7542,6
7559,7
7578,7
7592,2
7602,4
7618,8
7633,3
7644,4
7657,5
7668,2
7677,2
7686,2
7702,10
7721,5
7740,9
7761,7
7779,7
7794,3
7805,3
7816,3
7826,2
7839,6
7853,4
7863,2
7878,9
7898,7
7916,7
7929,2
7945,9
7959,1
7974,10
7992,4
8003,3
8019,8
8038,6
8049,1
8057,2
8067,3
8078,4
8096,9
8120,10
8140,5
8154,4
8163,1
8172,4
8190,10
8214,10
8233,4
8245,4
8262,8
8284,9
8306,9
8328,8
8348,8
8361,1
8371,5
8388,7
8408,8
8428,8
8444,4
8462,9
8486,10
8510,10
8526,2
8535,2
8544,2
8552,2
8565,6
8586,10
8610,9
8632,9
8655,10
8673,4
8692,10
8713,6
8728,4
8740,3
8757,9
8778,8
8795,4
8804,1
8811,1
8827,10
8843,2
8850,1
8865,9
8885,6
8900,5
8917,8
8935,6
8952,6
8969,7
8989,9
9012,10
9034,8
9050,4
9067,8
9090,10
9108,4
9121,5
9136,6
9152,5
9162,0
9174,7
9189,4
9204,7
9225,10
9246,7
9265,7
9285,9
9307,9
9330,9
9350,7
9365,3
9374,2
9383,2
9391,1
9398,2
9405,0
9410,0
9417,2
9432,8
9452,7
9467,3
9476,2
9485,3
9501,9
9525,10
9546,7
9565,7
9582,5
9600,8
9613,0
9621,4
9636,7
9648,0
9656,3
9670,7
9682,0
9694,8
9713,6
9730,6
9747,7
9765,7
9780,3
9793,5
9805,2
9816,4
9828,3
9839,3
9855,9
9873,5
9883,1
9890,2
9899,3
9913,7
9931,7
9948,6
9965,7
9979,2
9986,1
9992,1
10003,6
10023,10
10045,7
10065,8
10084,6
10098,4
10113,7
10125,0
10138,8
10154,3
10164,2
10175,4
10190,6
10208,7
10220,1
10236,10
10256,5
10274,8
10295,9
10316,8
10333,4
10349,7
10364,3
10379,8
10395,4
10411,7
10430,8
10452,9
10474,9
10496,9
10515,6
10526,1
10533,2
10542,3
10553,3
10561,0
10570,5
10589,10
10612,9
10626,1
10639,8
10660,8
10679,7
10701,10
10720,4
10737,9
10758,7
10779,10
10797,4
10812,7
10833,9
10851,5
10865,5
10879,4
10893,5
10912,9
10926,1
10939,7
10960,9
10976,2
10986,4
10995,1
11006,5
11016,1
11030,9
11052,8
11067,2
11075,2
11083,2
11098,8
11119,9
11142,9
11161,6
11178,6
11193,5
11207,4
11223,8
11240,5
11254,4
11267,5
11284,8
11297,0
11309,7
11322,1
11337,9
11356,6
11371,5
11390,10
11409,5
11424,5
11434,0
11445,6
11461,5
11473,2
11489,9
11503,1
11519,10
11534,1
11544,4
11559,7
11578,7
11598,8
11615,4
11631,7
11643,0
11648,0
11662,9
11676,0
11688,7
11701,1
11711,5
11723,2
11736,6
11750,4
11760,1
11775,9
11795,6
11815,9
11832,4
11849,8
11865,3
11875,3
11889,7
11904,4
11921,9
11938,3
11948,2
11956,2
11971,9
11988,3
11999,4
12013,6
12025,1
12040,9
12060,6
12076,5
12095,10
12113,3
12127,7
12149,10
12166,2
12182,9
12203,8
12217,1
12230,7
12244,2
12256,6
12267,0
12275,4
12285,1
12298,8
12316,5
12335,9
12354,5
12368,5
12382,4
12394,4
12410,8
12429,7
12444,4
12455,3
12469,6
12484,5
12495,2
12504,3
12513,2
12525,6
12545,9
12560,1
12573,7
12593,8
12608,2
12617,2
12634,10
12652,3
12668,8
12681,1
12689,2
12702,7
12716,2
12728,6
12739,1
12745,1
12755,4
12765,1
12778,7
12800,10
12824,9
12839,1
12845,1
12854,3
12866,5
12878,3
12891,6
12912,10
12933,6
12944,1
12956,6
12975,9
12997,8
13014,4
13023,1
13037,9
13059,8
13074,3
13085,4
13100,6
13119,9
13133,0
13142,4
13155,4
13166,3
13182,8
13196,1
13209,8
13224,3
13235,4
13252,8
13272,7
13284,1
13299,10
13318,4
13332,5
13343,1
13359,10
13378,4
13390,3
13402,5
13419,8
13439,7
13455,4
13473,9
13491,5
13503,3
13511,1
13520,3
13532,4
13545,5
13561,7
13580,8
13602,10
13626,10
13648,8
13669,8
13687,5
13698,1
13713,10
13734,6
13753,8
13769,4
13788,10
13804,1
13815,6
13829,3
13837,1
13847,5
13859,2
13872,6
13888,6
13905,7
13918,1
13934,10
13959,10
13976,3
13984,1
13992,3
14008,8
14021,1
14035,8
14055,8
14077,9
14095,5
14106,1
14114,2
14123,2
14140,10
14161,6
14181,9
14203,9
14224,8
14238,2
14246,2
14257,5
14273,6
14291,7
14307,5
14320,4
14329,0
14339,5
14355,7
14376,10
14399,9
14422,9
14442,7
14462,8
14484,10
14500,1
14509,3
14517,0
14532,10
14550,4
14565,6
14583,8
14603,7
14615,0
14625,5
14643,8
14662,7
14683,9
14706,10
14731,10
14754,8
14768,1
14775,1
14781,1
14788,1
14796,3
14810,6
14822,2
14837,9
14857,7
14874,6
14885,0
14897,7
14911,2
14921,3
14935,6
14954,9
14973,5
14986,3
15003,9
15019,2
15026,0
15038,8
15051,1
15062,6
15081,9
15095,0
15104,5
15116,2
15126,4
15144,10
15168,9
15183,1
15194,5
15206,2
15213,1
15227,9
15247,6
15264,7
15285,10
15305,5
15315,0
15320,0
15326,1
15341,9
15356,1
15368,6
15386,8
15402,4
15415,5
15429,5
15439,0
15450,6
15469,9
15489,6
15502,2
15512,4
15521,1
15536,9
15559,9
15578,5
15588,1
15597,4
15612,6
15629,6
15647,8
15663,4
15676,5
15690,5
15704,5
15716,2
15731,8
15747,3
15758,4
15770,3
15787,9
15805,5
15816,1
15825,3
15841,8
15862,9
15880,5
15896,7
15916,9
15933,4
15944,2
15958,8
15979,8
16001,10
16025,10
16044,5
16056,3
16070,6
16081,1
16093,7
16106,2
16118,6
16134,5
16152,8
16168,4
16177,0
16182,0
16188,1
16202,8
16219,5
16229,1
16236,1
16244,2
16251,0
16259,4
16272,4
16286,5
16304,9
16325,7
16341,5
16356,6
16374,8
16394,8
16407,1
16415,2
16430,9
16444,0
16458,9
16472,0
16485,8
16507,9
16527,7
16548,9
16564,3
16579,8
16600,8
16619,6
16630,1
16641,6
16653,2
16660,1
16674,8
16690,4
16706,7
16726,9
16742,2
16752,3
16760,1
16769,3
16777,0
16787,6
16805,7
16823,7
16840,6
16851,1
16861,5
16877,6
16889,1
16904,9
16927,10
16950,9
16968,4
16985,9
17006,8
17019,1
17026,1
17037,5
17049,2
17064,8
17077,0
17087,6
17106,8
17122,4
17138,8
17159,8
17174,2
17188,7
17201,1
17207,0
17217,6
17233,5
17252,9
17267,2
17276,3
17289,5
17307,8
17327,7
17342,4
17355,4
17372,8
17392,8
17407,3
17423,8
17443,8
17460,5
17470,1
17483,7
17503,8
17516,1
17524,3
17541,10
17564,9
17587,10
17606,5
17622,6
17638,6
17657,8
17675,5
17687,3
17699,4
17708,0
17713,1
17723,5
17739,7
17751,0
17763,7
17784,9
17800,2
17810,4
17829,10
17845,1
17857,6
17878,10
17893,0
17906,8
17925,7
17944,8
17962,5
17972,1
17983,5
17999,7
18018,7
18032,2
18039,0
18048,5
18065,7
18078,2
18091,7
18109,6
18124,4
18136,3
18149,6
18163,4
18177,6
18190,3
18198,0
18211,9
18230,5
18247,8
18270,10
18287,3
18303,8
18324,9
18342,4
18359,8
18374,2
18389,8
18409,8
18428,6
18442,4
18457,7
18470,2
18483,6
18504,10
18523,5
18541,8
18561,8
18583,9
18602,6
18621,9
18636,1
18646,4
18659,5
18670,2
18682,5
18696,4
18705,1
18716,6
18729,2
18744,8
18759,3
18773,7
18788,4
18803,7
18815,0
18829,9
18849,7
18863,3
18875,4
18885,2
18900,9
18923,10
18940,2
18954,8
18975,8
18992,4
19002,2
19016,8
19029,0
19035,2
19046,5
19065,9
19088,9
19110,8
19125,3
19138,6
19151,3
19167,9
19190,10
19205,1
19212,1
19223,6
19239,5
19254,6
19265,0
19274,4
19292,10
19310,3
19325,8
19338,0
19344,2
19359,9
19379,6
19391,2
19405,8
19425,7
19439,3
19448,1
19461,7
19482,10
19501,4
19512,3
19526,6
19542,6
19558,5
19570,2
19587,10
19606,5
19617,1
19625,3
19638,6
19653,5
19671,8
19685,1
19692,2
19699,1
19708,3
19723,8
19744,9
19758,1
19768,4
19778,1
19786,3
19794,0
19801,2
19809,2
19825,9
19842,3
19852,3
19863,4
19874,2
19887,6
19905,7
19927,10
19949,7
19965,4
19982,9
19996,0
20006,5
20026,10
20043,2
20050,1
20059,4
20069,2
20076,0
20084,3
20098,6
20118,10
20136,3
20144,0
20151,3
20163,5
20182,10
20202,6
20222,10
20242,5
20260,8
20280,7
20295,4
20309,5
20322,3
20337,7
20352,4
20368,7
20386,6
20401,5
20411,0
20417,1
20424,1
20432,3
20440,1
20454,8
20475,9
20491,2
20504,7
20521,6
20533,1
20543,4
20558,6
20570,1
20580,5
20591,2
20601,4
20612,2
20626,7
20643,5
20655,2
20666,4
20684,10
20707,8
20726,6
20747,10
20764,2
20773,3
20786,5
20798,3
20806,0
20818,7
20839,10
20857,4
20867,1
20874,1
20884,4
20900,7
20914,3
20926,5
20939,4
20948,0
20955,2
20963,2
20971,2
20981,3
20997,9
21012,2
21023,5
21033,1
21043,4
21058,6
21070,1
21078,3
21089,3
21099,3
21110,4
21120,2
21130,3
21141,4
21159,9
21178,6
21199,10
21219,5
21238,10
21257,4
21269,3
21277,0
21283,1
21297,9
21317,7
21334,5
21344,1
21353,3
21366,5
21376,0
21390,10
21412,8
21426,1
21441,9
21460,5
21473,4
21485,3
21495,2
21509,7
21530,9
21551,8
21567,3
21581,7
21595,3
21607,4
21616,0
21622,2
21633,5
21646,3
21655,2
21664,3
21674,3
21686,4
21700,6
21720,10
21743,9
21760,3
21776,9
21794,4
21809,6
21829,10
21848,5
21864,7
21880,4
21891,2
21906,8
21929,10
21947,3
21959,4
21970,2
21987,10
22006,5
22019,4
22036,9
22059,10
22074,0
22079,0
22093,9
22108,1
22116,3
22129,5
22141,3
22149,0
22163,10
22182,5
22201,9
22220,6
22236,5
22250,5
22269,10
22291,8
22312,9
22328,3
22342,7
22362,8
22383,9
22399,3
22411,4
22426,6
22443,7
22458,4
22473,6
22484,1
22496,6
22507,1
22520,7
22541,9
22562,7
22578,5
22595,8
22612,4
22628,7
22649,10
22665,1
22680,10
22696,2
22712,10
22734,8
22757,10
22777,6
22793,6
22812,9
22829,4
22838,1
22849,5
22869,10
22890,7
22905,4
22914,1
22923,3
22940,9
22960,7
22972,1
22981,3
22996,7
23008,1
23023,9
23043,7
23059,5
23071,2
23083,5
23093,0
23105,7
23118,2
23128,4
23146,10
23161,0
23170,5
23188,9
23204,2
23219,9
23239,6
23258,9
23272,0
23278,2
23292,7
23308,4
23326,10
23341,0
23346,1
23356,4
23370,5
23381,2
23397,9
23412,1
23426,8
23440,1
23448,2
23461,7
23481,8
23502,9
23517,1
23527,4
23542,6
23556,4
23574,9
23594,7
23607,2
23618,4
23633,6
23652,9
23668,3
23680,4
23695,7
23716,9
23739,9
23760,7
23782,10
23805,8
23825,7
23840,3
23852,4
23866,6
23879,3
23893,6
23908,4
23920,3
23937,10
23954,3
23970,9
23984,0
23993,5
24005,3
24017,5
24032,6
24047,4
24063,7
24075,0
24089,10
24113,9
24128,2
24142,7
24157,3
24174,9
24197,9
24220,10
24235,0
24242,2
24250,1
24264,9
24287,10
24307,5
24327,10
24349,8
24366,4
24376,1
24385,3
24400,8
24422,9
24446,10
24462,2
24470,1
24476,0
24489,9
24506,3
24521,7
24538,6
24549,1
24558,3
24570,5
24589,9
24612,10
24635,8
24654,7
24675,9
24695,7
24707,1
24716,3
24730,6
24747,7
24763,4
24777,6
24789,1
24797,2
24807,3
24818,4
24834,8
24852,5
24872,10
24893,7
24914,10
24934,5
24946,2
24954,2
24968,7
24985,5
24996,1
25009,7
25024,4
25037,5
25056,9
25070,0
25083,8
25106,10
25128,8
25141,1
25149,3
25163,7
25175,0
25187,7
25207,9
25228,8
25248,8
25265,4
25276,3
25289,6
25307,7
25320,2
25329,2
25340,5
25356,7
25374,6
25390,6
25411,10
25436,10
25453,3
25467,7
25483,4
25496,5
25514,8
25530,4
25546,7
25559,2
25576,10
25592,1
25608,10
25631,9
25646,2
25663,10
25682,4
25694,4
25706,3
25717,4
25726,0
25737,7
25750,2
25765,9
25780,1
25795,9
25815,6
25832,7
25852,8
25870,5
25881,1
25893,7
25911,6
25927,5
25944,8
25965,9
25979,0
25986,2
25993,0
26000,3
26009,2
26016,1
26028,6
26039,1
26053,8
26072,7
26090,7
26106,4
26124,10
26143,4
26161,10
26186,10
26203,3
26215,5
26231,7
26243,0
26253,6
26267,3
26279,4
26290,2
26299,2
26313,8
26334,9
26354,7
26370,5
26384,5
26400,6
26413,3
26425,5
26437,2
26450,7
26462,0
26467,1
26478,6
26499,10
26521,7
26541,8
26556,3
26567,4
26585,10
26605,6
26616,1
26632,10
26647,1
26655,3
26667,4
26683,8
26698,2
26709,5
26729,10
26747,3
26757,3
26774,10
26797,8
26814,4
26829,7
26844,4
26862,10
26877,0
26890,9
26913,10
26937,9
26960,10
26975,0
26988,9
27008,7
27028,8
27044,4
27054,1
27066,6
27082,5
27099,7
27112,2
27125,6
27136,0
27145,4
27158,5
27173,5
27184,1
27197,8
27215,5
27235,10
27256,7
27270,2
27280,3
27288,1
27304,10
27319,0
27332,8
27345,1
27358,8
27374,4
27390,8
27412,10
27427,1
27440,8
27456,4
27474,10
27498,10
27519,7
27536,5
27555,10
27577,8
27592,2
27604,6
27623,9
27646,10
27665,5
27677,3
27689,4
27700,3
27709,2
27718,2
27725,1
27736,6
27752,6
27764,1
27780,10
27797,2
27804,0
27814,6
27833,9
27847,1
27861,8
27880,6
27891,1
27905,8
27921,4
27937,8
27953,3
27961,1
27969,3
27977,0
27987,5
28003,6
28024,10
28048,9
28069,7
28082,2
28091,2
28098,0
28105,3
28119,6
28132,3
28143,3
28151,1
28157,1
28168,6
28189,10
28212,8
28230,5
28248,8
28262,2
28279,10
28303,9
28323,6
28335,1
28342,2
28356,8
28379,10
28400,7
28419,8
28441,9
28457,2
28469,5
28480,1
28492,6
28511,9
28534,10
28555,7
28575,8
28592,4
28604,3
28615,4
28631,8
28647,3
28657,3
28670,5
28682,3
28697,8
28720,10
28739,5
28755,6
28766,1
28772,0
28786,9
28804,4
28821,9
28840,5
28860,10
28883,8
28904,8
28924,8
28944,7
28965,10
28982,3
28992,3
29008,8
29026,5
29043,8
29056,0
29061,1
29068,2
29079,5
29094,5
29114,10
29130,2
29146,9
29164,4
29174,2
29191,10
29211,6
29223,2
29231,1
29238,2
29247,3
29259,4
29273,6
29290,7
29312,10
29328,2
29339,5
29356,7
29378,10
29395,2
29411,9
29434,9
29452,5
29467,6
29484,6
29502,8
29519,5
29532,3
29545,6
29558,3
29573,8
29588,3
29596,1
29605,4
29618,5
29632,5
29651,9
29665,1
29676,5
29695,9
29712,4
29722,2
29732,3
29741,2
29749,1
29761,6
29781,9
29802,8
29818,3
29831,5
29847,6
29859,2
29871,5
29886,6
29906,10
29926,5
29936,0
29941,1
29947,1
29958,6
29971,3
29989,10
30005,2
30013,2
30025,5
30039,4
30049,1
30061,7
30078,5
30088,1
30099,6
30111,1
30118,2
30125,1
30131,0
30141,6
30156,4
30172,7
30187,4
30197,2
30206,3
30224,10
30242,3
30259,10
30280,6
30292,1
30301,3
30317,8
30333,3
30345,4
30357,4
30375,9
30394,6
30414,9
30432,5
30447,5
30462,5
30478,7
30490,1
30503,8
30519,4
30529,1
30541,7
30558,5
30574,7
30589,3
30604,7
30619,3
30627,1
30640,7
30659,8
30674,3
30692,10
30712,6
30724,2
30731,1
30742,6
30755,2
30770,9
30785,1
30799,9
30819,6
30832,3
30842,2
30857,8
30873,4
30884,3
30893,1
30909,10
30932,9
30947,2
30956,2
30970,8
30989,7
31006,5
31019,3
31030,4
31044,5
31061,7
31078,5
31095,8
31116,8
31131,3
31141,3
31150,2
31167,10
31184,3
31192,0
31205,9
31225,7
31240,3
31251,3
31259,0
31272,9
31295,9
31318,9
31338,7
31358,9
31381,10
31398,3
31415,10
31435,5
31450,6
31465,5
31484,9
31504,7
31517,2
31527,4
31536,1
31545,3
31559,6
31574,4
31584,2
31593,2
31602,3
31619,10
31640,6
31656,5
31666,0
31677,7
31694,5
31707,4
31719,4
31728,0
31742,10
31761,5
31778,7
31797,8
31818,9
31836,5
31855,10
31878,8
31892,2
31905,7
31921,5
31933,3
31944,3
31953,2
31961,1
31977,10
32000,8
32022,9
32045,10
32060,1
32075,10
32090,1
32104,8
32126,10
32146,5
32166,10
32190,9
32212,9
32227,1
32241,8
32255,2
32270,9
32291,8
32313,10
32337,10
32360,8
32374,1
32384,5
32401,8
32416,2
32425,3
32437,4
32454,8
32471,4
32485,5
32500,6
32518,7
32537,7
32550,1
32563,7
32577,3
32589,4
32601,3
32613,4
32629,7
32642,2
32657,8
32675,6
32690,5
32706,6
32720,3
32732,4
32745,4
32762,9
32783,7
32795,1
32804,3
32814,2
32828,8
32847,7
32864,6
32878,3
32890,4
32908,9
32925,4
32935,2
32950,9
32973,9
32990,3
33005,7
33020,3
33033,6
33050,6
33061,1
33075,8
33092,4
33110,9
33130,7
33150,9
33165,2
33175,3
33190,7
33211,9
33229,5
33244,6
33259,5
33272,4
33287,7
33304,5
33324,10
33348,9
33369,7
33382,1
33388,0
33401,8
33421,7
33434,1
33443,3
33452,2
33464,6
33478,4
33491,4
33505,6
33524,9
33540,2
33553,7
33566,1
33572,0
33579,3
33588,2
33596,2
33606,4
33620,5
33637,7
33650,2
33663,6
33679,6
33694,5
33707,4
33723,7
33735,0
33743,4
33756,4
33766,1
33775,3
33784,2
33795,4
33805,1
33814,4
33828,6
33845,7
33857,1
33867,5
33880,3
33889,2
33903,7
33923,9
33941,4
33952,2
33966,7
33986,8
34002,3
34013,3
34021,1
34027,0
34040,8
34060,7
34072,1
34078,0
34087,4
34096,0
34105,4
34120,7
34142,10
34157,1
34172,10
34190,3
34205,7
34221,4
34234,4
34250,7
34265,3
34280,7
34301,9
34315,1
34322,2
34334,6
34348,4
34358,1
34372,9
34389,4
34405,8
34427,10
34447,5
34466,10
34488,7
34501,2
34512,5
34524,2
34539,9
34562,10
34581,4
34590,0
34605,10
34626,7
34639,1
34653,8
34670,5
34690,10
34706,1
34714,2
34727,6
34741,4
34757,8
34775,6
34790,4
34799,1
34814,10
34838,9
34861,9
34881,6
34894,2
34910,9
34928,4
34944,8
34964,8
34986,10
35004,4
35023,10
35039,2
35056,10
35073,2
35085,5
35100,5
35116,7
35133,5
35152,9
35167,1
35178,6
35192,4
35202,1
35208,0
35219,7
35234,4
35253,10
35272,5
35289,8
35311,10
35336,10
35353,2
35361,2
35370,3
35385,8
35403,6
35417,4
35426,1
35436,4
35449,5
35467,8
35481,2
35491,4
35505,5
35516,2
35523,1
35533,4
35543,2
35560,10
35582,8
35605,10
35626,6
35645,8
35666,8
35681,3
35693,4
35712,10
35734,8
35747,0
35760,9
35776,2
35791,9
35808,3
35822,7
35834,0
35842,3
35859,9
35882,9
35901,6
35913,1
35926,7
35939,2
35951,5
35963,3
35975,5
35991,7
36006,3
36016,2
36026,3
36036,3
36050,7
36063,2
36077,8
36098,9
36117,6
36134,7
36155,9
36173,5
36193,10
36216,9
36238,8
36256,6
36271,5
36287,6
36302,5
36318,6
36332,3
36347,7
36363,5
36379,6
36397,7
36419,10
36439,6
36450,0
36458,3
36474,8
36491,5
36504,4
36522,10
36537,1
36550,8
36573,10
36588,1
36599,6
36619,10
36636,3
36652,8
36675,10
36695,5
36709,4
36728,10
36751,9
36768,4
36780,4
36793,4
36807,5
36817,0
36822,1
36828,0
36834,1
36842,3
36857,8
36878,8
36894,3
36912,10
36927,1
36940,8
36960,7
36980,8
36996,3
37008,4
37026,9
37044,5
37058,4
37073,6
37086,2
37098,5
37111,4
37127,8
37148,8
37167,7
37189,10
37214,10
37230,2
37240,4
37251,3
37260,2
37272,6
37288,5
37303,5
37319,7
37340,10
37362,8
37377,2
37390,7
37405,3
37419,7
37439,9
37456,3
37467,3
37480,6
37493,2
37503,3
37520,9
37541,8
37559,5
37577,9
37599,9
37618,5
37628,0
37641,9
37659,4
37677,9
37695,5
37705,0
37712,2
37721,3
37738,9
37758,6
37771,2
37781,3
37789,1
37801,7
37816,3
37824,0
37833,5
37850,7
37864,3
37878,7
37890,1
37900,4
37911,3
37922,3
37932,3
37941,1
37953,6
37968,4
37985,9
38008,10
38024,2
38032,1
38038,1
38046,2
38058,5
38069,2
38081,5
38097,6
38110,3
38118,1
38126,2
38133,0
38143,5
38163,10
38181,3
38195,7
38212,6
38228,5
38246,8
38265,7
38280,3
38296,8
38317,9
38336,6
38355,8
38373,5
38392,10
38407,0
38413,1
38424,6
38444,9
38465,8
38479,2
38492,6
38507,5
38523,7
38540,6
38552,2
38561,3
38577,9
38592,1
38603,6
38619,5
38630,2
38638,2
38654,10
38671,3
38686,8
38708,10
38726,4
38744,10
38761,3
38776,8
38797,9
38815,5
38828,3
38842,6
38862,10
38884,8
38906,10
38924,3
38936,4
38945,0
38956,7
38969,2
38983,8
39001,6
39021,9
39042,7
39054,1
39064,5
39081,7
39094,2
39103,3
39112,2
39126,7
39144,7
39162,7
39175,2
39191,9
39206,1
39217,5
39231,5
39250,10
39268,4
39277,0
39288,7
39300,1
39309,3
39326,10
39342,2
39358,10
39380,7
39395,4
39407,3
39421,6
39432,0
39441,5
39451,0
39456,0
39470,10
39493,9
39511,4
39527,7
39541,3
39552,4
39562,2
39578,9
39602,10
39618,2
39631,6
39651,10
39673,8
39690,5
39706,6
39726,10
39743,2
39759,9
39782,10
39804,8
39827,10
39844,3
39859,8
39872,1
39885,8
39906,9
39928,8
39950,9
39973,9
39990,3
40006,8
40022,3
40034,4
40053,10
40075,8
40088,1
40101,8
40123,9
40144,8
40162,6
40180,8
40201,8
40216,3
40225,2
40239,7
40255,5
40266,2
40274,2
40285,5
40299,5
40317,9
40336,5
40355,9
40377,9
40397,7
40416,8
40430,1
40437,1
40452,9
40470,5
40486,6
40497,1
40509,7
40526,6
40543,6
40556,3
40568,4
40581,4
40597,8
40610,1
40617,2
40631,7
40646,4
40664,10
40681,3
40692,3
40703,4
40715,4
40728,4
40742,5
40755,3
40763,1
40770,2
40779,2
40795,10
40815,6
40834,9
40858,10
40876,4
40888,3
40903,8
40924,8
40946,9
40964,5
40980,7
40999,7
41013,3
41022,1
41031,4
41042,2
41054,6
41072,8
41086,2
41097,5
41116,10
41131,1
41145,9
41159,1
41174,9
41198,10
41213,1
41220,1
41235,10
41256,7
41269,1
41276,2
41286,3
41301,7
41321,8
41341,8
41355,2
41368,7
41388,8
41410,9
41429,5
41445,7
41464,7
41481,5
41498,7
41511,2
41528,10
41543,1
41557,8
41578,8
41601,10
41626,10
41641,1
41649,3
41662,6
41674,2
41691,10
41706,1
41717,6
41733,6
41745,1
41751,1
41764,7
41777,2
41788,5
41802,5
41817,6
41833,5
41853,10
41874,7
41887,2
41903,9
41919,2
41928,2
41943,9
41958,1
41967,4
41976,1
41990,8
42011,8
42030,7
42046,4
42065,10
42086,7
42102,4
42113,2
42124,5
42139,5
42149,0
42156,2
42172,9
42194,8
42207,1
42217,4
42235,10
42258,9
42281,9
42301,7
42321,9
42342,7
42356,2
42368,6
42388,9
42403,2
42419,10
42434,1
42446,7
42462,4
42478,8
42500,10
42521,7
42539,7
42557,6
42577,10
42596,5
42611,6
42628,7
42640,0
42647,2
42656,3
42668,4
42677,0
42690,9
42711,8
42730,7
42744,3
42753,2
42767,7
42782,3
42799,10
42818,5
42831,3
42845,6
42866,10
42887,7
42900,2
42914,8
42931,5
42944,4
42958,5
42969,2
42979,4
42989,1
43002,7
43019,5
43035,6
43056,10
43073,3
43081,1
43097,10
43120,9
43142,9
43156,0
43161,1
43176,9
43199,9
43219,7
43232,2
43242,3
43256,6
43273,6
43291,7
43303,0
43309,2
43319,4
43334,6
43346,1
43356,5
43368,3
43378,2
43390,6
43407,6
43427,10
43444,2
43455,4
43473,10
43489,2
43496,1
43510,8
43527,4
43543,7
43557,3
43566,1
43579,8
43599,8
43615,3
43631,9
43655,10
43674,5
43693,9
43708,2
43725,10
43740,1
43753,8
43773,8
43792,7
43804,0
43818,10
43839,6
43859,10
43883,10
43900,2
43910,4
43923,5
43943,10
43965,8
43984,6
44000,6
44012,1
44019,2
44028,2
44039,4
44052,4
44063,3
44077,7
44091,2
44099,2
44108,2
44115,0
44122,2
44137,8
44151,1
44165,9
44186,7
44208,10
44227,5
44239,3
44250,4
44262,4
44271,1
44284,7
44303,7
44319,4
44333,5
44349,6
44363,4
44376,4
44388,3
44397,1
44404,1
44412,2
44427,8
44441,1
44450,3
44468,10
44483,0
44488,1
44500,7
44512,1
44528,10
44544,1
44552,2
44566,7
44584,6
44599,4
44614,7
44626,1
44636,4
44646,1
44656,5
44669,3
44679,3
44687,1
44693,0
44698,1
44707,3
44719,4
44737,9
44761,10
44777,1
44788,6
44806,8
44820,1
44830,5
44844,5
44862,9
44881,5
44894,4
44912,9
44935,9
44957,8
44976,6
44996,9
45010,0
45022,8
45039,5
45058,9
45077,5
45089,3
45103,6
45123,10
45142,5
45153,1
45167,8
45185,6
45202,6
45214,1
45224,5
45235,2
45247,5
45264,8
45277,0
45291,10
45315,9
45329,1
45342,8
45357,3
45375,10
45390,0
45400,6
45414,3
45425,3
45441,9
45463,9
45481,5
45501,10
45516,1
45523,2
45537,8
45552,3
45565,6
45580,5
45593,4
45602,1
45615,7
45628,2
45637,2
45649,6
45666,7
45681,3
45694,5
45712,8
45732,8
45748,4
45761,5
45774,4
45792,10
45810,4
45819,1
45826,1
45840,8
45863,10
45885,8
45906,9
45930,10
45951,7
45969,6
45980,1
45988,2
45995,0
46004,5
46021,8
46040,6
46055,4
46066,2
46080,7
46101,9
46118,4
46134,8
46147,0
46157,5
46174,8
46193,6
46205,1
46220,10
46241,6
46254,3
46269,7
46284,3
46292,1
46301,3
46318,9
46333,2
46341,2
46352,4
46366,6
46385,8
46398,0
46409,6
46428,9
46445,3
46457,4
46472,6
46485,3
46493,0
46500,2
46514,7
46526,0
46534,4
46545,2
46560,9
46579,6
46592,3
46603,3
46613,3
46622,1
46631,4
46640,0
46650,5
46663,4
46672,0
46680,4
46692,4
46707,6
46722,4
46740,10
46757,3
46768,4
46787,10
46802,0
46813,7
46832,7
46845,2
46856,5
46867,1
46878,5
46890,3
46898,1
46908,5
46923,5
46937,4
46948,3
46962,7
46983,10
47006,8
47023,4
47038,6
47053,5
47068,5
47087,9
47104,4
47115,2
47124,2
47132,2
47143,5
47158,5
47170,3
47181,3
47199,10
47219,6
47240,10
47256,2
47270,8
47283,1
47296,7
47315,8
47331,4
47340,0
47346,2
47356,3
47367,4
47377,2
47387,4
47396,1
47407,6
47428,10
47444,2
47451,1
47459,3
47476,10
47498,7
47518,8
47534,4
47546,4
47556,2
47565,2
47575,3
47587,4
47601,6
47617,5
47628,2
47639,4
47650,3
47658,1
47672,8
47689,4
47707,10
47724,3
47736,5
47752,7
47772,8
47787,3
47804,10
47821,2
47832,4
47850,9
47865,2
47880,9
47900,7
47918,7
47933,3
47947,6
47961,3
47970,1
47978,2
47989,5
48000,1
48016,10
48039,9
48063,10
48084,6
48100,5
48111,1
48121,5
48133,2
48141,1
48155,9
48171,3
48180,2
48192,5
48210,8
48224,2
48236,6
48249,2
48257,2
48273,9
48293,6
48312,8
48332,8
48354,9
48371,4
48383,3
48400,10
48415,1
48424,4
48439,6
48456,7
48471,3
48481,3
48493,4
48507,5
48524,8
48540,4
48557,9
48575,5
48592,7
48606,2
48620,7
48632,1
48646,8
48667,9
48685,5
48704,10
48722,3
48732,3
48749,10
48765,2
48780,8
48794,2
48805,4
48819,5
48837,8
48859,10
48874,1
48880,1
48894,8
48911,4
48925,6
48942,6
48958,5
48975,8
48989,1
49001,6
49015,3
49025,3
49033,1
49039,1
49045,0
49055,6
49069,4
49079,1
49094,9
49117,9
49131,0
49138,3
49152,6
49172,10
49191,4
49204,5
49214,1
49222,2
49229,0
49236,2
49251,8
49269,6
49281,2
49292,5
49304,2
49317,7
49336,7
49353,6
49369,5
49385,6
49405,10
49428,8
49444,4
49453,1
49459,0
49470,7
49487,6
49500,3
49514,7
49534,9
49550,3
49559,1
49572,8
49589,5
49599,0
49609,6
49624,4
49637,4
49655,10
49673,4
49691,10
49713,8
49726,1
49736,5
49749,3
49764,7
49782,6
49799,7
49816,5
49832,6
49844,2
49853,3
49870,9
49885,1
49891,0
49906,10
49921,1
49928,1
49938,5
49950,3
49965,7
49984,7
50005,10
50029,9
50045,2
50052,0
50065,9
50079,0
50094,10
50118,9
50141,9
50160,6
50171,0
50178,3
50192,6
50205,2
50222,10
50245,9
50265,7
50279,3
50296,10
50319,9
50339,7
50352,2
50360,2
50374,8
50388,1
50401,8
50420,7
50435,4
50450,7
50469,8
50488,6
50501,2
50517,9
50533,2
50548,8
50564,4
50580,7
50602,10
50621,4
50633,3
50649,9
50665,2
50676,4
50687,2
50703,9
50725,9
50744,6
50759,4
50772,5
50782,0
50796,9
50817,8
50840,10
50862,7
50876,2
50893,10
50911,3
50925,7
50939,2
50948,3
50965,9
50988,10
51010,8
51029,6
51044,4
51060,7
51078,6
51095,7
51112,6
51129,6
51143,3
51158,8
51172,2
51181,3
51193,5
51203,0
51213,5
51229,7
51250,9
51268,5
51284,6
51298,3
51315,10
51330,1
51337,1
51348,5
51361,3
51370,2
51380,3
51389,2
51401,5
51412,2
51425,7
51439,3
51453,7
51474,10
51489,1
51505,10
51523,3
51536,6
51554,8
51576,9
51594,5
51608,5
51621,3
51632,3
51645,6
51664,9
51687,9
51701,0
51709,3
51725,8
51744,7
51760,4
51778,9
51793,2
51804,5
51814,1
51827,8
51848,9
51866,5
51881,6
51895,3
51906,3
51922,9
51945,10
51960,1
51971,5
51985,5
51998,4
52017,10
52042,10
52060,3
52068,1
52075,1
52088,7
52101,1
52116,10
52137,6
52153,5
52164,1
52172,2
52181,2
52198,10
52220,8
52241,8
52263,9
52284,7
52296,0
52311,10
52336,10
52353,3
52366,6
52386,9
52408,8
52429,9
52443,1
52456,7
52470,2
52482,5
52496,4
52512,7
52531,8
52554,10
52570,2
52584,7
52602,7
52622,9
52643,8
52657,1
52668,6
52689,10
52710,7
52724,2
52731,1
52746,9
52760,0
52772,7
52785,2
52800,9
52823,10
52838,0
52846,3
52854,1
52868,9
52887,5
52898,2
52913,8
52936,10
52959,9
52975,2
52990,9
53011,7
53027,5
53038,1
53044,1
53058,9
53075,4
53091,8
53107,3
53123,8
53139,3
53156,9
53177,7
53192,3
53205,5
53222,8
53245,10
53267,7
53287,9
53307,7
53322,4
53340,9
53356,3
53369,6
53383,4
53398,7
53415,6
53427,2
53442,9
53465,9
53488,10
53504,2
53516,6
53535,9
53557,9
53579,8
53597,6
53614,7
53634,9
53650,2
53660,3
53672,4
53688,7
53701,1
53715,8
53737,9
53751,1
53758,2
53773,8
53786,1
53796,4
53805,1
53811,1
53826,9
53848,8
53871,10
53888,3
53901,5
53919,9
53939,7
53959,8
53973,1
53987,8
54000,1
54008,2
54023,8
54045,9
54067,9
54081,0
54089,3
54104,7
54124,9
54142,5
54161,9
54182,7
54194,0
54207,8
54224,5
54241,8
54256,2
54264,2
54279,8
54299,8
54317,6
54334,6
54350,5
54361,2
54372,5
54382,1
54394,6
54408,3
54425,10
54440,1
54454,8
54474,8
54492,6
54509,7
54523,2
54538,8
54554,3
54563,1
54573,4
54590,9
54604,0
54616,8
54639,10
54661,8
54677,3
54694,9
54715,8
54737,10
54759,7
54773,3
54786,5
54800,4
54819,10
54842,8
54858,3
54872,7
54893,10
54916,8
54938,9
54954,2
54962,2
54977,9
54992,1
55007,10
55025,3
55041,8
55056,3
55064,1
55078,9
55094,2
55107,7
55123,5
55139,7
55158,7
55180,10
55198,4
55208,1
55220,6
55238,7
55255,6
55273,7
55295,10
55318,8
55341,10
55365,9
55382,4
55392,1
55404,6
55425,10
55445,5
55463,9
55483,7
55504,9
55519,1
55530,6
55541,1
55547,0
55553,2
55568,9
55583,2
55596,7
55612,5
55625,4
55642,9
55656,0
55667,7
55685,7
55706,10
55727,6
55742,5
55762,10
55779,3
55793,7
55805,0
55814,5
55829,6
55840,0
55848,4
55864,8
55883,6
55895,2
55911,10
55932,6
55951,9
55972,8
55988,4
56004,8
56023,7
56038,3
56049,4
56063,6
56083,10
56102,5
56115,4
56125,2
56141,9
56161,7
56180,8
56201,9
56220,5
56235,5
56246,1
56259,8
56280,9
56296,2
56308,5
56322,4
56339,9
56359,7
56381,10
56399,3
56407,1
56413,0
56420,3
56433,6
56450,7
56471,10
56493,7
56505,1
56517,7
56532,3
56550,10
56570,5
56580,0
56587,2
56604,10
56624,5
56641,7
56660,8
56678,6
56696,8
56712,4
56730,10
56746,2
56762,10
56781,4
56799,10
56817,4
56828,3
56844,8
56857,1
56864,1
56871,1
56880,3
56889,2
56897,2
56912,9
56935,10
56950,0
56961,6
56972,1
56980,3
56995,8
57015,8
57028,1
57038,4
57051,5
57066,5
57084,8
57102,6
57117,5
57135,9
57151,3
57164,6
57181,7
57194,1
57205,6
57222,7
57241,8
57261,8
57277,3
57288,3
57300,4
57312,4
57331,10
57356,10
57373,2
57381,2
57388,1
57397,4
57412,7
57424,0
57433,5
57449,6
57464,5
57475,1
57484,4
57501,8
57519,6
57536,7
57555,7
57567,0
57572,0
57582,6
57594,1
57609,9
57627,5
57642,6
57660,8
57674,1
57689,9
57706,3
57724,10
57743,4
57755,3
57766,3
57779,6
57799,9
57816,3
57828,5
57844,6
57856,1
57871,9
57892,8
57910,5
57922,2
57939,10
57954,1
57963,3
57973,3
57987,7
58003,4
58020,8
58037,5
58053,6
58066,2
58079,6
58090,0
58101,7
58117,5
58128,1
58142,8
58160,6
58175,4
58194,10
58215,7
58229,2
58237,1
58251,9
58268,4
58277,0
58282,1
58297,10
58317,5
58330,4
58343,4
58360,8
58378,6
58394,6
58410,5
58420,1
58436,10
58454,4
58473,10
58491,3
58500,2
58517,10
58536,5
58546,0
58555,4
58565,2
58572,1
58582,4
58591,1
58606,9
58625,5
58644,9
58659,2
58674,9
58695,8
58709,1
58725,10
58748,8
58770,9
58793,10
58810,3
58819,1
58830,5
58841,2
58852,5
58867,5
58886,9
58906,6
58919,3
58929,3
58946,9
58969,9
58985,2
58996,5
59007,1
59021,8
59043,9
59066,9
59083,3
59100,10
59115,1
59123,2
59139,9
59154,2
59166,5
59182,6
59194,1
59202,3
59217,7
59232,3
59246,7
59261,4
59275,5
59295,10
59311,1
59318,1
59333,10
59348,0
59357,5
59370,4
59389,10
59410,7
59426,5
59440,5
59454,4
59471,8
59486,2
59497,4
59515,10
59538,8
59556,5
59576,10
59597,6
59616,9
59638,8
59651,0
59660,5
59679,10
59698,5
59710,2
59723,6
59743,10
59764,6
59781,6
59802,10
59818,1
59828,5
59840,3
59856,8
59877,8
59895,6
59915,9
59931,3
59940,2
59957,10
59975,3
59986,4
59998,4
60010,3
60020,2
60036,10
60060,9
60083,9
60104,7
60116,1
60125,4
60136,3
60146,2
60158,6
60169,0
60182,8
60204,9
60224,7
60245,10
60265,6
60285,9
60302,4
60314,3
60324,3
60332,0
60339,3
60352,5
60366,4
60376,2
60384,2
60394,3
60403,2
60417,7
60439,10
60456,3
60471,7
60485,2
60500,9
60521,8
60542,8
60558,4
60575,8
60595,8
60612,4
60629,9
60644,2
60657,6
60676,9
60698,9
60716,5
60731,6
60743,1
60749,0
60760,7
60779,7
60800,10
60818,4
60831,5
60847,7
60864,5
60882,8
60902,7
60920,6
60934,3
60946,5
60966,10
60982,2
60993,5
61009,7
61024,3
61034,3
61043,2
61058,8
61074,4
61086,4
61103,9
61126,10
61145,5
61157,3
61172,7
61187,4
61199,3
61208,1
61220,7
61234,2
61247,6
61260,3
61268,0
61275,2
61285,4
61296,3
61314,10
61338,10
61360,8
61381,8
61399,6
61413,4
61422,1
61438,10
61462,9
61484,9
61503,6
61517,3
61525,1
61540,10
61563,8
61582,7
61599,5
61612,3
61627,7
61643,5
61658,6
61678,10
61694,1
61709,10
61728,4
61740,3
61751,4
61760,0
61766,2
61777,4
61787,2
61803,9
61820,4
61832,3
61850,10
61873,9
61888,1
61900,6
61915,4
61925,1
61938,8
61960,10
61975,0
61988,9
62009,8
62027,5
62040,4
62053,5
62069,7
62089,8
62106,4
62115,1
62131,10
62148,3
62165,9
62179,1
62190,6
62202,2
62212,3
62226,7
62246,8
62266,7
62281,3
62294,6
62310,6
62325,4
62340,6
62359,9
62381,9
62402,7
62418,4
62435,9
62456,8
62477,8
62495,6
62508,3
62526,10
62542,1
62556,9
62577,8
62591,2
62600,2
62611,4
62626,7
62647,9
62663,2
62673,4
62683,1
62692,3
62709,9
62730,7
62744,2
62753,3
62761,0
62775,9
62793,5
62807,5
62826,9
62845,6
62856,0
62866,5
62885,9
62909,10
62933,9
62956,9
62980,10
63003,8
63024,9
63044,6
63057,3
63068,4
63077,0
63086,5
63100,4
63111,3
63119,1
63131,6
63146,4
63160,6
63174,4
63188,6
63203,4
63214,2
63229,8
63250,9
63269,6
63283,4
63299,8
63316,4
63329,5
63341,2
63352,4
63361,1
63369,2
63377,2
63384,1
63397,8
63416,7
63438,10
63454,2
63461,1
63474,7
63489,4
63503,6
63514,0
63524,5
63544,10
63559,1
63573,9
63588,1
63599,5
63615,7
63631,5
63647,6
63666,9
63681,2
63696,9
63713,4
63724,3
63735,3
63752,9
63767,1
63773,1
63782,3
63792,3
63800,1
63814,9
63828,1
63837,4
63855,10
63872,2
63881,2
63896,9
63912,3
63925,6
63937,1
63953,10
63977,9
63991,1
64004,7
64022,7
64034,1
64049,9
64068,6
64080,2
64089,3
64099,3
64108,1
64117,3
64125,1
64132,2
64141,3
64150,2
64166,10
64183,2
64200,10
64217,3
64234,9
64255,7
64275,9
64291,2
64298,0
64306,4
64319,4
64331,4
64343,3
64356,6
64377,10
64394,3
64412,10
64432,5
64443,1
64449,0
64461,8
64483,9
64505,9
64520,1
64533,8
64554,8
64575,9
64589,0
64601,7
64615,2
64629,8
64650,9
64666,3
64677,4
64694,9
64714,6
64728,4
64743,7
64763,8
64777,2
64786,2
64793,1
64801,3
64809,0
64819,5
64830,2
64838,2
64855,10
64871,1
64885,8
64903,5
64913,1
64923,4
64940,8
64963,10
64978,0
64984,2
64992,2
65008,10
65032,9
65047,2
65060,7
65078,6
65090,1
65096,1
65105,3
65121,9
65138,3
65147,2
65157,4
65172,6
65189,7
65204,4
65217,5
65230,4
65240,1
65252,7
65268,5
65287,10
65303,1
65317,9
65336,6
65351,4
65364,4
65380,7
65399,8
65414,3
65427,6
65439,2
65455,9
65470,1
65476,0
65488,8
65507,7
65521,2
65537,10
65557,5
65573,7
65590,5
65603,4
65615,4
65634,10
65659,10
65682,9
65699,3
65712,5
65726,5
65743,7
65761,6
65781,10
65803,7
65821,7
65838,6
65852,4
65870,9
65890,7
65906,4
65924,10
65945,6
65965,9
65985,7
65999,2
66015,9
66037,8
66056,6
66076,9
66092,3
66101,1
66114,8
66134,8
66151,4
66162,3
66171,2
66182,5
66192,0
66201,5
66217,7
66232,3
66247,7
66259,1
66265,1
66273,2
66281,1
66295,9
66316,7
66331,3
66341,3
66354,5
66365,1
66376,5
66389,4
66400,2
66413,7
66426,1
66433,2
66440,0
66445,0
66451,1
66457,1
66470,8
66491,8
66512,9
66528,2
66540,5
66556,7
66571,4
66588,8
66607,7
66620,1
66636,10
66660,9
66674,0
66686,7
66701,4
66716,6
66729,3
66744,8
66763,7
66783,8
66805,9
66822,4
66833,3
66842,1
66857,9
66875,4
66892,9
66911,6
66927,5
66941,4
66950,1
66960,5
66976,6
66993,7
67009,5
67021,3
67032,4
67041,1
67056,9
67076,7
67088,1
67103,9
67121,5
67137,6
67151,3
67165,7
67182,6
67196,3
67204,1
67214,4
67229,7
67246,6
67263,7
67280,5
67294,4
67310,8
67332,9
67354,8
67375,8
67393,5
67407,4
67420,4
67435,6
67454,9
67471,4
67485,6
67504,8
67519,2
67531,6
67550,8
67563,0
67575,8
67597,10
67613,2
67626,6
67642,6
67655,2
67667,6
67683,5
67703,10
67720,3
67736,9
67752,3
67764,4
67783,10
67798,1
67807,3
67823,9
67840,3
67854,6
67866,2
67873,1
67880,1
67889,4
67898,1
67910,6
67927,6
67943,6
67955,1
67961,0
67966,0
67978,8
67997,6
68011,4
68024,4
68037,5
68055,8
68074,6
68094,9
68108,0
68121,9
68135,0
68147,8
68170,10
68186,1
68194,2
68206,6
68221,4
68233,3
68243,2
68258,9
68281,9
68300,6
68317,6
68334,7
68355,9
68376,7
68393,5
68409,6
68425,5
68443,9
68460,3
68477,10
68495,4
68506,3
68518,5
68535,7
68549,3
68559,2
68570,5
68585,6
68599,4
68613,6
68626,3
68637,4
68654,9
68675,7
68687,1
68700,8
68717,4
68728,2
68739,4
68751,4
68761,2
68774,7
68796,10
68820,10
68842,8
68864,10
68888,9
68908,7
68923,3
68933,3
68943,3
68955,5
68973,8
68986,0
68996,6
69010,3
69027,10
69045,4
69064,10
69082,3
69090,1
69102,7
69119,5
69139,10
69163,10
69183,6
69198,5
69209,2
69218,3
69234,9
69255,7
69276,10
69292,1
69302,5
69321,9
69339,5
69351,2
69367,9
69382,1
69390,2
69400,4
69414,5
69428,5
69447,9
69462,2
69474,5
69484,0
69491,3
69503,5
69522,9
69537,2
69551,8
69565,2
69572,1
69582,5
69601,9
69625,10
69649,10
69673,9
69688,1
69701,7
69714,1
69723,3
69733,3
69744,3
69757,5
69775,8
69797,10
69820,8
69836,3
69846,2
69854,1
69861,2
69874,7
69887,2
69896,3
69912,9
69929,4
69946,9
69969,10
69984,1
69991,2
70008,10
70030,7
70042,1
70055,8
70068,0
70073,0
70080,3
70094,6
70114,9
70134,7
70149,3
70160,4
70178,10
70203,10
70222,4
70233,2
70246,6
70265,9
70284,6
70304,9
70320,3
70333,6
70354,10
70372,4
70382,2
70397,8
70418,8
70438,8
70457,7
70471,3
70486,7
70503,6
70521,8
70537,3
70551,7
70570,8
70584,2
70593,3
70605,5
70625,10
70642,2
70658,10
70677,4
70689,4
70702,5
70717,6
70735,8
70749,2
70765,9
70787,9
70807,7
70820,2
70831,4
70846,7
70861,3
70878,10
70896,3
70906,2
70915,2
70928,6
70939,0
70946,2
70955,2
70965,3
70973,0
70986,9
71000,0
71006,1
71012,1
71027,10
71045,3
71057,4
71073,8
71086,0
71091,0
71104,8
71122,6
71142,9
71158,2
71170,6
71183,3
71198,7
71217,7
71233,5
71251,8
71272,8
71286,1
71297,6
71310,3
71326,9
71343,3
71353,2
71369,10
71391,7
71406,3
71423,10
71443,5
71461,8
71484,10
71509,10
71533,9
71552,6
71566,3
71576,3
71586,2
71596,4
71609,4
71622,4
71633,3
71641,1
71649,3
71664,7
71680,5
71697,8
71715,6
71731,6
71746,4
71759,4
71772,4
71781,0
71792,6
71803,1
71810,2
71819,3
71836,9
71855,5
71866,1
71880,9
71901,8
71915,2
71929,8
71943,2
71950,1
71963,8
71980,4
71989,0
71994,1
72000,0
72005,1
72020,10
72044,10
72065,7
72079,2
72093,8
72113,8
72127,1
72138,6
72153,5
72164,1
72176,7
72192,5
72206,4
72216,2
72224,1
72233,4
72245,4
72254,0
72268,10
72286,3
72301,7
72320,8
72336,4
72346,2
72354,1
72367,7
72389,10
72404,1
72419,10
72439,6
72460,10
72480,5
72498,9
72519,7
72540,10
72556,2
72565,3
72574,2
72582,1
72591,3
72599,1
72612,7
72632,8
72645,1
72655,4
72670,6
72683,2
72693,4
72702,0
72708,2
72725,10
72743,4
72759,8
72774,3
72790,8
72809,6
72821,2
72829,1
72844,10
72861,3
72869,0
72879,6
72890,1
72903,8
72916,1
72923,2
72939,9
72959,7
72973,2
72983,3
72994,3
73005,4
73024,10
73046,7
73065,7
73080,3
73092,4
73111,10
73133,7
73146,2
73153,0
73163,5
73175,3
73191,9
73205,0
73216,6
73237,10
73256,5
73274,9
73290,2
73304,8
73324,8
73346,9
73362,3
73375,6
73390,4
73408,9
73424,2
73431,0
73442,7
73459,6
73474,4
73485,3
73497,4
73514,9
73534,6
73553,8
73575,9
73593,4
73605,3
73619,6
73637,7
73655,7
73673,7
73691,7
73704,2
73714,4
73733,10
73752,4
73768,7
73780,1
73794,8
73811,5
73829,8
73850,9
73873,10
73892,5
73904,2
73919,9
73937,5
73955,9
73973,4
73990,9
74004,1
74019,10
74035,1
74048,8
74068,8
74084,4
74102,10
74126,9
74144,4
74161,8
74183,9
74197,0
74203,1
74210,2
74219,3
74227,0
74242,10
74265,9
74287,9
74307,6
74325,7
74347,10
74370,9
74392,9
74410,4
74421,2
74436,8
74456,8
74475,7
74492,6
74508,5
74519,1
74533,9
74549,2
74564,9
74583,5
74594,1
74600,0
74614,9
74634,7
74652,6
74665,3
74682,10
74703,7
74724,10
74743,5
74758,5
74777,10
74795,4
74810,7
74824,3
74837,6
74857,10
74880,8
74901,8
74923,10
74944,7
74964,9
74980,2
74994,7
75012,6
75030,7
75047,6
75065,7
75081,5
75099,9
75120,8
75142,9
75163,7
75175,1
75183,2
75196,6
75212,6
75227,5
75240,3
75256,9
75277,7
75298,10
75320,8
75337,5
75348,2
75365,10
75388,8
75407,6
75420,2
75430,4
75449,10
75466,3
75475,1
75489,9
75506,3
75521,8
75541,7
75557,4
75567,1
75574,2
75590,9
75606,3
75614,1
75620,0
75633,9
75655,8
75669,1
75682,7
75704,10
75722,3
75733,3
75749,8
75762,0
75768,1
75781,7
75794,1
75809,10
75831,8
75850,6
75863,3
75875,5
75885,0
75896,6
75910,3
75922,4
75934,4
75951,8
75968,5
75979,2
75990,5
76010,10
76030,5
76049,10
76067,3
76083,8
76102,6
76114,2
76128,8
76147,6
76162,4
76179,9
76202,9
76218,3
76233,7
76245,0
76253,4
76262,0
76275,8
76292,4
76304,4
76316,4
76328,4
76339,3
76351,4
76360,0
76366,1
76379,8
76400,8
76422,9
76444,8
76457,1
76473,10
76490,2
76505,8
76527,10
76547,5
76561,4
76580,10
76597,3
76614,9
76632,5
76645,4
76655,1
76662,2
76676,7
76693,5
76708,5
76727,9
76750,9
76771,7
76792,10
76816,10
76833,2
76845,5
76856,1
76865,3
76873,0
76881,4
76899,9
76920,7
76936,4
76951,7
76963,0
76975,8
76990,3
77002,5
77016,5
77026,1
77033,2
77042,3
77059,10
77084,10
77102,3
77119,10
77141,8
77157,3
77166,1
77178,7
77194,4
77212,9
77233,8
77246,0
77257,7
77275,6
77293,8
77313,8
77333,7
77349,4
77363,5
77380,8
77399,7
77412,1
77418,1
77432,8
77448,4
77460,4
77472,3
77488,8
77501,0
77507,1
77515,3
77526,3
77537,3
77554,9
77568,1
77579,6
77597,7
77618,9
77639,7
77658,8
77676,6
77693,7
77710,5
77727,7
77749,10
77771,7
77792,10
77812,5
77825,3
77838,6
77850,1
77865,10
77889,10
77906,2
77915,3
77933,10
77951,4
77965,5
77975,0
77980,0
77993,9
78016,9
78039,10
78064,10
78080,2
78090,3
78099,1
78112,7
78131,7
78146,3
78161,8
78178,5
78195,8
78212,4
78222,1
78237,9
78255,5
78265,1
78272,2
78288,9
78308,6
78327,8
78348,8
78366,5
78382,6
78403,10
78420,2
78429,2
78443,8
78463,7
78477,2
78488,4
78497,1
78505,3
78515,2
78531,10
78547,2
78554,1
78569,10
78585,1
78595,4
78604,0
78618,10
78638,6
78659,10
78674,0
78687,8
78705,6
78720,5
78735,6
78752,6
78766,4
78777,3
78790,6
78803,2
78814,4
78826,4
78845,10
78869,9
78884,1
78895,5
78914,9
78928,1
78934,1
78947,8
78961,1
78973,7
78990,5
79003,4
79019,8
79040,9
79064,10
79080,2
79090,4
79103,5
79119,7
79140,9
79160,6
79180,10
79199,4
79214,6
79231,7
79243,1
79257,8
79270,1
79276,1
79286,5
79306,10
79329,8
79351,9
79371,6
79391,9
79408,3
79423,8
79437,2
79444,0
79458,10
79479,6
79494,5
79511,8
79525,1
79541,10
79561,5
79574,4
79590,8
79608,5
79628,10
79647,5
79660,3
79676,8
79694,5
79704,0
79709,1
79719,5
79738,9
79754,2
79764,4
79773,1
79785,6
79802,7
79823,9
79841,5
79856,6
79875,9
79895,6
79906,1
79914,2
79930,9
79952,8
79965,0
79979,10
79998,5
80013,5
80026,4
80042,7
80060,7
80075,4
80089,6
80106,6
80117,1
80123,0
80136,8
80151,2
80159,1
80175,10
80195,6
80207,2
80222,8
80243,9
80267,10
80290,8
80306,4
80321,7
80343,10
80367,9
80388,7
80406,7
80422,5
80434,2
80447,6
80465,8
80484,7
80499,3
80513,7
80528,4
80538,1
80550,7
80571,10
80591,5
80604,3
80614,3
80626,5
80644,9
80661,4
80674,4
80688,5
80705,7
80720,3
80735,7
80747,0
80757,6
80770,2
80783,7
80803,8
80824,9
80848,10
80865,2
80882,10
80900,4
80917,9
80932,2
80945,7
80967,10
80992,10
81016,9
81035,5
81051,6
81062,1
81076,8
81098,9
81115,4
81133,10
81156,8
81179,10
81201,7
81214,1
81220,0
81226,1
81242,10
81257,1
81268,6
81284,6
81297,2
81306,3
81319,6
81332,2
81341,2
81355,7
81369,3
81383,7
81398,4
81407,0
81412,1
81428,10
81444,2
81460,9
81478,4
81496,10
81513,3
81526,5
81543,7
81562,8
81581,7
81600,8
81622,10
81642,6
81660,8
81676,3
81691,8
81706,2
81715,2
81731,10
81747,2
81757,4
81771,6
81784,2
81797,6
81818,10
81834,1
81848,8
81865,5
81878,3
81886,0
81891,0
81896,1
81909,8
81924,2
81937,7
81951,2
81964,7
81977,1
81989,6
82000,0
82008,4
82026,10
82045,4
82056,2
82068,5
82087,10
82107,5
82118,1
82130,7
82147,6
82164,7
82180,4
82193,4
82205,4
82218,5
82235,8
82255,8
82268,1
82278,4
82291,5
82306,6
82322,5
82340,8
82357,4
82372,6
82388,6
82399,1
82408,3
82418,2
82428,4
82438,2
82450,5
82460,1
82467,1
82476,4
82485,0
82494,4
82509,6
82521,2
82534,6
82549,5
82567,9
82589,9
82613,10
82631,4
82645,5
82655,0
82661,1
82676,9
82699,10
82723,9
82742,6
82761,9
82777,3
82794,9
82814,7
82828,2
82839,5
82854,5
82867,4
82884,9
82904,7
82925,10
82945,5
82965,10
82985,5
83003,9
83017,0
83029,7
83047,6
83060,2
83067,0
83072,0
83078,1
83090,6
83108,7
83128,8
83143,3
83159,8
83172,0
83181,5
83198,7
83219,10
83240,7
83259,7
83274,4
83290,8
83303,0
83313,5
83328,5
83342,4
83359,9
83380,7
83396,4
83412,7
83427,4
83442,7
83459,6
83471,1
83477,1
83485,3
83503,10
83518,1
83525,1
83538,7
83551,2
83567,10
83591,9
83607,2
83617,4
83626,0
83640,9
83654,0
83660,1
83676,10
83691,1
83701,4
83712,3
83725,6
83741,6
83753,2
83761,1
83777,10
83798,6
83815,7
83828,2
83836,1
83844,2
83856,6
83875,9
83899,10
83923,9
83944,7
83965,9
83988,9
84006,4
84015,0
84030,10
84045,1
84052,1
84061,3
84078,10
84101,8
84123,10
84139,2
84154,8
84174,7
84195,10
84212,2
84220,2
84237,10
84253,2
84268,8
84282,2
84295,6
84308,2
84317,3
84330,5
84347,8
84367,8
84383,3
84399,8
84412,1
84425,8
84447,10
84470,9
84494,10
84514,6
84529,4
84542,5
84558,6
84574,6
84589,5
84604,6
84619,4
84634,6
84654,9
84676,9
84694,4
84703,0
84717,10
84738,6
84758,9
84772,0
84786,9
84809,10
84830,7
84847,6
84859,1
84869,5
84887,8
84904,5
84914,0
84920,1
84928,3
84944,9
84962,4
84976,5
84991,6
85004,3
85013,2
85022,3
85032,2
85048,9
85062,1
85076,9
85091,2
85106,9
85125,5
85137,2
85148,4
85157,0
85165,4
85175,1
85189,9
85203,1
85209,0
85217,4
85229,4
85246,8
85259,0
85265,1
85281,10
85298,2
85314,9
85331,3
85346,8
85360,2
85367,0
85379,7
85398,7
85417,8
85439,10
85458,4
85475,8
85493,6
85511,8
85533,9
85553,7
85570,5
85583,4
85601,10
85619,4
85637,9
85652,2
85663,5
85678,5
85694,6
85714,10
85735,7
85757,10
85777,6
85793,6
85804,1
85817,7
85832,4
85851,10
85873,8
85889,3
85905,8
85921,3
85936,8
85952,4
85961,1
85973,7
85993,9
86008,1
86023,10
86041,4
86056,6
86076,10
86091,1
86103,6
86114,0
86123,5
86136,3
86146,2
86163,10
86188,10
86212,10
86228,2
86241,7
86260,7
86276,4
86287,3
86299,4
86316,8
86332,4
86344,4
86361,9
86377,3
86394,10
86414,6
86434,9
86456,9
86470,0
86476,1
86490,8
86504,1
86518,9
86540,9
86555,2
86571,10
86594,8
86609,2
86616,0
86623,3
86641,10
86661,5
86678,7
86690,1
86697,1
86712,10
86727,1
86736,3
86753,9
86770,3
86786,9
86803,4
86815,4
86827,4
86844,8
86863,6
86876,3
86890,6
86903,3
86916,6
86937,10
86957,5
86972,6
86992,9
87014,9
87033,5
87046,4
87056,1
87069,8
87088,6
87104,5
87115,2
87127,5
87138,2
87147,2
87161,8
87177,4
87187,1
87194,2
87203,3
87221,10
87245,9
87266,8
87289,10
87314,10
87337,8
87350,0
87360,5
87372,2
87382,4
87397,7
87417,9
87437,7
87458,10
87474,1
87485,6
87503,7
87518,3
87535,10
87552,2
87560,2
87576,10
87600,10
87616,1
87623,1
87633,4
87646,5
87657,1
87671,9
87693,8
87715,9
87733,5
87751,8
87773,9
87793,6
87811,8
87832,9
87850,4
87862,4
87880,10
87896,1
87906,5
87918,3
87935,10
87956,6
87973,6
87992,9
88009,4
88026,9
88043,3
88051,1
88065,8
88087,10
88107,6
88120,2
88133,7
88145,1
88156,6
88168,2
88175,1
88181,1
88195,9
88213,5
88223,1
88235,6
88251,5
88269,8
88285,4
88297,3
88306,2
88322,9
88343,8
88356,1
88369,8
88384,2
88395,4
88412,8
88434,10
88449,1
88459,4
88469,1
88484,10
88504,6
88515,0
88520,0
88527,2
88543,10
88562,4
88580,9
88600,6
88619,8
88633,1
88649,10
88673,10
88693,6
88706,3
88718,5
88736,9
88759,9
88777,4
88796,10
88815,5
88834,9
88856,8
88871,2
88883,6
88899,6
88918,8
88934,3
88951,9
88968,3
88986,10
89006,6
89017,1
89029,7
89048,7
89069,10
89084,0
89093,5
89110,8
89123,0
89130,2
89145,8
89165,8
89186,9
89203,4
89212,1
89220,2
89234,8
89257,10
89276,5
89292,6
89311,8
89331,7
89353,10
89369,1
89380,5
89398,9
89419,8
89434,2
89441,1
89455,9
89471,3
89481,2
89494,6
89515,10
89533,3
89550,9
89568,5
89584,7
89604,8
89618,1
89625,1
89638,7
89655,6
89673,7
89693,8
89711,5
89731,10
89752,6
89771,9
89790,5
89803,3
89821,10
89839,3
89848,1
89862,8
89877,2
89888,5
89903,5
89923,10
89947,9
89963,3
89976,6
89994,7
90015,10
90032,3
90045,6
90063,7
90079,4
90093,5
90104,2
90118,8
90140,10
90163,8
90179,3
90195,8
90214,7
90231,5
90244,3
90259,7
90278,8
90291,0
90301,5
90319,8
90336,4
90355,10
90374,5
90389,6
90404,5
90417,3
90432,8
90445,1
90459,9
90474,1
90483,3
90491,1
90506,10
90523,3
90538,8
90554,3
90569,7
90590,9
90606,3
90619,6
90632,3
90647,7
90667,8
90680,1
90696,10
90711,0
90717,1
90733,10
90754,6
90771,7
90793,10
90809,1
90821,7
90842,10
90863,6
90884,10
90903,5
90916,4
90929,4
90939,2
90948,2
90960,6
90974,3
90992,10
91014,7
91030,4
91043,4
91059,8
91073,1
91088,9
91109,8
91130,9
91154,10
91169,1
91183,9
91201,5
91213,3
91225,4
91237,4
91255,9
91278,9
91300,8
91314,2
91327,6
91342,4
91359,9
91380,8
91402,10
91426,10
91446,5
91456,0
91469,8
91484,2
91496,5
91508,3
91520,5
91540,10
91559,5
91577,8
91591,2
91603,6
91620,7
91641,9
91655,1
91664,4
91679,7
91700,9
91721,8
91738,5
91756,8
91770,2
91777,1
91785,3
91794,1
91803,4
91812,1
91822,4
91841,10
91858,3
91870,4
91885,7
91897,0
91903,2
91914,4
91931,8
91952,9
91970,5
91987,7
92005,6
92024,8
92045,8
92066,8
92081,3
92096,8
92112,4
92122,1
92132,5
92149,8
92165,4
92180,7
92198,7
92219,9
92238,6
92258,9
92275,4
92290,7
92312,10
92333,6
92349,5
92362,3
92380,10
92400,6
92414,4
92431,8
92454,10
92474,5
92485,1
92500,9
92517,3
92527,2
92539,5
92556,8
92572,4
92590,9
92610,7
92623,1
92636,7
92650,2
92664,8
92678,1
92694,10
92710,2
92724,8
92746,10
92761,0
92768,2
92783,8
92803,8
92825,10
92847,8
92869,9
92885,2
92901,10
92916,0
92926,5
92946,10
92961,1
92967,1
92978,6
92992,4
93010,10
93027,3
93035,1
93041,1
93053,7
93068,3
93078,2
93086,1
93095,4
93106,2
93122,9
93142,6
93157,4
93167,2
93183,10
93204,6
93221,6
93239,8
93261,10
93277,1
93289,7
93307,6
93318,1
93333,9
93355,9
93379,10
93398,4
93415,9
93429,1
93439,4
93452,5
93470,8
93484,1
93490,1
93506,10
93531,10
93551,6
93570,8
93583,1
93591,2
93601,3
93612,4
93626,5
93637,2
93647,3
93655,0
93663,3
93679,9
93699,6
93720,10
93735,0
93748,8
93770,9
93790,6
93810,9
93829,5
93842,4
93859,9
93879,6
93899,10
93923,10
93947,10
93965,3
93978,5
93991,3
94002,4
94013,2
94024,4
94042,9
94059,4
94069,1
94075,1
94087,6
94100,3
94116,9
94135,6
94154,8
94167,1
94173,0
94186,8
94204,6
94222,7
94239,6
94251,1
94262,6
94280,8
94294,1
94302,2
94315,6
94329,4
94347,10
94362,1
94372,4
94388,7
94400,1
94410,5
94423,3
94432,1
94447,10
94466,4
94485,10
94503,4
94521,9
94544,10
94564,6
94583,8
94598,2
94611,6
94626,4
94643,9
94662,6
94675,2
94689,8
94704,3
94716,4
94733,8
94754,9
94771,3
94781,3
94799,10
94823,9
94839,3
94848,1
94861,8
94881,8
94902,8
94921,7
94938,5
94956,8
94971,2
94986,9
95002,3
95018,9
95032,0
95039,2
95055,10
95076,7
95091,3
95106,7
95128,10
95150,7
95166,5
95183,7
95198,4
95214,7
95232,6
95245,3
95255,3
95271,9
95288,3
95298,2
95313,8
95332,6
95351,8
95366,2
95375,3
95392,9
95407,2
95416,2
95423,0
95436,9
95460,10
95477,2
95491,7
95506,3
95514,0
95527,8
95540,1
95552,6
95563,1
95570,2
95583,7
95597,3
95606,2
95621,8
95636,2
95651,8
95673,10
95690,3
95704,7
95721,5
95736,5
95752,7
95767,3
95778,3
95787,2
95800,6
95811,1
95818,1
95832,9
95852,6
95870,7
95891,10
95915,10
95933,4
95949,8
95962,1
95972,4
95989,9
96008,5
96020,2
96027,0
96032,1
96045,7
96057,0
96068,6
96083,4
96098,6
96116,7
96137,9
96155,5
96165,0
96177,7
96195,7
96210,3
96218,0
96233,10
96258,10
96279,7
96297,7
96317,8
96338,8
96361,10
96379,3
96388,2
96397,3
96415,10
96435,6
96455,10
96479,9
96501,9
96518,4
96532,6
96551,8
96568,4
96579,2
96593,8
96607,1
96623,10
96647,10
96666,5
96676,1
96690,8
96706,3
96722,8
96743,9
96765,8
96781,4
96790,1
96800,5
96816,7
96830,2
96844,7
96864,8
96887,10
96904,2
96918,8
96934,3
96943,2
96955,5
96971,6
96984,2
96996,5
97012,6
97029,6
97050,10
97066,1
97079,8
97092,0
97099,2
97108,3
97124,9
97141,3
97153,4
97170,8
97189,7
97204,3
97218,7
97231,1
97246,9
97261,2
97273,6
97286,3
97294,0
97306,7
97322,5
97337,5
97350,4
97363,4
97380,8
97398,6
97410,1
97421,5
97438,8
97451,1
97461,4
97478,8
97491,0
97496,1
97506,4
97525,10
97543,3
97559,8
97578,6
97594,6
97610,5
97623,3
97634,4
97653,10
97675,7
1
14
28
42
52
74
85
101
112
123
149
158
166
193
200
208
235
263
273
295
310
322
338
350
365
387
400
421
432
451
466
485
495
533
544
556
571
582
588
595
609
620
638
652
675
684
690
706
712
736
754
762
774
802
817
830
837
842
855
862
869
891
908
925
943
954
968
981
987
1007
1026
1054
1066
1076
1082
1094
1105
1121
1139
1147
1155
1164
1172
1183
1196
1209
1223
1243
1257
1285
1305
1327
1334
1349
1368
1381
1406
1423
1439
1450
1460
1479
1491
1502
1510
1524
1543
1572
1578
1604
1618
1639
1661
1672
1687
1698
1721
1739
1745
1761
1767
1788
1796
1818
1832
1841
1861
1877
1900
1910
1931
1944
1960
1981
1998
2006
2028
2047
2062
2071
2081
2097
2108
2134
2141
2149
2158
2169
2178
2210
2227
2238
2248
2268
2274
2290
2302
2321
2336
2349
2360
2373
2389
2405
2415
2429
2441
2456
2473
2503
2511
2531
2548
2561
2581
2591
2601
2622
2629
2642
2662
2679
2688
2695
2706
2721
2731
2749
2767
2778
2801
2817
2833
2839
2879
2885
2894
2915
2940
2950
2956
2965
2981
2997
3022
3044
3056
3068
3103
3114
3126
3142
3161
3186
3193
3200
3207
3219
3229
3241
3254
3274
3286
3299
3318
3341
3353
3388
3406
3427
3451
3457
3488
3496
3505
3516
3535
3542
3559
3567
3586
3596
3614
3627
3647
3667
3685
3716
3734
3743
3749
3763
3782
3805
3823
3829
3839
3846
3859
3880
3906
3922
3942
3968
3978
3992
4020
4029
4039
4052
4063
4083
4093
4103
4132
4137
4153
4174
4188
4198
4216
4224
4235
4244
4250
4267
4291
4305
4327
4338
4345
4354
4367
4372
4387
4405
4431
4456
4469
4481
4487
4494
4501
4506
4527
4548
4559
4576
4596
4603
4619
4627
4649
4667
4680
4707
4723
4738
4763
4770
4783
4792
4803
4817
4841
4850
4866
4871
4877
4890
4899
4915
4932
4951
4960
4979
5001
5009
5047
5058
5071
5102
5109
5132
5152
5176
5186
5191
5213
5220
5234
5252
5265
5284
5312
5321
5332
5338
5353
5377
5391
5411
5429
5460
5466
5499
5510
5532
5550
5560
5575
5589
5606
5619
5626
5636
5660
5668
5694
5711
5730
5757
5772
5791
5816
5837
5850
5878
5899
5913
5933
5946
5957
5972
5977
5982
5993
6011
6020
6030
6051
6066
6083
6091
6117
6131
6139
6151
6158
6184
6200
6221
6227
6239
6255
6267
6275
6282
6300
6315
6329
6342
6351
6369
6385
6395
6425
6434
6443
6461
6474
6482
6492
6516
6527
6544
6563
6586
6591
6601
6615
6624
6638
6645
6653
6669
6690
6707
6717
6725
6732
6742
6754
6760
6777
6783
6795
6814
6837
6853
6874
6891
6905
6926
6935
6946
6966
6979
6990
7009
7028
7039
7057
7086
7099
7108
7132
7142
7157
7166
7174
7182
7201
7206
7231
7256
7265
7278
7291
7298
7313
7336
7354
7370
7392
7403
7413
7439
7468
7483
7503
7517
7543
7563
7575
7594
7603
7620
7634
7642
7655
7670
7676
7687
7712
7724
7733
7758
7778
7795
7803
7819
7825
7840
7854
7862
7874
7899
7913
7931
7950
7959
7970
7995
8006
8019
8038
8050
8055
8069
8075
8096
8127
8144
8150
8164
8169
8188
8205
8232
8246
8265
8284
8303
8336
8341
8361
8374
8387
8415
8422
8443
8458
8490
8503
8525
8537
8545
8553
8570
8595
8606
8630
8653
8677
8683
8714
8729
8737
8765
8783
8798
8804
8812
8837
8842
8851
8860
8881
8897
8911
8940
8948
8967
8995
9007
9040
9048
9060
9083
9108
9126
9132
9150
9162
9180
9188
9199
9221
9248
9271
9282
9308
9324
9349
9364
9376
9382
9390
9399
9405
9410
9419
9440
9450
9469
9476
9488
9498
9535
9547
9558
9578
9604
9613
9621
9636
9648
9655
9675
9682
9697
9717
9735
9746
9772
9777
9789
9803
9812
9828
9836
9856
9872
9884
9891
9900
9910
9935
9953
9961
9981
9987
9993
10009
10027
10040
10057
10078
10097
10118
10125
10134
10153
10163
10175
10192
10202
10220
10240
10256
10268
10290
10309
10330
10344
10365
10387
10392
10411
10437
10450
10469
10497
10513
10527
10532
10541
10552
10561
10567
10580
10613
10627
10639
10653
10684
10703
10721
10739
10757
10778
10800
10806
10834
10848
10867
10883
10888
10918
10927
10937
10951
10976
10990
10995
11005
11017
11024
11052
11069
11077
11082
11093
11124
11148
11156
11175
11196
11204
11220
11242
11254
11268
11279
11297
11306
11321
11343
11359
11374
11387
11409
11428
11434
11444
11466
11473
11486
11504
11514
11535
11545
11560
11582
11597
11613
11631
11643
11648
11669
11676
11691
11702
11715
11722
11738
11752
11759
11771
11790
11808
11832
11851
11865
11875
11888
11902
11915
11941
11947
11957
11979
11989
12001
12014
12026
12034
12057
12074
12096
12116
12126
12150
12165
12179
12210
12216
12233
12246
12257
12267
12279
12284
12294
12314
12333
12352
12364
12383
12398
12412
12423
12444
12455
12472
12486
12494
12505
12513
12528
12554
12559
12579
12593
12610
12619
12639
12653
12667
12681
12690
12708
12716
12725
12740
12745
12757
12766
12781
12806
12829
12839
12846
12856
12866
12876
12895
12910
12932
12944
12961
12980
13003
13016
13024
13042
13066
13075
13084
13098
13111
13133
13143
13159
13165
13176
13196
13214
13223
13234
13248
13275
13285
13308
13321
13330
13342
13350
13377
13387
13405
13427
13443
13459
13468
13488
13501
13511
13521
13533
13546
13566
13578
13603
13633
13647
13674
13686
13697
13719
13734
13760
13773
13779
13805
13815
13829
13838
13849
13858
13877
13888
13907
13919
13942
13962
13978
13984
13992
14004
14021
14036
14055
14073
14097
14106
14112
14124
14138
14158
14173
14208
14230
14239
14247
14262
14278
14286
14305
14319
14329
14337
14352
14385
14402
14416
14439
14462
14489
14499
14512
14517
14537
14549
14563
14580
14599
14615
14630
14646
14661
14684
14715
14733
14746
14768
14776
14782
14789
14795
14811
14824
14839
14853
14878
14885
14902
14912
14920
14934
14951
14969
14984
15007
15018
15026
15043
15052
15062
15075
15095
15101
15118
15123
15140
15175
15182
15190
15205
15213
15236
15241
15271
15289
15301
15315
15320
15325
15340
15356
15369
15389
15403
15412
15432
15439
15455
15475
15489
15501
15516
15522
15541
15557
15576
15589
15594
15617
15634
15651
15664
15678
15689
15700
15718
15724
15749
15760
15773
15791
15803
15816
15823
15835
15870
15879
15890
15917
15930
15942
15951
15974
16009
16018
16049
16055
16074
16081
16089
16107
16120
16138
16145
16171
16177
16182
16187
16207
16217
16230
16236
16244
16251
16256
16268
16284
16298
16319
16346
16360
16381
16402
16408
16417
16437
16444
16462
16472
16478
16503
16531
16543
16564
16578
16597
16617
16630
16638
16655
16660
16677
16690
16706
16722
16744
16749
16761
16766
16777
16784
16811
16822
16846
16852
16862
16871
16888
16908
16925
16952
16971
16981
17009
17020
17025
17032
17051
17068
17077
17091
17102
17126
17142
17153
17176
17185
17201
17207
17222
17231
17259
17266
17276
17292
17311
17327
17340
17353
17378
17392
17409
17418
17446
17458
17470
17479
17497
17516
17524
17538
17568
17596
17607
17626
17644
17661
17675
17690
17700
17708
17714
17722
17743
17751
17760
17792
17798
17809
17820
17845
17858
17881
17893
17898
17932
17952
17964
17972
17981
18001
18016
18030
18039
18052
18067
18080
18092
18105
18122
18136
18153
18161
18178
18190
18198
18208
18231
18253
18278
18287
18302
18333
18345
18352
18375
18385
18411
18423
18440
18452
18470
18481
18508
18525
18539
18565
18582
18601
18615
18635
18648
18656
18669
18687
18696
18706
18713
18731
18740
18762
18774
18791
18809
18815
18826
18856
18864
18871
18884
18898
18919
18940
18953
18971
18991
19002
19022
19029
19037
19046
19071
19095
19111
19127
19140
19151
19168
19195
19205
19212
19220
19244
19253
19265
19272
19302
19311
19332
19338
19346
19364
19383
19390
19413
19424
19437
19449
19457
19477
19505
19515
19523
19547
19553
19569
19582
19602
19616
19628
19636
19652
19663
19685
19692
19699
19705
19720
19743
19759
19772
19777
19784
19794
19800
19808
19829
19845
19855
19863
19873
19884
19912
19931
19952
19961
19977
19996
20005
20032
20042
20051
20057
20069
20076
20082
20097
20115
20133
20144
20150
20160
20180
20202
20217
20241
20262
20281
20299
20312
20319
20335
20354
20367
20386
20406
20411
20417
20424
20435
20441
20460
20483
20493
20504
20522
20532
20539
20559
20571
20583
20591
20600
20610
20631
20639
20653
20669
20680
20702
20722
20749
20763
20775
20781
20800
20806
20821
20831
20858
20866
20873
20883
20900
20916
20929
20936
20948
20957
20964
20972
20978
21001
21013
21020
21033
21041
21059
21069
21076
21088
21097
21109
21120
21131
21141
21151
21179
21203
21218
21248
21253
21271
21277
21282
21306
21322
21332
21345
21353
21363
21376
21386
21417
21426
21441
21462
21472
21488
21495
21502
21533
21553
21569
21581
21596
21604
21616
21623
21635
21648
21656
21665
21674
21686
21701
21722
21747
21760
21778
21794
21807
21826
21851
21862
21879
21891
21913
21938
21944
21955
21969
21990
22004
22019
22039
22065
22074
22079
22098
22108
22114
22127
22144
22149
22164
22180
22202
22226
22238
22247
22263
22297
22319
22327
22348
22367
22392
22397
22410
22429
22449
22457
22471
22484
22499
22507
22516
22540
22555
22580
22602
22609
22630
22659
22666
22683
22697
22712
22730
22767
22777
22798
22806
22829
22839
22849
22870
22884
22904
22914
22926
22949
22961
22972
22981
23001
23008
23022
23047
23058
23073
23080
23093
23104
23118
23130
23153
23161
23170
23197
23205
23220
23233
23264
23272
23277
23292
23309
23336
23341
23346
23355
23366
23380
23402
23411
23433
23441
23446
23465
23476
23510
23516
23527
23545
23559
23583
23595
23606
23621
23636
23648
23666
23682
23695
23720
23730
23754
23775
23806
23821
23843
23855
23865
23882
23896
23904
23923
23935
23956
23975
23984
23997
24003
24022
24033
24047
24068
24075
24084
24120
24128
24145
24160
24172
24201
24222
24235
24240
24251
24265
24295
24306
24323
24355
24364
24375
24387
24400
24426
24446
24463
24471
24476
24492
24505
24526
24537
24549
24561
24570
24591
24619
24641
24657
24678
24696
24707
24714
24727
24752
24767
24779
24789
24799
24806
24817
24829
24855
24866
24895
24910
24932
24947
24956
24975
24984
24997
25016
25024
25040
25059
25070
25082
25111
25127
25141
25150
25164
25175
25182
25211
25235
25256
25262
25277
25295
25307
25320
25329
25342
25363
25374
25387
25410
25426
25455
25472
25483
25493
25509
25530
25548
25558
25585
25593
25617
25635
25647
25664
25685
25693
25703
25715
25726
25740
25750
25759
25780
25794
25818
25833
25859
25867
25881
25887
25906
25923
25940
25963
25979
25987
25993
26000
26011
26017
26026
26040
26060
26069
26090
26109
26133
26140
26155
26193
26205
26220
26231
26243
26252
26267
26278
26291
26298
26311
26328
26360
26366
26380
26406
26412
26428
26437
26452
26462
26468
26479
26489
26517
26538
26559
26571
26576
26611
26616
26624
26647
26657
26670
26682
26698
26707
26723
26750
26760
26768
26803
26811
26825
26847
26854
26877
26888
26923
26939
26970
26975
26993
27005
27023
27042
27055
27064
27083
27096
27112
27131
27136
27141
27158
27171
27184
27194
27213
27229
27250
27270
27278
27288
27308
27319
27325
27345
27356
27372
27387
27418
27428
27448
27456
27469
27494
27520
27533
27555
27585
27590
27610
27620
27649
27665
27677
27685
27703
27710
27718
27725
27734
27754
27763
27784
27797
27804
27809
27835
27848
27865
27879
27891
27905
27921
27943
27952
27961
27968
27977
27991
28002
28034
28052
28076
28083
28091
28098
28104
28120
28131
28141
28151
28157
28169
28198
28208
28232
28247
28261
28283
28297
28323
28334
28342
28350
28372
28402
28427
28438
28457
28467
28480
28488
28518
28543
28561
28567
28592
28604
28616
28634
28646
28655
28673
28680
28705
28712
28742
28753
28767
28772
28789
28805
28824
28845
28856
28887
28903
28929
28939
28961
28985
28991
29013
29031
29050
29056
29061
29067
29083
29099
29110
29129
29149
29161
29176
29190
29206
29223
29231
29240
29248
29261
29275
29291
29316
29330
29342
29349
29368
29393
29408
29427
29449
29464
29484
29505
29517
29535
29543
29561
29570
29587
29597
29609
29615
29636
29659
29666
29674
29692
29715
29724
29733
29742
29750
29766
29781
29799
29815
29829
29852
29861
29868
29885
29906
29930
29936
29941
29947
29964
29973
29994
30005
30013
30028
30035
30049
30063
30080
30088
30099
30110
30120
30126
30131
30146
30154
30177
30184
30198
30209
30217
30244
30264
30283
30293
30300
30325
30335
30347
30354
30383
30400
30414
30435
30444
30462
30483
30491
30510
30521
30530
30545
30560
30580
30586
30597
30618
30628
30642
30666
30674
30702
30709
30723
30732
30747
30756
30764
30784
30795
30825
30833
30842
30864
30872
30886
30894
30901
30929
30946
30956
30963
30985
31003
31021
31027
31042
31059
31075
31095
31109
31134
31141
31151
31158
31183
31192
31209
31231
31242
31251
31259
31264
31292
31313
31332
31361
31385
31401
31419
31436
31445
31469
31485
31506
31517
31530
31537
31547
31564
31571
31584
31591
31601
31627
31638
31655
31666
31683
31693
31705
31722
31728
31750
31761
31777
31804
31821
31835
31860
31875
31894
31912
31924
31933
31947
31952
31961
31970
31997
32025
32041
32061
32084
32090
32096
32123
32149
32163
32187
32220
32228
32244
32256
32273
32291
32307
32347
32368
32373
32380
32402
32414
32424
32440
32455
32473
32485
32496
32525
32530
32550
32558
32577
32588
32598
32615
32634
32641
32654
32676
32690
32704
32719
32734
32743
32755
32786
32796
32807
32812
32830
32852
32868
32877
32890
32908
32923
32936
32957
32967
32993
33003
33021
33028
33054
33061
33080
33093
33116
33135
33147
33164
33174
33188
33206
33229
33247
33255
33270
33286
33300
33332
33348
33362
33382
33388
33395
33425
33433
33440
33452
33465
33476
33490
33500
33518
33538
33554
33566
33572
33580
33587
33596
33610
33617
33634
33652
33660
33685
33697
33710
33726
33735
33741
33756
33767
33778
33783
33799
33806
33813
33831
33852
33857
33865
33877
33888
33900
33921
33940
33953
33959
33984
34004
34010
34022
34027
34039
34054
34073
34078
34085
34096
34101
34115
34135
34158
34175
34192
34203
34221
34238
34256
34268
34278
34302
34315
34321
34337
34351
34359
34376
34387
34413
34424
34452
34476
34485
34503
34509
34525
34535
34566
34584
34590
34611
34629
34638
34650
34675
34687
34707
34715
34729
34745
34751
34780
34789
34799
34813
34845
34867
34886
34896
34908
34925
34944
34958
34986
35005
35023
35038
35057
35071
35081
35100
35121
35134
35152
35167
35182
35191
35202
35208
35220
35234
35243
35277
35285
35320
35338
35352
35362
35373
35389
35400
35417
35427
35434
35445
35465
35483
35493
35504
35516
35523
35531
35542
35550
35588
35604
35628
35639
35669
35682
35694
35722
35737
35747
35755
35778
35788
35811
35828
35834
35844
35863
35887
35900
35914
35925
35941
35946
35964
35973
35991
36007
36014
36026
36036
36053
36062
36079
36094
36114
36134
36159
36176
36201
36212
36242
36262
36275
36290
36307
36320
36329
36345
36359
36381
36394
36421
36443
36450
36459
36466
36496
36508
36524
36538
36544
36581
36589
36599
36624
36635
36649
36683
36694
36710
36734
36748
36767
36780
36792
36805
36817
36823
36828
36835
36843
36865
36870
36897
36912
36928
36948
36953
36982
36996
37011
37017
37047
37061
37068
37084
37103
37111
37123
37155
37161
37199
37220
37229
37238
37249
37261
37268
37292
37301
37320
37337
37359
37376
37396
37403
37421
37436
37459
37464
37477
37491
37501
37524
37547
37555
37579
37606
37621
37628
37650
37662
37681
37696
37705
37710
37722
37742
37753
37770
37778
37789
37802
37814
37824
37834
37847
37863
37885
37891
37899
37912
37921
37930
37940
37953
37970
37994
38018
38026
38032
38038
38044
38057
38070
38086
38095
38111
38119
38125
38133
38146
38164
38180
38202
38214
38226
38240
38263
38277
38293
38320
38340
38356
38376
38385
38407
38412
38430
38449
38465
38480
38489
38503
38518
38546
38554
38563
38584
38592
38606
38615
38629
38640
38657
38669
38679
38708
38724
38747
38762
38782
38800
38814
38830
38837
38861
38892
38899
38926
38935
38945
38956
38971
38986
39004
39014
39049
39054
39061
39075
39093
39102
39114
39125
39141
39169
39174
39189
39207
39212
39228
39251
39268
39277
39284
39301
39312
39321
39342
39367
39383
39396
39409
39425
39432
39446
39451
39456
39461
39494
39513
39526
39539
39556
39563
39569
39593
39620
39627
39656
39675
39690
39706
39732
39741
39759
39791
39802
39832
39845
39866
39872
39892
39899
39925
39943
39964
39989
40005
40021
40033
40047
40068
40089
40107
40115
40145
40158
40176
40208
40217
40225
40241
40254
40267
40273
40283
40296
40319
40341
40355
40385
40398
40411
40430
40436
40444
40468
40484
40497
40511
40532
40538
40556
40569
40584
40599
40611
40616
40630
40643
40670
40679
40689
40706
40717
40724
40745
40758
40764
40771
40781
40796
40814
40834
40859
40873
40890
40908
40928
40951
40961
40975
40998
41015
41022
41033
41043
41052
41079
41088
41095
41122
41132
41142
41159
41176
41195
41214
41220
41237
41259
41269
41276
41288
41298
41317
41342
41357
41375
41384
41406
41433
41451
41461
41479
41503
41512
41530
41544
41563
41576
41593
41628
41641
41649
41663
41674
41697
41707
41721
41731
41746
41752
41770
41777
41785
41802
41812
41833
41852
41868
41888
41908
41918
41926
41949
41958
41971
41977
41994
42003
42032
42045
42058
42091
42102
42112
42127
42135
42149
42157
42181
42187
42208
42221
42240
42264
42289
42303
42316
42339
42357
42365
42387
42405
42425
42435
42446
42464
42481
42505
42517
42543
42555
42574
42593
42608
42622
42640
42646
42658
42671
42677
42699
42707
42731
42745
42754
42762
42779
42806
42814
42828
42841
42875
42885
42901
42907
42928
42942
42958
42969
42978
42990
42998
43019
43033
43054
43074
43082
43088
43118
43142
43156
43161
43177
43198
43213
43232
43241
43252
43277
43292
43303
43309
43316
43340
43347
43360
43367
43377
43395
43410
43425
43443
43452
43479
43489
43497
43513
43531
43545
43559
43566
43585
43606
43612
43637
43662
43679
43700
43709
43735
43741
43749
43770
43786
43804
43817
43833
43858
43875
43898
43913
43925
43945
43969
43983
43999
44011
44021
44030
44036
44052
44066
44083
44091
44098
44106
44115
44124
44145
44151
44158
44188
44214
44227
44238
44251
44264
44272
44283
44302
44323
44330
44354
44366
44377
44389
44396
44404
44414
44433
44441
44447
44478
44483
44488
44507
44512
44534
44544
44552
44569
44590
44599
44616
44626
44640
44646
44655
44668
44679
44687
44693
44698
44708
44717
44737
44763
44777
44785
44802
44821
44835
44844
44859
44885
44895
44918
44931
44960
44979
45004
45010
45024
45036
45065
45076
45092
45100
45133
45145
45154
45164
45188
45208
45215
45223
45234
45243
45268
45277
45293
45310
45329
45337
45356
45384
45390
45399
45414
45426
45433
45470
45479
45500
45516
45525
45536
45554
45564
45576
45590
45603
45612
45627
45637
45650
45660
45681
45691
45707
45735
45752
45760
45777
45792
45812
45820
45826
45848
45858
45883
45905
45937
45956
45970
45981
45987
45995
46009
46024
46045
46056
46064
46078
46096
46117
46137
46147
46154
46169
46193
46205
46214
46246
46254
46274
46285
46293
46302
46311
46332
46340
46353
46365
46386
46398
46406
46435
46443
46459
46466
46488
46493
46498
46511
46526
46535
46544
46555
46584
46595
46600
46616
46623
46633
46640
46655
46661
46672
46679
46692
46708
46725
46747
46756
46768
46786
46802
46819
46832
46844
46857
46868
46876
46892
46899
46913
46925
46934
46946
46957
46978
47007
47019
47035
47055
47064
47095
47106
47117
47123
47131
47142
47154
47172
47181
47204
47216
47233
47258
47265
47284
47294
47309
47328
47340
47347
47357
47371
47376
47385
47397
47409
47428
47443
47451
47459
47471
47505
47525
47535
47549
47558
47565
47575
47589
47596
47613
47627
47635
47649
47659
47667
47687
47706
47724
47734
47756
47771
47787
47803
47822
47833
47854
47865
47873
47894
47916
47934
47952
47960
47971
47978
47991
48000
48008
48047
48066
48083
48100
48112
48122
48133
48141
48161
48172
48180
48194
48213
48226
48234
48248
48259
48279
48288
48319
48330
48348
48373
48384
48397
48415
48427
48437
48460
48473
48483
48496
48512
48532
48542
48560
48577
48593
48604
48614
48632
48653
48669
48685
48707
48719
48733
48758
48766
48777
48794
48804
48819
48836
48869
48874
48881
48893
48913
48928
48939
48963
48976
48990
49000
49014
49025
49033
49039
49045
49055
49073
49079
49098
49108
49131
49136
49158
49171
49190
49207
49215
49221
49229
49237
49253
49267
49281
49290
49302
49319
49330
49349
49366
49385
49413
49421
49447
49453
49459
49469
49485
49502
49508
49533
49548
49558
49572
49591
49599
49612
49626
49639
49660
49670
49700
49721
49726
49734
49751
49769
49785
49806
49811
49827
49843
49852
49872
49884
49891
49916
49921
49928
49934
49952
49966
49978
49999
50028
50046
50052
50057
50079
50087
50112
50139
50158
50171
50176
50196
50205
50226
50237
50270
50281
50305
50318
50343
50353
50360
50376
50388
50402
50426
50436
50447
50474
50490
50502
50518
50531
50552
50568
50575
50612
50625
50632
50643
50666
50676
50688
50694
50720
50742
50755
50771
50782
50799
50821
50837
50865
50875
50903
50913
50920
50939
50949
50971
50982
51009
51032
51040
51067
51080
51095
51112
51126
51141
51164
51174
51179
51191
51203
51216
51225
51253
51273
51279
51295
51308
51330
51338
51353
51362
51372
51382
51391
51400
51413
51421
51438
51448
51483
51490
51509
51526
51542
51558
51573
51591
51610
51623
51633
51646
51662
51687
51701
51710
51729
51746
51762
51772
51793
51803
51815
51822
51850
51870
51886
51894
51904
51929
51953
51961
51971
51982
51998
52021
52043
52058
52068
52075
52089
52101
52113
52132
52150
52163
52170
52181
52202
52224
52249
52269
52277
52296
52316
52327
52353
52372
52379
52406
52437
52444
52455
52472
52481
52499
52509
52539
52544
52572
52582
52597
52631
52638
52656
52668
52696
52705
52726
52732
52739
52760
52773
52787
52808
52825
52838
52849
52854
52870
52887
52897
52918
52927
52967
52975
52988
53011
53030
53038
53045
53059
53079
53086
53105
53129
53136
53151
53177
53191
53202
53221
53245
53270
53287
53303
53319
53346
53357
53364
53382
53399
53418
53426
53434
53457
53494
53503
53518
53541
53558
53584
53592
53618
53641
53649
53663
53669
53689
53700
53718
53736
53752
53759
53781
53787
53798
53805
53811
53817
53845
53862
53889
53904
53919
53935
53966
53974
53992
54001
54008
54018
54045
54069
54081
54088
54111
54132
54141
54152
54187
54194
54215
54223
54247
54258
54265
54284
54295
54320
54333
54348
54363
54372
54383
54389
54409
54434
54440
54460
54482
54497
54506
54524
54534
54554
54562
54574
54597
54604
54612
54639
54659
54676
54690
54721
54745
54755
54776
54781
54804
54812
54845
54858
54869
54891
54924
54941
54953
54961
54970
54991
55010
55027
55034
55059
55065
55079
55096
55112
55124
55142
55165
55174
55202
55208
55222
55244
55259
55276
55295
55317
55345
55369
55385
55391
55410
55418
55443
55471
55484
55503
55520
55528
55542
55547
55552
55566
55585
55593
55615
55624
55636
55656
55668
55686
55699
55723
55738
55767
55779
55799
55805
55818
55824
55840
55846
55858
55879
55894
55918
55932
55958
55965
55986
55997
56026
56036
56053
56068
56074
56099
56113
56127
56149
56155
56179
56200
56217
56239
56247
56255
56272
56297
56305
56318
56348
56355
56384
56402
56407
56413
56420
56435
56446
56464
56494
56506
56516
56532
56558
56566
56580
56589
56598
56623
56637
56659
56678
56697
56716
56726
56746
56756
56782
56807
56816
56831
56850
56858
56864
56872
56879
56891
56896
56919
56929
56950
56956
56973
56982
56996
57023
57029
57038
57050
57061
57078
57097
57116
57140
57153
57168
57178
57194
57210
57227
57240
57263
57277
57291
57300
57310
57331
57357
57372
57383
57389
57399
57410
57424
57434
57446
57466
57475
57486
57509
57514
57537
57548
57567
57572
57583
57593
57616
57629
57645
57656
57675
57696
57707
57725
57746
57758
57769
57782
57799
57813
57825
57840
57855
57866
57898
57913
57924
57944
57955
57965
57972
57985
58007
58023
58037
58047
58064
58074
58090
58099
58118
58129
58149
58165
58171
58199
58221
58231
58238
58252
58271
58277
58282
58294
58316
58327
58340
58354
58380
58395
58415
58420
58440
58453
58480
58491
58500
58518
58537
58546
58555
58564
58572
58579
58592
58611
58626
58653
58659
58674
58695
58710
58722
58753
58769
58791
58813
58818
58833
58841
58852
58862
58877
58911
58922
58929
58949
58970
58983
58995
59006
59027
59045
59075
59083
59102
59116
59125
59136
59156
59171
59184
59194
59203
59216
59235
59242
59260
59274
59303
59310
59319
59331
59348
59357
59371
59393
59415
59431
59439
59457
59479
59488
59495
59517
59546
59557
59569
59599
59624
59646
59651
59663
59674
59699
59708
59726
59740
59760
59786
59810
59818
59833
59838
59860
59880
59898
59924
59934
59940
59947
59973
59990
60001
60011
60022
60033
60051
60081
60109
60116
60125
60137
60145
60155
60169
60183
60207
60222
60250
60264
60281
60304
60312
60324
60332
60342
60352
60368
60375
60383
60397
60404
60416
60436
60456
60472
60483
60503
60526
60548
60555
60575
60598
60616
60625
60645
60659
60679
60695
60716
60734
60743
60749
60761
60785
60805
60815
60835
60853
60862
60883
60900
60915
60937
60945
60963
60983
60990
61010
61026
61036
61045
61059
61074
61086
61102
61123
61144
61155
61176
61187
61198
61207
61215
61235
61244
61262
61268
61276
61285
61294
61307
61340
61360
61387
61400
61416
61422
61431
61459
61493
61506
61518
61526
61533
61568
61583
61598
61614
61622
61645
61659
61684
61693
61708
61726
61738
61750
61760
61768
61773
61787
61808
61820
61831
61858
61870
61889
61897
61911
61925
61935
61970
61975
61993
62009
62029
62043
62054
62076
62082
62107
62116
62129
62150
62164
62180
62196
62202
62210
62230
62239
62261
62278
62299
62306
62323
62337
62363
62377
62407
62420
62438
62451
62469
62494
62510
62531
62542
62557
62585
62591
62602
62610
62631
62640
62662
62674
62682
62695
62714
62735
62743
62753
62761
62780
62794
62807
62819
62850
62856
62862
62876
62914
62939
62958
62988
63011
63020
63049
63058
63067
63077
63086
63099
63112
63120
63126
63149
63158
63175
63185
63201
63215
63231
63243
63274
63287
63296
63317
63330
63339
63356
63361
63371
63376
63385
63391
63422
63435
63454
63461
63479
63493
63502
63514
63526
63538
63559
63582
63588
63594
63610
63627
63646
63666
63682
63703
63711
63724
63737
63761
63766
63773
63781
63791
63801
63807
63828
63835
63849
63871
63883
63900
63914
63926
63936
63960
63979
63991
64004
64017
64035
64044
64068
64079
64090
64100
64109
64119
64126
64133
64144
64150
64167
64185
64191
64216
64233
64256
64283
64290
64298
64307
64317
64328
64342
64362
64384
64397
64414
64433
64443
64449
64468
64489
64509
64520
64535
64558
64570
64589
64608
64617
64634
64653
64665
64676
64696
64709
64732
64738
64760
64779
64786
64793
64800
64809
64819
64830
64839
64845
64871
64877
64907
64913
64920
64936
64964
64978
64984
64991
65000
65037
65049
65058
65083
65091
65096
65105
65123
65138
65146
65154
65166
65186
65208
65214
65230
65240
65247
65271
65295
65303
65326
65333
65350
65365
65381
65404
65412
65426
65438
65459
65469
65476
65486
65503
65519
65542
65562
65577
65586
65602
65613
65633
65663
65684
65701
65715
65731
65738
65765
65778
65808
65822
65840
65853
65864
65895
65906
65925
65946
65959
65980
65997
66015
66036
66059
66069
66095
66100
66113
66141
66149
66160
66173
66180
66192
66206
66215
66231
66253
66260
66265
66271
66280
66304
66317
66328
66339
66358
66364
66373
66393
66398
66415
66427
66432
66440
66445
66450
66458
66473
66487
66507
66530
66535
66556
66572
66592
66606
66621
66642
66658
66674
66686
66698
66713
66732
66742
66767
66786
66810
66819
66835
66841
66856
66879
66892
66908
66931
66945
66950
66958
66970
66990
67007
67024
67033
67041
67062
67079
67088
67100
67119
67142
67150
67162
67187
67199
67205
67211
67223
67244
67267
67282
67297
67315
67338
67350
67376
67395
67409
67417
67437
67453
67468
67488
67499
67521
67528
67555
67563
67579
67596
67614
67624
67638
67654
67673
67687
67697
67719
67738
67752
67762
67777
67798
67809
67823
67837
67852
67868
67874
67881
67890
67898
67904
67933
67939
67956
67961
67966
67981
67996
68009
68025
68037
68063
68078
68087
68108
68118
68135
68149
68179
68185
68194
68212
68224
68231
68242
68250
68287
68306
68311
68330
68364
68380
68389
68415
68424
68444
68461
68480
68498
68508
68515
68531
68547
68557
68573
68589
68602
68613
68629
68635
68661
68675
68687
68703
68718
68727
68735
68749
68760
68779
68806
68819
68850
68856
68892
68915
68920
68932
68942
68955
68971
68986
68992
69010
69018
69046
69067
69084
69090
69102
69122
69144
69168
69182
69194
69211
69221
69226
69258
69274
69293
69303
69326
69338
69353
69375
69381
69388
69397
69409
69427
69440
69464
69476
69484
69492
69503
69524
69539
69546
69566
69572
69586
69593
69627
69654
69675
69687
69694
69715
69724
69736
69746
69756
69781
69790
69814
69836
69848
69854
69862
69870
69889
69897
69915
69933
69939
69977
69985
69990
70009
70024
70043
70055
70068
70073
70081
70100
70122
70141
70146
70164
70181
70198
70226
70232
70241
70268
70290
70311
70318
70339
70359
70374
70382
70395
70415
70435
70462
70472
70483
70502
70520
70538
70550
70568
70585
70591
70605
70619
70640
70653
70680
70692
70703
70712
70741
70750
70774
70795
70810
70819
70831
70847
70859
70882
70898
70904
70913
70932
70939
70944
70955
70963
70973
70988
71000
71007
71012
71028
71044
71058
71068
71086
71091
71104
71126
71144
71159
71170
71186
71191
71217
71236
71248
71275
71285
71292
71310
71333
71346
71351
71368
71394
71408
71420
71443
71457
71483
71508
71526
71553
71569
71575
71584
71595
71608
71622
71632
71641
71651
71666
71685
71694
71712
71737
71742
71758
71773
71781
71795
71804
71812
71822
71827
71860
71866
71886
71900
71917
71933
71944
71951
71964
71978
71989
71994
72000
72006
72016
72041
72068
72078
72094
72121
72126
72143
72151
72165
72178
72195
72206
72218
72225
72233
72247
72254
72276
72287
72307
72326
72337
72347
72353
72362
72387
72405
72417
72438
72467
72484
72507
72524
72546
72558
72565
72574
72581
72590
72599
72615
72630
72646
72657
72664
72682
72696
72702
72708
72719
72742
72756
72774
72790
72811
72820
72829
72850
72859
72869
72877
72890
72902
72917
72923
72935
72957
72971
72984
72991
73004
73034
73039
73068
73078
73089
73114
73128
73145
73153
73163
73177
73190
73205
73219
73231
73254
73274
73288
73312
73327
73338
73364
73378
73390
73417
73426
73431
73436
73456
73470
73486
73501
73515
73528
73546
73569
73590
73608
73622
73642
73649
73672
73695
73704
73714
73737
73752
73763
73780
73800
73810
73834
73845
73864
73888
73903
73919
73940
73960
73972
73998
74005
74019
74036
74044
74070
74083
74105
74118
74147
74155
74182
74197
74202
74212
74221
74227
74241
74261
74285
74311
74326
74340
74372
74396
74414
74423
74431
74449
74480
74490
74506
74519
74532
74549
74565
74579
74593
74600
74622
74641
74648
74666
74682
74706
74719
74748
74757
74778
74793
74816
74823
74841
74851
74879
74900
74927
74941
74966
74981
74998
75017
75030
75053
75061
75085
75098
75122
75148
75160
75175
75181
75201
75210
75229
75241
75258
75275
75308
75314
75338
75347
75360
75395
75412
75420
75433
75440
75468
75475
75498
75503
75520
75545
75559
75566
75576
75593
75605
75615
75620
75628
75658
75669
75689
75702
75723
75733
75747
75762
75767
75788
75794
75802
75833
75851
75866
75877
75885
75898
75913
75926
75933
75950
75968
75981
75988
76008
76034
76059
76066
76086
76101
76114
76129
76144
76161
76180
76205
76217
76229
76245
76254
76262
76271
76291
76307
76315
76330
76339
76353
76360
76365
76381
76407
76425
76447
76457
76481
76489
76508
76531
76552
76560
76582
76600
76607
76630
76642
76654
76662
76679
76689
76708
76733
76749
76768
76788
76818
76833
76843
76857
76862
76873
76885
76908
76922
76939
76958
76963
76972
76988
77005
77014
77027
77035
77043
77062
77094
77102
77118
77143
77157
77166
77177
77193
77205
77232
77246
77263
77281
77301
77316
77340
77350
77367
77387
77406
77412
77419
77439
77448
77464
77472
77485
77501
77506
77513
77523
77539
77550
77568
77583
77602
77613
77644
77653
77671
77692
77712
77731
77753
77776
77794
77815
77827
77835
77849
77861
77890
77905
77915
77933
77953
77961
77975
77980
77986
78013
78030
78054
78081
78087
78100
78119
78135
78143
78161
78183
78196
78210
78222
78231
78255
78265
78273
78291
78311
78330
78343
78369
78387
78412
78420
78427
78449
78466
78477
78492
78497
78505
78514
78524
78547
78555
78577
78586
78595
78604
78613
78635
78661
78674
78688
78710
78716
78731
78751
78767
78780
78789
78805
78816
78823
78843
78869
78884
78890
78914
78929
78935
78954
78962
78976
78994
79007
79015
79048
79062
79079
79092
79104
79118
79131
79166
79175
79200
79213
79225
79244
79250
79270
79277
79286
79308
79329
79346
79376
79394
79408
79427
79438
79444
79453
79473
79492
79519
79526
79531
79559
79571
79596
79604
79631
79652
79663
79682
79696
79704
79710
79717
79736
79752
79766
79773
79787
79805
79821
79839
79852
79870
79892
79907
79915
79936
79954
79965
79973
79996
80009
80029
80039
80065
80072
80092
80110
80118
80123
80132
80153
80158
80166
80192
80209
80224
80247
80267
80288
80310
80327
80351
80372
80394
80401
80419
80432
80445
80464
80480
80496
80517
80531
80537
80557
80579
80592
80601
80613
80625
80636
80664
80675
80693
80699
80723
80734
80747
80752
80769
80788
80803
80817
80838
80863
80876
80902
80924
80934
80949
80964
80985
81010
81038
81054
81063
81072
81098
81116
81140
81153
81185
81196
81213
81220
81226
81234
81258
81263
81280
81295
81304
81316
81331
81343
81358
81370
81387
81396
81407
81412
81430
81445
81462
81478
81505
81513
81525
81541
81565
81578
81597
81614
81639
81656
81677
81694
81704
81715
81723
81746
81758
81773
81783
81800
81824
81835
81848
81861
81878
81886
81891
81897
81908
81925
81931
81951
81969
81977
81991
82000
82011
82032
82041
82058
82066
82090
82111
82119
82126
82153
82169
82176
82190
82205
82218
82243
82253
82268
82280
82294
82307
82321
82344
82357
82373
82387
82400
82410
82417
82430
82438
82447
82460
82468
82476
82485
82494
82504
82522
82531
82553
82561
82596
82622
82631
82641
82655
82661
82682
82708
82720
82746
82768
82775
82790
82813
82830
82836
82854
82870
82878
82901
82917
82944
82958
82988
83012
83017
83030
83046
83061
83067
83072
83078
83086
83109
83126
83143
83164
83172
83183
83205
83227
83246
83257
83275
83289
83303
83315
83332
83338
83358
83379
83393
83409
83428
83448
83464
83472
83477
83485
83505
83519
83525
83532
83550
83575
83597
83607
83621
83626
83641
83654
83661
83667
83692
83698
83715
83727
83745
83752
83762
83780
83793
83814
83830
83837
83844
83851
83880
83905
83925
83949
83960
83993
84010
84015
84032
84046
84051
84064
84084
84095
84122
84138
84158
84168
84194
84210
84221
84242
84254
84276
84284
84289
84308
84320
84331
84355
84370
84382
84398
84412
84428
84440
84468
84485
84514
84527
84543
84552
84577
84594
84610
84616
84630
84649
84683
84690
84703
84723
84739
84755
84772
84784
84807
84829
84848
84860
84873
84887
84909
84914
84920
84926
84946
84960
84978
84993
85004
85015
85025
85033
85054
85062
85070
85093
85109
85127
85137
85145
85157
85162
85175
85186
85203
85209
85220
85230
85253
85259
85266
85283
85297
85315
85329
85350
85361
85367
85377
85393
85415
85430
85458
85478
85496
85516
85530
85547
85568
85582
85595
85617
85635
85653
85663
85679
85691
85721
85729
85749
85776
85799
85805
85810
85834
85852
85875
85889
85897
85918
85939
85950
85961
85976
85996
86009
86019
86043
86056
86075
86091
86101
86114
86128
86136
86146
86160
86189
86205
86227
86245
86259
86280
86290
86295
86312
86330
86344
86354
86375
86386
86419
86428
86461
86470
86476
86490
86504
86519
86539
86554
86565
86593
86611
86616
86621
86635
86661
86683
86690
86698
86714
86727
86736
86748
86770
86787
86801
86816
86827
86848
86865
86878
86890
86903
86921
86933
86956
86977
87000
87017
87036
87048
87055
87073
87091
87101
87116
87126
87137
87147
87158
87180
87186
87196
87206
87212
87253
87261
87295
87324
87335
87350
87363
87374
87382
87401
87426
87443
87461
87475
87488
87496
87521
87543
87550
87561
87576
87596
87617
87623
87631
87646
87656
87673
87700
87720
87729
87744
87772
87794
87809
87839
87852
87866
87874
87895
87909
87921
87927
87959
87975
87986
88013
88027
88046
88052
88057
88081
88111
88120
88139
88146
88151
88170
88175
88181
88203
88213
88224
88235
88253
88268
88287
88300
88305
88314
88338
88357
88366
88385
88392
88419
88439
88450
88458
88469
88483
88508
88515
88520
88529
88548
88560
88571
88595
88623
88632
88659
88676
88696
88706
88715
88740
88751
88775
88800
88817
88827
88860
88872
88880
88898
88917
88932
88946
88971
88979
89004
89017
89024
89052
89066
89084
89089
89116
89123
89132
89152
89164
89191
89205
89212
89218
89237
89256
89276
89295
89305
89336
89356
89370
89380
89401
89414
89436
89442
89449
89473
89483
89492
89521
89532
89551
89564
89580
89598
89619
89625
89635
89660
89669
89696
89712
89739
89756
89768
89795
89806
89818
89839
89849
89855
89879
89886
89901
89918
89948
89963
89977
89995
90011
90035
90046
90067
90076
90089
90105
90125
90148
90159
90181
90189
90210
90232
90244
90262
90275
90291
90297
90315
90333
90362
90370
90385
90408
90419
90435
90445
90462
90473
90483
90492
90513
90523
90542
90552
90571
90582
90608
90617
90631
90640
90667
90680
90699
90711
90717
90739
90754
90766
90784
90809
90826
90839
90868
90894
90906
90915
90925
90938
90949
90964
90973
90996
91014
91028
91044
91064
91072
91092
91103
91132
91160
91170
91180
91204
91214
91227
91239
91249
91280
91293
91316
91322
91341
91358
91381
91410
91436
91445
91456
91467
91483
91492
91510
91524
91537
91563
91585
91591
91605
91617
91632
91656
91662
91686
91703
91714
91742
91752
91770
91778
91787
91795
91803
91812
91818
91838
91858
91873
91880
91897
91905
91917
91932
91951
91973
91989
92011
92031
92053
92064
92080
92102
92112
92123
92130
92142
92164
92185
92198
92220
92239
92266
92277
92284
92302
92339
92347
92360
92388
92399
92414
92423
92454
92473
92486
92500
92518
92527
92544
92561
92575
92591
92604
92623
92642
92650
92658
92677
92703
92710
92732
92751
92761
92770
92784
92800
92823
92841
92869
92886
92903
92916
92922
92949
92962
92968
92976
92994
93003
93028
93035
93041
93051
93065
93076
93087
93092
93108
93126
93144
93161
93166
93174
93202
93226
93244
93253
93277
93283
93305
93318
93325
93354
93377
93402
93413
93429
93439
93450
93465
93484
93490
93503
93535
93556
93566
93583
93592
93600
93612
93629
93636
93647
93655
93664
93682
93693
93724
93735
93742
93761
93790
93811
93825
93839
93856
93875
93891
93921
93952
93967
93977
93988
94005
94011
94020
94050
94057
94068
94075
94087
94102
94121
94137
94156
94167
94173
94178
94208
94229
94242
94251
94267
94283
94293
94303
94316
94333
94355
94362
94371
94389
94400
94406
94423
94431
94456
94467
94491
94504
94518
94550
94567
94581
94599
94611
94628
94640
94665
94677
94689
94702
94714
94739
94748
94773
94782
94795
94827
94842
94847
94869
94887
94903
94915
94935
94961
94971
94995
95001
95017
95032
95041
95049
95070
95089
95107
95128
95149
95166
95187
95195
95219
95229
95247
95253
95266
95289
95296
95319
95330
95352
95367
95376
95386
95409
95417
95423
95431
95455
95478
95491
95506
95514
95528
95541
95552
95564
95569
95580
95595
95606
95629
95638
95654
95670
95690
95702
95726
95733
95753
95764
95778
95788
95798
95812
95818
95839
95856
95869
95882
95924
95932
95944
95962
95974
95998
96003
96018
96027
96033
96047
96057
96071
96083
96092
96122
96137
96160
96165
96182
96189
96209
96218
96240
96257
96273
96302
96318
96340
96362
96382
96388
96397
96425
96430
96452
96474
96499
96519
96529
96548
96570
96581
96593
96607
96632
96649
96668
96676
96686
96709
96730
96752
96757
96783
96791
96796
96821
96831
96850
96865
96880
96903
96926
96932
96944
96950
96977
96984
96997
97013
97028
97057
97067
97077
97092
97097
97110
97132
97138
97152
97174
97186
97206
97215
97231
97250
97261
97270
97289
97294
97313
97318
97336
97353
97359
97381
97397
97409
97423
97446
97451
97463
97479
97491
97497
97507
97524
97545
97558
97578
97589
97612
97623
97635
97662
97668
