Primero viene la cantidad (n) de timestamps para ambos, luego n líneas que son un timestamp aproximado cada uno separado por una coma (',') del error, y luego n lineas de las transacciones del sospechoso
7005
1,0
12,6
32,10
49,2
61,6
73,1
89,10
109,5
126,8
141,2
155,7
167,1
176,4
186,1
194,2
203,2
213,3
223,2
235,5
249,5
260,2
277,10
297,6
311,3
324,5
342,8
355,0
363,4
374,2
386,5
397,1
405,2
414,2
425,4
437,4
453,7
471,7
489,7
509,8
523,1
536,8
549,1
562,8
577,2
593,9
609,2
625,9
645,7
662,6
677,5
692,6
711,9
729,4
740,2
757,10
781,9
804,10
828,9
843,2
854,4
871,9
888,4
904,8
926,10
946,5
966,10
986,5
1005,9
1025,7
1038,1
1054,10
1070,1
1082,6
1094,1
1100,1
1106,0
1114,3
1124,2
1131,1
1139,2
1150,5
1160,1
1173,8
1193,7
1210,5
1228,9
1244,2
1258,7
1273,4
1285,4
1304,10
1322,3
1333,4
1348,7
1364,4
1375,3
1393,10
1418,10
1433,0
1444,6
1463,9
1481,5
1494,4
1507,5
1522,6
1542,9
1556,0
1562,1
1575,7
1594,7
1613,8
1628,3
1641,5
1655,5
1668,4
1682,5
1693,2
1709,9
1732,10
1757,10
1781,9
1803,9
1826,9
1841,2
1853,5
1864,2
1875,4
1893,9
1910,4
1920,1
1935,9
1956,7
1971,3
1984,6
2004,9
2022,5
2032,1
2038,0
2045,3
2055,3
2068,5
2083,6
2097,3
2113,9
2132,6
2145,3
2156,3
2169,6
2182,3
2196,7
2216,8
2231,2
2240,2
2251,4
2263,3
2279,9
2303,10
2323,6
2337,3
2354,9
2373,5
2386,3
2401,8
2414,0
2422,3
2431,2
2438,1
2448,5
2461,3
2475,7
2491,4
2504,4
2517,4
2531,5
2543,3
2560,10
2576,1
2583,1
2591,3
2609,10
2629,5
2642,4
2659,9
2674,1
2681,2
2691,4
2710,10
2734,10
2758,9
2775,3
2790,8
2809,6
2824,5
2835,1
2850,9
2870,6
2890,9
2906,3
2915,2
2929,8
2952,10
2976,9
2991,2
3006,8
3024,5
3043,9
3057,1
3067,5
3086,10
3110,9
3134,10
3153,5
3171,9
3191,6
3211,10
3232,6
3244,1
3251,1
3263,6
3278,4
3292,5
3305,4
3317,4
3327,2
3338,5
3348,1
3363,10
3386,9
3410,10
3428,4
3445,9
3468,9
3482,0
3489,3
3502,6
3516,4
3533,9
3557,10
3577,5
3589,2
3601,5
3620,10
3638,4
3652,5
3664,2
3674,3
3683,1
3697,9
3713,2
3729,10
3751,8
3764,0
3771,3
3784,5
3797,4
3815,9
3834,5
3851,7
3872,9
3893,7
3913,9
3934,8
3953,6
3967,4
3981,5
3997,7
4016,8
4029,1
4036,1
4044,2
4057,7
4077,8
4099,10
4115,2
4124,2
4140,10
4161,6
4180,8
4193,1
4206,8
4228,9
4247,6
4264,7
4284,9
4301,3
4310,1
4316,0
4322,2
4332,3
4340,1
4351,6
4362,1
4374,7
4396,10
4417,7
4433,4
4450,8
4466,4
4479,4
4490,2
4506,10
4527,7
4547,9
4565,5
4575,0
4582,2
4595,6
4612,7
4628,4
4639,3
4653,6
4670,6
4684,4
4694,1
4704,4
4715,2
4727,6
4747,10
4764,3
4779,7
4800,9
4814,0
4823,5
4834,2
4847,7
4863,4
4882,10
4902,5
4914,2
4925,5
4943,8
4959,3
4974,8
4989,3
4999,3
5010,4
5023,4
5032,0
5040,4
5049,1
5059,5
5075,6
5094,9
5115,7
5131,4
5146,6
5167,10
5183,2
5196,7
5213,6
5231,7
5249,7
5261,0
5268,3
5285,10
5308,9
5331,10
5351,6
5366,5
5386,10
5401,0
5413,7
5431,7
5448,5
5464,6
5478,4
5495,9
5515,6
5526,0
5531,0
5541,6
5554,2
5566,5
5577,1
5585,2
5596,4
5611,6
5624,2
5637,6
5649,2
5666,10
5691,10
5707,2
5722,8
5737,2
5744,0
5752,4
5770,10
5794,10
5818,9
5840,8
5855,3
5871,9
5886,2
5902,9
5918,2
5927,3
5944,10
5966,7
5979,1
5986,2
5998,6
6012,4
6028,7
6046,6
6057,0
6063,2
6080,10
6104,9
6121,3
6131,2
6145,7
6161,4
6170,1
6185,9
6204,5
6215,1
6230,9
6247,3
6263,9
6287,10
6302,0
6315,9
6330,2
6343,7
6362,7
6374,0
6383,4
6395,3
6408,5
6419,1
6426,1
6440,8
6455,3
6465,2
6472,1
6481,3
6494,5
6512,9
6528,3
6542,6
6557,5
6574,7
6594,8
6615,9
6630,1
6645,9
6661,2
6669,1
6675,1
6689,8
6702,1
6710,2
6722,5
6733,1
6746,7
6758,1
6769,6
6781,2
6790,3
6806,8
6826,8
6840,1
6847,1
6857,4
6868,3
6879,3
6889,2
6902,7
6919,6
6937,8
6959,10
6977,3
6995,10
7011,1
7020,3
7033,5
7048,6
7060,1
7074,8
7087,0
7101,10
7119,4
7135,8
7148,0
7157,5
7170,4
7180,1
7192,6
7210,8
7224,2
7241,10
7258,3
7267,2
7279,5
7297,9
7311,1
7318,1
7333,10
7349,2
7366,10
7383,2
7393,4
7408,6
7428,10
7450,8
7472,10
7487,1
7498,6
7517,9
7541,10
7564,8
7577,1
7591,8
7604,0
7615,6
7628,3
7637,1
7647,5
7662,6
7676,4
7694,10
7714,6
7730,5
7747,8
7762,3
7772,2
7784,6
7796,1
7802,1
7817,10
7842,10
7865,8
7879,1
7893,8
7914,8
7928,1
7939,5
7955,7
7976,10
7991,1
8000,3
8013,5
8027,5
8047,10
8063,2
8079,9
8099,6
8120,10
8140,5
8150,0
8156,2
8164,2
8179,8
8195,3
8208,6
8225,6
8238,3
8251,5
8270,9
8286,2
8301,9
8323,8
8346,10
8361,0
8371,6
8390,8
8409,6
8420,1
8432,7
8444,1
8451,1
8464,8
8486,9
8507,7
8522,4
8537,7
8554,5
8568,5
8580,3
8589,2
8597,2
8610,6
8623,2
8631,2
8645,8
8665,8
8684,7
8701,6
8718,7
8730,1
8741,5
8761,10
8779,3
8793,7
8806,1
8813,1
8829,10
8846,2
8855,3
8868,5
8878,0
8884,2
8898,7
8912,2
8921,3
8934,5
8954,10
8976,7
8989,2
8998,3
9006,1
9012,1
9018,0
9025,2
9033,1
9045,7
9063,7
9076,1
9084,3
9098,7
9111,1
9124,7
9141,6
9158,7
9178,9
9192,0
9197,1
9205,3
9220,8
9239,6
9259,10
9277,4
9287,1
9301,8
9315,2
9323,1
9334,6
9347,3
9359,4
9371,3
9381,2
9391,3
9400,1
9410,5
9427,8
9448,8
9463,2
9472,2
9486,8
9499,0
9513,10
9528,0
9534,2
9544,3
9558,7
9574,4
9584,2
9598,8
9613,2
9622,3
9640,10
9664,10
9686,8
9708,10
9733,10
9748,0
9755,3
9769,7
9788,7
9801,2
9816,9
9837,8
9852,3
9860,1
9866,1
9878,7
9890,1
9897,1
9910,7
9925,4
9935,2
9948,6
9967,8
9989,10
10004,0
10017,8
10030,0
10041,7
10061,8
10077,3
10086,2
10095,2
10106,4
10117,2
10131,7
10143,0
10153,5
10163,0
10173,6
10192,9
10210,5
10225,6
10240,4
10255,7
10275,9
10289,0
10299,5
10311,3
10321,3
10329,0
10334,1
10341,2
10353,5
10368,6
10389,10
10406,2
10413,1
10426,7
10446,8
10463,4
10482,10
10500,3
10512,4
10531,10
10552,7
10565,1
10578,7
10591,2
10604,7
10624,8
10643,7
10656,2
10665,2
10679,7
10695,5
10709,5
10729,10
10751,7
10768,5
10784,7
10801,5
10820,10
10836,1
10844,3
10861,10
10885,10
10903,3
10912,2
10919,1
10935,10
10956,6
10972,5
10991,10
11011,5
11026,6
11044,7
11060,4
11078,9
11101,10
11118,3
11134,9
11156,8
11179,10
11196,3
11212,8
11227,3
11242,8
11258,3
11269,3
11284,8
11303,6
11315,1
11329,9
11344,1
11356,7
11377,10
11393,1
11403,5
11415,3
11425,3
11441,9
11464,10
11488,9
11507,6
11527,10
11549,7
11571,10
11589,4
11605,8
11628,10
11648,6
11664,6
11680,6
11698,8
11717,7
11729,1
11739,4
11751,3
11760,1
11772,7
11790,7
11812,10
11828,1
11834,1
11848,8
11861,0
11866,1
11878,7
11897,7
11911,3
11924,6
11938,4
11947,0
11957,6
11975,7
11990,3
12007,10
12027,5
12044,7
12057,1
12072,10
12096,10
12116,5
12136,10
12160,10
12176,2
12184,2
12200,9
12222,9
12236,0
12247,6
12267,9
12284,3
12296,5
12308,3
12324,8
12343,6
12358,4
12367,1
12374,1
12380,0
12386,2
12397,4
12408,3
12426,10
12451,10
12473,8
12494,8
12516,10
12532,1
12548,10
12567,5
12579,3
12596,10
12614,3
12623,2
12635,5
12650,6
12669,9
12683,1
12696,8
12712,4
12726,5
12746,10
12765,4
12779,6
12797,8
12814,4
12823,1
12837,9
12854,3
12867,6
12878,0
12887,5
12906,10
12923,2
12933,3
12944,3
12958,6
12977,9
12997,6
13012,4
13031,10
13049,4
13063,6
13078,4
13088,2
13096,2
13111,9
13128,3
13144,9
13160,2
13168,1
13182,8
13199,4
13216,8
13232,3
13245,6
13262,7
13278,5
13289,2
13300,4
13317,8
13334,4
13344,1
13355,6
13368,2
13379,5
13395,6
13409,4
13420,3
13433,6
13450,6
13471,10
13495,9
13516,7
13531,3
13539,0
13548,4
13557,0
13569,7
13588,8
13604,3
13612,1
13621,4
13636,6
13649,2
13664,9
13683,6
13701,7
13723,10
13740,3
13754,7
13770,5
13780,0
13790,5
13803,3
13817,6
13834,7
13852,6
13868,6
13884,6
13899,5
13919,10
13942,8
13962,7
13979,6
14000,10
14016,2
14030,8
14049,6
14069,9
14091,9
14110,5
14127,7
14144,6
14163,9
14179,3
14190,3
14206,9
14228,9
14249,7
14263,2
14270,0
14280,6
14296,6
14314,7
14328,3
14339,4
14351,3
14361,3
14373,4
14386,5
14405,9
14425,6
14444,8
14458,1
14465,2
14479,7
14493,2
14500,1
14510,5
14521,2
14531,3
14542,4
14560,9
14578,5
14592,5
14608,6
14626,8
14646,8
14665,6
14676,1
14690,8
14703,0
14712,5
14726,5
14738,2
14750,5
14761,2
14778,10
14794,2
14801,1
14813,7
14827,3
14843,8
14857,1
14866,3
14879,6
14898,8
14916,5
14926,1
14940,9
14963,10
14981,3
14990,2
15006,9
15029,9
15046,4
15058,3
15073,8
15095,10
15120,10
15139,5
15151,2
15159,2
15168,3
15180,4
15190,2
15202,5
15221,10
15241,6
15257,6
15276,8
15296,8
15317,9
15335,5
15345,1
15357,6
15376,8
15398,9
15414,3
15422,0
15432,6
15453,10
15470,3
15485,8
15500,3
15516,9
15534,5
15553,10
15576,9
15597,8
15615,5
15634,9
15656,9
15674,5
15692,8
15714,10
15738,10
15759,6
15771,2
15780,2
15787,0
15801,10
15820,5
15830,0
15841,6
15861,10
15880,5
15892,3
15904,4
15920,8
15940,7
15958,6
15978,9
15995,3
16012,9
16034,8
16056,9
16074,5
16092,9
16110,5
16126,6
16147,10
16162,1
16172,4
16187,6
16206,9
16226,6
16246,10
16268,8
16289,9
16303,1
16315,6
16335,10
16353,4
16369,7
16384,3
16398,7
16419,10
16443,9
16464,8
16479,2
16486,1
16500,9
16520,6
16539,8
16555,4
16574,10
16593,5
16611,8
16627,4
16641,5
16660,9
16677,3
16693,9
16715,9
16737,8
16754,5
16768,4
16777,1
16783,0
16795,8
16810,2
16820,3
16828,0
16840,7
16856,5
16871,6
16886,4
16904,10
16925,6
16943,7
16955,0
16969,10
16987,3
16998,4
17010,4
17020,1
17032,6
17051,9
17066,1
17080,8
17096,3
17110,6
17124,3
17132,0
17138,1
17151,8
17168,5
17184,7
17196,1
17206,5
17221,6
17237,5
17250,4
17268,10
17287,5
17300,3
17310,3
17318,1
17328,5
17339,2
17350,4
17366,7
17381,4
17397,7
17409,1
17415,0
17428,8
17442,1
17450,3
17462,5
17479,7
17492,2
17500,1
17516,10
17535,5
17554,9
17573,6
17590,7
17603,2
17615,6
17633,7
17645,0
17651,2
17661,3
17669,1
17680,5
17690,1
17705,10
17724,4
17735,3
17747,4
17765,9
17782,4
17794,4
17811,8
17832,8
17848,3
17865,9
17888,9
17904,3
17915,3
17933,10
17950,2
17966,10
17985,4
17994,1
18010,10
18030,5
18047,8
18065,5
18078,4
18090,4
18106,8
18128,10
18144,2
18158,8
18178,8
18198,8
18221,10
18241,6
18253,2
18263,3
18272,1
18286,9
18302,2
18312,3
18322,2
18336,7
18357,10
18382,10
18402,6
18418,5
18430,2
18443,6
18462,8
18477,2
18491,8
18509,5
18527,8
18543,4
18559,8
18572,0
18587,10
18603,2
18618,9
18637,5
18649,2
18659,3
18672,5
18689,7
18710,9
18733,10
18757,10
18773,2
18785,5
18800,6
18820,9
18834,0
18845,6
18862,6
18880,8
18903,10
18923,5
18934,2
18945,4
18962,8
18981,6
18998,7
19010,1
19023,7
19036,1
19046,4
19062,8
19082,8
19096,1
19109,8
19122,0
19127,0
19138,7
19150,0
19158,4
19174,7
19193,7
19213,8
19235,9
19255,7
19268,2
19279,4
19288,1
19303,10
19318,0
19325,3
19333,0
19339,1
19345,1
19360,10
19377,3
19394,9
19410,3
19422,5
19440,9
19459,6
19479,10
19504,10
19523,5
19542,9
19563,7
19580,5
19593,4
19603,1
19612,3
19624,5
19642,8
19656,2
19672,10
19695,9
19712,4
19724,4
19742,9
19762,6
19775,2
19782,1
19788,0
19800,8
19817,4
19828,2
19844,9
19859,1
19866,2
19878,6
19897,9
19913,2
19927,7
19945,7
19965,9
19981,3
19999,10
20017,4
20034,8
20054,8
20068,1
20083,10
20103,5
20117,5
20133,7
20148,4
20162,5
20181,9
20202,8
20223,9
20237,0
20251,10
20272,7
20285,1
20297,7
20314,5
20334,10
20353,5
20372,10
20392,5
20407,6
20422,4
20431,1
20446,9
20461,1
20474,8
20495,8
20516,8
20535,6
20550,4
20566,7
20579,2
20587,2
20602,9
20624,9
20640,3
20649,1
20655,1
20667,6
20678,1
20689,5
20709,10
20731,7
20751,9
20766,1
20776,5
20789,3
20806,9
20827,7
20841,2
20854,6
20874,9
20889,2
20896,0
20904,4
20921,9
20941,7
20956,4
20971,6
20983,2
20998,8
21020,9
21039,6
21054,4
21067,4
21083,8
21104,8
21121,4
21132,2
21149,10
21172,9
21192,6
21206,3
21221,8
21237,3
21252,8
21273,9
21294,7
21308,3
21323,8
21336,1
21349,8
21364,3
21377,5
21387,0
21396,4
21411,7
21428,5
21440,2
21450,4
21466,7
21483,6
21496,3
21510,7
21524,3
21532,0
21545,8
21566,8
21588,10
21613,10
21633,6
21649,5
21661,2
21668,0
21674,2
21687,6
21700,3
21717,9
21734,3
21750,9
21768,5
21785,8
21798,0
21805,2
21817,6
21832,5
21843,2
21852,2
21862,3
21870,0
21879,5
21893,4
21905,4
21918,5
21928,0
21933,0
21947,9
21962,2
21974,6
21990,6
22010,9
22031,7
22048,6
22067,9
22082,1
22097,9
22115,5
22125,1
22136,6
22149,2
22159,4
22172,5
22185,3
22193,0
22207,10
22222,1
22234,6
22254,10
22274,6
22294,9
22312,5
22326,5
22341,6
22354,3
22366,4
22375,0
22384,4
22397,5
22414,7
22428,2
22436,1
22452,10
22474,8
22496,10
22518,7
22530,1
22540,5
22555,6
22566,1
22579,8
22596,5
22614,8
22632,6
22651,9
22671,6
22691,10
22714,8
22733,6
22753,10
22772,5
22791,9
22810,5
22821,1
22837,10
22853,2
22868,8
22886,5
22899,4
22909,2
22918,2
22925,1
22933,2
22949,10
22964,0
22976,8
22997,9
23018,7
23032,3
23042,2
23050,2
23060,3
23071,4
23084,4
23093,0
23103,5
23123,10
23139,1
23152,7
23164,1
23174,5
23188,5
23200,3
23209,2
23216,1
23225,4
23239,5
23257,8
23277,8
23299,10
23321,7
23337,4
23356,10
23379,9
23397,4
23409,3
23427,10
23445,4
23460,6
23478,7
23496,7
23517,9
23540,10
23557,3
23567,2
23583,9
23602,6
23617,5
23631,4
23649,10
23669,5
23679,1
23689,4
23699,1
23709,5
23725,7
23741,4
23756,6
23767,1
23773,0
23785,8
23800,3
23809,1
23819,5
23832,3
23843,3
23859,8
23874,3
23888,6
23906,7
23928,10
23946,4
23958,4
23976,10
23997,7
24017,8
24033,4
24042,0
24056,9
24072,2
24087,8
24101,2
24110,3
24119,1
24134,10
24154,5
24169,5
24188,9
24202,1
24211,4
24224,5
24240,7
24256,4
24273,9
24292,6
24306,4
24324,9
24347,10
24368,7
24385,5
24402,8
24424,10
24440,1
24451,5
24471,10
24494,9
24512,4
24525,4
24540,6
24556,6
24576,10
24601,10
24618,2
24634,9
24651,3
24669,10
24693,9
24711,4
24721,1
24729,2
24740,5
24750,0
24757,3
24771,6
24788,7
24802,2
24814,5
24824,0
24837,8
24857,7
24871,3
24887,8
24903,3
24917,7
24937,8
24957,8
24970,1
24986,10
25004,3
25017,5
25034,7
25049,3
25063,7
25077,3
25089,5
25107,9
25125,4
25141,8
25155,2
25172,10
25196,9
25218,8
25233,3
25248,8
25265,4
25279,6
25297,8
25312,2
25321,3
25338,10
25359,7
25380,10
25400,6
25420,9
25440,6
25451,0
25456,0
25467,6
25486,8
25499,0
25512,8
25530,5
25542,2
25553,5
25563,1
25572,4
25585,5
25603,8
25624,8
25644,8
25666,10
25688,8
25704,3
25715,3
25724,1
25738,9
25761,9
25785,10
25801,2
25816,8
25834,5
25846,2
25858,5
25871,3
25881,2
25888,0
25897,5
25915,8
25932,4
25945,4
25964,10
25987,8
26008,8
26028,8
26045,5
26059,5
26078,10
26102,10
26123,7
26142,8
26155,0
26161,2
26178,10
26201,9
26224,10
26243,5
26254,1
26265,6
26279,3
26295,9
26315,7
26329,2
26338,3
26355,9
26377,9
26396,6
26407,0
26422,10
26443,7
26462,8
26479,5
26493,4
26505,4
26517,3
26532,8
26555,10
26573,3
26584,3
26593,1
26606,8
26627,9
26651,10
26676,10
26700,10
26717,2
26729,6
26743,3
26754,4
26767,4
26779,3
26790,3
26807,10
26822,0
26837,10
26853,2
26860,0
26866,2
26881,9
26897,2
26905,2
26912,1
26924,6
26938,4
26952,6
26967,4
26978,2
26990,5
27005,6
27022,7
27040,6
27060,9
27079,5
27091,2
27101,3
27116,8
27129,0
27134,0
27146,8
27160,1
27175,10
27195,5
27212,7
27229,5
27239,1
27250,5
27266,6
27277,1
27292,10
27312,5
27330,8
27349,7
27366,5
27381,5
27396,6
27412,5
27430,9
27449,5
27467,8
27487,7
27507,9
27527,6
27543,6
27564,10
27583,5
27594,2
27602,1
27615,8
27632,5
27648,7
27667,7
27679,0
27693,10
27717,9
27735,4
27746,3
27763,9
27778,1
27787,4
27805,10
27827,8
27840,0
27847,2
27858,4
27874,7
27886,1
27901,10
27925,10
27940,0
27945,0
27954,5
27973,9
27989,2
27999,3
28015,8
28029,1
28036,1
28049,8
28068,6
28083,5
28096,4
28112,8
28133,8
28153,8
28170,4
28181,3
28197,9
28213,3
28224,3
28236,4
28247,2
28255,1
28268,8
28284,3
28300,8
28320,7
28334,2
28345,5
28362,8
28379,5
28394,5
28414,10
28435,6
28450,4
28463,5
28477,5
28495,8
28512,4
28525,4
28539,5
28554,5
28568,5
28588,10
28607,5
28617,0
28628,7
28641,1
28649,2
28658,2
28667,2
28682,9
28704,8
28722,6
28737,4
28752,6
28763,0
28772,4
28781,0
28790,4
28807,8
28825,5
28845,10
28868,9
28886,5
28898,2
28913,8
28929,3
28946,10
28962,1
28973,6
28987,3
29000,5
29014,4
29029,7
29041,0
29052,6
29071,8
29085,1
29096,6
29117,10
29136,5
29153,7
29171,6
29185,3
29195,3
29205,3
29221,8
29240,7
29260,8
29279,6
29294,4
29308,5
29328,10
29352,10
29367,0
29375,4
29392,8
29412,8
29430,6
29445,5
29455,0
29462,2
29476,8
29490,2
29506,9
29527,7
29541,2
29548,1
29557,4
29567,2
29582,9
29605,10
29625,5
29638,3
29650,4
29660,2
29673,6
29689,6
29709,10
29729,6
29741,1
29753,7
29769,4
29786,9
29803,4
29817,6
29834,7
29849,3
29865,9
29889,10
29913,10
29936,9
29955,6
29970,5
29987,7
30003,5
30014,1
30023,4
30034,2
30047,6
30068,10
30085,3
30101,8
30120,7
30133,1
30141,2
30155,8
30178,10
30201,9
30224,9
30244,6
30262,7
30283,9
30307,10
30322,1
30329,1
30340,5
30354,5
30365,1
30379,8
30398,7
30411,1
30418,1
30431,7
30450,7
30467,6
30486,8
30503,5
30514,2
30524,3
30541,9
30561,6
30573,2
30585,5
30596,1
30612,10
30632,6
30647,5
30659,2
30675,9
30693,5
30705,3
30718,5
30730,2
30745,8
30762,5
30781,9
30797,2
30810,6
30823,3
30838,7
30851,2
30860,3
30869,2
30883,7
30902,7
30921,7
30942,9
30957,2
30973,9
30989,2
30999,4
31013,6
31034,10
31057,8
31077,8
31100,10
31122,8
31144,10
31167,8
31186,7
31205,7
31223,6
31241,7
31261,8
31276,2
31285,3
31303,10
31326,8
31340,1
31346,0
31361,10
31379,3
31391,5
31410,10
31433,9
31447,1
31453,1
31459,1
31470,5
31483,3
31498,7
31511,2
31527,9
31547,7
31565,7
31580,3
31597,9
31617,7
31630,2
31637,0
31644,2
31652,2
31666,7
31683,6
31696,2
31707,5
31725,9
31744,6
31765,10
31781,2
31796,9
31815,5
31833,9
31849,2
31860,4
31869,0
31881,8
31898,5
31911,4
31921,1
31928,1
31937,4
31949,4
31967,10
31992,10
32012,5
32024,3
32038,6
32049,0
32061,8
32075,2
32091,10
32113,7
32126,2
32138,6
32149,1
32165,10
32185,6
32196,1
32202,0
32210,3
32218,1
32226,3
32239,6
32253,3
32265,5
32276,1
32284,3
32292,0
32299,3
32314,7
32334,8
32348,1
32359,5
32373,4
32388,7
32406,6
32418,2
32433,9
32452,5
32465,3
32479,7
32499,9
32518,6
32533,5
32546,4
32555,1
32570,9
32594,10
32613,4
32631,10
32656,10
32678,7
32697,8
32719,10
32742,8
32760,5
32773,4
32791,9
32805,0
32820,10
32839,5
32849,0
32855,2
32867,6
32885,7
32897,0
32903,1
32911,2
32923,6
32943,10
32965,8
32988,10
33012,10
33028,1
33034,0
33045,7
33057,0
33066,4
33075,0
33082,3
33091,2
33101,4
33113,3
33129,9
33148,5
33165,7
33179,3
33188,1
33199,6
33219,10
33237,3
33254,10
33273,5
33287,4
33296,0
33301,0
33316,10
33333,2
33347,7
33361,3
33375,7
33392,5
33405,4
33422,9
33437,1
33443,0
33448,0
33453,1
33466,8
33479,1
33485,1
33500,9
33514,1
33527,7
33540,1
33548,2
33555,0
33561,1
33569,2
33585,10
33606,7
33622,5
33636,5
33655,10
33670,0
33685,10
33703,4
33715,3
33733,10
33749,1
33756,1
33771,10
33794,8
33808,1
33817,3
33832,8
33850,5
33864,5
33877,3
33886,2
33902,10
33920,4
33933,4
33950,9
33965,1
33972,1
33985,7
34005,8
34021,3
34037,9
34052,1
34061,4
34070,0
34075,1
34089,9
34108,6
34126,7
34140,3
34150,2
34164,7
34181,5
34196,5
34214,8
34234,7
34251,5
34270,9
34294,10
34317,8
34333,4
34346,4
34359,5
34374,5
34388,4
34402,6
34422,10
34444,8
34457,1
34467,4
34480,5
34496,7
34514,7
34533,8
34550,4
34562,3
34580,10
34601,7
34613,0
34627,10
34642,0
34653,6
34665,2
34674,3
34685,4
34698,5
34714,6
34732,8
34747,2
34762,9
34780,4
34790,2
34804,8
34826,9
34844,4
34858,6
34873,5
34884,1
34894,4
34912,10
34936,10
34954,3
34967,6
34985,8
35004,7
35025,9
35048,10
35065,3
35075,2
35092,10
35115,9
35135,7
35156,9
35170,1
35184,9
35198,1
35211,7
35230,7
35243,1
35251,2
35260,3
35277,10
35295,3
35312,9
35330,5
35344,4
35359,7
35372,1
35387,10
35403,1
35417,9
35437,7
35451,2
35462,5
35479,8
35493,2
35507,7
35520,2
35529,3
35537,0
35547,5
35560,3
35577,10
35600,8
35616,4
35635,10
35654,4
35672,9
35688,2
35698,4
35707,0
35714,3
35729,7
35743,3
35756,5
35775,9
35791,2
35801,3
35812,3
35824,5
35837,3
35846,2
35854,1
35865,5
35877,3
35887,2
35895,2
35902,1
35918,10
35943,10
35958,1
35967,3
35977,2
35987,4
36003,7
36022,7
36039,5
36053,4
36070,9
36091,8
36111,7
36128,6
36139,0
36147,3
36159,4
36169,2
36186,10
36210,9
36233,10
36253,6
36272,8
36294,9
36313,5
36327,4
36342,7
36357,3
36368,4
36377,0
36385,4
36400,6
36413,2
36424,5
36441,7
36460,8
36479,7
36495,4
36512,8
36528,3
36543,7
36564,9
36578,0
36592,10
36609,3
36626,9
36646,6
36664,7
36685,10
36708,8
36724,4
36738,5
36751,4
36764,5
36778,4
36792,5
36809,8
36822,0
36830,4
36847,9
36865,4
36875,1
36891,10
36916,10
36935,5
36948,3
36956,1
36971,9
36986,1
36993,1
37005,6
37025,10
37040,1
37047,1
37061,8
37077,3
37088,4
37104,7
37123,8
37137,2
37149,6
37163,4
37179,8
37195,3
37208,6
37228,9
37249,8
37272,10
37294,7
37315,9
37338,10
37358,5
37370,3
37386,8
37399,0
37408,5
37424,6
37437,2
37453,10
37468,0
37477,4
37495,9
37518,10
37540,8
37559,7
37573,2
37588,9
37609,7
37631,10
37654,9
37674,6
37686,2
37699,6
37715,6
37733,8
37755,9
37771,2
37779,2
37786,1
37800,9
37820,6
37838,7
37860,10
37883,8
37899,4
37910,2
37918,2
37930,5
37948,9
37969,8
37985,4
37995,1
38011,10
38035,10
38053,4
38070,8
38093,10
38108,0
38119,7
38137,6
38156,8
38179,10
38198,5
38209,2
38224,8
38245,9
38267,8
38280,1
38292,6
38309,7
38328,7
38340,1
38350,4
38359,0
38365,2
38375,4
38384,1
38392,3
38404,5
38423,9
38437,1
38452,10
38474,7
38491,6
38508,6
38520,1
38532,7
38551,8
38566,3
38579,5
38592,3
38605,5
38625,10
38648,9
38668,6
38681,3
38691,2
38705,8
38719,2
38728,2
38739,5
38749,1
38760,6
38773,2
38780,1
38792,7
38812,8
38825,1
38837,7
38853,5
38864,2
38881,10
38901,5
38921,10
38941,6
38956,4
38975,10
38995,6
39015,10
39040,10
39063,9
39077,1
39091,9
39107,2
39116,3
39129,5
39139,0
39148,5
39161,3
39176,7
39197,9
39217,6
39237,9
39254,4
39270,8
39283,1
39292,4
39303,2
39312,2
39329,10
39351,7
39370,7
39389,7
39405,5
39420,6
39439,9
39456,4
39472,7
39485,1
39497,6
39512,5
39524,3
39532,0
39544,8
39561,4
39575,5
39594,9
39617,9
39632,1
39644,7
39663,7
39682,7
39700,6
39714,3
39722,1
39729,1
39736,1
39746,4
39765,10
39788,8
39807,6
39821,3
39836,7
39849,1
39860,5
39877,7
39895,7
39916,9
39933,3
39941,1
39956,9
39980,10
39997,3
40006,2
40014,1
40023,3
40041,10
40061,6
40073,2
40090,10
40108,3
40122,7
40143,10
40167,9
40189,8
40205,4
40218,4
40236,10
40259,8
40273,2
40287,8
40306,6
40320,3
40334,6
40353,9
40367,0
40374,2
40383,2
40396,7
40415,8
40430,2
40444,7
40463,7
40475,0
40489,9
40512,9
40533,7
40546,1
40557,5
40569,3
40581,5
40592,1
40599,2
40613,7
40635,10
40653,3
40671,10
40691,5
40702,1
40713,5
40730,8
40751,9
40773,8
40789,3
40805,8
40818,0
40828,5
40846,9
40864,5
40876,2
40893,10
40909,2
40919,3
40933,6
40946,2
40961,9
40977,2
40991,7
41007,5
41023,7
41040,5
41058,9
41076,5
41087,2
41100,7
41116,4
41130,6
41143,2
41159,9
41174,2
41183,3
41192,1
41202,5
41213,2
41225,6
41238,2
41251,7
41268,5
41286,8
41309,10
41332,8
41353,9
41373,6
41386,2
41402,10
41422,6
41438,6
41456,8
41478,10
41500,8
41518,5
41537,10
41561,9
41576,1
41586,5
41603,8
41616,0
41628,7
41642,2
41650,2
41663,7
41680,5
41695,5
41714,10
41735,7
41751,4
41767,7
41780,2
41787,0
41795,4
41814,10
41837,9
41856,6
41872,6
41889,7
41909,8
41929,7
41949,8
41962,0
41975,9
41998,10
42015,3
42023,0
42035,8
42056,9
42076,7
42089,1
42095,0
42107,7
42128,9
42145,3
42154,2
42166,6
42180,4
42197,8
42220,10
42239,5
42259,10
42277,3
42288,4
42301,4
42320,10
42343,8
42356,0
42364,4
42378,5
42389,1
42396,2
42403,1
42416,8
42430,2
42439,3
42448,2
42459,5
42474,5
42487,4
42500,5
42510,0
42521,6
42533,2
42543,3
42554,3
42566,5
42579,3
42592,5
42607,5
42622,6
42635,2
42644,2
42655,4
42665,2
42679,7
42697,6
42716,9
42730,1
42736,0
42748,7
42762,2
42773,5
42790,8
42813,10
42832,4
42842,1
42857,10
42874,2
42883,2
42894,5
42908,4
42921,5
42934,3
42952,10
42976,9
43000,10
43024,10
43044,5
43059,6
43077,7
43095,7
43115,8
43133,5
43143,1
43151,2
43162,5
43179,8
43197,6
43209,2
43217,1
43223,0
43231,3
43241,3
43255,7
43268,2
43280,5
43293,3
43309,9
43330,7
43344,2
43360,10
43380,6
43393,2
43410,10
43425,0
43430,0
43443,9
43459,3
43468,2
43482,7
43501,8
43524,10
43541,2
43548,0
43553,0
43565,8
43587,10
43609,8
43631,9
43646,1
43659,7
43676,5
43688,2
43698,3
43714,9
43738,10
43759,6
43779,9
43801,8
43818,5
43830,2
43837,1
43847,5
43861,5
43878,8
43896,6
43913,6
43926,3
43944,10
43965,6
43981,6
43992,0
44005,9
44027,8
44048,8
44067,6
44078,0
44089,7
44105,4
44114,0
44121,2
44131,3
44142,4
44155,5
44168,3
44182,7
44201,8
44224,10
44242,3
44251,1
44257,1
44273,10
44288,0
44302,9
44317,1
44324,1
44330,1
44343,7
44355,0
44366,7
44385,7
44400,4
44418,10
44442,9
44462,7
44484,10
44499,1
44510,5
44525,5
44536,1
44543,1
44553,4
44572,10
44596,9
44613,4
44627,6
44640,2
44652,5
44664,3
44678,7
44695,5
44708,4
44722,6
44734,2
44751,10
44772,6
44783,0
44797,9
44813,2
44825,6
44841,6
44859,7
44876,6
44890,4
44907,8
44924,5
44939,6
44953,3
44964,3
44979,7
44991,1
45000,4
45019,10
45040,6
45052,1
45058,0
45064,2
45072,1
45086,8
45106,8
45123,4
45136,4
45146,2
45159,6
45170,0
45179,4
45192,4
45203,3
45216,6
45236,9
45254,5
45271,7
45287,4
45300,4
45312,3
45328,9
45342,0
45347,1
45362,9
45379,3
45392,6
45410,7
45426,4
45440,6
45451,1
45460,3
45471,3
45487,9
45501,0
45508,2
45523,9
45541,5
45558,7
45576,7
45596,8
45618,9
45637,6
45658,10
45681,9
45702,8
45720,5
45739,9
45754,1
45768,8
45782,2
45798,9
45819,7
45834,3
45848,6
45865,7
45880,3
45897,9
45919,8
45934,3
45943,2
45959,10
45980,6
45994,4
46010,7
46027,5
46040,3
46048,1
46056,3
46073,9
46096,9
46114,5
46125,1
46138,8
46153,3
46161,1
46168,1
46182,8
46203,8
46219,3
46230,4
46240,2
46248,2
46263,9
46281,5
46298,8
46320,9
46336,2
46351,8
46366,2
46379,6
46395,6
46411,6
46424,2
46432,2
46441,3
46457,8
46474,4
46490,8
46505,3
46513,0
46522,5
46535,3
46544,1
46557,7
46575,7
46597,10
46621,9
46640,5
46659,9
46674,1
46684,4
46696,3
46706,3
46719,5
46734,5
46747,4
46761,5
46773,3
46784,3
46802,10
46822,6
46841,8
46854,0
46863,5
46875,3
46892,10
46912,6
46926,4
46939,5
46956,8
46971,2
46981,3
46995,6
47015,9
47038,9
47054,3
47069,7
47083,2
47093,3
47109,8
47125,4
47138,5
47148,1
47160,6
47173,2
47180,1
47187,2
47196,3
47206,3
47221,7
47242,10
47257,0
47270,9
47291,8
47313,10
47329,1
47341,6
47355,4
47367,4
47386,10
47409,8
47432,10
47452,6
47463,0
47469,1
47478,3
47491,5
47509,8
47530,9
47548,4
47563,7
47582,7
47597,4
47615,9
47635,6
47649,3
47658,2
47671,7
47689,7
47711,10
47730,5
47749,9
47770,8
47791,9
47808,4
47818,2
47830,5
47842,3
47852,2
47867,8
47888,8
47910,9
47927,4
47938,3
47953,8
47970,5
47980,0
47994,9
48011,4
48028,8
48047,6
48060,2
48067,0
48077,6
48095,7
48115,9
48130,1
48146,10
48166,5
48183,7
48197,3
48208,3
48225,10
48240,1
48250,5
48266,6
48281,4
48290,0
48304,9
48328,10
48344,2
48353,3
48363,3
48378,8
48399,9
48415,3
48425,2
48442,10
48461,4
48478,8
48499,9
48513,1
48524,5
48534,0
48543,5
48560,8
48573,0
48582,5
48595,3
48607,4
48619,4
48638,10
48657,4
48672,7
48691,8
48711,8
48727,3
48737,3
48754,9
48768,0
48782,9
48802,6
48818,6
48833,5
48843,0
48851,4
48860,0
48872,8
48886,1
48898,6
48912,3
48923,4
48939,8
48953,2
48965,6
48980,5
48995,6
49007,2
49016,3
49030,7
49047,6
49063,5
49074,1
49088,9
49103,1
49115,7
49135,8
49152,5
49163,1
49177,9
49192,2
49208,10
49231,8
49245,2
49261,9
49276,1
49283,2
49290,1
49298,3
49312,7
49332,8
49350,6
49370,9
49385,1
49395,5
49414,10
49429,1
49444,10
49467,9
49483,3
49498,8
49513,2
49526,6
49541,4
49553,4
49571,9
49589,4
49606,8
49625,7
49637,1
49646,4
49663,8
49677,1
49685,2
49701,9
49721,7
49739,6
49751,2
49762,5
49777,6
49793,5
49806,4
49821,7
49840,8
49854,2
49866,5
49879,4
49889,1
49900,5
49912,2
49927,8
49944,5
49959,5
49974,5
49991,8
50010,7
50024,2
50034,4
50047,5
50058,1
50067,4
50083,7
50101,6
50118,7
50139,9
50154,2
50169,8
50190,9
50212,8
50229,5
50244,6
50263,9
50279,3
50297,10
50318,6
50336,8
50352,4
50365,5
50379,5
50389,0
50394,0
50400,1
50407,2
50414,0
50427,8
50448,8
50470,9
50493,10
50511,4
50530,10
50551,7
50566,3
50577,4
50594,9
50612,5
50623,1
50629,0
50641,7
50654,2
50661,0
50673,7
50687,3
50700,6
50720,10
50735,1
50742,2
50751,3
50760,2
50773,6
50787,3
50799,5
50809,1
50819,5
50832,4
50846,6
50857,1
50868,6
50879,1
50885,1
50897,6
50912,4
50929,9
50952,9
50974,9
50995,8
51010,3
51020,3
51032,4
51042,2
51051,2
51060,3
51075,7
51087,0
51093,2
51102,2
51115,7
51128,2
51137,3
51153,8
51167,2
51178,5
51195,8
51215,7
51227,1
51239,6
51259,9
51276,3
51293,9
51317,10
51335,3
51353,10
51368,0
51378,6
51396,7
51410,2
51419,2
51435,9
51453,5
51467,5
51484,7
51505,10
51522,2
51538,9
51557,6
51568,0
51575,2
51585,4
51596,3
51608,4
51626,10
51646,5
51666,10
51681,0
51693,8
51708,3
51722,7
51744,10
51767,9
51781,0
51788,2
51804,10
51824,5
51837,3
51855,10
51870,1
51886,10
51901,0
51910,4
51922,4
51934,3
51949,7
51965,4
51978,5
51990,3
51998,0
52006,3
52018,4
52035,8
52049,1
52057,2
52072,8
52088,3
52099,3
52112,5
52127,5
52143,6
52158,4
52175,8
52191,4
52207,7
52225,6
52242,7
52263,9
52287,10
52311,9
52329,5
52340,2
52354,8
52371,4
52390,10
52408,4
52417,1
52425,3
52434,2
52450,9
52469,5
52485,6
52496,0
52506,5
52522,6
52537,4
52556,10
52576,5
52589,3
52597,0
52607,5
52625,9
52647,9
52661,1
52672,5
52686,4
52702,7
52723,9
52740,3
52756,8
52769,1
52777,2
52789,5
52801,3
52816,7
52828,0
52833,0
52844,6
52862,7
52874,0
52880,1
52894,9
52915,7
52929,3
52939,2
52954,9
52978,10
53001,8
53016,3
53028,5
53041,3
53050,2
53061,5
53077,6
53091,4
53106,6
53118,1
53128,4
53139,3
53155,9
53171,2
53182,4
53201,10
53223,8
53244,9
53258,0
53264,2
53277,6
53290,2
53306,9
53322,3
53335,6
53353,7
53374,9
53391,3
53403,4
53413,1
53423,4
53437,5
53457,10
53476,5
53490,5
53500,1
53511,5
53529,8
53543,1
53559,10
53576,2
53586,3
53594,1
53604,5
53614,0
53619,0
53630,7
53646,4
53661,6
53682,10
53699,3
53712,5
53728,7
53745,6
53763,7
53776,1
53783,2
53791,2
53803,6
53824,10
53846,8
53868,9
53888,6
53906,8
53926,7
53941,3
53958,10
53977,5
53994,7
54010,4
54019,0
54025,2
54034,2
54044,4
54058,5
54068,0
54077,5
54088,1
54096,3
54104,1
54111,1
54119,3
54128,1
54135,1
54148,8
54163,3
54175,4
54192,8
54214,10
54238,9
54252,0
54266,10
54287,7
54301,3
54317,9
54331,0
54336,1
54352,10
54373,6
54392,8
54414,10
54433,5
54445,2
54458,6
54474,5
54484,1
54495,6
54507,2
54518,4
54531,4
54541,1
54550,4
54560,2
54567,0
54581,9
54598,4
54611,5
54630,10
54651,7
54665,2
54680,8
54700,7
54716,5
54732,6
54752,10
54777,10
54796,4
54806,1
54822,10
54840,3
54856,9
54871,1
54884,7
54903,7
54919,4
54930,3
54939,2
54950,5
54962,3
54970,1
54983,7
54996,1
55009,8
55025,3
55039,6
55050,1
55056,0
55062,1
55078,10
55103,10
55121,4
55136,7
55158,10
55182,10
55207,10
55229,7
55250,9
55266,2
55281,8
55297,3
55315,10
55332,2
55347,9
55361,0
55374,8
55390,4
55406,8
55422,3
55438,8
55458,8
55477,6
55490,3
55499,1
55513,9
55527,1
55539,6
55556,6
55577,10
55600,8
55622,9
55639,3
55651,5
55670,10
55694,10
55710,1
55717,2
55731,8
55750,7
55769,8
55783,2
55797,8
55818,8
55836,5
55855,9
55872,4
55884,3
55900,9
55921,7
55933,1
55947,9
55962,1
55974,7
55986,0
55997,7
56017,9
56036,6
56054,7
56066,1
56080,8
56100,7
56116,4
56130,5
56142,2
56155,6
56172,7
56186,3
56202,9
56221,5
56231,1
56246,9
56265,6
56283,7
56295,0
56304,4
56316,4
56334,9
56352,5
56365,3
56378,5
56389,2
56397,2
56408,4
56426,9
56442,2
56449,0
56462,9
56483,7
56498,4
56515,8
56529,2
56536,1
56551,10
56572,7
56586,2
56603,10
56621,3
56637,8
56651,2
56662,5
56678,7
56694,5
56712,9
56729,3
56743,6
56762,9
56780,5
56790,1
56799,3
56814,7
56827,2
56834,1
56842,2
56852,3
56867,8
56882,3
56895,6
56908,2
56916,1
56923,1
56933,5
56945,3
56955,2
56968,6
56988,10
57011,8
57028,5
57040,2
57053,7
57072,8
57094,9
57109,2
57122,7
57144,10
57162,3
57175,6
57195,10
57211,1
57221,4
57230,1
57243,7
57259,5
57269,1
57285,10
57308,9
57329,8
57350,8
57368,5
57382,4
57397,6
57415,7
57427,0
57434,3
57445,4
57457,4
57475,10
57496,7
57515,7
57537,10
57559,8
57577,6
57598,10
57620,8
57634,1
57648,9
57669,7
57689,8
57704,3
57714,3
57730,8
57746,3
57758,5
57773,6
57784,0
57792,3
57805,6
57822,7
57841,7
57853,0
57861,4
57875,5
57893,8
57906,1
57918,7
57937,8
57956,7
57978,10
57994,1
58003,3
58013,2
58030,10
58049,4
58067,10
58090,8
58108,6
58119,0
58130,7
58148,7
58165,5
58178,4
58195,8
58215,8
58237,9
58255,4
58271,8
58288,4
58298,2
58306,2
58318,5
58331,4
58343,4
58359,7
58375,4
58385,2
58397,5
58411,5
58424,4
58439,6
58454,4
58465,3
58480,8
58502,9
58520,4
58533,5
58549,6
58563,3
58574,3
58588,7
58606,6
58619,2
58628,3
58641,6
58658,7
58676,7
58692,5
58710,8
58726,4
58735,1
58748,8
58766,5
58784,8
58805,8
58826,8
58839,0
58844,1
58854,4
58867,4
58879,4
58895,8
58910,3
58924,7
58940,4
58953,4
58962,0
58975,8
58995,8
59014,6
59034,9
59049,2
59061,6
59079,7
59093,2
59102,2
59110,2
59119,3
59135,8
59153,5
59168,5
59181,4
59198,9
59213,2
59221,1
59237,10
59261,9
59284,10
59302,4
59314,3
59322,1
59334,6
59354,9
59369,1
59377,3
59388,3
59401,5
59415,5
59428,3
59443,8
59461,5
59474,4
59483,1
59495,7
59516,9
59534,5
59548,4
59562,6
59575,2
59586,4
59602,8
59617,2
59631,7
59643,0
59651,3
59667,8
59688,8
59702,2
59717,9
59737,7
59754,5
59768,4
59787,10
59811,9
59826,2
59838,6
59857,9
59875,5
59893,8
59916,10
59933,2
59945,5
59958,3
59972,7
59987,3
59999,5
60012,4
60023,2
60035,5
60052,7
60073,9
60088,2
60105,10
60122,2
60131,2
60142,4
60156,6
60176,9
60197,7
60215,6
60233,7
60249,4
60265,8
60288,10
60312,10
60334,8
60355,9
60369,0
60383,10
60400,2
60411,5
60424,3
60441,9
60460,6
60477,7
60496,8
60515,7
60528,1
60537,4
60554,8
60576,10
60592,1
60607,9
60629,8
60650,9
60671,7
60692,10
60711,4
60730,10
60751,6
60763,1
60777,9
60796,5
60809,3
60823,7
60841,7
60854,1
60866,7
60884,7
60903,7
60915,1
60925,4
60939,5
60954,5
60967,4
60985,9
61004,5
61015,1
61030,10
61052,7
61065,1
61078,7
61096,7
61113,5
61127,5
61141,4
61152,2
61161,3
61176,7
61192,5
61206,4
61216,2
61230,8
61243,0
61255,8
61268,1
61283,9
61304,7
61321,5
61336,6
61351,4
61370,10
61392,8
61406,1
61414,3
61425,3
61440,7
61455,3
61465,3
61473,0
61480,2
61494,8
61510,4
61527,9
61542,2
61555,7
61572,6
61589,7
61608,8
61623,2
61635,5
61645,1
61658,8
61681,10
61701,5
61721,10
61740,4
61751,2
61758,1
61771,7
61786,3
61799,6
61814,4
61833,10
61855,7
61870,4
61883,5
61896,4
61907,2
61921,7
61942,9
61963,8
61980,4
61993,4
62005,3
62019,7
62037,6
62054,6
62071,6
62082,0
62089,2
62104,9
62126,8
62146,7
62165,7
62182,5
62200,8
62222,9
62237,1
62251,9
62274,9
62296,9
62310,0
62320,5
62335,5
62355,10
62374,5
62384,1
62399,9
62415,2
62424,2
62438,7
62453,3
62469,9
62484,1
62500,10
62524,10
62543,4
62562,10
62582,6
62600,8
62618,6
62629,1
62636,2
62646,3
62654,1
62663,3
62673,3
62682,2
62689,1
62695,0
62705,6
62725,9
62743,5
62760,7
62772,1
62783,5
62800,7
62819,7
62841,10
62861,6
62874,2
62885,4
62895,2
62907,6
62927,9
62949,9
62966,4
62979,4
62998,10
63017,5
63028,2
63040,6
63058,8
63072,2
63085,6
63100,4
63113,4
63131,10
63146,1
63157,5
63171,4
63187,7
63201,2
63216,9
63237,7
63256,7
63278,10
63302,10
63318,1
63326,2
63343,10
63365,8
63385,8
63407,9
63427,6
63445,7
63458,2
63467,3
63483,9
63506,9
63522,3
63539,10
63563,10
63585,7
63604,8
63618,1
63625,2
63641,10
63658,3
63668,2
63677,3
63688,4
63699,2
63713,8
63736,10
63757,6
63775,8
63792,5
63802,0
63807,0
63813,1
63819,0
63830,7
63847,6
63866,9
63884,5
63900,6
63917,6
63932,5
63950,8
63970,7
63990,9
64011,8
64030,6
64042,2
64055,7
64068,2
64080,5
64098,8
64120,9
64139,6
64153,3
64170,9
64193,10
64216,9
64238,8
64260,9
64277,3
64290,5
64305,6
64317,1
64330,8
64351,8
64365,2
64381,9
64402,8
64422,8
64445,10
64470,10
64486,1
64493,2
64506,7
64526,9
64540,0
64552,7
64566,3
64574,0
64582,3
64592,2
64604,5
64620,6
64639,9
64659,7
64679,9
64697,5
64710,3
64721,3
64737,9
64752,1
64766,8
64783,5
64797,5
64810,3
64821,4
64834,4
64849,6
64868,9
64886,5
64905,9
64927,9
64943,2
64959,9
64980,8
64993,1
65001,3
65011,3
65026,8
65043,5
65056,4
65072,7
65088,5
65104,7
65122,6
65137,5
65156,9
65172,3
65188,9
65208,7
65229,9
65244,2
65260,10
65281,6
65297,6
65317,9
65340,9
65363,10
65383,5
65393,0
65400,2
65414,8
65434,7
65450,4
65460,2
65476,9
65491,2
65498,0
65510,7
65527,6
65542,4
65558,7
65570,0
65583,9
65603,7
65620,5
65640,10
65655,0
65668,9
65687,5
65700,4
65709,1
65722,8
65736,1
65745,4
65761,8
65781,8
65802,9
65821,6
65842,10
65865,9
65882,3
65893,3
65906,5
65922,6
65939,7
65955,4
65966,3
65983,10
65998,1
66006,2
66021,8
66043,10
66064,7
66083,7
66095,0
66106,6
66125,8
66147,9
66170,10
66192,8
66211,7
66226,4
66238,4
66247,1
66255,2
66269,7
66289,8
66308,7
66328,8
66341,1
66353,7
66374,10
66398,9
66420,9
66437,4
66451,6
66471,9
66485,0
66491,1
66502,5
66513,2
66525,6
66537,2
66546,2
66557,5
66574,7
66593,7
66608,3
66625,10
66646,7
66660,2
66669,3
66685,8
66707,9
66726,6
66744,8
66758,1
66773,10
66793,5
66809,6
66821,1
66831,5
66846,5
66856,1
66870,9
66894,10
66909,0
66919,6
66939,10
66962,9
66985,10
67004,4
67018,5
67031,3
67048,9
67062,1
67072,5
67082,1
67096,8
67116,7
67135,8
67151,3
67161,3
67173,4
67191,10
67216,10
67241,10
67260,5
67276,6
67290,4
67308,10
67330,7
67344,2
67352,1
67362,4
67375,4
67391,8
67414,10
67431,2
67438,0
67446,4
67464,10
67479,0
67491,7
67507,4
67517,1
67532,10
67548,1
67556,3
67574,10
67593,4
67602,0
67607,1
67618,5
67636,8
67655,6
67670,4
67682,3
67695,6
67707,2
67716,3
67733,10
67753,6
67766,3
67774,0
67781,2
67790,2
67804,7
67823,7
67839,4
67854,7
67874,8
67888,2
67898,3
67915,9
67939,10
67962,9
67979,3
67996,9
68016,6
68031,5
68050,10
68066,2
68073,0
68084,7
68096,1
68102,1
68112,4
68127,7
68140,2
68153,6
68164,0
68173,5
68189,7
68209,8
68227,5
68247,10
68272,10
68293,7
68305,1
68315,5
68328,4
68345,8
68361,4
68379,9
68400,7
68416,5
68432,6
68448,6
68461,2
68476,8
68492,4
68510,9
68527,4
68538,3
68555,9
68575,6
68587,1
68599,6
68612,2
68629,10
68652,9
68669,4
68681,3
68694,6
68707,2
68715,2
68724,3
68742,10
68760,4
68777,9
68795,4
68812,8
68835,10
68853,3
68861,0
68871,5
68886,6
68897,0
68910,8
68925,2
68938,6
68954,5
68972,8
68988,3
68997,2
69009,5
69025,7
69037,0
69052,10
69071,4
69080,0
69087,2
69094,0
69104,6
69121,6
69139,8
69158,6
69171,3
69179,0
69192,9
69210,5
69225,5
69243,8
69264,8
69287,10
69302,0
69312,6
69333,10
69355,7
69376,10
69397,7
69414,5
69428,4
69437,0
69447,6
69463,5
69482,10
69503,6
69519,6
69538,8
69555,4
69567,3
69584,9
69603,6
69621,7
69639,6
69659,10
69682,9
69697,1
69704,1
69714,5
69731,7
69745,3
69757,4
69772,6
69792,9
69809,4
69822,4
69834,4
69845,2
69860,9
69879,5
69894,6
69908,3
69922,7
69936,3
69953,10
69971,3
69987,8
70006,7
70026,8
70048,10
70072,10
70095,8
70111,3
70124,6
70144,9
70159,2
70170,5
70189,9
70204,2
70213,2
70226,7
70242,4
70252,1
70266,8
70288,9
70306,5
70319,3
70329,3
70341,5
70359,8
70375,4
70391,7
70413,10
70428,0
70435,3
70449,7
70471,10
70494,9
70517,10
70538,7
70554,5
70565,1
70575,4
70592,9
70613,7
70626,1
70638,6
70657,9
70673,3
70689,9
70705,3
70721,9
70742,8
70758,3
70767,2
70778,5
70793,5
70812,9
70826,0
70840,9
70854,1
70861,1
70868,2
70883,8
70904,8
70925,9
70940,1
70952,7
70973,9
70993,6
71004,0
71013,5
71025,3
71034,2
71049,8
71064,2
71077,7
71094,5
71104,1
71120,10
71138,4
71156,10
71172,2
71188,9
71204,2
71215,5
71231,7
71244,1
71257,7
71273,5
71286,3
71298,4
71310,4
71328,9
71346,4
71361,7
71377,5
71396,10
71420,9
71435,2
71452,10
71468,1
71478,5
71496,9
71510,1
71522,7
71539,6
71559,9
71578,6
71593,4
71610,9
71633,10
71657,10
71678,7
71697,7
71717,8
71734,4
71749,6
71767,8
71788,9
71803,2
71812,2
71823,4
71832,1
71838,0
71848,6
71867,9
71881,1
71895,8
71912,4
71922,2
71929,0
71937,4
71949,3
71961,4
71971,1
71981,5
71994,4
72006,3
72023,9
72039,2
72050,5
72070,10
72094,9
72113,6
72129,6
72148,9
72165,4
72175,2
72184,2
72200,10
72220,5
72237,8
72252,2
72265,6
72280,4
72294,6
72312,7
72329,5
72346,8
72366,8
72387,9
72402,2
72419,10
72436,2
72453,10
72477,10
72497,6
72508,0
72518,5
72537,10
72559,8
72574,3
72591,10
72606,0
72611,0
72621,5
72631,0
72636,1
72649,8
72664,3
72673,2
72690,10
72713,8
72730,5
72749,10
72771,7
72783,1
72789,1
72799,4
72812,5
72827,6
72844,6
72860,6
72881,10
72905,10
72928,8
72946,6
72966,9
72980,1
72990,5
73008,9
73027,5
73045,8
73066,9
73081,1
73095,8
73108,0
73116,4
73131,7
73144,2
73153,3
73165,4
73180,7
73196,5
73211,5
73230,10
73246,1
73259,7
73277,7
73297,9
73319,8
73341,9
73359,5
73376,7
73393,5
73404,1
73419,10
73444,10
73459,0
73467,4
73477,2
73490,7
73507,5
73522,6
73541,8
73558,5
73573,5
73584,1
73593,4
73609,7
73628,8
73648,8
73663,3
73676,6
73692,5
73708,6
73719,0
73729,5
73741,2
73749,2
73757,2
73767,3
73783,9
73803,6
73821,7
73835,2
73850,8
73867,4
73886,10
73905,5
73915,0
73927,8
73942,3
73956,6
73968,2
73981,6
73992,1
74003,5
74017,5
74033,6
74050,7
74064,3
74072,0
74086,9
74109,9
74125,2
74132,0
74146,10
74169,8
74191,9
74206,2
74222,10
74244,8
74266,10
74283,2
74291,2
74307,9
74322,2
74334,5
74349,6
74363,3
74374,4
74386,3
74403,10
74428,10
74452,10
74470,3
74482,5
74494,3
74502,1
74510,2
74525,9
74539,0
74552,8
74565,0
74576,6
74592,6
74612,10
74628,1
74644,10
74662,3
74671,1
74677,1
74684,1
74699,9
74713,1
74725,6
74746,10
74766,5
74781,5
74798,7
74819,10
74839,5
74849,0
74858,4
74872,6
74888,5
74901,4
74917,8
74931,1
74943,7
74963,9
74983,7
74995,1
75004,4
75020,8
75043,10
75062,5
75078,6
75094,5
75110,6
75124,4
75137,4
75146,1
75158,7
75177,8
75196,6
75215,9
75239,10
75256,2
75264,1
75271,2
75279,2
75286,0
75291,1
75298,2
75313,9
75330,3
75339,1
75352,7
75365,2
75375,3
75388,6
75409,10
75433,10
75452,4
75462,1
75478,10
75500,8
75521,9
75543,8
75566,10
75583,3
75594,4
75606,3
75617,3
75635,10
75650,1
75659,3
75676,9
75695,5
75714,10
75729,0
75739,6
75758,9
75775,3
75790,7
75804,3
75816,4
75830,6
75842,2
75854,6
75869,5
75887,9
75904,3
75920,9
75939,6
75958,9
75977,6
75996,8
76009,1
76017,3
76031,6
76045,3
76060,7
76081,10
76102,6
76116,3
76132,8
76145,1
76159,9
76183,10
76208,10
76226,3
76241,8
76259,5
76274,6
76288,3
76299,3
76314,7
76332,6
76347,4
76363,8
76385,9
76406,7
76420,2
76432,6
76450,8
76463,0
76475,8
76495,8
76515,8
76537,10
76560,8
76582,10
76604,7
76618,3
76631,6
76642,0
76652,5
76670,8
76688,5
76699,1
76705,1
76721,10
76743,7
76756,1
76768,7
76787,8
76801,2
76811,4
76823,3
76836,6
76856,9
76877,8
76894,4
76906,3
76916,2
76925,3
76938,5
76952,5
76965,4
76979,6
76993,3
77001,0
77016,10
77036,5
77053,8
77075,9
77098,10
77116,3
77126,3
77141,7
77156,3
77171,7
77184,2
77193,3
77209,8
77226,5
77239,3
77249,3
77265,8
77279,2
77288,2
77305,10
77328,8
77343,3
77358,8
77377,7
77394,5
77413,9
77427,1
77439,7
77458,8
77475,4
77494,10
77517,8
77539,10
77555,1
77566,6
77584,8
77598,1
77610,7
77623,1
77636,8
77656,7
77673,6
77687,3
77704,10
77725,7
77742,6
77754,2
77767,7
77780,2
77792,5
77802,0
77810,3
77821,3
77838,10
77860,8
77878,5
77890,3
77899,2
77907,1
77916,4
77926,1
77942,10
77960,4
77973,5
77987,4
77999,3
78012,6
78027,4
78039,3
78053,6
78068,5
78086,9
78105,6
78125,9
78139,1
78147,3
78156,2
78171,9
78191,7
78209,6
78220,1
78229,4
78240,3
78252,5
78267,6
78278,1
78287,3
78301,6
78318,6
78334,5
78354,10
78372,4
78387,7
78405,7
78418,2
78425,1
78433,2
78448,9
78469,7
78490,10
78511,6
78522,0
78535,9
78551,2
78564,6
78578,4
78595,8
78614,7
78634,9
78652,4
78664,4
78674,1
78689,9
78710,8
78732,10
78756,9
78778,8
78799,8
78821,10
78838,2
78848,3
78860,4
78870,2
78879,2
78887,1
78897,4
78913,8
78932,7
78951,8
78974,10
78993,4
79008,7
79024,4
79040,8
79058,6
79076,7
79090,2
79106,9
79120,0
79134,9
79153,5
79163,1
79176,7
79197,10
79213,1
79226,8
79244,6
79259,4
79268,1
79277,3
79290,5
79305,5
79321,6
79335,3
79349,6
79362,3
79377,8
79395,6
79414,8
79432,5
79446,4
79460,6
79473,2
79489,9
79511,8
79524,0
79534,6
79548,4
79564,8
79578,1
79584,1
79592,3
79602,3
79611,1
79620,3
79637,9
79654,3
79671,9
79689,5
79709,10
79732,9
79746,0
79758,7
79780,10
79804,10
79824,6
79845,10
79863,4
79872,1
79878,1
79888,4
79902,6
79913,1
79926,7
79948,10
79964,2
79977,7
79990,1
79996,0
80001,0
80007,1
80022,10
80041,4
80058,9
80072,1
80087,9
80104,4
80117,5
80128,2
80145,10
80167,8
80182,3
80193,3
80210,9
80225,1
80238,7
80250,1
80262,6
80278,5
80292,5
80311,10
80330,4
80348,10
80365,3
80381,9
80401,7
80420,7
80436,4
80454,10
80479,10
80496,2
80509,6
80526,6
80540,4
80552,4
80569,8
80582,0
80595,8
80616,9
80640,10
80664,10
80680,2
80691,5
80702,1
80708,0
80723,10
80746,8
80766,7
80781,3
80795,7
80816,9
80839,9
80853,0
80859,2
80870,4
80879,1
80889,4
80903,6
80921,8
80936,2
80947,4
80960,4
80969,1
80977,2
80984,0
80993,5
81008,5
81021,3
81029,0
81040,7
81060,8
81075,2
81091,10
81110,5
81127,8
81146,7
81165,7
81184,8
81197,1
81211,9
81230,6
81249,9
81267,5
81279,3
81295,8
81316,9
81330,1
81346,10
81364,4
81374,1
81384,4
81396,4
81410,6
81423,2
81439,9
81457,5
81475,8
81493,5
81508,6
81520,1
81534,8
81550,3
81560,2
81568,1
81584,10
81608,10
81627,4
81646,10
81671,10
81696,10
81714,3
81724,3
81734,2
81744,3
81753,2
81767,7
81785,6
81796,1
81806,4
81817,3
81829,5
81848,10
81870,7
81884,2
81898,7
81920,10
81940,6
81958,8
81972,2
81981,2
81997,10
82014,2
82026,6
82038,1
82052,8
82074,9
82096,8
82117,8
82133,4
82150,9
82169,5
82183,4
82198,7
82211,1
82223,7
82235,1
82246,5
82260,5
82274,5
82294,10
82309,0
82314,1
82320,1
82334,8
82353,7
82372,7
82394,10
82418,9
82434,2
82442,2
82455,6
82466,0
82478,8
82493,3
82509,9
82531,8
82545,1
82551,1
82561,5
82578,8
82600,9
82622,8
82636,2
82650,7
82672,10
82688,2
82699,4
82710,3
82726,9
82750,10
82769,5
82779,0
82786,2
82796,3
82814,10
82832,3
82842,3
82855,5
82870,6
82884,4
82894,2
82908,7
82920,1
82927,2
82941,8
82962,8
82981,6
83002,10
83025,8
83044,6
83065,10
83084,4
83102,9
83125,10
83142,3
83159,10
83181,7
83193,1
83199,1
83208,3
83217,1
83231,8
83254,10
83275,7
83295,8
83312,4
83329,9
83343,1
83350,2
83365,9
83386,8
83405,7
83421,5
83440,9
83456,2
83466,3
83479,5
83493,5
83510,8
83526,4
83536,2
83551,8
83570,6
83582,2
83594,5
83611,7
83627,4
83642,7
83657,4
83672,7
83685,1
83696,6
83708,1
83724,10
83739,0
83744,1
83751,2
83759,1
83770,5
83780,1
83793,7
83815,10
83838,9
83859,8
83880,8
83896,4
83915,10
83935,6
83949,3
83961,5
83971,0
83980,4
83992,3
84002,2
84014,5
84032,8
84045,0
84055,5
84071,7
84084,1
84096,7
84112,5
84124,3
84142,10
84160,3
84169,1
84178,3
84188,2
84200,6
84218,8
84233,2
84249,10
84265,1
84276,5
84289,3
84301,5
84311,1
84323,7
84345,10
84361,2
84374,7
84396,10
84412,2
84423,4
84441,9
84461,6
84472,1
84478,1
84488,5
84506,9
84520,0
84529,4
84540,2
84554,8
84568,2
84578,4
84593,7
84609,4
84620,2
84634,8
84650,3
84664,6
84676,2
84684,2
84694,4
84706,3
84724,10
84742,4
84754,4
84770,7
84788,7
84808,9
84822,0
84835,8
84855,8
84868,0
84875,3
84883,1
84897,9
84916,6
84928,1
84940,6
84961,10
84981,6
85001,10
85023,7
85038,3
85048,3
85061,6
85082,10
85098,2
85109,4
85120,2
85134,7
85146,0
85161,10
85182,6
85193,1
85208,10
85226,4
85240,5
85257,8
85274,4
85286,3
85297,3
85307,3
85319,4
85334,7
85354,8
85372,6
85384,1
85394,4
85404,2
85415,4
85427,3
85441,6
85453,2
85466,6
85481,4
85490,0
85501,7
85520,8
85539,6
85550,1
85565,9
85584,6
85602,8
85623,9
85644,8
85663,6
85675,2
85691,9
85709,5
85729,10
85745,1
85753,3
85768,7
85782,3
85794,5
85804,1
85810,0
85820,6
85832,1
85839,2
85847,2
85854,1
85860,0
85868,3
85877,2
85888,5
85908,10
85927,5
85947,10
85962,0
85970,4
85984,5
86002,9
86016,1
86022,1
86035,7
86057,10
86074,3
86090,9
86104,1
86113,4
86124,3
86135,4
86147,3
86160,6
86181,10
86199,4
86214,6
86226,2
86236,4
86246,1
86261,9
86284,10
86305,7
86317,0
86329,7
86348,7
86364,5
86383,10
86400,2
86416,9
86433,3
86444,4
86463,10
86478,1
86494,10
86510,1
86526,10
86547,6
86563,5
86573,1
86581,2
86591,4
86601,1
86616,10
86637,7
86658,10
86676,4
86687,3
86698,3
86716,10
86738,7
86754,4
86765,3
86775,3
86789,7
86808,7
86821,1
86834,7
86854,8
86870,4
86883,5
86899,6
86920,10
86937,2
86944,0
86953,4
86967,6
86987,10
87002,1
87013,6
87025,2
87034,3
87050,9
87065,1
87073,3
87084,4
87097,4
87115,10
87135,5
87150,5
87160,1
87167,2
87175,1
87184,4
87194,1
87200,0
87206,1
87220,9
87235,1
87241,0
87246,1
87257,5
87271,4
87282,2
87289,1
87302,8
87323,9
87342,5
87361,9
87377,2
87392,9
87410,5
87422,2
87437,9
87460,10
87477,3
87491,6
87510,8
87530,7
87546,5
87565,9
87579,1
87591,7
87610,8
87628,5
87647,10
87666,4
87682,8
87700,5
87713,3
87724,3
87736,5
87748,3
87765,10
87788,9
87804,2
87817,7
87836,7
87858,10
87882,10
87897,0
87902,0
87917,10
87933,2
87943,3
87953,2
87961,1
87969,3
87980,3
87997,9
88018,7
88034,5
88051,8
88070,6
88088,8
88111,10
88128,3
88143,7
88159,4
88172,4
88187,6
88204,7
88216,1
88225,4
88239,6
88256,6
88269,3
88278,1
88284,0
88292,4
88307,7
88327,8
88340,1
88352,7
88374,10
88397,9
88413,3
88428,8
88441,0
88450,5
88462,3
88472,2
88487,8
88501,1
88509,2
88516,0
88526,6
88541,5
88554,3
88569,7
88585,5
88599,5
88611,3
88622,3
88632,2
88644,5
88663,9
88687,10
88705,4
88718,5
88732,4
88749,8
88768,6
88785,7
88801,4
88819,9
88842,9
88856,0
88861,0
88873,7
88888,3
88896,1
88902,1
88916,8
88931,2
88942,4
88951,0
88957,2
88973,9
88996,10
89019,8
89032,1
89040,2
89047,0
89054,2
89066,5
89079,3
89094,8
89107,1
89113,1
89122,4
89137,6
89157,9
89181,10
89204,8
89225,8
89244,7
89263,8
89277,1
89285,3
89297,4
89315,9
89334,5
89347,3
89360,5
89377,7
89389,0
89400,7
89417,6
89436,8
89458,9
89481,10
89502,6
89515,2
89530,9
89546,2
89557,4
89574,9
89595,8
89609,2
89624,8
89641,4
89659,10
89680,6
89699,9
89715,3
89731,8
89748,4
89760,4
89771,2
89779,1
89794,10
89813,4
89825,4
89834,0
89840,1
89855,9
89869,1
89880,5
89893,4
89907,6
89925,7
89938,2
89954,9
89968,0
89975,2
89983,1
89989,0
90002,9
90019,4
90034,6
90049,4
90063,6
90074,0
90089,10
90114,10
90137,8
90157,8
90171,1
90186,9
90208,9
90225,4
90238,5
90253,5
90264,2
90279,8
90301,9
90323,8
90342,6
90362,10
90387,10
90405,3
90418,6
90438,9
90462,10
90484,8
90503,7
90525,10
90544,4
90556,4
90569,5
90580,1
90588,3
90600,5
90615,5
90626,2
90633,0
90640,2
90648,2
90658,3
90668,3
90681,6
90694,3
90704,3
90718,7
90734,4
90748,5
90764,7
90780,5
90797,7
90815,6
90835,10
90857,7
90876,7
90892,4
90910,10
90933,8
90951,6
90970,9
90993,10
91015,8
91033,6
91047,3
91059,4
91074,6
91089,4
91099,1
91111,6
91127,6
91138,0
91143,0
91151,3
91159,0
91165,1
91180,9
91201,7
91219,6
91231,2
91238,1
91245,2
91254,3
91262,0
91273,7
91291,6
91304,2
91316,6
91329,3
91346,9
91364,5
91374,0
91387,9
91402,2
91411,2
91421,4
91433,3
91442,2
91454,6
91469,4
91488,10
91511,9
91535,10
91555,5
91571,6
91590,9
91608,5
91622,5
91636,5
91653,8
91671,5
91684,3
91696,5
91709,3
91718,1
91724,1
91737,7
91756,8
91773,5
91783,0
91789,1
91800,6
91811,1
91824,8
91841,5
91860,9
91881,8
91897,3
91905,1
91914,4
91923,0
91933,5
91946,4
91959,4
91974,6
91986,1
91994,2
92006,6
92023,7
92040,6
92053,3
92071,10
92090,5
92108,8
92122,2
92129,0
92141,7
92163,10
92182,5
92195,4
92207,4
92219,4
92235,7
92252,5
92265,4
92283,10
92298,0
92312,10
92336,10
92358,8
92376,6
92396,10
92412,1
92426,9
92449,9
92466,4
92475,1
92482,1
92496,8
92515,7
92527,0
92539,8
92552,1
92561,4
92577,8
92598,9
92619,7
92637,7
92658,9
92673,1
92681,2
92690,2
92697,0
92705,3
92713,1
92722,3
92735,6
92746,0
92755,4
92773,9
92797,10
92815,3
92824,2
92833,3
92844,4
92854,2
92870,10
92890,5
92903,3
92915,4
92926,3
92943,9
92965,8
92985,7
93006,10
93022,1
93031,3
93048,9
93071,9
93089,4
93105,8
93118,0
93131,9
93154,10
93178,9
93196,4
93211,7
93229,7
93243,2
93251,2
93262,5
93277,5
93290,3
93302,4
93311,1
93317,0
93331,10
93347,1
93355,3
93371,9
93387,3
93403,8
93417,2
93424,0
93430,1
93445,9
93459,0
93467,4
93478,3
93495,10
93520,10
93539,5
93558,9
93576,5
93589,3
93606,9
93622,2
93637,8
93653,4
93670,9
93692,8
93705,0
93711,2
93726,8
93742,4
93751,0
93758,2
93771,7
93784,1
93790,1
93802,7
93822,8
93840,5
93859,10
93876,2
93883,1
93897,8
93917,7
93938,10
93955,3
93968,5
93981,3
93991,3
94004,6
94016,1
94024,2
94032,1
94046,8
94065,7
94086,10
94104,3
94121,10
94143,7
94160,5
94173,3
94190,9
94210,7
94231,9
94245,1
94256,5
94272,7
94288,5
94301,3
94311,2
94319,2
94335,9
94354,5
94366,3
94374,1
94384,4
94393,1
94402,3
94419,10
94437,3
94451,6
94465,3
94478,5
94490,2
94504,7
94518,3
94529,3
94540,3
94554,7
94569,3
94584,8
94603,6
94620,7
94633,1
94643,4
94655,4
94671,7
94685,2
94700,8
94713,1
94728,9
94743,2
94754,5
94771,8
94788,5
94804,6
94818,4
94831,4
94843,4
94856,4
94871,6
94886,5
94899,3
94916,10
94931,0
94940,5
94952,2
94967,8
94980,1
94992,7
95009,6
95027,8
95041,1
95056,10
95078,8
95099,8
95114,2
95127,7
95147,8
95160,0
95169,4
95181,3
95189,1
95200,5
95217,8
95236,6
95247,1
95261,9
95282,8
95299,5
95312,4
95323,2
95335,5
95346,1
95360,9
95375,2
95386,4
95405,10
95422,2
95432,3
95448,8
95469,9
95483,0
95496,9
95516,6
95533,6
95550,7
95567,5
95587,10
95605,4
95617,3
95633,9
95653,7
95666,1
95672,0
95677,0
95688,7
95704,5
95723,10
95741,3
95753,5
95768,5
95783,6
95799,5
95816,7
95838,10
95859,6
95872,2
95885,7
95904,7
95917,1
95931,8
95946,3
95956,2
95967,5
95978,2
95991,6
96009,8
96025,3
96040,8
96063,10
96085,7
96098,2
96114,10
96129,1
96138,4
96147,0
96162,10
96181,5
96194,3
96211,9
96227,2
96243,9
96260,4
96276,7
96298,10
96314,2
96321,0
96331,5
96350,10
96367,2
96381,7
96393,1
96403,4
96412,1
96420,2
96435,8
96450,2
96463,7
96479,5
96496,7
96510,3
96523,6
96539,6
96550,0
96557,3
96570,5
96586,6
96605,9
96622,4
96640,10
96658,3
96668,3
96683,8
96705,9
96726,8
96745,6
96763,7
96778,4
96793,7
96806,2
96817,4
96828,3
96836,0
96845,5
96856,1
96869,7
96888,8
96910,10
96932,7
96952,9
96966,1
96980,9
96994,1
97008,9
97023,1
97037,8
97056,6
97068,2
97080,5
97097,7
97111,3
97122,4
97135,4
97153,9
97167,0
97175,3
97184,2
97200,9
97220,6
97238,8
97252,2
97263,4
97280,9
97304,10
97320,1
97331,6
97347,5
97360,3
97372,4
97388,8
97409,8
97423,2
97433,4
97444,2
97458,7
97470,0
97483,8
97505,10
97528,8
97544,3
97557,6
97577,10
97601,10
97622,6
97636,3
97652,8
97672,8
97686,1
97693,2
97700,0
97715,10
97735,5
97749,5
97760,2
97776,9
97795,5
97810,6
97826,6
97843,6
97861,8
97878,5
97888,1
97900,6
97913,2
97929,9
97951,8
97967,3
97985,10
98007,7
98025,6
98036,1
98051,9
98075,10
98098,9
98113,2
98126,6
98145,8
98165,8
98181,3
98197,8
98217,8
98237,8
98254,5
98272,8
98291,6
98308,6
98328,10
98346,4
98361,6
98380,8
98396,3
98412,8
98426,1
98438,6
98449,1
98456,1
98465,3
98480,8
98495,3
98506,4
98519,5
98538,10
98556,4
98574,9
98591,3
98602,3
98616,6
98630,3
98640,3
98656,9
98675,6
98692,7
98713,10
98737,9
98759,9
98773,1
98785,7
98800,3
98814,6
98828,3
98839,3
98856,9
98876,6
98892,6
98904,2
98914,4
98930,8
98944,2
98951,0
98956,1
98971,10
98992,6
99007,5
99022,5
99033,1
99048,9
99063,2
99077,7
99092,4
99103,3
99112,2
99119,0
99128,5
99144,6
99160,6
99180,9
99199,5
99211,2
99220,2
99236,10
99251,1
99263,7
99277,3
99290,5
99305,5
99325,10
99340,1
99355,10
99378,9
99393,2
99406,6
99418,2
99426,2
99434,1
99450,10
99473,8
99493,7
99511,6
99525,3
99541,9
99557,2
99566,2
99577,5
99587,1
99598,6
99614,6
99630,5
99645,5
99660,6
99679,9
99695,2
99702,0
99715,8
99732,5
99745,4
99755,1
99765,4
99777,3
99786,1
99792,0
99799,2
99809,3
99825,9
99839,0
99851,7
99864,1
99879,10
99902,8
99916,1
99924,2
99932,1
99938,1
99948,4
99962,6
99974,2
99984,4
100000,8
100018,5
100036,8
100056,7
100076,9
100091,2
100105,7
100124,7
100145,9
100160,2
100175,8
100190,3
100208,10
100224,2
100238,8
100251,0
100262,7
100277,3
100285,1
100295,5
100312,8
100328,3
100339,3
100356,9
100376,6
100391,5
100410,10
100426,2
100442,9
100463,8
100477,1
100486,4
100495,1
100510,9
100524,1
100538,9
100553,1
100564,5
100575,2
100589,7
100604,4
100616,4
100627,3
100639,4
100651,4
100662,2
100674,5
100685,1
100699,9
100720,7
100733,2
100747,7
100761,3
100773,5
100785,2
100794,3
100804,2
100812,1
100824,7
100836,1
100845,4
100862,9
100878,2
100894,9
100914,7
100926,1
100933,1
100939,1
100951,6
100962,1
100972,4
100981,0
100991,5
101001,0
101007,1
101018,6
101035,7
101055,8
101068,0
101077,5
101096,10
101113,3
101129,8
101152,10
101176,9
101191,1
101206,10
101226,5
101243,7
101257,3
101268,3
101281,5
101291,0
101304,8
101323,6
101339,6
101355,6
101376,10
101399,9
101421,9
101437,3
101454,9
101475,8
101488,1
101499,6
101519,9
101537,5
101548,1
101554,1
101569,10
101591,7
101611,9
101628,3
101644,9
101667,9
101682,1
101696,8
101716,7
101730,3
101738,1
101746,3
101762,9
101778,3
101794,8
101813,6
101826,2
101842,9
101859,3
101868,2
101878,3
101887,1
101897,4
101913,7
101930,6
101950,10
101973,9
101994,8
102009,3
102026,10
102048,8
102064,4
102076,4
102093,8
102107,2
102120,6
102135,5
102153,9
102170,4
102179,1
102186,2
102193,1
102202,3
102216,7
102233,5
102245,3
102260,7
102276,5
102289,4
102305,8
102320,2
102333,6
102348,4
102358,2
102366,1
102374,3
102385,4
102401,8
102414,0
102422,4
102435,5
102448,4
102457,0
102471,10
102493,7
102513,9
102528,1
102537,3
102548,3
102558,3
102566,0
102580,10
102596,2
102608,5
102620,2
102632,6
102644,2
102653,3
102661,1
102676,9
102692,3
102709,10
102727,3
102741,6
102760,8
102775,3
102786,4
102800,5
102819,9
102840,8
102857,5
102870,4
102886,8
102901,2
102916,9
102933,4
102946,5
102960,4
102969,0
102982,9
103003,8
103018,3
103032,7
103050,7
103066,5
103080,5
103099,10
103120,7
103133,1
103139,1
103154,10
103170,1
103180,5
103195,5
103211,6
103224,2
103238,8
103253,2
103266,6
103284,7
103299,4
103308,1
103321,8
103344,10
103368,9
103385,3
103394,2
103409,8
103425,4
103437,4
103456,10
103473,2
103483,3
103491,0
103498,3
103513,7
103531,7
103551,8
103564,1
103576,6
103595,8
103614,6
103629,5
103642,3
103660,10
103679,5
103696,8
103711,3
103721,2
103732,4
103750,10
103769,4
103778,1
103792,8
103812,7
103832,8
103845,0
103855,5
103865,0
103872,3
103882,2
103891,2
103901,4
103910,1
103917,1
103926,4
103939,5
103954,6
103968,4
103980,3
103989,2
103999,3
104014,8
104028,1
104037,4
104046,1
104052,1
104065,8
104085,7
104101,5
104116,6
104133,7
104152,7
104170,6
104185,4
104198,5
104214,6
104229,5
104242,3
104256,6
104267,1
104280,8
104294,2
104305,5
104317,3
104330,6
104346,5
104356,0
104362,1
104376,8
104391,2
104401,3
104413,4
104429,8
104449,8
104471,10
104495,9
104515,7
104534,7
104548,2
104555,0
104562,2
1
10
31
50
64
73
92
104
119
143
159
168
173
185
193
201
210
223
238
247
259
270
293
308
327
337
355
366
376
387
398
403
414
427
441
458
476
495
509
522
533
550
565
576
599
610
625
647
666
674
690
705
730
739
754
784
800
831
844
858
880
887
907
921
949
964
990
1012
1022
1037
1050
1071
1087
1095
1100
1106
1112
1122
1132
1139
1146
1160
1172
1196
1207
1223
1242
1252
1271
1289
1309
1324
1330
1351
1360
1377
1395
1410
1433
1443
1470
1479
1495
1509
1524
1533
1556
1562
1577
1597
1607
1630
1639
1655
1672
1682
1693
1711
1740
1748
1785
1796
1820
1840
1849
1866
1874
1885
1911
1919
1929
1961
1972
1982
1998
2021
2032
2038
2048
2054
2069
2084
2097
2111
2130
2146
2157
2164
2184
2194
2218
2230
2239
2249
2263
2281
2299
2319
2338
2362
2376
2387
2397
2414
2420
2433
2438
2451
2459
2471
2487
2500
2521
2528
2544
2552
2577
2584
2590
2614
2630
2639
2662
2673
2681
2689
2714
2733
2757
2773
2786
2809
2826
2836
2843
2873
2890
2909
2916
2937
2951
2982
2993
3006
3029
3040
3058
3068
3095
3118
3142
3157
3174
3190
3208
3232
3243
3252
3262
3278
3292
3304
3315
3327
3335
3349
3355
3392
3400
3428
3449
3475
3482
3492
3500
3515
3538
3555
3579
3590
3606
3617
3639
3654
3664
3672
3684
3693
3711
3729
3749
3764
3769
3787
3797
3814
3830
3858
3872
3895
3914
3933
3948
3966
3985
3991
4021
4029
4036
4046
4060
4071
4095
4117
4123
4132
4165
4184
4193
4201
4219
4242
4266
4290
4301
4311
4316
4324
4333
4340
4346
4363
4371
4395
4418
4431
4442
4469
4475
4489
4511
4533
4556
4569
4575
4582
4592
4606
4631
4641
4654
4668
4685
4693
4700
4716
4732
4741
4765
4780
4802
4814
4826
4835
4846
4865
4881
4901
4912
4925
4939
4958
4976
4992
5002
5013
5025
5032
5042
5050
5063
5079
5102
5121
5135
5152
5161
5185
5190
5212
5228
5243
5261
5266
5292
5302
5333
5352
5364
5386
5401
5408
5427
5450
5467
5476
5501
5516
5526
5531
5539
5554
5570
5578
5587
5592
5609
5624
5641
5648
5662
5699
5708
5726
5739
5744
5752
5777
5795
5809
5839
5854
5876
5885
5911
5917
5928
5937
5970
5978
5987
5999
6012
6034
6042
6057
6062
6075
6100
6122
6130
6146
6164
6170
6180
6203
6216
6222
6247
6261
6286
6302
6312
6332
6347
6357
6374
6383
6397
6404
6419
6426
6444
6454
6467
6472
6483
6497
6514
6528
6540
6556
6573
6597
6608
6631
6648
6661
6670
6675
6696
6703
6709
6717
6733
6750
6759
6775
6782
6790
6798
6831
6839
6847
6854
6868
6879
6890
6903
6923
6939
6960
6975
6994
7012
7021
7029
7047
7060
7080
7087
7100
7116
7138
7148
7155
7172
7181
7189
7208
7223
7242
7256
7267
7278
7306
7312
7317
7338
7349
7363
7383
7396
7408
7432
7446
7482
7487
7503
7516
7536
7568
7578
7595
7604
7613
7631
7637
7651
7661
7677
7702
7709
7728
7750
7765
7774
7790
7796
7802
7825
7832
7871
7880
7896
7920
7929
7944
7952
7971
7991
8002
8013
8026
8051
8063
8076
8099
8112
8138
8150
8157
8164
8187
8198
8213
8225
8239
8255
8266
8288
8307
8321
8355
8361
8373
8391
8411
8420
8435
8444
8450
8469
8484
8509
8519
8543
8553
8573
8581
8588
8598
8606
8625
8633
8641
8671
8683
8702
8714
8731
8742
8761
8779
8787
8805
8812
8828
8847
8858
8869
8878
8884
8903
8913
8922
8929
8953
8969
8989
9000
9007
9013
9018
9027
9033
9047
9057
9075
9085
9093
9110
9129
9142
9162
9183
9192
9197
9208
9221
9240
9268
9279
9288
9301
9317
9323
9340
9346
9359
9374
9380
9393
9399
9413
9428
9446
9461
9474
9483
9499
9516
9528
9533
9545
9553
9577
9586
9597
9615
9625
9638
9671
9687
9699
9727
9748
9753
9774
9789
9800
9816
9844
9852
9861
9866
9877
9891
9898
9909
9924
9936
9952
9962
9982
10004
10009
10030
10048
10069
10076
10087
10097
10102
10115
10129
10143
10158
10163
10177
10198
10214
10231
10238
10262
10279
10289
10301
10312
10320
10329
10334
10340
10354
10366
10392
10405
10414
10424
10440
10461
10473
10499
10514
10540
10550
10565
10578
10592
10607
10627
10640
10657
10667
10673
10693
10708
10729
10751
10765
10781
10799
10830
10835
10846
10857
10887
10906
10913
10919
10936
10961
10973
11000
11011
11025
11040
11056
11086
11100
11118
11131
11154
11178
11198
11211
11228
11247
11255
11271
11286
11297
11316
11326
11343
11355
11384
11392
11406
11413
11426
11439
11462
11486
11508
11523
11549
11575
11589
11598
11633
11644
11662
11677
11699
11724
11730
11735
11750
11760
11776
11794
11822
11829
11834
11847
11861
11866
11883
11896
11914
11929
11942
11947
11962
11980
11989
12002
12023
12041
12057
12075
12087
12117
12144
12153
12175
12184
12191
12227
12236
12253
12267
12281
12298
12308
12330
12342
12360
12368
12375
12380
12386
12399
12410
12435
12455
12470
12494
12514
12532
12551
12572
12579
12599
12616
12623
12636
12654
12667
12683
12697
12714
12728
12756
12761
12782
12795
12811
12824
12832
12851
12863
12878
12888
12914
12925
12935
12941
12955
12975
13000
13010
13028
13050
13064
13074
13088
13098
13107
13131
13138
13162
13167
13180
13201
13213
13230
13243
13263
13281
13289
13298
13318
13335
13344
13356
13367
13376
13390
13411
13423
13433
13448
13469
13498
13509
13528
13539
13551
13557
13570
13585
13603
13613
13625
13630
13647
13663
13678
13704
13723
13740
13757
13768
13780
13787
13804
13814
13838
13850
13863
13886
13903
13913
13937
13967
13985
14007
14015
14027
14043
14074
14088
14113
14120
14147
14168
14182
14190
14209
14221
14242
14262
14270
14275
14292
14309
14331
14341
14353
14364
14369
14385
14413
14425
14441
14459
14465
14478
14491
14500
14507
14521
14532
14546
14569
14578
14590
14602
14627
14647
14671
14677
14698
14703
14716
14722
14737
14755
14762
14783
14795
14802
14813
14827
14838
14856
14867
14876
14903
14913
14927
14937
14955
14979
14990
15004
15027
15048
15058
15077
15099
15110
15141
15151
15161
15169
15178
15192
15200
15224
15243
15256
15284
15291
15320
15340
15345
15362
15375
15398
15415
15422
15434
15457
15470
15483
15502
15509
15532
15553
15573
15591
15615
15625
15664
15670
15697
15712
15737
15756
15770
15781
15787
15795
15818
15830
15836
15858
15876
15891
15903
15927
15943
15955
15986
15998
16017
16031
16048
16072
16090
16115
16131
16148
16163
16175
16186
16210
16223
16241
16268
16297
16304
16314
16334
16350
16375
16382
16400
16422
16445
16459
16479
16487
16496
16522
16537
16554
16583
16598
16606
16630
16643
16655
16678
16696
16721
16738
16759
16771
16778
16783
16790
16811
16817
16828
16838
16856
16868
16882
16912
16927
16941
16955
16978
16987
16997
17013
17020
17029
17056
17066
17075
17097
17110
17121
17132
17139
17149
17169
17186
17197
17202
17219
17241
17247
17268
17283
17303
17312
17319
17328
17341
17353
17359
17382
17401
17410
17415
17432
17443
17448
17458
17478
17491
17500
17509
17531
17562
17569
17591
17605
17620
17633
17645
17652
17659
17669
17684
17691
17712
17722
17735
17744
17765
17783
17793
17810
17830
17845
17867
17879
17905
17912
17942
17951
17976
17985
17994
18003
18026
18052
18070
18080
18091
18107
18132
18146
18163
18175
18191
18220
18236
18254
18263
18272
18286
18300
18310
18323
18341
18363
18374
18407
18423
18432
18446
18467
18476
18487
18512
18519
18543
18561
18572
18582
18602
18620
18642
18651
18656
18672
18695
18709
18737
18758
18772
18788
18796
18821
18834
18840
18859
18877
18903
18924
18935
18946
18960
18983
19004
19011
19021
19035
19050
19064
19088
19097
19109
19122
19127
19143
19150
19156
19172
19194
19215
19228
19251
19267
19276
19289
19305
19318
19328
19333
19338
19345
19353
19375
19393
19413
19424
19445
19462
19470
19501
19527
19533
19568
19578
19592
19603
19614
19624
19647
19655
19674
19696
19714
19723
19751
19759
19774
19783
19788
19796
19821
19828
19850
19860
19865
19877
19901
19911
19927
19947
19964
19982
19993
20015
20038
20062
20067
20079
20106
20120
20127
20149
20161
20176
20202
20230
20237
20260
20279
20285
20297
20309
20331
20358
20371
20396
20408
20421
20431
20448
20462
20469
20491
20523
20538
20548
20566
20581
20588
20608
20621
20640
20649
20656
20673
20679
20685
20703
20726
20744
20765
20777
20789
20801
20831
20840
20854
20875
20890
20896
20907
20917
20947
20960
20967
20984
20998
21012
21040
21057
21063
21089
21111
21123
21132
21139
21176
21189
21206
21223
21240
21246
21267
21299
21309
21318
21336
21349
21362
21378
21387
21394
21416
21427
21440
21447
21460
21478
21498
21517
21527
21532
21544
21568
21587
21622
21635
21651
21659
21668
21675
21689
21699
21721
21737
21748
21772
21786
21798
21807
21814
21834
21844
21852
21865
21870
21876
21894
21906
21923
21928
21933
21945
21962
21969
21994
22018
22032
22051
22070
22083
22099
22114
22125
22133
22148
22156
22171
22186
22193
22208
22223
22235
22264
22272
22297
22316
22322
22337
22355
22366
22375
22388
22402
22411
22427
22437
22445
22469
22502
22516
22530
22545
22550
22567
22575
22598
22619
22632
22645
22672
22697
22707
22732
22745
22771
22795
22811
22820
22847
22854
22872
22885
22901
22911
22916
22925
22935
22953
22964
22973
22995
23023
23030
23042
23051
23062
23071
23085
23093
23098
23115
23138
23146
23164
23174
23189
23202
23208
23216
23225
23239
23263
23284
23306
23320
23339
23352
23387
23396
23409
23420
23447
23464
23485
23497
23509
23550
23558
23568
23592
23597
23620
23633
23653
23671
23680
23691
23699
23714
23721
23743
23762
23767
23773
23783
23802
23810
23817
23830
23844
23865
23875
23884
23903
23925
23944
23961
23983
23998
24022
24033
24042
24056
24073
24095
24102
24109
24118
24134
24155
24174
24180
24203
24209
24227
24235
24259
24280
24289
24310
24315
24339
24370
24382
24403
24433
24441
24450
24469
24490
24515
24525
24546
24552
24569
24594
24620
24633
24649
24673
24697
24710
24722
24727
24742
24750
24758
24769
24785
24804
24818
24824
24845
24850
24874
24886
24903
24915
24935
24952
24970
24985
25004
25019
25033
25047
25066
25076
25087
25102
25127
25136
25155
25177
25188
25218
25231
25249
25262
25280
25298
25312
25323
25334
25364
25385
25404
25417
25440
25451
25456
25465
25484
25499
25504
25531
25542
25552
25563
25576
25588
25603
25624
25639
25667
25690
25701
25716
25724
25739
25760
25793
25801
25813
25839
25848
25857
25868
25883
25888
25895
25922
25936
25947
25962
25983
26010
26027
26046
26060
26087
26093
26121
26140
26155
26163
26183
26208
26226
26245
26254
26266
26282
26300
26319
26330
26336
26358
26371
26395
26407
26432
26449
26457
26477
26496
26506
26515
26527
26550
26572
26582
26593
26613
26635
26648
26669
26700
26719
26729
26743
26758
26769
26778
26793
26812
26822
26839
26855
26860
26867
26876
26899
26906
26913
26925
26935
26955
26968
26979
26989
27005
27025
27037
27068
27084
27093
27104
27109
27129
27134
27147
27159
27178
27198
27208
27234
27240
27252
27267
27277
27301
27312
27327
27351
27363
27383
27394
27416
27423
27445
27465
27488
27502
27525
27545
27571
27583
27596
27601
27623
27632
27651
27666
27679
27690
27711
27733
27748
27763
27778
27785
27814
27822
27840
27845
27855
27872
27886
27909
27925
27940
27945
27956
27977
27989
28001
28009
28028
28036
28042
28067
28084
28094
28113
28125
28151
28166
28182
28204
28212
28222
28235
28247
28256
28266
28285
28292
28321
28333
28343
28359
28376
28391
28410
28432
28450
28464
28481
28499
28514
28528
28539
28554
28569
28584
28606
28617
28630
28641
28649
28657
28666
28678
28705
28720
28739
28754
28763
28776
28781
28791
28801
28829
28847
28876
28884
28898
28912
28928
28951
28962
28976
28985
29005
29010
29024
29041
29056
29064
29085
29093
29119
29133
29154
29172
29183
29196
29205
29229
29240
29267
29278
29297
29304
29328
29352
29367
29373
29387
29408
29436
29449
29455
29463
29478
29489
29501
29526
29543
29548
29555
29568
29576
29597
29628
29638
29648
29661
29676
29684
29712
29733
29741
29760
29765
29786
29803
29814
29840
29850
29857
29889
29920
29928
29961
29972
29990
30000
30015
30026
30033
30043
30069
30085
30099
30123
30132
30143
30160
30188
30208
30233
30238
30268
30288
30299
30323
30329
30341
30355
30365
30376
30405
30411
30418
30430
30453
30473
30482
30502
30514
30523
30546
30563
30572
30580
30595
30620
30633
30651
30657
30677
30693
30707
30718
30730
30748
30759
30790
30797
30805
30826
30831
30853
30859
30868
30884
30906
30917
30951
30957
30979
30988
31001
31010
31034
31063
31081
31104
31129
31151
31165
31187
31205
31227
31235
31261
31274
31288
31310
31331
31341
31346
31366
31377
31392
31411
31429
31447
31454
31460
31469
31481
31494
31512
31526
31551
31569
31578
31594
31612
31631
31637
31643
31651
31661
31687
31695
31709
31720
31750
31758
31782
31795
31820
31830
31847
31860
31869
31889
31894
31909
31920
31929
31934
31953
31959
32002
32010
32026
32040
32049
32058
32077
32095
32115
32128
32137
32149
32167
32181
32197
32202
32208
32219
32224
32234
32255
32263
32277
32283
32292
32299
32315
32333
32348
32359
32377
32382
32405
32417
32433
32456
32467
32475
32495
32513
32535
32543
32555
32566
32600
32617
32631
32666
32681
32699
32727
32741
32764
32772
32787
32805
32830
32842
32849
32856
32867
32887
32897
32902
32911
32924
32952
32971
32989
33016
33027
33034
33045
33057
33065
33075
33081
33090
33099
33113
33125
33152
33171
33178
33189
33201
33213
33234
33248
33278
33290
33296
33301
33306
33335
33350
33361
33376
33388
33406
33418
33437
33443
33448
33454
33459
33479
33486
33500
33515
33531
33541
33550
33555
33562
33571
33592
33600
33621
33638
33646
33670
33678
33706
33712
33724
33749
33755
33774
33792
33809
33816
33835
33855
33864
33874
33885
33903
33917
33933
33958
33964
33973
33979
34011
34019
34033
34053
34059
34070
34075
34092
34114
34124
34138
34150
34167
34181
34191
34217
34227
34250
34263
34290
34311
34330
34346
34359
34369
34384
34407
34419
34437
34458
34463
34484
34492
34510
34541
34546
34563
34585
34599
34613
34631
34642
34659
34667
34674
34684
34701
34716
34739
34745
34759
34782
34790
34810
34823
34846
34853
34874
34884
34894
34903
34934
34953
34968
34991
35000
35024
35054
35063
35076
35082
35121
35136
35155
35170
35178
35199
35206
35226
35243
35253
35259
35276
35296
35310
35330
35341
35366
35371
35391
35403
35422
35436
35453
35465
35484
35493
35506
35522
35532
35537
35542
35560
35580
35605
35618
35626
35650
35668
35688
35700
35707
35717
35728
35743
35753
35780
35792
35802
35810
35823
35837
35846
35853
35864
35877
35888
35897
35902
35924
35947
35958
35970
35979
35989
35997
36016
36034
36051
36069
36086
36107
36131
36139
36146
36155
36169
36180
36217
36240
36248
36273
36296
36316
36324
36342
36360
36366
36377
36389
36401
36415
36425
36446
36468
36474
36498
36520
36525
36548
36567
36578
36602
36610
36620
36645
36660
36676
36700
36722
36737
36751
36764
36778
36796
36816
36822
36831
36855
36863
36876
36898
36923
36937
36951
36956
36980
36986
36992
37003
37017
37041
37047
37056
37080
37092
37110
37127
37139
37148
37165
37173
37193
37204
37226
37251
37265
37292
37307
37330
37353
37369
37388
37399
37410
37429
37435
37454
37468
37473
37490
37521
37536
37558
37572
37595
37612
37622
37662
37668
37687
37702
37714
37727
37762
37772
37780
37787
37800
37820
37839
37870
37890
37898
37909
37917
37929
37942
37976
37983
37996
38004
38041
38053
38071
38085
38108
38125
38142
38159
38179
38195
38208
38218
38242
38261
38281
38288
38315
38323
38341
38348
38359
38366
38374
38385
38391
38405
38420
38438
38449
38472
38495
38503
38521
38538
38558
38566
38582
38589
38600
38623
38645
38662
38681
38692
38706
38721
38728
38742
38750
38762
38772
38780
38790
38807
38825
38837
38853
38866
38877
38905
38918
38940
38954
38977
39001
39011
39035
39058
39078
39091
39106
39116
39124
39139
39145
39158
39183
39192
39220
39241
39254
39270
39283
39294
39302
39311
39323
39347
39375
39392
39403
39424
39444
39456
39473
39486
39503
39514
39525
39532
39540
39562
39573
39593
39611
39633
39640
39659
39688
39700
39711
39722
39729
39737
39748
39772
39780
39802
39819
39839
39849
39855
39879
39894
39912
39930
39941
39962
39988
39998
40008
40013
40023
40041
40056
40073
40082
40107
40116
40150
40161
40197
40206
40220
40246
40256
40275
40287
40304
40323
40333
40361
40367
40373
40382
40390
40418
40432
40442
40469
40475
40481
40510
40538
40547
40558
40567
40586
40591
40599
40611
40634
40654
40663
40691
40701
40709
40723
40754
40776
40791
40801
40818
40825
40852
40865
40874
40899
40911
40921
40927
40948
40965
40976
40990
41008
41020
41037
41050
41077
41086
41101
41118
41133
41142
41166
41174
41186
41192
41199
41214
41224
41237
41248
41264
41292
41302
41340
41359
41373
41386
41407
41425
41439
41458
41478
41505
41514
41546
41563
41576
41587
41606
41616
41624
41644
41652
41668
41680
41699
41714
41742
41752
41763
41779
41787
41794
41815
41840
41860
41870
41884
41915
41933
41952
41962
41983
41990
42018
42023
42037
42049
42081
42090
42095
42112
42119
42142
42153
42165
42184
42205
42224
42241
42264
42274
42291
42305
42330
42341
42356
42368
42377
42389
42395
42403
42413
42431
42442
42448
42463
42470
42488
42502
42510
42519
42534
42546
42554
42570
42577
42587
42606
42617
42636
42644
42654
42665
42681
42695
42718
42731
42736
42748
42763
42773
42783
42806
42829
42841
42867
42875
42882
42893
42909
42925
42935
42946
42985
43004
43022
43044
43063
43082
43091
43122
43132
43144
43151
43163
43172
43200
43209
43216
43223
43228
43243
43262
43267
43280
43290
43303
43335
43346
43352
43383
43395
43413
43425
43430
43442
43459
43469
43484
43504
43526
43541
43548
43553
43568
43596
43616
43624
43645
43658
43681
43687
43698
43717
43729
43762
43783
43800
43822
43828
43838
43849
43863
43877
43892
43919
43925
43942
43964
43976
43992
44004
44032
44044
44072
44078
44095
44106
44114
44121
44131
44139
44155
44171
44183
44207
44233
44241
44251
44257
44279
44288
44294
44316
44323
44330
44346
44355
44370
44387
44401
44422
44433
44463
44479
44500
44514
44522
44537
44543
44550
44575
44597
44613
44627
44640
44657
44662
44677
44695
44708
44725
44735
44756
44767
44783
44798
44814
44830
44845
44866
44872
44892
44900
44925
44945
44955
44963
44981
44991
44998
45011
45038
45052
45058
45065
45072
45080
45112
45122
45138
45147
45157
45170
45181
45191
45203
45221
45236
45257
45269
45288
45304
45311
45325
45342
45348
45370
45381
45394
45404
45425
45435
45452
45457
45470
45489
45501
45507
45518
45543
45563
45572
45596
45625
45643
45664
45681
45705
45724
45736
45755
45765
45784
45800
45813
45836
45849
45860
45877
45906
45920
45933
45943
45951
45980
45997
46003
46029
46041
46049
46055
46075
46099
46112
46125
46137
46151
46161
46167
46186
46207
46222
46229
46239
46247
46256
46279
46297
46324
46336
46346
46367
46373
46401
46416
46423
46432
46439
46462
46473
46483
46507
46513
46519
46536
46545
46558
46574
46603
46623
46644
46663
46673
46685
46699
46705
46716
46734
46750
46757
46776
46781
46799
46828
46841
46854
46865
46875
46893
46907
46929
46936
46957
46970
46980
46999
47017
47047
47053
47063
47083
47096
47110
47126
47134
47149
47156
47175
47180
47186
47194
47204
47215
47237
47257
47275
47287
47320
47329
47340
47355
47366
47390
47416
47436
47458
47463
47469
47478
47486
47501
47523
47544
47565
47580
47596
47616
47630
47651
47658
47668
47692
47715
47732
47752
47770
47795
47809
47820
47828
47845
47850
47860
47891
47919
47928
47936
47957
47973
47980
47996
48012
48025
48048
48060
48067
48083
48096
48109
48129
48152
48163
48190
48197
48210
48235
48240
48254
48270
48282
48290
48305
48333
48345
48355
48366
48373
48399
48413
48426
48452
48463
48484
48492
48513
48521
48534
48540
48562
48573
48587
48598
48605
48620
48631
48654
48673
48686
48711
48729
48736
48749
48768
48787
48800
48820
48829
48843
48850
48860
48865
48887
48893
48911
48925
48932
48953
48961
48980
48995
49006
49018
49037
49048
49068
49075
49096
49104
49116
49132
49154
49162
49173
49191
49205
49238
49244
49264
49275
49283
49291
49301
49307
49325
49349
49361
49385
49400
49418
49429
49444
49476
49485
49495
49515
49529
49543
49553
49572
49585
49614
49631
49638
49649
49663
49678
49683
49698
49720
49736
49753
49763
49781
49792
49804
49816
49841
49853
49861
49882
49890
49900
49910
49928
49943
49957
49975
49990
50009
50024
50032
50049
50059
50067
50078
50102
50113
50136
50156
50173
50198
50219
50228
50247
50263
50281
50295
50317
50343
50354
50361
50383
50389
50394
50400
50409
50414
50426
50454
50463
50494
50513
50521
50558
50566
50578
50586
50608
50623
50629
50646
50653
50661
50667
50688
50704
50711
50736
50744
50750
50762
50776
50787
50804
50810
50821
50832
50841
50857
50872
50880
50886
50893
50909
50921
50955
50980
50991
51013
51023
51032
51041
51053
51060
51082
51087
51092
51100
51109
51129
51136
51161
51167
51182
51201
51210
51228
51240
51253
51276
51302
51314
51336
51363
51368
51380
51391
51409
51419
51442
51456
51465
51481
51499
51520
51533
51552
51568
51576
51589
51595
51606
51621
51646
51657
51681
51690
51708
51720
51753
51772
51781
51786
51795
51826
51835
51863
51870
51876
51901
51912
51925
51934
51943
51969
51975
51991
51998
52005
52022
52036
52048
52055
52077
52089
52096
52113
52132
52149
52162
52167
52188
52211
52222
52238
52263
52291
52310
52333
52342
52347
52368
52390
52411
52417
52428
52435
52448
52468
52485
52496
52505
52520
52535
52554
52580
52591
52597
52602
52619
52646
52661
52672
52682
52698
52719
52738
52751
52770
52776
52788
52802
52810
52828
52833
52840
52856
52874
52880
52887
52914
52932
52937
52954
52978
53003
53018
53026
53041
53051
53062
53080
53094
53111
53118
53125
53139
53153
53171
53185
53197
53219
53240
53258
53266
53283
53292
53298
53323
53332
53358
53365
53394
53405
53412
53421
53439
53455
53472
53493
53501
53508
53534
53543
53556
53576
53589
53594
53604
53614
53619
53632
53645
53661
53692
53699
53713
53730
53741
53766
53776
53782
53791
53803
53827
53854
53872
53892
53904
53924
53938
53950
53974
53993
54006
54019
54024
54035
54045
54062
54068
54077
54089
54098
54104
54112
54122
54129
54136
54146
54164
54174
54199
54211
54245
54252
54257
54283
54299
54312
54331
54337
54356
54367
54392
54418
54429
54445
54454
54477
54485
54501
54508
54515
54534
54542
54549
54560
54567
54580
54598
54614
54639
54647
54664
54673
54699
54716
54731
54743
54767
54796
54807
54829
54837
54853
54872
54883
54906
54923
54932
54938
54950
54963
54971
54989
54995
55006
55025
55041
55050
55056
55063
55070
55111
55124
55132
55168
55181
55204
55236
55252
55264
55274
55295
55305
55333
55343
55361
55377
55391
55402
55425
55446
55460
55481
55488
55499
55505
55528
55534
55561
55582
55605
55627
55638
55648
55673
55698
55709
55719
55727
55748
55764
55782
55796
55826
55834
55848
55869
55881
55905
55916
55933
55946
55961
55979
55986
55999
56016
56036
56053
56066
56086
56101
56112
56134
56143
56149
56177
56189
56202
56216
56232
56251
56262
56278
56295
56303
56320
56333
56351
56366
56383
56388
56396
56407
56427
56443
56449
56458
56487
56501
56521
56530
56537
56545
56569
56588
56599
56623
56635
56653
56667
56681
56699
56704
56732
56740
56760
56776
56791
56799
56807
56829
56835
56843
56852
56863
56884
56899
56907
56916
56923
56929
56946
56955
56971
56986
57006
57030
57042
57048
57072
57095
57111
57128
57147
57159
57173
57192
57211
57219
57230
57242
57262
57269
57282
57313
57334
57350
57367
57382
57398
57419
57427
57433
57442
57458
57473
57491
57517
57537
57556
57582
57604
57622
57634
57643
57666
57689
57705
57713
57727
57743
57757
57768
57784
57792
57811
57824
57844
57853
57865
57872
57891
57907
57915
57936
57956
57975
57993
58000
58015
58023
58045
58076
58087
58111
58119
58134
58150
58165
58179
58189
58222
58237
58255
58273
58286
58298
58306
58322
58334
58340
58352
58375
58384
58392
58416
58425
58436
58452
58464
58477
58502
58524
58533
58549
58562
58571
58582
58610
58621
58629
58641
58657
58676
58696
58706
58725
58736
58743
58765
58782
58808
58818
58839
58845
58854
58871
58878
58897
58908
58925
58943
58957
58962
58971
58989
59012
59032
59050
59060
59075
59093
59101
59111
59119
59131
59150
59165
59183
59191
59212
59221
59246
59269
59293
59299
59315
59323
59340
59345
59369
59376
59385
59399
59420
59426
59451
59462
59472
59484
59495
59520
59533
59549
59557
59575
59588
59603
59617
59630
59643
59652
59662
59680
59702
59711
59732
59749
59772
59793
59817
59825
59842
59865
59879
59901
59909
59932
59947
59956
59969
59987
60001
60016
60023
60033
60049
60074
60090
60113
60123
60129
60145
60152
60180
60202
60213
60238
60250
60263
60291
60313
60338
60364
60369
60376
60400
60413
60422
60442
60455
60483
60493
60516
60528
60538
60546
60572
60593
60615
60636
60645
60670
60699
60713
60723
60749
60764
60778
60794
60806
60822
60838
60853
60868
60887
60908
60915
60923
60940
60959
60967
60979
61001
61016
61037
61050
61065
61084
61098
61109
61132
61139
61153
61163
61170
61194
61208
61216
61229
61243
61251
61269
61287
61308
61322
61332
61350
61378
61399
61407
61414
61425
61436
61458
61463
61473
61478
61489
61512
61521
61541
61549
61577
61596
61606
61625
61638
61646
61660
61688
61702
61711
61738
61753
61758
61764
61788
61804
61814
61840
61852
61868
61885
61900
61908
61921
61949
61968
61977
61995
62004
62024
62039
62050
62066
62082
62089
62106
62126
62144
62171
62186
62192
62224
62236
62243
62274
62295
62310
62317
62338
62351
62375
62385
62407
62417
62426
62433
62452
62466
62483
62497
62520
62542
62570
62585
62606
62622
62630
62635
62647
62655
62662
62673
62684
62690
62695
62706
62728
62744
62759
62772
62783
62806
62812
62846
62857
62875
62886
62894
62907
62920
62942
62965
62980
63006
63015
63029
63039
63063
63072
63090
63101
63114
63133
63147
63155
63170
63192
63203
63222
63239
63249
63272
63308
63318
63325
63344
63371
63388
63413
63427
63443
63457
63467
63489
63512
63520
63536
63559
63589
63600
63618
63626
63634
63659
63669
63678
63690
63700
63717
63746
63762
63783
63792
63802
63807
63813
63819
63836
63844
63860
63888
63894
63912
63934
63944
63967
63987
64015
64028
64043
64059
64068
64079
64097
64122
64141
64155
64172
64189
64216
64238
64267
64280
64286
64311
64316
64330
64351
64367
64374
64407
64430
64447
64466
64487
64493
64502
64530
64540
64555
64568
64574
64584
64593
64601
64625
64640
64655
64674
64693
64710
64722
64733
64753
64761
64783
64799
64812
64825
64838
64849
64863
64890
64908
64924
64945
64953
64987
64993
65000
65009
65025
65048
65053
65070
65087
65098
65120
65135
65163
65174
65186
65207
65230
65243
65254
65287
65294
65326
65343
65361
65387
65393
65400
65412
65435
65453
65462
65475
65490
65498
65503
65526
65544
65552
65570
65589
65601
65622
65649
65655
65663
65685
65701
65709
65726
65735
65745
65760
65785
65810
65822
65843
65860
65885
65893
65910
65926
65938
65951
65968
65980
65999
66004
66018
66035
66062
66076
66095
66103
66131
66156
66164
66195
66207
66229
66241
66248
66254
66272
66285
66315
66332
66341
66356
66375
66393
66414
66435
66448
66475
66485
66492
66507
66514
66523
66539
66546
66555
66569
66593
66610
66634
66650
66659
66668
66679
66703
66731
66739
66758
66783
66789
66804
66821
66832
66841
66856
66878
66899
66909
66924
66940
66966
66980
67007
67014
67034
67054
67063
67074
67083
67092
67116
67132
67150
67161
67177
67194
67222
67237
67259
67279
67289
67308
67326
67342
67352
67365
67377
67391
67407
67430
67438
67450
67458
67479
67493
67508
67518
67533
67547
67559
67570
67592
67602
67608
67621
67643
67656
67670
67681
67694
67706
67715
67730
67756
67765
67774
67781
67792
67803
67824
67838
67859
67867
67889
67896
67916
67935
67967
67980
67987
68022
68028
68047
68068
68073
68081
68096
68102
68116
68128
68142
68155
68164
68174
68192
68216
68228
68256
68271
68289
68305
68316
68332
68342
68359
68372
68399
68421
68438
68450
68460
68483
68493
68501
68529
68536
68563
68581
68587
68598
68612
68630
68649
68666
68684
68695
68707
68714
68727
68738
68758
68775
68794
68804
68842
68854
68861
68866
68891
68897
68902
68923
68939
68959
68967
68990
68997
69011
69028
69037
69060
69072
69080
69086
69094
69110
69124
69139
69154
69169
69179
69193
69215
69225
69240
69269
69290
69302
69313
69341
69349
69377
69395
69412
69428
69437
69449
69463
69482
69501
69514
69534
69553
69569
69576
69606
69617
69644
69652
69686
69696
69704
69719
69732
69744
69757
69769
69797
69806
69820
69833
69846
69865
69882
69891
69908
69918
69939
69946
69973
69992
70005
70032
70045
70073
70102
70113
70130
70142
70159
70175
70181
70205
70213
70230
70238
70252
70267
70279
70306
70318
70330
70339
70356
70373
70387
70420
70428
70433
70445
70464
70487
70524
70540
70553
70566
70578
70598
70618
70625
70639
70653
70672
70697
70703
70719
70740
70760
70768
70782
70798
70811
70826
70845
70854
70862
70870
70882
70897
70930
70940
70948
70974
70996
71004
71010
71028
71035
71057
71066
71071
71089
71104
71122
71140
71153
71172
71181
71204
71213
71225
71245
71262
71270
71285
71298
71313
71322
71342
71358
71381
71398
71423
71437
71454
71468
71483
71499
71511
71527
71541
71551
71573
71591
71618
71634
71662
71683
71702
71725
71733
71753
71771
71788
71805
71813
71821
71833
71838
71852
71872
71881
71901
71911
71922
71929
71935
71949
71959
71970
71986
71992
72006
72031
72041
72046
72079
72088
72119
72131
72146
72167
72177
72184
72210
72223
72244
72254
72269
72281
72290
72308
72328
72350
72366
72389
72404
72419
72435
72445
72484
72503
72508
72523
72529
72552
72575
72598
72606
72611
72621
72631
72636
72647
72663
72672
72692
72718
72734
72756
72770
72783
72790
72795
72815
72825
72844
72865
72891
72905
72923
72947
72971
72981
72986
73014
73024
73053
73062
73080
73103
73108
73116
73128
73145
73151
73164
73178
73199
73210
73231
73247
73262
73282
73291
73317
73348
73359
73371
73395
73405
73418
73437
73459
73470
73478
73497
73502
73522
73535
73559
73572
73583
73597
73602
73629
73653
73665
73672
73690
73706
73719
73730
73741
73751
73759
73764
73782
73798
73817
73836
73852
73868
73889
73908
73915
73934
73943
73955
73970
73987
73993
73999
74015
74036
74055
74064
74072
74080
74111
74127
74132
74145
74173
74188
74205
74225
74249
74273
74285
74293
74308
74321
74331
74353
74363
74372
74387
74401
74433
74452
74472
74487
74494
74503
74510
74534
74539
74545
74565
74575
74596
74613
74629
74640
74664
74672
74678
74685
74696
74714
74730
74742
74769
74779
74795
74821
74838
74849
74860
74871
74890
74905
74925
74932
74947
74960
74989
74995
75006
75024
75053
75065
75083
75098
75111
75123
75138
75146
75158
75183
75191
75215
75246
75255
75263
75270
75278
75286
75292
75298
75321
75329
75340
75345
75366
75372
75391
75399
75439
75449
75461
75470
75506
75522
75542
75559
75581
75595
75608
75614
75638
75651
75657
75681
75699
75723
75729
75734
75763
75777
75783
75806
75820
75830
75841
75859
75866
75882
75904
75922
75934
75966
75977
76000
76009
76016
76029
76044
76058
76077
76105
76115
76128
76145
76151
76191
76200
76226
76236
76258
76270
76286
76297
76317
76331
76348
76358
76383
76402
76419
76434
76457
76463
76475
76498
76523
76528
76553
76574
76610
76617
76631
76642
76648
76669
76688
76700
76706
76726
76742
76757
76772
76792
76803
76812
76823
76838
76851
76884
76891
76904
76914
76924
76935
76951
76963
76974
76990
77001
77015
77037
77048
77067
77102
77113
77127
77140
77155
77167
77184
77192
77217
77229
77242
77252
77258
77278
77290
77314
77326
77344
77351
77377
77390
77410
77428
77434
77461
77476
77504
77517
77543
77556
77562
77583
77597
77614
77624
77632
77654
77676
77688
77701
77729
77747
77756
77762
77782
77789
77802
77811
77820
77834
77859
77875
77890
77899
77908
77913
77925
77946
77961
77975
77984
77997
78008
78027
78038
78049
78071
78088
78105
78118
78139
78146
78155
78170
78194
78207
78220
78226
78243
78252
78262
78279
78286
78301
78318
78333
78354
78372
78388
78399
78420
78426
78432
78456
78469
78494
78514
78522
78541
78552
78560
78575
78592
78609
78641
78655
78662
78674
78698
78705
78738
78748
78778
78797
78823
78838
78847
78860
78872
78877
78888
78893
78917
78936
78958
78970
78992
79005
79025
79042
79061
79071
79088
79099
79120
79141
79157
79163
79179
79201
79213
79226
79242
79258
79269
79276
79285
79307
79321
79333
79351
79364
79378
79399
79418
79427
79448
79464
79474
79482
79510
79524
79532
79546
79565
79579
79584
79595
79603
79612
79623
79642
79653
79674
79687
79699
79728
79746
79761
79786
79813
79825
79835
79861
79873
79879
79891
79908
79913
79920
79941
79965
79972
79989
79996
80001
80006
80027
80039
80062
80072
80082
80108
80122
80127
80142
80170
80181
80190
80214
80226
80244
80251
80257
80273
80289
80307
80332
80348
80368
80380
80406
80419
80439
80462
80482
80497
80505
80522
80544
80556
80570
80582
80599
80613
80645
80660
80681
80696
80702
80708
80721
80742
80772
80778
80802
80823
80835
80853
80859
80872
80880
80885
80898
80928
80934
80949
80957
80970
80977
80984
80989
81003
81021
81029
81045
81059
81075
81094
81107
81122
81152
81163
81189
81197
81220
81234
81252
81270
81282
81289
81323
81331
81339
81361
81375
81384
81399
81406
81421
81437
81462
81472
81493
81508
81519
81528
81547
81560
81567
81588
81608
81627
81636
81670
81688
81712
81726
81735
81742
81755
81773
81788
81796
81807
81820
81831
81841
81865
81886
81902
81918
81944
81954
81973
81980
82004
82016
82021
82039
82058
82077
82092
82115
82135
82152
82168
82186
82199
82210
82225
82236
82250
82261
82278
82288
82309
82315
82320
82336
82355
82373
82392
82414
82433
82444
82455
82466
82477
82492
82515
82530
82545
82551
82559
82584
82606
82629
82636
82656
82664
82690
82702
82710
82733
82757
82766
82779
82785
82797
82812
82834
82845
82859
82867
82884
82896
82905
82920
82928
82935
82962
82980
83002
83021
83038
83056
83085
83101
83116
83140
83159
83180
83194
83199
83210
83218
83236
83259
83270
83299
83310
83323
83344
83350
83361
83385
83404
83417
83434
83458
83463
83484
83496
83513
83524
83535
83548
83564
83583
83590
83616
83630
83647
83659
83672
83686
83693
83708
83720
83739
83744
83752
83760
83766
83780
83800
83819
83840
83852
83883
83896
83914
83940
83949
83958
83971
83980
83992
84000
84018
84029
84045
84052
84071
84085
84091
84113
84127
84136
84161
84168
84176
84188
84206
84213
84231
84251
84264
84273
84292
84300
84312
84318
84347
84363
84373
84388
84414
84423
84438
84457
84473
84478
84485
84505
84520
84530
84539
84559
84568
84577
84589
84608
84619
84634
84650
84662
84676
84683
84694
84707
84717
84741
84751
84765
84786
84803
84822
84834
84861
84868
84876
84884
84889
84919
84928
84943
84969
84977
85005
85020
85039
85051
85067
85086
85098
85110
85120
85140
85146
85159
85181
85193
85206
85227
85245
85259
85273
85283
85295
85305
85317
85336
85355
85368
85383
85391
85404
85414
85428
85444
85454
85468
85480
85490
85502
85521
85533
85551
85572
85582
85599
85620
85651
85660
85676
85688
85707
85725
85746
85756
85773
85785
85794
85805
85810
85817
85832
85841
85847
85854
85860
85867
85878
85890
85902
85930
85953
85962
85974
85983
86008
86016
86022
86038
86064
86076
86082
86104
86116
86126
86135
86148
86158
86179
86197
86217
86228
86240
86247
86259
86294
86310
86317
86328
86342
86362
86379
86401
86408
86431
86445
86465
86478
86485
86509
86525
86542
86563
86573
86581
86590
86600
86616
86641
86657
86679
86688
86700
86724
86745
86757
86766
86774
86785
86802
86822
86827
86849
86872
86886
86894
86911
86937
86944
86953
86972
86992
87002
87011
87025
87037
87043
87066
87075
87082
87101
87114
87137
87153
87161
87169
87174
87181
87193
87200
87207
87224
87236
87241
87246
87258
87275
87282
87290
87303
87330
87345
87357
87375
87384
87409
87421
87441
87460
87476
87489
87517
87530
87546
87558
87579
87588
87617
87628
87648
87662
87682
87703
87715
87726
87734
87749
87759
87783
87803
87820
87834
87863
87879
87897
87902
87927
87934
87941
87955
87962
87972
87980
88003
88020
88037
88047
88074
88095
88115
88131
88138
88161
88169
88192
88205
88216
88224
88244
88258
88271
88279
88284
88290
88305
88321
88341
88346
88383
88394
88414
88422
88441
88455
88464
88470
88495
88502
88507
88516
88525
88546
88555
88571
88588
88602
88613
88622
88634
88644
88654
88681
88704
88717
88736
88746
88763
88788
88797
88822
88841
88856
88861
88875
88885
88896
88903
88913
88932
88946
88951
88958
88973
89000
89013
89032
89042
89047
89053
89061
89076
89098
89107
89113
89124
89135
89166
89183
89208
89221
89246
89262
89276
89285
89300
89309
89333
89347
89364
89371
89389
89402
89419
89432
89464
89490
89498
89514
89523
89546
89555
89569
89595
89608
89621
89645
89660
89678
89694
89717
89737
89752
89764
89771
89779
89788
89816
89828
89834
89841
89853
89870
89880
89895
89907
89924
89940
89947
89968
89973
89982
89989
90011
90019
90040
90053
90058
90074
90096
90113
90140
90161
90171
90182
90200
90225
90241
90256
90266
90282
90293
90324
90345
90357
90383
90402
90418
90441
90467
90481
90508
90521
90542
90555
90569
90580
90591
90601
90613
90628
90633
90642
90650
90661
90670
90681
90694
90706
90724
90730
90747
90764
90781
90803
90811
90838
90853
90872
90894
90920
90932
90950
90971
90984
91010
91035
91044
91061
91071
91085
91099
91111
91124
91138
91143
91149
91159
91166
91187
91203
91219
91230
91239
91245
91255
91262
91270
91294
91306
91314
91330
91341
91366
91374
91379
91403
91412
91418
91431
91442
91452
91465
91481
91510
91537
91554
91572
91598
91607
91620
91634
91647
91668
91682
91695
91712
91717
91725
91733
91752
91776
91783
91788
91800
91811
91823
91840
91865
91879
91894
91905
91914
91923
91928
91949
91960
91971
91986
91996
92007
92017
92041
92053
92069
92093
92103
92124
92129
92141
92161
92181
92192
92211
92216
92242
92248
92269
92274
92298
92317
92327
92359
92378
92398
92412
92418
92449
92467
92476
92482
92489
92518
92527
92540
92552
92562
92578
92590
92614
92633
92663
92673
92682
92692
92697
92706
92713
92719
92731
92746
92758
92766
92787
92814
92825
92834
92842
92855
92862
92891
92903
92913
92926
92946
92966
92980
93003
93023
93032
93049
93070
93088
93111
93118
93138
93152
93181
93196
93205
93236
93245
93253
93263
93272
93289
93300
93312
93317
93323
93348
93353
93366
93385
93404
93416
93424
93431
93447
93459
93468
93476
93499
93519
93539
93553
93581
93592
93598
93622
93636
93655
93662
93684
93705
93711
93729
93745
93751
93759
93778
93785
93790
93797
93829
93845
93859
93874
93883
93898
93916
93933
93953
93964
93980
93993
94004
94016
94025
94033
94042
94072
94084
94106
94119
94145
94163
94173
94196
94214
94229
94245
94254
94268
94292
94302
94313
94318
94326
94356
94364
94374
94381
94393
94401
94416
94437
94455
94466
94483
94490
94501
94519
94531
94541
94551
94568
94585
94605
94622
94634
94640
94659
94664
94684
94708
94713
94723
94745
94759
94773
94788
94800
94816
94830
94843
94860
94873
94884
94900
94924
94931
94941
94953
94961
94980
94997
95015
95031
95041
95059
95073
95093
95114
95128
95152
95160
95168
95180
95189
95203
95212
95231
95247
95255
95284
95302
95316
95322
95331
95346
95369
95375
95387
95402
95423
95434
95442
95470
95483
95492
95522
95532
95544
95567
95577
95605
95620
95640
95647
95665
95672
95677
95695
95707
95731
95740
95754
95764
95789
95800
95820
95836
95859
95871
95880
95908
95918
95932
95946
95957
95969
95978
95990
96009
96023
96044
96054
96079
96098
96105
96130
96138
96147
96163
96181
96196
96214
96225
96239
96257
96280
96299
96315
96321
96330
96348
96365
96379
96394
96405
96412
96421
96441
96452
96462
96480
96500
96509
96522
96544
96550
96560
96569
96591
96601
96626
96648
96658
96671
96676
96713
96729
96744
96765
96777
96795
96808
96815
96831
96836
96846
96857
96864
96885
96916
96927
96951
96967
96989
96994
97005
97024
97031
97062
97070
97085
97090
97111
97125
97136
97160
97167
97176
97185
97198
97222
97244
97251
97264
97282
97295
97321
97334
97351
97358
97376
97384
97414
97425
97432
97442
97454
97470
97480
97509
97524
97544
97561
97579
97597
97628
97637
97659
97671
97685
97693
97700
97719
97732
97747
97759
97781
97795
97816
97825
97846
97861
97883
97889
97906
97913
97927
97953
97968
97975
98014
98028
98036
98047
98073
98090
98115
98123
98147
98164
98179
98198
98222
98241
98257
98271
98295
98313
98328
98344
98357
98377
98393
98410
98426
98437
98449
98456
98464
98476
98495
98508
98517
98535
98553
98577
98592
98603
98619
98633
98641
98657
98678
98693
98723
98731
98762
98773
98785
98797
98813
98828
98838
98850
98880
98894
98905
98913
98935
98944
98951
98957
98977
98996
99011
99018
99032
99044
99064
99072
99092
99103
99111
99119
99132
99146
99161
99186
99201
99209
99218
99228
99251
99261
99279
99290
99308
99332
99341
99365
99372
99394
99412
99419
99427
99433
99445
99468
99493
99508
99522
99534
99555
99568
99579
99587
99598
99612
99629
99645
99657
99672
99694
99702
99719
99736
99748
99755
99761
99775
99787
99792
99797
99807
99822
99839
99844
99863
99885
99907
99915
99925
99933
99939
99948
99958
99973
99983
100005
100017
100039
100051
100074
100093
100101
100130
100145
100159
100179
100192
100210
100223
100241
100251
100262
100277
100285
100297
100316
100330
100336
100348
100380
100389
100406
100425
100448
100470
100477
100489
100496
100509
100525
100533
100553
100563
100574
100593
100608
100617
100625
100642
100652
100660
100669
100684
100701
100713
100732
100745
100763
100773
100786
100796
100805
100811
100828
100837
100846
100856
100877
100886
100911
100926
100934
100939
100945
100962
100976
100981
100993
101001
101006
101024
101037
101054
101068
101075
101093
101115
101131
101161
101172
101190
101198
101222
101242
101256
101265
101284
101291
101297
101329
101340
101352
101386
101405
101415
101435
101453
101480
101489
101495
101514
101541
101548
101555
101577
101586
101616
101626
101649
101664
101683
101688
101711
101730
101739
101748
101771
101777
101796
101816
101827
101842
101861
101869
101879
101886
101893
101914
101928
101946
101968
101990
102007
102021
102056
102068
102078
102091
102109
102120
102138
102151
102171
102179
102185
102194
102200
102211
102235
102248
102253
102278
102293
102311
102321
102333
102346
102358
102367
102377
102383
102405
102414
102426
102440
102450
102457
102467
102497
102521
102528
102540
102549
102560
102566
102590
102596
102613
102620
102636
102643
102653
102661
102682
102695
102704
102724
102747
102763
102773
102784
102803
102811
102844
102860
102867
102886
102901
102913
102935
102947
102963
102969
102990
103004
103016
103030
103047
103062
103080
103093
103120
103134
103140
103150
103169
103180
103194
103213
103224
103233
103255
103271
103283
103299
103309
103329
103342
103359
103384
103395
103409
103426
103439
103465
103471
103482
103491
103500
103519
103534
103543
103564
103571
103598
103617
103632
103644
103659
103680
103689
103714
103719
103728
103745
103772
103779
103785
103812
103824
103845
103852
103865
103871
103883
103889
103900
103910
103917
103927
103944
103954
103972
103981
103988
104002
104019
104028
104041
104047
104053
104066
104086
104104
104112
104137
104158
104173
104184
104195
104210
104228
104245
104261
104267
104283
104295
104307
104315
104333
104349
104356
104363
104374
104393
104398
104417
104431
104457
104476
104493
104517
104534
104550
104555
104562
