# La primera linea indica la cantidad de minutos a considerar (n). Luego vienen n lineas que corresponden a los x_i, y luego los n valores que corresponden a la funcion f(.)
100
386
121
251
802
651
205
528
605
895
781
606
234
288
434
395
987
605
822
996
1000
525
766
505
626
308
241
990
124
193
224
677
327
122
687
408
903
436
379
422
744
304
963
504
174
780
623
756
596
829
696
111
939
250
373
333
283
680
276
121
955
608
759
245
494
367
806
714
198
869
897
649
145
184
817
254
280
190
164
776
781
290
442
718
168
206
666
778
664
148
597
882
793
912
860
172
354
670
805
897
542
1060
533
599
1291
1399
1826
837
726
827
1982
223
972
573
592
306
1319
1418
76
1509
231
907
1933
1456
635
1377
1828
1268
1736
784
1111
1639
579
1643
1651
907
835
945
10
1968
1460
1254
143
456
1971
1881
1624
1419
1848
1809
1351
907
1198
458
1201
1382
623
1980
1295
257
149
1229
301
1830
1663
746
877
1945
1908
612
1306
1986
594
1144
1488
1090
376
811
921
851
1155
1033
1951
792
1593
695
381
1071
1790
1392
1640
1626
1423
1233
1360
350
715
750
392
825
955
