# La primera linea indica la cantidad de minutos a considerar (n). Luego vienen n lineas que corresponden a los x_i, y luego los n valores que corresponden a la funcion f(.)
40
332
315
201
841
370
535
836
721
782
427
700
693
732
763
732
601
472
363
947
887
323
781
226
135
501
749
723
284
252
845
639
239
441
788
595
686
979
243
938
202
925
357
1913
721
361
140
213
1369
247
1405
1223
96
1005
707
840
1383
1041
1853
296
1467
377
1776
1716
487
201
1094
691
1408
1967
839
1679
576
1075
835
394
1772
714
832
733
235
