# La primera linea indica la cantidad de minutos a considerar (n). Luego vienen n lineas que corresponden a los x_i, y luego los n valores que corresponden a la funcion f(.)
50
310
366
248
353
164
490
121
548
357
411
662
438
757
909
317
732
865
526
518
245
213
590
330
369
820
362
533
452
227
999
478
598
188
270
821
602
670
688
843
146
585
350
615
512
318
519
511
357
231
498
1861
1918
298
143
1558
1264
1649
1071
1053
411
401
1179
1514
813
1473
539
716
1487
1325
413
499
1212
1082
1740
331
1734
537
701
1676
128
479
730
1817
1002
561
228
1692
946
1280
1023
777
765
552
1463
436
1454
914
147
263
1399
