# La primera linea indica la cantidad de minutos a considerar (n). Luego vienen n lineas que corresponden a los x_i, y luego los n valores que corresponden a la funcion f(.)
60
674
640
328
108
282
947
734
894
903
660
449
453
629
794
676
139
263
653
881
969
315
418
703
868
160
804
674
867
572
140
922
819
347
440
855
326
903
992
575
315
171
823
672
511
516
429
920
834
443
495
176
504
302
689
525
221
966
300
325
763
1716
162
96
485
530
623
944
1996
322
331
1734
750
1157
1452
79
17
1678
601
11
244
1798
796
330
822
114
1961
1650
858
1702
1048
1247
1606
946
277
199
1680
101
1319
1087
1932
1625
151
795
293
1651
803
793
1919
438
1695
345
1320
277
917
995
1926
1450
1225
1100
316
