# La primera linea indica la cantidad de minutos a considerar (n). Luego vienen n lineas que corresponden a los x_i, y luego los n valores que corresponden a la funcion f(.)
70
991
724
308
113
466
699
178
919
650
484
303
379
916
901
155
364
688
775
178
381
963
996
241
574
170
872
358
641
685
125
444
284
152
655
489
804
295
861
433
890
308
872
889
566
399
538
221
898
111
734
809
257
358
692
605
195
448
388
719
239
930
350
441
998
752
387
720
136
550
354
83
1221
90
1430
1095
612
464
1698
594
476
1023
1500
1304
1396
1526
1132
350
1949
1737
1403
1985
318
1150
611
1231
1867
1765
1005
634
1780
697
1670
1512
1358
1177
854
1176
211
71
1298
1909
1541
728
69
775
76
1170
666
867
1437
1698
683
290
1806
1438
1482
63
305
1260
1806
891
194
1057
1508
1577
557
179
61
1744
332
