# La primera linea indica la cantidad de minutos a considerar (n). Luego vienen n lineas que corresponden a los x_i, y luego los n valores que corresponden a la funcion f(.)
80
378
260
541
914
388
265
359
338
468
396
927
383
169
950
258
436
441
650
386
308
491
762
159
234
593
518
803
215
252
305
459
119
920
787
293
307
318
853
805
950
600
317
228
516
659
784
404
994
169
588
490
919
469
876
134
747
485
839
884
229
137
802
329
482
980
184
556
504
596
489
514
104
381
558
978
120
867
986
178
333
1388
1037
1421
834
1038
1096
1302
578
991
541
1588
1959
936
741
305
959
47
940
1538
1617
707
1633
1587
1288
677
1857
1740
202
654
1480
260
1809
239
1460
596
390
14
563
659
1577
1106
488
929
681
967
1628
677
1671
1309
330
1515
186
1168
487
60
1307
1107
468
25
689
1316
870
1629
1270
668
10
501
401
584
150
1840
1764
1647
537
1675
920
1611
709
468
1242
