# La primera linea indica la cantidad de minutos a considerar (n). Luego vienen n lineas que corresponden a los x_i, y luego los n valores que corresponden a la funcion f(.)
90
143
423
651
579
577
303
869
356
786
856
988
276
288
281
818
667
311
736
389
656
488
766
970
262
190
511
535
372
335
291
955
671
890
344
372
611
670
631
970
442
914
349
858
616
607
571
218
856
140
806
692
805
294
380
631
865
527
772
678
985
349
552
165
199
829
426
478
255
962
369
905
371
301
229
509
116
146
565
301
254
965
912
301
501
580
700
647
106
741
914
1400
1198
592
1633
619
1010
422
1194
403
1183
1024
1784
127
1617
506
949
1978
425
1277
278
1024
1458
412
872
1383
1832
1995
54
1274
787
598
1294
1553
131
1277
1081
1675
1365
1747
74
311
1781
66
492
295
704
1875
801
913
547
1865
1105
629
819
1872
51
866
1725
1351
1502
1280
1273
1946
376
1303
753
863
1986
1394
1865
1890
990
1301
367
1317
510
1218
1618
936
345
1625
1741
1770
1163
136
19
549
1263
218
1040
