Primero viene la cantidad (n) de timestamps para ambos, luego n líneas que son un timestamp aproximado cada uno separado por una coma (',') del error, y luego n lineas de las transacciones del sospechoso
505
1000,1000
1000,1000
1000,1000
1000,1000
1000,1000
1000,1000
1000,1000
1000,1000
1000,1000
1000,1000
1000,1000
1000,1000
1000,1000
1000,1000
1000,1000
1000,1000
1000,1000
1000,1000
1000,1000
1000,1000
1000,1000
1000,1000
1000,1000
1000,1000
1000,1000
1000,1000
1000,1000
1000,1000
1000,1000
1000,1000
1000,1000
1000,1000
1000,1000
1000,1000
1000,1000
1000,1000
1000,1000
1000,1000
1000,1000
1000,1000
1000,1000
1000,1000
1000,1000
1000,1000
1000,1000
1000,1000
1000,1000
1000,1000
1000,1000
1000,1000
1000,1000
1000,1000
1000,1000
1000,1000
1000,1000
1000,1000
1000,1000
1000,1000
1000,1000
1000,1000
1000,1000
1000,1000
1000,1000
1000,1000
1000,1000
1000,1000
1000,1000
1000,1000
1000,1000
1000,1000
1000,1000
1000,1000
1000,1000
1000,1000
1000,1000
1000,1000
1000,1000
1000,1000
1000,1000
1000,1000
1000,1000
1000,1000
1000,1000
1000,1000
1000,1000
1000,1000
1000,1000
1000,1000
1000,1000
1000,1000
1000,1000
1000,1000
1000,1000
1000,1000
1000,1000
1000,1000
1000,1000
1000,1000
1000,1000
1000,1000
1000,1000
1000,1000
1000,1000
1000,1000
1000,1000
1000,1000
1000,1000
1000,1000
1000,1000
1000,1000
1000,1000
1000,1000
1000,1000
1000,1000
1000,1000
1000,1000
1000,1000
1000,1000
1000,1000
1000,1000
1000,1000
1000,1000
1000,1000
1000,1000
1000,1000
1000,1000
1000,1000
1000,1000
1000,1000
1000,1000
1000,1000
1000,1000
1000,1000
1000,1000
1000,1000
1000,1000
1000,1000
1000,1000
1000,1000
1000,1000
1000,1000
1000,1000
1000,1000
1000,1000
1000,1000
1000,1000
1000,1000
1000,1000
1000,1000
1000,1000
1000,1000
1000,1000
1000,1000
1000,1000
1000,1000
1000,1000
1000,1000
1000,1000
1000,1000
1000,1000
1000,1000
1000,1000
1000,1000
1000,1000
1000,1000
1000,1000
1000,1000
1000,1000
1000,1000
1000,1000
1000,1000
1000,1000
1000,1000
1000,1000
1000,1000
1000,1000
1000,1000
1000,1000
1000,1000
1000,1000
1000,1000
1000,1000
1000,1000
1000,1000
1000,1000
1000,1000
1000,1000
1000,1000
1000,1000
1000,1000
1000,1000
1000,1000
1000,1000
1000,1000
1000,1000
1000,1000
1000,1000
1000,1000
1000,1000
1000,1000
1000,1000
1000,1000
1000,1000
1000,1000
1000,1000
1000,1000
1000,1000
1000,1000
1000,1000
1000,1000
1000,1000
1000,1000
1000,1000
1000,1000
1000,1000
1000,1000
1000,1000
1000,1000
1000,1000
1000,1000
1000,1000
1000,1000
1000,1000
1000,1000
1000,1000
1000,1000
1000,1000
1000,1000
1000,1000
1000,1000
1000,1000
1000,1000
1000,1000
1000,1000
1000,1000
1000,1000
1000,1000
1000,1000
1000,1000
1000,1000
1000,1000
1000,1000
1000,1000
1000,1000
1000,1000
1000,1000
1000,1000
1000,1000
1000,1000
1000,1000
1000,1000
1000,1000
1000,1000
1000,1000
1000,1000
1000,1000
1000,1000
1000,1000
1000,1000
1000,1000
1000,1000
1000,1000
1000,1000
1000,1000
1000,1000
1000,1000
1000,1000
1000,1000
1000,1000
1000,1000
1000,1000
1000,1000
1000,1000
1000,1000
1000,1000
1000,1000
1000,1000
1000,1000
1000,1000
1000,1000
1000,1000
1000,1000
1000,1000
1000,1000
1000,1000
1000,1000
1000,1000
1000,1000
1000,1000
1000,1000
1000,1000
1000,1000
1000,1000
1000,1000
1000,1000
1000,1000
1000,1000
1000,1000
1000,1000
1000,1000
1000,1000
1000,1000
1000,1000
1000,1000
1000,1000
1000,1000
1000,1000
1000,1000
1000,1000
1000,1000
1000,1000
1000,1000
1000,1000
1000,1000
1000,1000
1000,1000
1000,1000
1000,1000
1000,1000
1000,1000
1000,1000
1000,1000
1000,1000
1000,1000
1000,1000
1000,1000
1000,1000
1000,1000
1000,1000
1000,1000
1000,1000
1000,1000
1000,1000
1000,1000
1000,1000
1000,1000
1000,1000
1000,1000
1000,1000
1000,1000
1000,1000
1000,1000
1000,1000
1000,1000
1000,1000
1000,1000
1000,1000
1000,1000
1000,1000
1000,1000
1000,1000
1000,1000
1000,1000
1000,1000
1000,1000
1000,1000
1000,1000
1000,1000
1000,1000
1000,1000
1000,1000
1000,1000
1000,1000
1000,1000
1000,1000
1000,1000
1000,1000
1000,1000
1000,1000
1000,1000
1000,1000
1000,1000
1000,1000
1000,1000
1000,1000
1000,1000
1000,1000
1000,1000
1000,1000
1000,1000
1000,1000
1000,1000
1000,1000
1000,1000
1000,1000
1000,1000
1000,1000
1000,1000
1000,1000
1000,1000
1000,1000
1000,1000
1000,1000
1000,1000
1000,1000
1000,1000
1000,1000
1000,1000
1000,1000
1000,1000
1000,1000
1000,1000
1000,1000
1000,1000
1000,1000
1000,1000
1000,1000
1000,1000
1000,1000
1000,1000
1000,1000
1000,1000
1000,1000
1000,1000
1000,1000
1000,1000
1000,1000
1000,1000
1000,1000
1000,1000
1000,1000
1000,1000
1000,1000
1000,1000
1000,1000
1000,1000
1000,1000
1000,1000
1000,1000
1000,1000
1000,1000
1000,1000
1000,1000
1000,1000
1000,1000
1000,1000
1000,1000
1000,1000
1000,1000
1000,1000
1000,1000
1000,1000
1000,1000
1000,1000
1000,1000
1000,1000
1000,1000
1000,1000
1000,1000
1000,1000
1000,1000
1000,1000
1000,1000
1000,1000
1000,1000
1000,1000
1000,1000
1000,1000
1000,1000
1000,1000
1000,1000
1000,1000
1000,1000
1000,1000
1000,1000
1000,1000
1000,1000
1000,1000
1000,1000
1000,1000
1000,1000
1000,1000
1000,1000
1000,1000
1000,1000
1000,1000
1000,1000
1000,1000
1000,1000
1000,1000
1000,1000
1000,1000
1000,1000
1000,1000
1000,1000
1000,1000
1000,1000
1000,1000
1000,1000
1000,1000
1000,1000
1000,1000
1000,1000
1000,1000
1000,1000
1000,1000
1000,1000
1000,1000
1000,1000
1000,1000
1000,1000
1000,1000
1000,1000
1000,1000
1000,1000
9
16
23
24
24
26
27
31
38
42
43
44
48
52
52
56
60
61
68
71
75
77
79
81
84
95
103
106
125
130
134
135
136
137
141
143
144
146
149
154
156
157
160
160
166
170
171
172
175
177
181
184
206
214
217
222
223
226
229
236
244
244
248
248
253
254
259
262
264
268
278
280
282
283
291
291
291
297
300
303
304
307
310
311
316
318
320
324
330
330
336
341
342
343
348
349
349
350
353
365
368
370
374
374
378
378
382
395
396
397
399
404
406
412
415
418
420
431
432
438
444
449
450
454
456
461
463
468
474
475
476
482
484
490
492
496
496
501
506
506
507
509
513
513
513
523
524
525
525
526
535
536
539
540
541
544
547
548
550
552
557
558
565
572
578
580
584
595
601
603
626
627
630
632
640
640
642
646
648
654
661
662
665
668
672
675
680
683
691
701
701
703
704
711
712
715
716
733
738
743
746
750
755
758
758
761
769
774
784
787
790
794
797
798
811
827
827
830
835
839
847
854
859
867
868
869
870
871
878
890
896
909
910
910
918
925
927
932
938
939
940
945
949
949
952
952
955
962
966
971
976
976
978
980
982
987
990
1004
1006
1018
1019
1021
1022
1027
1046
1047
1056
1065
1066
1072
1080
1086
1096
1096
1097
1099
1130
1133
1141
1142
1142
1147
1148
1151
1156
1160
1167
1168
1168
1168
1169
1173
1173
1184
1186
1186
1200
1200
1204
1206
1215
1216
1219
1222
1222
1235
1236
1244
1253
1256
1261
1264
1275
1279
1280
1289
1289
1294
1295
1296
1310
1313
1313
1314
1328
1330
1332
1333
1334
1342
1344
1348
1352
1354
1357
1360
1362
1370
1371
1382
1384
1387
1390
1391
1395
1401
1401
1403
1408
1409
1411
1414
1416
1416
1419
1420
1424
1424
1442
1446
1450
1458
1460
1466
1472
1472
1479
1479
1490
1492
1498
1498
1499
1499
1501
1502
1504
1505
1509
1515
1517
1522
1528
1529
1529
1529
1532
1535
1535
1552
1560
1565
1571
1572
1572
1577
1579
1584
1584
1586
1590
1591
1595
1599
1600
1606
1606
1607
1612
1616
1619
1626
1629
1630
1632
1637
1644
1651
1653
1653
1664
1666
1666
1667
1672
1674
1676
1677
1680
1683
1685
1687
1697
1711
1713
1713
1715
1726
1733
1737
1742
1743
1744
1747
1755
1757
1760
1761
1762
1762
1764
1768
1776
1780
1789
1794
1801
1806
1808
1818
1823
1825
1836
1837
1840
1848
1851
1854
1856
1861
1862
1862
1865
1868
1868
1871
1875
1880
1885
1889
1891
1905
1913
1915
1919
1922
1931
1932
1937
1952
1959
1966
1968
1968
1971
1972
1973
1975
1983
1985
1986
1987
1990
1998
2000
