#sarasa
0,1
1,2
2,3
4,5
5,6
6,7
8,9
9,10
10,11
12,13
13,14
14,15
16,17
17,18
18,19
20,21
21,22
22,23
24,25
25,26
26,27
28,29
29,30
30,31
32,33
33,34
34,35
36,37
37,38
38,39
40,41
41,42
42,43
44,45
45,46
46,47
48,49
49,50
50,51
52,53
53,54
54,55
56,57
57,58
58,59
60,61
61,62
62,63
64,65
65,66
66,67
68,69
69,70
70,71
72,73
73,74
74,75
76,77
77,78
78,79
80,81
81,82
82,83
84,85
85,86
86,87
88,89
89,90
90,91
92,93
93,94
94,95
96,97
97,98
98,99
100,101
101,102
102,103
104,105
105,106
106,107
108,109
109,110
110,111
112,113
113,114
114,115
116,117
117,118
118,119
120,121
121,122
122,123
124,125
125,126
126,127
128,129
129,130
130,131
132,133
133,134
134,135
136,137
137,138
138,139
140,141
141,142
142,143
144,145
145,146
146,147
148,149
149,150
150,151
152,153
153,154
154,155
156,157
157,158
158,159
160,161
161,162
162,163
164,165
165,166
166,167
168,169
169,170
170,171
172,173
173,174
174,175
176,177
177,178
178,179
180,181
181,182
182,183
184,185
185,186
186,187
188,189
189,190
190,191
192,193
193,194
194,195
196,197
197,198
198,199
200,201
201,202
202,203
204,205
205,206
206,207
208,209
209,210
210,211
212,213
213,214
214,215
216,217
217,218
218,219
220,221
221,222
222,223
224,225
225,226
226,227
228,229
229,230
230,231
232,233
233,234
234,235
236,237
237,238
238,239
240,241
241,242
242,243
244,245
245,246
246,247
248,249
249,250
250,251
252,253
253,254
254,255
256,257
257,258
258,259
260,261
261,262
262,263
264,265
265,266
266,267
268,269
269,270
270,271
272,273
273,274
274,275
276,277
277,278
278,279
280,281
281,282
282,283
284,285
285,286
286,287
288,289
289,290
290,291
292,293
293,294
294,295
296,297
297,298
298,299
300,301
301,302
302,303
304,305
305,306
306,307
308,309
309,310
310,311
312,313
313,314
314,315
316,317
317,318
318,319
320,321
321,322
322,323
324,325
325,326
326,327
328,329
329,330
330,331
332,333
333,334
334,335
336,337
337,338
338,339
340,341
341,342
342,343
344,345
345,346
346,347
348,349
349,350
350,351
352,353
353,354
354,355
356,357
357,358
358,359
360,361
361,362
362,363
364,365
365,366
366,367
368,369
369,370
370,371
372,373
373,374
374,375
376,377
377,378
378,379
380,381
381,382
382,383
384,385
385,386
386,387
388,389
389,390
390,391
392,393
393,394
394,395
396,397
397,398
398,399
400,401
401,402
402,403
404,405
405,406
406,407
408,409
409,410
410,411
412,413
413,414
414,415
416,417
417,418
418,419
420,421
421,422
422,423
424,425
425,426
426,427
428,429
429,430
430,431
432,433
433,434
434,435
436,437
437,438
438,439
440,441
441,442
442,443
444,445
445,446
446,447
448,449
449,450
450,451
452,453
453,454
454,455
456,457
457,458
458,459
460,461
461,462
462,463
464,465
465,466
466,467
468,469
469,470
470,471
472,473
473,474
474,475
476,477
477,478
478,479
480,481
481,482
482,483
484,485
485,486
486,487
488,489
489,490
490,491
492,493
493,494
494,495
496,497
497,498
498,499
500,501
501,502
502,503
504,505
505,506
506,507
508,509
509,510
510,511
512,513
513,514
514,515
516,517
517,518
518,519
520,521
521,522
522,523
524,525
525,526
526,527
528,529
529,530
530,531
532,533
533,534
534,535
536,537
537,538
538,539
540,541
541,542
542,543
544,545
545,546
546,547
548,549
549,550
550,551
552,553
553,554
554,555
556,557
557,558
558,559
560,561
561,562
562,563
564,565
565,566
566,567
568,569
569,570
570,571
572,573
573,574
574,575
576,577
577,578
578,579
580,581
581,582
582,583
584,585
585,586
586,587
588,589
589,590
590,591
592,593
593,594
594,595
596,597
597,598
598,599
600,601
601,602
602,603
604,605
605,606
606,607
608,609
609,610
610,611
612,613
613,614
614,615
616,617
617,618
618,619
620,621
621,622
622,623
624,625
625,626
626,627
628,629
629,630
630,631
632,633
633,634
634,635
636,637
637,638
638,639
640,641
641,642
642,643
644,645
645,646
646,647
648,649
649,650
650,651
652,653
653,654
654,655
656,657
657,658
658,659
660,661
661,662
662,663
664,665
665,666
666,667
668,669
669,670
670,671
672,673
673,674
674,675
676,677
677,678
678,679
680,681
681,682
682,683
684,685
685,686
686,687
688,689
689,690
690,691
692,693
693,694
694,695
696,697
697,698
698,699
700,701
701,702
702,703
704,705
705,706
706,707
708,709
709,710
710,711
712,713
713,714
714,715
716,717
717,718
718,719
720,721
721,722
722,723
724,725
725,726
726,727
728,729
729,730
730,731
732,733
733,734
734,735
736,737
737,738
738,739
740,741
741,742
742,743
744,745
745,746
746,747
748,749
749,750
750,751
752,753
753,754
754,755
756,757
757,758
758,759
760,761
761,762
762,763
764,765
765,766
766,767
768,769
769,770
770,771
772,773
773,774
774,775
776,777
777,778
778,779
780,781
781,782
782,783
784,785
785,786
786,787
788,789
789,790
790,791
792,793
793,794
794,795
796,797
797,798
798,799
800,801
801,802
802,803
804,805
805,806
806,807
808,809
809,810
810,811
812,813
813,814
814,815
816,817
817,818
818,819
820,821
821,822
822,823
824,825
825,826
826,827
828,829
829,830
830,831
832,833
833,834
834,835
836,837
837,838
838,839
840,841
841,842
842,843
844,845
845,846
846,847
848,849
849,850
850,851
852,853
853,854
854,855
856,857
857,858
858,859
860,861
861,862
862,863
864,865
865,866
866,867
868,869
869,870
870,871
872,873
873,874
874,875
876,877
877,878
878,879
880,881
881,882
882,883
884,885
885,886
886,887
888,889
889,890
890,891
892,893
893,894
894,895
896,897
897,898
898,899
900,901
901,902
902,903
904,905
905,906
906,907
908,909
909,910
910,911
912,913
913,914
914,915
916,917
917,918
918,919
920,921
921,922
922,923
924,925
925,926
926,927
928,929
929,930
930,931
932,933
933,934
934,935
936,937
937,938
938,939
940,941
941,942
942,943
944,945
945,946
946,947
948,949
949,950
950,951
952,953
953,954
954,955
956,957
957,958
958,959
960,961
961,962
962,963
964,965
965,966
966,967
968,969
969,970
970,971
972,973
973,974
974,975
976,977
977,978
978,979
980,981
981,982
982,983
984,985
985,986
986,987
988,989
989,990
990,991
992,993
993,994
994,995
996,997
997,998
998,999
1000,1001
1001,1002
1002,1003
1004,1005
1005,1006
1006,1007
1008,1009
1009,1010
1010,1011
1012,1013
1013,1014
1014,1015
1016,1017
1017,1018
1018,1019
1020,1021
1021,1022
1022,1023
1024,1025
1025,1026
1026,1027
1028,1029
1029,1030
1030,1031
1032,1033
1033,1034
1034,1035
1036,1037
1037,1038
1038,1039
1040,1041
1041,1042
1042,1043
1044,1045
1045,1046
1046,1047
1048,1049
1049,1050
1050,1051
1052,1053
1053,1054
1054,1055
1056,1057
1057,1058
1058,1059
1060,1061
1061,1062
1062,1063
1064,1065
1065,1066
1066,1067
1068,1069
1069,1070
1070,1071
1072,1073
1073,1074
1074,1075
1076,1077
1077,1078
1078,1079
1080,1081
1081,1082
1082,1083
1084,1085
1085,1086
1086,1087
1088,1089
1089,1090
1090,1091
1092,1093
1093,1094
1094,1095
1096,1097
1097,1098
1098,1099
1100,1101
1101,1102
1102,1103
1104,1105
1105,1106
1106,1107
1108,1109
1109,1110
1110,1111
1112,1113
1113,1114
1114,1115
1116,1117
1117,1118
1118,1119
1120,1121
1121,1122
1122,1123
1124,1125
1125,1126
1126,1127
1128,1129
1129,1130
1130,1131
1132,1133
1133,1134
1134,1135
1136,1137
1137,1138
1138,1139
1140,1141
1141,1142
1142,1143
1144,1145
1145,1146
1146,1147
1148,1149
1149,1150
1150,1151
1152,1153
1153,1154
1154,1155
1156,1157
1157,1158
1158,1159
1160,1161
1161,1162
1162,1163
1164,1165
1165,1166
1166,1167
1168,1169
1169,1170
1170,1171
1172,1173
1173,1174
1174,1175
1176,1177
1177,1178
1178,1179
1180,1181
1181,1182
1182,1183
1184,1185
1185,1186
1186,1187
1188,1189
1189,1190
1190,1191
1192,1193
1193,1194
1194,1195
1196,1197
1197,1198
1198,1199
1200,1201
1201,1202
1202,1203
1204,1205
1205,1206
1206,1207
1208,1209
1209,1210
1210,1211
1212,1213
1213,1214
1214,1215
1216,1217
1217,1218
1218,1219
1220,1221
1221,1222
1222,1223
1224,1225
1225,1226
1226,1227
1228,1229
1229,1230
1230,1231
1232,1233
1233,1234
1234,1235
1236,1237
1237,1238
1238,1239
1240,1241
1241,1242
1242,1243
1244,1245
1245,1246
1246,1247
1248,1249
1249,1250
1250,1251
1252,1253
1253,1254
1254,1255
1256,1257
1257,1258
1258,1259
1260,1261
1261,1262
1262,1263
1264,1265
1265,1266
1266,1267
1268,1269
1269,1270
1270,1271
1272,1273
1273,1274
1274,1275
1276,1277
1277,1278
1278,1279
0,4
4,8
8,12
12,16
16,20
20,24
24,28
28,32
32,36
36,40
40,44
44,48
48,52
52,56
56,60
60,64
64,68
68,72
72,76
76,80
80,84
84,88
88,92
92,96
96,100
100,104
104,108
108,112
112,116
116,120
120,124
124,128
128,132
132,136
136,140
140,144
144,148
148,152
152,156
156,160
160,164
164,168
168,172
172,176
176,180
180,184
184,188
188,192
192,196
196,200
200,204
204,208
208,212
212,216
216,220
220,224
224,228
228,232
232,236
236,240
240,244
244,248
248,252
252,256
256,260
260,264
264,268
268,272
272,276
276,280
280,284
284,288
288,292
292,296
296,300
300,304
304,308
308,312
312,316
316,320
320,324
324,328
328,332
332,336
336,340
340,344
344,348
348,352
352,356
356,360
360,364
364,368
368,372
372,376
376,380
380,384
384,388
388,392
392,396
396,400
400,404
404,408
408,412
412,416
416,420
420,424
424,428
428,432
432,436
436,440
440,444
444,448
448,452
452,456
456,460
460,464
464,468
468,472
472,476
476,480
480,484
484,488
488,492
492,496
496,500
500,504
504,508
508,512
512,516
516,520
520,524
524,528
528,532
532,536
536,540
540,544
544,548
548,552
552,556
556,560
560,564
564,568
568,572
572,576
576,580
580,584
584,588
588,592
592,596
596,600
600,604
604,608
608,612
612,616
616,620
620,624
624,628
628,632
632,636
636,640
640,644
644,648
648,652
652,656
656,660
660,664
664,668
668,672
672,676
676,680
680,684
684,688
688,692
692,696
696,700
700,704
704,708
708,712
712,716
716,720
720,724
724,728
728,732
732,736
736,740
740,744
744,748
748,752
752,756
756,760
760,764
764,768
768,772
772,776
776,780
780,784
784,788
788,792
792,796
796,800
800,804
804,808
808,812
812,816
816,820
820,824
824,828
828,832
832,836
836,840
840,844
844,848
848,852
852,856
856,860
860,864
864,868
868,872
872,876
876,880
880,884
884,888
888,892
892,896
896,900
900,904
904,908
908,912
912,916
916,920
920,924
924,928
928,932
932,936
936,940
940,944
944,948
948,952
952,956
956,960
960,964
964,968
968,972
972,976
976,980
980,984
984,988
988,992
992,996
996,1000
1000,1004
1004,1008
1008,1012
1012,1016
1016,1020
1020,1024
1024,1028
1028,1032
1032,1036
1036,1040
1040,1044
1044,1048
1048,1052
1052,1056
1056,1060
1060,1064
1064,1068
1068,1072
1072,1076
1076,1080
1080,1084
1084,1088
1088,1092
1092,1096
1096,1100
1100,1104
1104,1108
1108,1112
1112,1116
1116,1120
1120,1124
1124,1128
1128,1132
1132,1136
1136,1140
1140,1144
1144,1148
1148,1152
1152,1156
1156,1160
1160,1164
1164,1168
1168,1172
1172,1176
1176,1180
1180,1184
1184,1188
1188,1192
1192,1196
1196,1200
1200,1204
1204,1208
1208,1212
1212,1216
1216,1220
1220,1224
1224,1228
1228,1232
1232,1236
1236,1240
1240,1244
1244,1248
1248,1252
1252,1256
1256,1260
1260,1264
1264,1268
1268,1272
1272,1276
